  year  #   1       2       3       4       5       6       7       8       9      10      11      12      13      14      15      16      17      18      19      20      21      22      23
  1950  -2.154  -2.358   0.380   0.071   0.323   1.112  -1.037   1.620   0.631   1.096  -2.059   0.044  -0.998   0.124  -0.163  -0.117   0.638   0.084  -0.141   0.644  -0.534  -0.585   0.506
  1951  -1.271  -2.333   0.233   0.983   1.107   0.315  -0.545   1.194   1.625  -0.663   0.051  -1.228   0.458  -1.213  -0.211   0.919  -0.199   0.213   0.118  -0.145   0.647  -0.209  -0.143
  1952  -3.882  -0.979   0.033  -0.509   0.862   0.027   0.466   1.729  -1.101   1.008   1.090  -0.316  -0.672   0.785  -0.107   0.357   0.613  -0.537   0.016  -0.227  -0.484   0.170  -0.039
  1953  -1.994  -0.164  -0.884   1.915  -2.792  -1.485  -0.278   0.206  -0.916   0.130   0.579   0.612   0.246  -0.907   0.638   1.169  -0.075  -0.250  -1.172   0.800  -0.399   0.144   0.313
  1954   3.228   1.767  -2.678   0.513  -1.008  -0.746  -0.186  -2.138   0.330  -0.433  -0.332   0.479  -1.021   0.099   0.234   0.117  -0.439   0.501   0.362   0.073   0.149  -0.842   0.154
  1955   2.580   3.000  -1.819  -0.766   0.021  -1.025  -1.819   0.595   0.583   0.995   0.463  -0.561   0.522   1.143  -1.008  -0.250  -0.893   0.560  -0.502  -0.128   0.128   0.177   0.281
  1956   4.123   1.449  -0.492  -0.876  -1.954   0.844   0.654   0.187   0.248   1.650  -0.255   0.676  -0.517  -0.528  -0.776   0.074   0.904   0.340   0.151  -0.171   0.160   0.225  -0.300
  1957  -0.130   0.289   1.648  -1.862  -1.415  -1.448   1.750  -0.371   1.128  -0.501   0.362  -0.444  -0.132   0.411  -0.043   0.410   0.311   0.504  -0.271  -0.531  -1.042   0.152  -0.085
  1958   6.474   0.632  -0.404  -1.093  -0.022   1.735   1.172   0.865  -1.549  -0.250  -0.298   0.204   0.188  -0.041   0.245   0.875   0.214   0.809   0.314  -0.483   0.012   0.331   0.460
  1959  -2.524   0.290   0.096  -0.576  -0.063   1.092   1.703   0.091   1.307  -0.429   0.483  -1.078   0.517   0.929  -0.015   0.299  -0.190   0.185  -0.333   0.683  -0.320  -0.064  -0.151
  1960   2.888   1.298   3.387  -1.526  -0.055  -0.231   0.820   1.340   0.636  -1.005  -0.465   0.719  -0.952  -0.295   0.247   0.275  -0.437  -0.104   0.190   0.772   0.768   0.182   0.241
  1961   0.824  -0.007  -2.420   0.808   0.910   0.931   0.455   0.350   0.120  -1.670   0.051   0.729   0.108  -0.780  -1.146   0.328  -0.497  -0.998  -0.674  -0.205  -0.648  -0.171  -0.425
  1962  -2.716  -0.985   3.351   1.389   1.606  -0.286   0.831  -1.860  -0.538   0.757   1.051   0.860   0.828   0.834  -0.383   0.310   0.028   0.315  -0.082   0.005  -0.027   0.045  -0.011
  1963   0.375   1.184  -2.203  -0.091   1.930  -0.245   1.083  -0.530   1.124  -0.201   0.501  -0.367  -0.296  -0.852   0.171  -0.845  -0.508   0.166   0.104   0.401   0.054   0.543  -0.030
  1964  -3.754   1.474  -0.768  -0.302  -0.398  -0.922   0.624  -1.836   0.412   0.083  -1.805  -0.644  -0.508  -0.345   0.050   0.019  -0.059  -0.822  -0.171  -0.660   0.070   0.059   0.081
  1965   0.144  -0.624  -0.130  -0.156  -1.255   0.119   0.908  -0.859  -0.636  -0.263   0.975  -0.152  -0.046  -0.294  -0.357  -0.868   0.323  -0.252   0.425  -0.215  -0.342  -0.543   0.460
  1966  -4.430  -0.084  -0.270  -1.658  -0.411  -0.814  -1.020  -0.209   0.209  -0.017  -0.290  -0.242  -0.595  -0.208   0.236  -0.260   0.304   1.145  -0.215   0.015  -0.042  -0.019  -0.398
  1967   2.249  -1.422  -2.118   0.094  -0.747   2.538   0.425  -0.656  -1.547   0.000   0.562  -0.123   0.621  -0.353  -0.511  -0.431   0.127  -0.450   0.695   0.871   0.027  -0.042  -0.016
  1968   3.491   1.615   0.151  -0.002   0.743   0.167  -1.003  -0.826   0.119  -0.445   1.039   0.287  -0.708   0.521   0.178   1.409   0.105  -0.032  -0.467   0.303  -0.042   0.691   0.375
  1969   0.137  -0.487  -0.932   0.542   2.537  -1.306   1.866  -1.463   0.113   1.332  -0.680   0.151  -0.170  -0.222   0.028   0.424   0.281  -0.264   0.623  -0.212  -0.435   0.171  -0.008
  1970   1.588   0.103   3.752   0.437  -1.069   0.380  -0.143  -0.884   0.023  -0.184   0.234   0.258   1.040  -0.630  -1.171  -0.461  -0.542   0.143  -0.236   0.245  -0.173  -0.120   0.142
  1971  -1.134  -0.145  -0.716  -0.880   0.858  -0.281   0.818  -0.086  -0.899   0.422   0.017   0.335  -0.468   0.427  -0.141   0.466  -0.924   0.250   0.182   0.209  -0.057  -0.322   0.109
  1972   0.323  -1.706   0.146  -0.861  -0.604   0.098  -1.568   0.272   0.823   0.298  -0.149   0.477  -1.156   0.232  -0.345  -0.241  -0.214  -0.747   1.117  -0.116  -0.741   0.704  -0.122
  1973   0.800  -1.413  -0.552   0.536   1.364   1.331  -0.974   0.548   0.363   0.854   1.089   0.518   1.219   0.050   0.678  -0.058   0.249  -0.009  -0.262   0.032  -0.413  -0.380  -0.234
  1974  -0.513  -1.929   0.057   0.300  -1.147   0.619  -1.547  -0.333   1.873  -1.470   0.375   0.258   0.095   0.948  -0.550   0.059   0.598  -0.685   0.103  -0.907   0.323  -0.245   0.478
  1975   2.207  -2.818   0.737   0.247   0.610  -0.611  -1.235  -0.194   0.516   0.358   0.186   0.159  -0.479  -1.578  -0.050  -0.590  -0.389   0.479  -0.705  -0.507  -0.051   0.380  -0.070
  1976   0.877  -0.998   0.471  -0.638   1.225  -1.958  -0.588  -0.017  -0.617  -1.952   0.052  -0.342   0.291   0.909  -0.595  -0.521   0.234  -0.696   0.499   0.733  -0.064   0.287   0.313
  1977  -5.722   0.424  -1.872  -0.254  -0.247  -0.478   0.458   0.359   0.615  -0.208   1.752   0.248   0.739  -0.600   0.182   0.037   0.752   0.837   0.558  -0.253   0.736   0.115   0.413
  1978   2.760  -1.803   1.356  -1.570  -0.333   0.767  -0.300  -0.638   0.071   1.548   0.110  -0.334   0.526  -0.703   1.120  -0.121  -0.411  -0.175  -0.116  -0.235   0.039   0.034   0.033
  1979  -0.363  -2.385  -0.403   0.497   0.165  -0.749  -1.117  -0.328  -1.982  -0.463  -0.967   0.883   0.119   1.008   0.177   0.018   1.054   0.308  -0.444  -0.447   0.567   0.231   0.011
  1980  -3.839   7.252   1.311   1.153  -0.053   0.401  -1.203   1.044   0.071   1.235   0.273   0.403   0.517  -0.325  -0.116  -0.409   0.299  -0.537   0.564  -0.411  -0.068  -0.085   0.073
  1981   0.159   3.371   0.433   1.084   0.373  -0.270  -0.312   0.929  -1.358  -0.863  -0.169  -0.208  -0.674   0.223   1.063   0.642  -0.155  -0.518  -0.081  -0.242  -0.021  -0.335  -0.680
  1982   0.448   0.323   1.008   1.837   0.280   1.557   1.940   0.347   0.531  -0.462  -0.899  -0.127  -0.202  -0.272  -0.035  -0.044   0.924  -0.099   0.128  -0.297   0.435   0.429  -0.216
  1983  -2.137   0.245   1.027   1.219   0.159   1.735  -0.126  -1.402  -1.343   0.220   0.148  -0.401  -0.963   0.525  -0.402  -0.845  -0.810   0.142  -0.641  -0.678   0.431   0.257  -0.133
  1984  -2.757   0.119  -0.608  -0.494   1.222   0.637   0.501   0.775  -0.589  -0.137  -0.715  -1.313   0.248   0.276   0.866  -0.784  -0.678  -0.016  -0.494   0.101   0.182   0.218   0.648
  1985   1.306   2.293   0.125   3.144  -1.044  -0.048  -0.423  -0.074   0.160  -0.538  -0.697  -1.708   0.390  -0.098   0.228  -0.533   0.688   0.496   0.272   0.515  -0.523   0.432   0.276
  1986   1.884   0.930  -0.409  -2.143   0.146  -1.343  -0.560  -0.634  -0.327   0.308  -1.275   0.195   2.039   0.221   0.044  -0.545   0.823  -0.457  -0.163   0.657   0.434   0.075  -0.631
  1987  -0.809  -1.900  -2.172   0.012  -1.365  -0.261   0.683   1.408  -0.878  -0.079   0.042  -0.336  -0.286   0.230  -0.655  -0.509  -0.050   0.247  -0.563  -0.282   0.216   0.418  -0.234
  1988   1.413   0.139  -0.077  -0.646  -0.420   0.502   0.901   0.120   1.050   0.249  -0.578  -0.324   0.622   0.797   0.036  -0.140   0.337   0.193  -0.940   0.051  -0.242  -0.376  -0.405
  1989  -0.326  -1.059  -0.017   0.249  -0.906   0.537  -0.992  -0.863   0.443  -0.533   0.268  -1.208   0.146   0.461   0.219   1.145  -0.133  -0.027   0.730   0.042   0.436   0.126  -0.849
  1990   5.440  -0.174  -0.236   2.181   2.316  -1.153  -0.323   0.275   0.718   0.368  -0.638   0.378  -0.010   0.147  -0.348   0.225   0.478   0.615  -0.120  -0.097   0.020  -0.494   0.198
  1991  -5.563   0.915   0.740  -0.719   0.167   0.913   0.106  -0.524  -0.257  -0.015  -0.546   0.783  -0.980  -0.414  -1.284   0.293  -0.006   0.133  -0.414   0.881   0.537  -0.264  -0.084
  1992  -0.646  -1.733  -0.191   0.662  -1.058   0.644  -0.947  -0.815   0.319   1.798  -0.809  -0.566   0.419   0.509   0.615   0.778  -1.012  -0.603   0.425   0.228   0.215   0.176   0.210
  1993   4.472  -0.145   1.652   0.326  -0.158  -0.187  -0.266   0.137  -0.533  -0.709   0.937  -0.907  -1.017   0.092   1.056  -1.191   0.133  -0.258  -0.276  -0.065  -0.031  -0.456  -0.271
  1994   1.180  -0.236   0.849  -1.053   0.309  -1.617  -0.352   0.953  -1.787   0.524   0.470  -1.900  -0.059  -0.705  -1.174   0.626  -0.241   0.149   0.653  -0.295   0.079  -0.682  -0.083
  1995  -3.394  -0.453   0.352  -0.954  -0.285   0.809  -0.047  -0.558  -0.693  -1.610  -0.889   0.534   0.706  -0.320   1.054   0.114  -0.177   0.788   0.586  -0.339  -0.448  -0.351   0.264
  1996  -1.323  -0.643  -0.188  -0.129   0.511  -0.492  -1.029  -0.565   0.191   0.266   1.397   0.561  -1.272  -0.529   0.810  -0.577   0.735   0.170   0.218   0.760   0.000  -0.006  -0.307
  1997  -1.297   0.505   0.208  -0.957   0.490  -0.501  -1.014   0.592  -0.638  -0.973  -0.796   1.054   1.167  -1.289   0.111   0.001  -0.545  -0.206   0.088  -0.453  -0.399   0.326  -0.051
  1998   0.202  -2.395   0.197   2.339  -1.798  -2.579   2.185   1.699   0.362   0.622  -0.121   1.083   0.295   0.489   0.266  -0.597  -0.928  -0.245   0.555  -0.016   0.442  -0.063  -0.155
  1999  -0.234   0.936  -0.612  -0.030   0.174   1.190  -0.229   0.977   0.726  -0.432   0.046   1.640   0.103   1.202   0.365  -0.448  -0.996   0.714   0.461  -0.064  -0.163  -0.068  -0.347
  2000   1.342   0.827  -0.530  -1.796   0.198   0.039   0.833   0.054   0.747   0.384   0.829   0.297   0.008  -0.089   0.669   0.000   0.357  -1.501  -0.654  -0.339   0.605  -0.373   0.439
