caovl_drop.rwl -- no data title --                        1st itrdb line missing     
caovl_drop.rwl -- no data title --                        2nd itrdb line missing     
caovl_drop.rwl -- no data title --                        3rd itrdb line missing     
80640A  1915   825   915   501   706  1000
80640A  1920   793   510   826   843   126   614   695   466   924   750  res
80640A  1930   780   502   782   416   478   328   917   926   707     9  res
80640A  1940   702   292   836   416   261   882   692   804   230   849  res
80640A  1950   664   516  1000   830   623   613   501   835   655   789  res
80640A  1960   778   544   595   544   223   169   837   861   498   468  res
80640A  1970   431   530   313   677   109   814   690    23   717   786  res
80640A  1980   607   601   862   746   653   664   575   278   746   841  res
80640A  1990   650   315   826  1000   265     5   369   846   478   754  res
80640A  2000   766   668   426   673   879   735   630 -9999
91385   1884  1000  1000  1000  1000  1000  1000
91385   1890  1000  1000  1000  1000  1000   918   684   879   949   860  res
91385   1900   691   427   853   775   296   806   199   673   800   849  res
91385   1910   909   656   928   875   695   954   941   689   931   554  res
91385   1920   864   784   831   921   478   632   865   483   933   878  res
91385   1930   799   561   881   749   658   873   917   931   724   715  res
91385   1940   712   468   915   902   369   886   803   883   800   915  res
91385   1950   676   844   650   846   919   640   784   839   801   817  res
91385   1960   794   775   685   686   255   686   859   881   768   803  res
91385   1970   661   545   674   822   721   826   865   634   837   841  res
91385   1980   800   758   875   793   852   719   605   823   855   898  res
91385   1990   803   479   860   770   341   314   898   865   726   847  res
91385   2000   788   758   575   817   897   917   640   466   659   467  res
91385   2010 -9999
121162  1895   967   962   927   954   955
121162  1900   954   605   938   933   556   954   334   781   900   922  res
121162  1910   957   935   960   894   906   955   965   883   958   726  res
121162  1920   887   802   888   924   500   803   881   740   937   966  res
121162  1930   933   672   913   873   939   876   919   931   827   889  res
121162  1940   723   584   928   926   403   891   838   942   929   918  res
121162  1950   684   938   815   856   928   930   883   845   856   937  res
121162  1960   807   875   826   717   616   696   903   926   804   853  res
121162  1970   771   822   791   833   725   841   931   821   898   875  res
121162  1980   822   855   896   899   861   864   643   899   897   899  res
121162  1990   874   646   900   810   771   675   900   872   865   889  res
121162  2000   924   764   787   904   913 -9999
70162   1892  1000  1000  1000   997   974   994   978   967
70162   1900   986   624   961   943   987   976   921   984   989   962  res
70162   1910   963   983   962   966   977   964   966   996   981   856  res
70162   1920   912   963   930   959   801   833   915   769   939   973  res
70162   1930   942   815   919   949   940   928   932   936   939   892  res
70162   1940   885   842   929   940   852   937   860   942   943   923  res
70162   1950   772   942   885   864   936   933   920   899   936   940  res
70162   1960   821   895   888   766   692   860   906   937   806   870  res
70162   1970   809   909   906   834   878   875   948   836   898   876  res
70162   1980   867   897   913   943   862   940   758   913   901   915  res
70162   1990   884   895   914   828   898   803   940   886   878   929  res
70162   2000   949   886   818   920   930   918   822   770   709 -9999  res
91302   1896  1000   995  1000   979
91302   1900   997  1000   970   982   997   985   994   990   997   997  res
91302   1910   973   997   970   987   984   976  1000  1000   995   977  res
91302   1920   972   975   979   959   951   896   933   936   961   976  res
91302   1930   950   907   935   953   948   939   953   965   944   922  res
91302   1940   943   962   953   946   869   952   911   950   944   929  res
91302   1950   844   946   925   917   946   953   928   924   938   950  res
91302   1960   937   944   961   847   907   925   926   970   844   884  res
91302   1970   819   941   913   851   916   882   951   892   932   924  res
91302   1980   949   967   917   951   873   947   851   922   932   942  res
91302   1990   907   922   925   868   945   935   942   956   923   944  res
91302   2000   958   952   846   944   939   935   855   917   957   643  res
91302   2010 -9999
91332   1921   985   982   983   991   992   962   977   967   982
91332   1930   972   971   966   966   963   958   955   971   963   966  res
91332   1940   965   967   962   951   943   959   926   963   951   963  res
91332   1950   945   958   961   959   952   962   943   960   965   965  res
91332   1960   957   953   964   890   942   957   958   985   936   938  res
91332   1970   961   962   956   916   964   895   952   915   932   948  res
91332   1980   962   968   944   956   934   960   955   952   955   957  res
91332   1990   917   955   946   941   946   946   956   962   961   949  res
91332   2000   959   953   854   953   942   945   923   920   957   905  res
91332   2010 -9999
50336   1893  1000  1000   990   981   941   995   996
50336   1900  1000   988   996   995   995  1000  1000   997  1000  1000  res
50336   1910   998  1000   989   997  1000  1000  1000  1000   997   994  res
50336   1920   994  1000  1000   987  1000   996   992   985   971   990  res
50336   1930   981   973   979   979   968   981   987   974   974   972  res
50336   1940   967   976   964   956   968   971   937   970   957   971  res
50336   1950   985   960   970   960   971   968   977   962   982   976  res
50336   1960   964   953   975   961   961   982   986   991   967   972  res
50336   1970   968   977   956   965   967   951   970   940   945   949  res
50336   1980   967   978   967   958   968   967   978   963   957   968  res
50336   1990   925   967   950   953   957   968   971   968   963   968  res
50336   2000   969   965   922   961   972   968   970   958   958   945  res
50336   2010 -9999
80554   1943   968   974   977   980   970   959   973
80554   1950   993   975   976   981   975   986   979   971   983   983  res
80554   1960   970   965   976   995   982   983   992   991   968   988  res
80554   1970   990   994   960   984   969   958   973   959   979   963  res
80554   1980   974   985   969   987   977   974   984   967   963   969  res
80554   1990   977   972   961   973   958   976   971   975   967   972  res
80554   2000   973   974   982   965   972   971   988   969   974 -9999  res
50356   1928   991   993
50356   1930   988   995   989   989   971   982   996   978   980   973  res
50356   1940   983   979   990   971   982   978   986   986   990   992  res
50356   1950   993   984   978   982   979   998   980   990   983   991  res
50356   1960   985   973   979   995   985   989   995   993  1000   989  res
50356   1970   991  1000   990   995   979   982   982   994   979   993  res
50356   1980   979   985   975   988   993   984   991   994   963   977  res
50356   1990   978   977   976   974   990   988   993   982   981   980  res
50356   2000   995   980   982   990   975   987   988   991   978   989  res
50356   2010 -9999
140810  1923   998  1000  1000  1000   996   995   997
140810  1930   992  1000   991   998   980   993   997   989   993   981  res
140810  1940   986   981   993   982   985   990   991   989   998   996  res
140810  1950  1000   987   997   984   986   998   985  1000   989   997  res
140810  1960   996   993   986   996   992   992   997   993  1000   995  res
140810  1970   998  1000   995   997   991   988   989   997   983   996  res
140810  1980   991   987   985  1000   998   990  1000  1000   975   994  res
140810  1990   983   984   987   987  1000   993   993   987   993   989  res
140810  2000   995   989   993   993   995   992   989   994   987   996  res
140810  2010 -9999
131061  1925   998  1000  1000   998  1000
131061  1930   996  1000   994  1000   992   995   998  1000  1000   983  res
131061  1940   988  1000  1000   992   997   995  1000   997   998  1000  res
131061  1950  1000   993  1000   986   992   998   996  1000   991  1000  res
131061  1960   998  1000   996   998  1000   996   998   994  1000   998  res
131061  1970  1000  1000   996   998   991  1000  1000  1000   993  1000  res
131061  1980   993   989   995  1000   998   993  1000  1000   977   998  res
131061  1990   995   987   989   997  1000   998   993   993  1000   994  res
131061  2000   998   990  1000  1000  1000  1000   992   996 -9999
111190A 1917   988   995  1000
111190A 1920   997  1000   998  1000   997   994  1000  1000  1000  1000  res
111190A 1930   994  1000   996  1000   992   995  1000  1000  1000   993  res
111190A 1940   990  1000  1000   998   997  1000  1000  1000  1000  1000  res
111190A 1950   998   994  1000  1000   995  1000   997  1000   998  1000  res
111190A 1960  1000  1000   998  1000  1000   996   998   996   998  1000  res
111190A 1970  1000  1000  1000   998  1000   998  1000  1000   998  1000  res
111190A 1980  1000   991   998  1000  1000   994  1000  1000   979  1000  res
111190A 1990  1000  1000  1000   998  1000  1000   995   998   996  1000  res
111190A 2000  1000   993  1000  1000  1000  1000   997  1000   997  1000  res
111190A 2010 -9999
80503   1900  1000   963   995   998   986   996   987  1000  1000   995  res
80503   1910  1000  1000   990  1000   997  1000  1000   963   971   996  res
80503   1920  1000   992   997   997   996   985  1000  1000   994   982  res
80503   1930   993  1000   997  1000  1000   995  1000  1000   998   998  res
80503   1940   997  1000  1000  1000  1000  1000   993  1000  1000  1000  res
80503   1950   998   998  1000  1000   997  1000   997  1000  1000  1000  res
80503   1960  1000   998  1000   998  1000  1000  1000   996   997  1000  res
80503   1970  1000  1000   997  1000  1000   997  1000   997   998   998  res
80503   1980  1000   994  1000  1000  1000   998   998  1000   982  1000  res
80503   1990  1000  1000  1000  1000  1000  1000  1000  1000   996  1000  res
80503   2000  1000   998   993   997   996  1000  1000  1000  1000 -9999  res
100963  1951  1000  1000   991   998  1000  1000  1000  1000  1000
100963  1960   997   994   997   997   998  1000  1000  1000   997  1000  res
100963  1970  1000  1000   997  1000  1000   995   998   995   993   997  res
100963  1980  1000   995  1000  1000   998  1000   997  1000   986  1000  res
100963  1990   998  1000   998  1000  1000  1000   990   997   993  1000  res
100963  2000  1000  1000   988   995   990  1000  1000   997   996 -9999  res
131091  1918   970   986
131091  1920   988   984   996   997   996   983   988   976   988   962  res
131091  1930   992   998   997  1000  1000  1000   993  1000   996  1000  res
131091  1940   998   993  1000  1000   992  1000   992  1000  1000   997  res
131091  1950   997  1000   995   983   995  1000  1000   996   990   992  res
131091  1960   995   992   996   991   993  1000   990  1000   996   998  res
131091  1970   997  1000   995  1000  1000   984   997   994   992   994  res
131091  1980   997  1000   993  1000   998  1000   991  1000   994   997  res
131091  1990   982  1000   998  1000  1000  1000   982   986   989   995  res
131091  2000   987  1000   982   990   989   998   992   994   995   994  res
131091  2010 -9999
50262   1940   990   992   994   998   988   994   988   995  1000   995  res
50262   1950   997   997   983   979   986  1000  1000   993   982   992  res
50262   1960   993   991   996   991   991  1000   989   995   992   995  res
50262   1970   993   995   992   990   998   984   993   982   991   987  res
50262   1980   987   997   989   992   995   996   987   996   978   985  res
50262   1990   981  1000   980  1000  1000  1000   982   979   985   994  res
50262   2000   983   987   978   987   988   997   992   990   989   986  res
50262   2010  1000 -9999
90552   1920   977   984   995   991   994   978   981   963   987   961  res
90552   1930   990   995   990   977  1000  1000   993   996   995   993  res
90552   1940   988   991   989   992   986   992   987   981  1000   993  res
90552   1950   991   980   981   978   981   987   996   987   977   976  res
90552   1960   973   985   967   989   988   992   986   983   988   994  res
90552   1970   984   976   991   980   997   978   989   981   989   981  res
90552   1980   979   987   982   985   991   984   985   995   929   982  res
90552   1990   968  1000   969   980   981  1000   977   975   978   993  res
90552   2000   963   980   976   987   988   995   979   973   983   981  res
90552   2010 -9999
131138  1926   963   958   968   952
131138  1930   989   972   988   972   975   995   992   987   984   991  res
131138  1940   983   976   985   990   985   990   970   976   998   990  res
131138  1950   957   959   978   978   979   968   989   983   968   972  res
131138  1960   972   984   967   987   963   976   977   975   978   993  res
131138  1970   974   970   979   966   996   973   976   980   981   976  res
131138  1980   976   983   975   985   988   978   964   979   924   972  res
131138  1990   967   975   964   979   980   994   973   971   977   978  res
131138  2000   953   946   964   982   982   978   972   970   975   967  res
131138  2010 -9999
121301  1931   971   986   970   970   962   987   987   969   991
121301  1940   953   964   983   988   982   970   961   967   988   982  res
121301  1950   951   954   962   966   974   965   947   964   963   964  res
121301  1960   970   961   963   983   954   944   966   974   974   990  res
121301  1970   963   970   972   965   963   962   966   979   972   972  res
121301  1980   962   977   974   983   978   955   952   968   896   964  res
121301  1990   961   966   963   977   976   966   966   938   969   959  res
121301  2000   950   866   958   976   976   929   958   962   954   960  res
121301  2010 -9999
60124   1899   974
60124   1900   963   961   961   884   980   987   970   995   976   992  res
60124   1910  1000   998   970   993   975   960  1000   939   970   983  res
60124   1920   968   975   983   985   978   958   963   952   956   934  res
60124   1930   988   958   979   965   962   957   972   958   967   979  res
60124   1940   938   962   963   968   943   956   957   951   963   957  res
60124   1950   938   941   954   954   970   952   906   958   958   949  res
60124   1960   966   958   938   946   952   935   964   973   953   956  res
60124   1970   957   968   946   952   908   950   942   971   954   951  res
60124   1980   959   897   961   958   973   950   874   963   846   955  res
60124   1990   957   894   957   954   956   958   949   938   955   899  res
60124   2000   938   851   944   965   963   899   916   958   947   843  res
60124   2010 -9999
190929A 1930   960   953   908   951   939   878   965   952   961   830  res
190929A 1940   888   918   963   819   922   950   946   942   905   929  res
190929A 1950   935   918   935   947   949   929   880   953   957   937  res
190929A 1960   958   950   897   930   908   923   941   968   942   909  res
190929A 1970   944   964   942   897   905   943   938   942   947   947  res
190929A 1980   915   850   948   949   884   940   772   952   798   945  res
190929A 1990   926   884   956   874   933   952   934   891   944   873  res
190929A 2000   935   845   898   925   953   852   903   953   928   479  res
190929A 2010  1000  1000  1000  1000  1000  1000 -9999
50442   1907   948   974   965
50442   1910   965   940   967   964   951   956   942   913   966   965  res
50442   1920   967   963   969   945   940   921   961   923   955   928  res
50442   1930   939   904   864   946   796   872   963   940   916   736  res
50442   1940   763   917   956   789   859   937   919   937   859   925  res
50442   1950   923   900   926   920   890   922   852   952   902   933  res
50442   1960   941   944   882   907   900   877   936   947   919   783  res
50442   1970   843   964   937   887   771   841   934   939   929   932  res
50442   1980   886   792   923   945   850   683   379   933   570   944  res
50442   1990   916   819   924   867   875   950   917   791   869   708  res
50442   2000   909   621   753   813   878   795   818   741   887 -9999  res
130788  1917   778   936   950
130788  1920   950   937   942   923   911   890   824   921   932   875  res
130788  1930   924   903   804   942   790   797   940   909   910   642  res
130788  1940   635   828   955   721   655   883   829   921   778   914  res
130788  1950   910   899   915   857   887   916   799   943   900   882  res
130788  1960   827   884   862   672   747   869   719   937   900   780  res
130788  1970   815   787   893   880   718   820   914   927   758   908  res
130788  1980   829   770   845   925   846   609   367   898   567   929  res
130788  1990   864   814   885   822   870   717   399   746   820   670  res
130788  2000   902   533   746   769   875   774   677 -9999
111081r 1892  1000  1000  1000   962   947   933   972   919
111081r 1900   953   914   803   878   824   929   949   639   968   936  res
111081r 1910   904   937   941   886   776   866   906  1000    93   928  res
111081r 1920   875   907   817   808   908   886   404   812   909     9  res
111081r 1930   679   717   685   916   724   744   937   718   821   642  res
111081r 1940   596   748   923   509   628   743   729   882   754   869  res
111081r 1950   867   817   533   645   832   837   793   869   897   720  res
111081r 1960   686   862   671   632   672   829   696   930   859   642  res
111081r 1970   463   634   660   796   551   779   907   921   721   866  res
111081r 1980   759   770   629   777   817   550   192   893   448   802  res
111081r 1990   826   761   842   755   730   673   320   237   608   620  res
111081r 2000   882   499   582   590   831     3   585   728   785  1000  res
111081r 2010 -9999
60358r  1890  1000  1000  1000  1000  1000   950   572    73   412   811  res
60358r  1900   627   516   457   558   120   757   879   524   732   915  res
60358r  1910   434   909   938   829   155   783   863  1000  1000   820  res
60358r  1920   734   569   720   764   863   709   366   794   900  1000  res
60358r  1930   380   670   591   551   660   492   763    80   700   227  res
60358r  1940   453   155   742   439   407   655   581   868   590   866  res
60358r  1950   718   756  1000   203   775   679   681   640   706  1000  res
60358r  1960   674   812   230   623  1000   564    18   670   819   635  res
60358r  1970   352   258   588   505   282   200   850   857   679   709  res
60358r  1980   558   719   529   762   662   434   114   670   379   421  res
60358r  1990   747   610   694   595   460   306 -9999
