 eigenvalue 10.032   2.597   2.312   1.520   1.363   0.925   0.743   0.606   0.526   0.460   0.372   0.287   0.256   0.213   0.166   0.154   0.113   0.095   0.076   0.065   0.059   0.037   0.025
 eval sderr  1.987   0.514   0.458   0.301   0.270   0.183   0.147   0.120   0.104   0.091   0.074   0.057   0.051   0.042   0.033   0.031   0.022   0.019   0.015   0.013   0.012   0.007   0.005
 % variance  0.436   0.113   0.101   0.066   0.059   0.040   0.032   0.026   0.023   0.020   0.016   0.012   0.011   0.009   0.007   0.007   0.005   0.004   0.003   0.003   0.003   0.002   0.001
 cumulative  0.436   0.549   0.650   0.716   0.775   0.815   0.847   0.874   0.897   0.917   0.933   0.945   0.956   0.966   0.973   0.980   0.985   0.989   0.992   0.995   0.997   0.999   1.000
 brokn stck  3.734   2.734   2.234   1.901   1.651   1.451   1.284   1.141   1.016   0.905   0.805   0.714   0.631   0.554   0.483   0.416   0.354   0.295   0.239   0.187   0.137   0.089   0.043
 series_id   #  1       2       3       4       5       6       7       8       9      10      11      12      13      14      15      16      17      18      19      20      21      22      23
  80640A     0.203  -0.008  -0.186   0.030  -0.352   0.463  -0.066   0.322  -0.013   0.136  -0.095  -0.137   0.028  -0.183  -0.121   0.349   0.152   0.457  -0.058  -0.097  -0.119  -0.013  -0.023
  91385      0.193   0.315  -0.100   0.318   0.041   0.072   0.055   0.046  -0.310  -0.083   0.413   0.060   0.238   0.034  -0.389  -0.186  -0.353  -0.032  -0.066  -0.246  -0.120  -0.088  -0.082
  121162     0.269  -0.030   0.099  -0.248   0.200   0.088   0.110   0.084  -0.050  -0.030   0.098   0.031   0.252  -0.244  -0.055  -0.103   0.344  -0.187   0.209   0.372  -0.396  -0.153  -0.349
  70162      0.230   0.062   0.182  -0.116  -0.272  -0.032   0.158   0.156   0.132   0.365  -0.035   0.692   0.081   0.066   0.091  -0.185  -0.114   0.094   0.199  -0.028   0.133  -0.044   0.077
  91302      0.247   0.260  -0.030  -0.063  -0.100   0.159  -0.197  -0.171   0.083  -0.253  -0.289   0.013  -0.029   0.273   0.051   0.200   0.109  -0.351   0.350  -0.405   0.018  -0.240  -0.107
  91332      0.221   0.110   0.290  -0.004  -0.130  -0.245  -0.010   0.025   0.317  -0.307   0.006  -0.159   0.444   0.418  -0.008   0.087   0.007   0.296  -0.205   0.189   0.036   0.090  -0.067
  50336     -0.011   0.346   0.387  -0.041   0.079   0.479  -0.112  -0.064  -0.165  -0.117   0.287   0.062  -0.250   0.054   0.405   0.115  -0.132   0.049  -0.052   0.254   0.056   0.123  -0.015
  80554      0.261   0.078  -0.013  -0.030  -0.279   0.128  -0.032  -0.133   0.238   0.112  -0.236  -0.397  -0.166  -0.105  -0.054  -0.416  -0.429  -0.124   0.065   0.268  -0.157   0.017   0.121
  50356     -0.032   0.100   0.306   0.570   0.241   0.010   0.009   0.130   0.309   0.416  -0.052  -0.168   0.167  -0.097   0.214   0.105   0.072  -0.159   0.060  -0.177  -0.184   0.042   0.032
  140810     0.167  -0.277  -0.318   0.248   0.031   0.067   0.004  -0.179  -0.320   0.034  -0.281   0.148   0.333   0.102   0.386   0.207  -0.300  -0.083  -0.075   0.247  -0.040   0.031  -0.099
  131061     0.266  -0.172   0.005   0.025   0.077  -0.140  -0.238   0.129  -0.160   0.223   0.308  -0.242  -0.015   0.158  -0.141   0.229  -0.008  -0.054   0.466   0.253   0.347  -0.036   0.262
  111190A    0.262   0.166  -0.212  -0.108   0.079  -0.062   0.179  -0.068  -0.210   0.064   0.032  -0.076  -0.014   0.224   0.207  -0.174   0.326   0.059   0.025  -0.158  -0.302   0.458   0.431
  80503      0.270  -0.095   0.193  -0.196   0.120  -0.091  -0.057   0.053  -0.085  -0.123   0.007  -0.042   0.110  -0.313   0.206   0.048  -0.077  -0.029  -0.333  -0.183  -0.011  -0.487   0.496
  131091     0.243  -0.230   0.091  -0.172  -0.095  -0.240   0.084  -0.133  -0.079   0.265   0.266  -0.232  -0.254   0.102   0.275   0.027  -0.122   0.135  -0.078  -0.335  -0.091  -0.062  -0.494
  50262      0.123  -0.266   0.236   0.208   0.193   0.253   0.628  -0.072  -0.101  -0.216  -0.189  -0.118  -0.117   0.083  -0.089  -0.131   0.039   0.218   0.206  -0.067   0.231  -0.111   0.030
  90552      0.197   0.396  -0.042   0.103   0.095  -0.125   0.036  -0.035  -0.224   0.323  -0.285  -0.045  -0.195   0.104  -0.135  -0.046   0.290  -0.031  -0.402   0.224   0.304  -0.216  -0.149
  131138     0.157  -0.256  -0.003   0.405  -0.328   0.078  -0.301  -0.197   0.023  -0.176   0.224   0.079  -0.004  -0.133   0.147  -0.391   0.421  -0.035  -0.081  -0.007   0.192  -0.004  -0.029
  121301     0.102  -0.299   0.445   0.063   0.027   0.010  -0.290  -0.220  -0.199   0.068  -0.200   0.212  -0.193   0.140  -0.428   0.127  -0.007   0.002  -0.132  -0.008  -0.360   0.159   0.081
  60124      0.212   0.014  -0.054   0.216   0.171  -0.292  -0.175   0.582  -0.039  -0.356  -0.187   0.116  -0.384  -0.059   0.141  -0.098  -0.111   0.098   0.088   0.037  -0.104   0.087  -0.123
  190929A    0.121  -0.230  -0.311  -0.035   0.390   0.329  -0.086   0.074   0.439   0.081   0.190   0.138  -0.156   0.411  -0.050  -0.098  -0.011  -0.015  -0.239   0.040  -0.072  -0.187   0.041
  50442      0.201   0.188  -0.148   0.032   0.363  -0.118  -0.167  -0.499   0.224  -0.013  -0.022   0.141  -0.023  -0.358  -0.046   0.074  -0.058   0.472   0.191  -0.013   0.064   0.062  -0.035
  130788     0.267  -0.113   0.074  -0.227   0.200   0.181  -0.064   0.141   0.061   0.002  -0.093  -0.032   0.171  -0.222  -0.106  -0.031  -0.077  -0.274  -0.204  -0.218   0.421   0.534  -0.157
  111081r    0.240   0.021  -0.100   0.164  -0.216  -0.143   0.404  -0.115   0.252  -0.152   0.230   0.145  -0.279  -0.172  -0.100   0.460   0.009  -0.321  -0.152   0.151  -0.045   0.121   0.080
