caovl_drop.rwl -- no data title --                        1st itrdb line missing     
caovl_drop.rwl -- no data title --                        2nd itrdb line missing     
caovl_drop.rwl -- no data title --                        3rd itrdb line missing     
80640A  1915  1755  1616  1086   955   968
80640A  1920   706   793  1319  1928  1470  1904  1670  1995  1737  1608  trn
80640A  1930  1265  1343  1130   960   840   857  1644  1516  1824  1396  trn
80640A  1940  1517  1696  1511  1174  1341  1351   826   683  1040   668  trn
80640A  1950   718   680   426   496  1521  1954  1836  1974  2072  1913  trn
80640A  1960  1909  1916  1512  1969  1804  1666  1343  1425  1833  2136  trn
80640A  1970  1751  1732  2055  2060  2082  2135  2260  1411  1754  1644  trn
80640A  1980   672   700   774   655   879  1040  1505  1399  1731  1612  trn
80640A  1990  2055   954  1287  1668   989   893   990   943  1479  1810  trn
80640A  2000  1856  1072  1056  1051   762   887  1317 -9999
91385   1884   382   696   777  1058  1022   989
91385   1890   796   976  1241  1955  1676  1998  1961  2856  2867  2014  trn
91385   1900  1926  1769  1901  1551  1575  1410  1127  1312  1412   718  trn
91385   1910   887   931   398   650   820   630  1073  2736  2755  1686  trn
91385   1920  1775  2066  2112  1655  1406  1567  2686  2375  2118  3074  trn
91385   1930  1885  1333  1549  1838  2147  1848  2064  1773  2107  1785  trn
91385   1940  1720  1830  1595  1907  1756  1722  1306  1400  1932  2112  trn
91385   1950  1850  1895  1501  1485  1615  1432  1631  1489  1801  1394  trn
91385   1960  1842  1601  1511  1655  1077  1195  1114  1306  1678  1595  trn
91385   1970  1593  1224  1273  1553  1543  1985  2012  1533  1663  1781  trn
91385   1980  1052  1102  1402  1110   934  1265  1426  1271  1247  1177  trn
91385   1990  1805  1091   812  1601  1318   938  1382  1129  1284  1071  trn
91385   2000  1152  1108  1365  1160   696   788   565   803  1365   995  trn
91385   2010 -9999
121162  1895  2016  2025  2259  2058  1917
121162  1900  2212  1858  1907  1995  1946  2196  2223  2012  1643  1146  trn
121162  1910  1364  1579   613  1443  1025  2702  2593  2481  2071  2539  trn
121162  1920  3135  3167  3432  2596  3208  3026  2739  2950  3086  2761  trn
121162  1930  2607  2697  2378  2318  2555  2067  2388  2579  2786  2188  trn
121162  1940  1882  2355  2109  1860  1715  1891  1870  1192  1508  1433  trn
121162  1950  1142  1098  1053  1263  1305  1555  1729  1898  2401  1860  trn
121162  1960  2312  2256  1715  1755  1492  1476  1188  1298  1429  1356  trn
121162  1970  1423  1305  1067  1116   837   826  1252   886  1067  1034  trn
121162  1980  1044  1204   967   317   508   409  1331   859  1116   633  trn
121162  1990   962   486   208   440   646   721   376  1094   703   739  trn
121162  2000  1067  1053  1129   544   820 -9999
70162   1892  3082  2631  3481  4155  3335  3235  3359  3208
70162   1900  3045  2619  2168  2270  1229  1129   599  1644  1206   860  trn
70162   1910   433   469   158   583   213  2019  3258  4594  3533  4350  trn
70162   1920  4607  5416  6074  6221  6524  6372  6634  7056  7022  6550  trn
70162   1930  4946  5502  4884  4654  4199  3878  4591  4479  4659  4587  trn
70162   1940  4022  4037  3510  3606  3178  3876  2469  1958  3736  2436  trn
70162   1950  3019  2252  1995  2581  3479  3335  4531  3127  4581  2722  trn
70162   1960  3173  3960  2581  3160  2572  3119  2127  3460  2479  2912  trn
70162   1970  2665  2790  2842  2755  2432  3185  2429  1901  2085  2680  trn
70162   1980  1759  2097  2361  2412  1917  2123  2070  3178  2722  2019  trn
70162   1990  3203  2131  2299  2562  2220  1807  1644  1892  3357  3193  trn
70162   2000  2978  2479  1763  2597  1709  1854  1754  1763  1141 -9999  trn
91302   1896  1935  1939  1572  1191
91302   1900  1225  1319  1453  1775  2207  1939  1961  1661  1496   744  trn
91302   1910  1089  1487  1477   834   210   827  3253  3185  2276  3005  trn
91302   1920  3099  3540  4282  3903  4570  4308  4778  4871  4784  4605  trn
91302   1930  4246  4707  4559  4604  4148  3459  3686  4218  4777  4951  trn
91302   1940  4532  4545  4185  3667  3697  3709  3555  4340  4253  4040  trn
91302   1950  3912  4158  3823  3884  3998  3900  4612  4412  5174  4632  trn
91302   1960  4807  4311  3692  3612  3411  3862  3281  4245  4274  4077  trn
91302   1970  4287  4041  4292  4282  4216  4493  4074  3487  4667  4222  trn
91302   1980  3097  2668  2967  2915  3018  2978  3345  3544  3574  3856  trn
91302   1990  3680  2864  3784  4161  4314  3794  3410  3268  3716  3291  trn
91302   2000  3873  3523  3668  3515  3689  3741  3673  3729  3801  3513  trn
91302   2010 -9999
91332   1921  2274  4217  4150  3797  2766  3192  2312  2523  2966
91332   1930  2045  2470  2369  1972  2012  1998  2426  2258  2269  1856  trn
91332   1940  2770  3390  3011  2498  2519  2251  3149  2532  3526  3349  trn
91332   1950  3121  3122  2795  2276  2894  2986  3770  3438  4568  3526  trn
91332   1960  3151  3060  1521  2815  2068  2587  2211  3033  2581  2706  trn
91332   1970  2098  2265  2161  2642  1763  2495  1755  1599  2760  1785  trn
91332   1980  1449  2149  2564  1859  2433  2795  2450  2785  3107  2540  trn
91332   1990  2984  1300  1834  2870  2924  2215  1969  1750  1825  1926  trn
91332   2000  2274  3533  2896  1763  2833  1730  2151  2345  1695  1515  trn
91332   2010 -9999
50336   1893  2762  2340  2765  2713  2504  2465  2433
50336   1900  1709  1465  1329  1836  1180  1243  1292  1168  1237  1243  trn
50336   1910  1020   838    58  1040   714   714  1370  1484  1013  1823  trn
50336   1920  2396  2502  3064  3379  3351  2976  3864  3975  3561  3965  trn
50336   1930  3605  4276  3511  3455  2640  2496  2949  2979  2683  2526  trn
50336   1940  2736  2918  2910  2674  2530  2871  2679  2796  2717  2784  trn
50336   1950  2518  2595  2524  2442  2342  2500  2344  2552  2706  2473  trn
50336   1960  2901  2479  2574  2049  1648  1930  1690  1767  1788  1428  trn
50336   1970  2000  1850  2012  1964  2179  2235  2751  2143  2405  2536  trn
50336   1980  2124  2429  2192  2132  1973  2148  2257  2326  2314  2518  trn
50336   1990  2635  2006  2086  2755  3153  2809  2603  2492  3012  2775  trn
50336   2000  2570  2049  1686  1442  1465  1479  1686  1575  1191  1313  trn
50336   2010 -9999
80554   1943  3188  2566  2693  2894  1555  2827  2829
80554   1950  3182  2943  2402  2211  3570  3993  4914  4162  4587  3841  trn
80554   1960  4174  4008  3472  3631  3319  3332  2936  3895  4016  4158  trn
80554   1970  4036  3707  3677  3649  3166  3750  3329  1395  3459  2693  trn
80554   1980   952  1202  1336  1366  1100   962  3198  2363  3541  3194  trn
80554   1990  4022  3011  3539  3671  3793  2107  2770  2119  2147  2017  trn
80554   2000  3407  4624  4898  2787  4432  3342  3315  3141  3705 -9999  trn
50356   1928  3224  3276
50356   1930  2170  2862  2026  2108  2052  2324  2030  1958  2202  1978  trn
50356   1940  2094  2262  2096  2070  2006  3018  2454  2522  2654  2704  trn
50356   1950  2734  2680  1980  2142  1828  2274  1716  1454  1976  1572  trn
50356   1960  2322  2098  1924  1964  1686  1448  1096  1454  1934  1882  trn
50356   1970  2180  1614  1806  2014  1716  2202  2046  1054  1884  1572  trn
50356   1980  2478  2444  2568  2124  2376  2932  1982  1894  2088  1788  trn
50356   1990  3192  1688  2476  2464  2358  1660  1828  2034  2216  1980  trn
50356   2000  2022  2740  2672  1866  2530  1306  2884  2068  2036  2116  trn
50356   2010 -9999
140810  1923  2095  1988  1580  2069  2399  1945  2820
140810  1930  2299  2234  2242  1879  1620  1070  1174  1642  1900  1605  trn
140810  1940  1576  1797  1769  1374   963  1213  1486   990  1316  1102  trn
140810  1950   979  1171  1184   938  1736  2175  2079  1671  1952  1594  trn
140810  1960  1776  2060  1891  2331  1895  2143  1844  2190  2468  2233  trn
140810  1970  2336  2075  2191  2413  2169  2278  2209  1938  2147  1613  trn
140810  1980  2383  2191  1738  1830  1587  1673  1786  1171  1250  1235  trn
140810  1990  1616  1210   990  1569  1456  1092  1363  1286   349   786  trn
140810  2000  1059  1200   278   349   516   174   310   245   183   294  trn
140810  2010 -9999
131061  1925  1256  2471  2080  2016  1775
131061  1930  1239  1026   984  1501  1679  1350  1630  1710  1995  1603  trn
131061  1940  2000  2128  2055  1904  2115  1852  1658  1258  2235  1748  trn
131061  1950  1270  1948   780  1300  2382  2596  2723  2750  2716  2425  trn
131061  1960  2692  2437  2067  2219  2296  2164  1803  1721  2258  1786  trn
131061  1970  2697  1718  1548  1524  2275  2160  1786  1530  1777  1345  trn
131061  1980  1793  1673  2116  1770  1274  2103  1897  1234  1795  1686  trn
131061  1990  1942  1146  1001  1363   933   936   415   720   626   802  trn
131061  2000   864   724  1383   834   458   236   483   393 -9999
111190A 1917   673   447   735
111190A 1920   591   741   756   828   923   966   850  1068  1129  1041  trn
111190A 1930   785   686   736   889  1064  1097   914   845  1167   976  trn
111190A 1940  1053  1189  1089  1125  1015  1114  1099   761  1278  1187  trn
111190A 1950  1147  1297  1226  1294  1337  1364  1319  1369  1624  1437  trn
111190A 1960  1438  1493  1485  1450   948  1222   973  1245  1318  1267  trn
111190A 1970  1321  1330  1144  1270  1127  1381  1282  1050  1160  1046  trn
111190A 1980   230   224   232   288   319   201   192   456   476   398  trn
111190A 1990   743   401   408   589   697   470   506   362   543   421  trn
111190A 2000   466   467   740   562   290   499   544   297   467   421  trn
111190A 2010 -9999
80503   1900  1822  1856  1654  1969  1923  1951  1800  1378  1382  1513  trn
80503   1910  1613  1171  1278  1395  1473  1698  2018  2042  1803  1900  trn
80503   1920  1833  2278  2513  2143  2348  2528  2449  2377  2415  2243  trn
80503   1930  2072  2097  1684  1798  1696  1713  1868  1690  1772  1594  trn
80503   1940  1547  1249  1431  1200  1069  1307  1072   969  1195  1121  trn
80503   1950  1004   835   952   893  1276  1792  1895  1795  2149  1766  trn
80503   1960  2051  1963  1181  1319  1280  1160  1205  1135  1622  1132  trn
80503   1970   949  1039  1144   850   893   890  1057   735   780   815  trn
80503   1980   925  1285   982  1045  1072   939   982  1039   979   890  trn
80503   1990   812   739   482   872   982   704   669   678   134   313  trn
80503   2000   636   520   476   520   201   563   772   800   510 -9999  trn
100963  1951  1643  1408   745  1026   544   304   158   642  2538
100963  1960  3558  3164  2771  2410  2799  2441  2560  1912  1927  1797  trn
100963  1970  2121  1521  1265  1502  1544  1127   832   142   517   376  trn
100963  1980   158   388   740  1449  1479  1363  1523  1110   975  1725  trn
100963  1990  1955  1780  1340  1518  1536  1562  1250   836   897   798  trn
100963  2000  1177   909  1259   901  1408  2013  2129  2360  1473 -9999  trn
131091  1918  2803  3202
131091  1920  2683  2821  4244  4191  4227  4006  3964  3470  3006  2578  trn
131091  1930  2447  2663  2735  2445  2461  2387  2602  2609  2831  2393  trn
131091  1940  2888  3102  2567  2028  1513  1743  1401   651  1043  1192  trn
131091  1950   601   508   313  1789  3234  3254  3306  3099  2995  2693  trn
131091  1960  2449  2778  2313  2311  2372  2613  2056  2360  2841  2576  trn
131091  1970  2500  2156  1743  1253  1066   887   913   898   711   487  trn
131091  1980   908  1757  1978  1851  1158  1939  1658  1444  1213  1448  trn
131091  1990  1437  1115   987  1339  1229   903   882   620   829   657  trn
131091  2000   555   746   688   669   174   786   436   542   575   620  trn
131091  2010 -9999
50262   1940  1227  1255  1090  1182   988   793  1119   944   865   820  trn
50262   1950   495   697   803   548   822   926   822   644  1121   911  trn
50262   1960   964   856  1005  1050   702   570   538   803  1049  1092  trn
50262   1970   762   887   498   749   398   576   749   680   749   653  trn
50262   1980   982  1114   954   856   829   731   766   551   718   721  trn
50262   1990   998   779   597   764   820   691   615   734   672   881  trn
50262   2000   817   675   831   560   808  1508   731   322   326  1190  trn
50262   2010   515 -9999
90552   1920  1890  2909  2483  2017  3031  3119  3242  3066  2933  3032  trn
90552   1930  2396  2918  2445  2541  2332  2714  2747  2610  2659  2201  trn
90552   1940  2420  2590  2475  2372  2061  2906  1974  2636  2486  2037  trn
90552   1950  2357  2648  2274  2184  2023  1951  2263  2094  2413  1704  trn
90552   1960  2201  2156  2061  1622  1214  1378  1244  1422  2021  1775  trn
90552   1970  1909  1560  2180  2114  2210  2423  1793  1214  1780  1627  trn
90552   1980   980  1265  1389  1083   652   879   839  1031  1153  1527  trn
90552   1990  2005  1099  1538  1583  1545  1165  1406  1422  1598  1543  trn
90552   2000  1422  1926  1750  1205  1512  1617  1654  1441  1553  1502  trn
90552   2010 -9999
131138  1926  1896  2043  1919  1501
131138  1930  2084  1805  1417  1361  1352  1113   964  1484  1491  1478  trn
131138  1940  1057  1275   971   822   521   847   409   705   351   946  trn
131138  1950   535   484   546   811  1205  1941  2073  1720  1967  1279  trn
131138  1960  1140  1048  1226  1370  1191  1329  1064  1419  1791  1931  trn
131138  1970  1975  1646  1673  1567  1271  1631  1793  1277  1539  1648  trn
131138  1980  1642  1501  1392  1363  1091  1834  2005  1777  1611  1464  trn
131138  1990  2010  1008  1226  1348  1660   695   747   635   811   480  trn
131138  2000   409  1031   664   557   542   298   484   409   453   393  trn
131138  2010 -9999
121301  1931  2256  2356  2054  2036  2254  2350  1904  1997  1566
121301  1940  1938  2314  1762  1564  1493  1620  1498   602   811   589  trn
121301  1950   593   188   433   959  1275  1576  1908  1804  1846  1402  trn
121301  1960  1515   870  1125   757   808   893   794   593  1085   944  trn
121301  1970  1190  1066   846   971   797   707   406   454   909   903  trn
121301  1980  1790  1919  1595  1491  1130  1353  1386   986  1217   980  trn
121301  1990  1217   974  1114  1378  1202   956   992   822   962  1052  trn
121301  2000  1314  1140   666  1180   730   843   860   742  1058  1041  trn
121301  2010 -9999
60124   1899  2396
60124   1900  2291  2242  2234  2144  2108  2372  2307  2501  2537  2116  trn
60124   1910  2394  1869   812  1136  1582  1396  1271  1013   818  1027  trn
60124   1920   520   461   839  1132   654   254   367   226   350   513  trn
60124   1930   647  1225  1085   678   691  1169  1358  2808  3366  3610  trn
60124   1940  3433  3218  3010  3328  2754  2987  2323  2372  2130  2298  trn
60124   1950  2407  2330  2202  2106  2052  2321  2702  2083  2799  3016  trn
60124   1960  2637  2977  2624  2288  1446  1522  1123  2337  2768  2007  trn
60124   1970  2073  1838  1886  2625  3034  2634  2221  1867  1935  2054  trn
60124   1980  1964  1881  2148  2325  2195  2365  2198  2238  2409  2474  trn
60124   1990  2280  1793  1828  1816  1102   951   703   520   158   801  trn
60124   2000   855   333   454   654   932   756   628   703   860   678  trn
60124   2010 -9999
190929A 1930  1064   799  1077   972   497   539   434   348   824   521  trn
190929A 1940   678   851  1011   448   486   427   497   296   645   543  trn
190929A 1950   614   510   821   541   374   138   650  1204  1278  1485  trn
190929A 1960  1887  1567  2040  1633  1561  1763  1325  1392  1369  1480  trn
190929A 1970  1944  1644  1625  1372  1394  1363  1416  1022  1315  1067  trn
190929A 1980  1076  1054  1569  1645  1400  1287  1047   976  1162   914  trn
190929A 1990   875  1011   746  1187   988   878   794   608   865   687  trn
190929A 2000   905   743   583   508   508   849   733   802   898   967  trn
190929A 2010   776   860   753   643   543   386 -9999
50442   1907   608   529   825
50442   1910   559   770    42   104   118  1281  1819  1850  1139  1681  trn
50442   1920  2937  3155  3566  3253  3354  3332  2698  3070  3067  3224  trn
50442   1930  2636  2607  2652  3284  2872  2684  2388  2728  2793  2925  trn
50442   1940  2707  2797  2990  2682  2553  2417  2408  2699  2829  2763  trn
50442   1950  2943  2618  2197  2099  2266  2091  2352  2400  2829  2424  trn
50442   1960  2889  2414  2550  2112  2042  2112  2213  2358  2481  2192  trn
50442   1970  2782  2574  2673  2411  2222  2475  2427  1638  2204  2356  trn
50442   1980  2003  1984  1951  2164  1967  2017  2126  1707  1695  1803  trn
50442   1990  1803  1878  1974  2180  2121  2358  2119  2176  1581  1570  trn
50442   2000  1211  1382  1703  1264  1440  1401  1656  1422  1277 -9999  trn
130788  1917  3055  3428  2667
130788  1920  2892  2859  2351  1844  2188  2058  2265  1812  1624  1498  trn
130788  1930  1492  1627  1706  1624  1418  1249  1065   946   967    64  trn
130788  1940  1181  1284  1022   997   525  1147   885   247   913   489  trn
130788  1950   977   850   913   789  1454  1941  2533  2418  2827  2569  trn
130788  1960  3223  2650  2060  2366  1894  1952  1754  1812  2075  1840  trn
130788  1970  1911  1878  2046  1706  1691  1360  1508  1422  1314   850  trn
130788  1980  1672  1492  1648  1007   987  1269  1332  1168  1405  1125  trn
130788  1990  1541  1325  1070  1168  1181   814   885   730   929  1261  trn
130788  2000  1249   940   645  1065   622   599   770 -9999
111081r 1892  2038  1727  1808  1675  2151  2817  2820  3110
111081r 1900  2680  2988  2595  3595  3933  3477  3297  2899  2977  2697  trn
111081r 1910  2426  1367  2208  2055  1772  3698  4192  3888  3316  3623  trn
111081r 1920  3862  3846  3420  2898  3528  3604  3907  3917  3485  3579  trn
111081r 1930  2835  3861  2966  3216  2572  2809  3219  2941  3098  2026  trn
111081r 1940  1938  1883  1519  2033  1646  2264  2103  1618  2263  1455  trn
111081r 1950  1882  1670  1564  1215  2614  1779  2283  1661  2971  1764  trn
111081r 1960  1755  2191  1745  1953  1843  2112  1196  2414  2287  2888  trn
111081r 1970  1697  2088  1740  1799  2037  1649  2198  1172  1482  2161  trn
111081r 1980   463  1329  1491  1300  1126  1481  1433  1354  1381  1510  trn
111081r 1990  2450   994  1469  1543  1454  1259  1041   626   658   524  trn
111081r 2000   856  1240  1360  1172  1358   838   854  1421   792  1065  trn
111081r 2010 -9999
60358r  1890  1598  1949  1507  1496  1893  1570  1877  1876  1626  1472  trn
60358r  1900  1773  1680  1850  1567  1435  1356  1298   955   822   694  trn
60358r  1910   572   427   455   244   358   396   418   502   365   518  trn
60358r  1920   840  1323  1532  1205  1526  1460  1345  1329  1422  1396  trn
60358r  1930  1352  1265  1458   786  1107   880   914   709   956   624  trn
60358r  1940  1009   725   888  1180  1106  1004   806   695   726   889  trn
60358r  1950   770   775  1260   650   730  1235  1097   694   698   747  trn
60358r  1960   565   397   337   614   408   162   216   488   760   548  trn
60358r  1970   345   899   830   606  1203  1757  1750   638  1417  1092  trn
60358r  1980   941  1349  1640  1561  1641  1486  1810   845  1264  1414  trn
60358r  1990  1101   936  1110   779   971   682 -9999
