  year  #   1
  1950  -0.802
  1951  -0.473
  1952  -1.446
  1953  -0.743
  1954   1.202
  1955   0.961
  1956   1.536
  1957  -0.048
  1958   2.411
  1959  -0.940
  1960   1.076
  1961   0.307
  1962  -1.012
  1963   0.140
  1964  -1.398
  1965   0.054
  1966  -1.650
  1967   0.838
  1968   1.300
  1969   0.051
  1970   0.591
  1971  -0.422
  1972   0.120
  1973   0.298
  1974  -0.191
  1975   0.822
  1976   0.327
  1977  -2.131
  1978   1.028
  1979  -0.135
  1980  -1.430
  1981   0.059
  1982   0.167
  1983  -0.796
  1984  -1.027
  1985   0.486
  1986   0.702
  1987  -0.301
  1988   0.526
  1989  -0.121
  1990   2.026
  1991  -2.072
  1992  -0.241
  1993   1.665
  1994   0.439
  1995  -1.264
  1996  -0.493
  1997  -0.483
  1998   0.075
  1999  -0.087
  2000   0.500
