caovl_drop.rwl -- no data title --                        1st itrdb line missing     
caovl_drop.rwl -- no data title --                        2nd itrdb line missing     
caovl_drop.rwl -- no data title --                        3rd itrdb line missing     
caovl_18849990  09990  09990  09990  0   0  1   0  1   0  1   0  1   0  1   0  1  err
caovl_1890 425  2 516  2 299  4 308  5 145  5 309  6  72  7 209  7 289  7 273  8  err
caovl_1900 196  9 188  9 140  9  96  9 170  9 240  9 274  9 233 10 156 10 175 10  err
caovl_1910 240 10 164 10 227 10 196 10 206 10 294 11 361 11 368 13 325 14 325 14  err
caovl_1920 356 15 334 16 370 16 326 17 362 17 327 18 307 19 282 19 246 20 285 20  err
caovl_1930 221 21 272 22 219 22 237 22 201 22 196 22 217 22 221 22 214 22 186 22  err
caovl_1940 204 23 214 23 197 23 192 24 183 24 204 24 183 24 206 24 230 24 211 24  err
caovl_1950 242 24 213 25 174 25 165 25 201 25 190 25 216 25 202 25 229 25 178 25  err
caovl_1960 197 25 203 25 153 25 152 25 155 25 171 25 147 25 180 25 150 25 154 25  err
caovl_1970 146 25 123 25 148 25 162 25 160 25 184 25 156 25 112 25 146 25 159 25  err
caovl_1980 149 25 131 25 134 25 135 25 137 25 154 25 135 25 152 25 148 25 145 25  err
caovl_1990 188 25 107 25 156 25 160 25 128 25 109 25 150 24 143 24 177 24 169 24  err
caovl_2000 137 24 136 24 164 24 134 24 166 24 157 23 183 23 210 21 153 20 152 15  err
caovl_2010 138  2   0  1   0  1   0  1   0  1   0  19990  09990  09990  09990  0  err
caovl_drop.rwl -- no data title --                        1st itrdb line missing     
caovl_drop.rwl -- no data title --                        2nd itrdb line missing     
caovl_drop.rwl -- no data title --                        3rd itrdb line missing     
caovl_18849990  09990  09990  09990  0   0  1   0  1   0  1   0  1   0  1   0  1  err
caovl_1890  65  2 125  2 106  4 239  5  27  5 162  6  44  7  48  7  46  7  56  8  err
caovl_1900  58  9  57  9  62  9  60  9 101  9  93  9 101  9  54 10  47 10  91 10  err
caovl_1910  52 10  84 10  83 10  66 10  81 10 125 11 111 11  95 13  81 14  56 14  err
caovl_1920  96 15  93 16  86 16  78 17  77 17  82 18  59 19  36 19  54 20  73 20  err
caovl_1930  66 21  66 22  62 22  50 22  33 22  36 22  45 22  36 22  31 22  37 22  err
caovl_1940  23 23  36 23  37 23  33 24  48 24  43 24  46 24  65 24  48 24  55 24  err
caovl_1950  58 24  67 25  64 25  40 25  30 25  66 25  68 25  61 25  52 25  49 25  err
caovl_1960  39 25  51 25  39 25  42 25  49 25  48 25  33 25  37 25  33 25  47 25  err
caovl_1970  46 25  32 25  40 25  41 25  49 25  60 25  53 25  38 25  43 25  50 25  err
caovl_1980  68 25  66 25  58 25  59 25  52 25  56 25  42 25  37 25  36 25  37 25  err
caovl_1990  45 25  29 25  33 25  18 25  38 25  36 25  34 24  40 24  49 24  47 24  err
caovl_2000  39 24  45 24  53 24  36 24  36 24  34 23  29 23  31 21  40 20  26 15  err
caovl_2010 202  2   0  1   0  1   0  1   0  1   0  19990  09990  09990  09990  0  err
caovl_drop.rwl -- no data title --                        1st itrdb line missing     
caovl_drop.rwl -- no data title --                        2nd itrdb line missing     
caovl_drop.rwl -- no data title --                        3rd itrdb line missing     
caovl_18849990  09990  09990  09990  0   0  1   0  1   0  1   0  1   0  1   0  1  err
caovl_1890  32  2 174  2  88  4 107  5  75  5  94  6  55  7  72  7  46  7  41  8  err
caovl_1900  58  9  53  9  55  9  55  9  68  9  44  9  33  9  59 10  35 10  64 10  err
caovl_1910  44 10  57 10  79 10  72 10  48 10 110 11  80 11  42 13  30 14  33 14  err
caovl_1920  89 15  47 16  59 16  58 17  40 17  50 18  51 19  41 19  27 20  29 20  err
caovl_1930  46 21  41 22  37 22  33 22  34 22  32 22  38 22  35 22  30 22  33 22  err
caovl_1940  41 23  28 23  26 23  36 24  28 24  32 24  41 24  55 24  34 24  38 24  err
caovl_1950  40 24  34 25  23 25  40 25  44 25  55 25  40 25  44 25  33 25  31 25  err
caovl_1960  44 25  36 25  43 25  34 25  28 25  26 25  21 25  40 25  26 25  38 25  err
caovl_1970  41 25  26 25  28 25  35 25  36 25  44 25  35 25  31 25  34 25  37 25  err
caovl_1980  77 25  41 25  37 25  36 25  29 25  42 25  39 25  37 25  26 25  31 25  err
caovl_1990  45 25  35 25  31 25  24 25  31 25  23 25  21 24  25 24  47 24  34 24  err
caovl_2000  29 24  55 24  51 24  39 24  41 24  41 23  29 23  28 21  47 20  25 15  err
caovl_2010 203  2   0  1   0  1   0  1   0  1   0  19990  09990  09990  09990  0  err
caovl_drop.rwl -- no data title --                        1st itrdb line missing     
caovl_drop.rwl -- no data title --                        2nd itrdb line missing     
caovl_drop.rwl -- no data title --                        3rd itrdb line missing     
caovl_18849990  09990  09990  09990  0   0  1   0  1   0  1   0  1   0  1   0  1  err
caovl_1890  24  2 132  2  67  4  81  5  57  5  72  6  42  7  55  7  35  7  31  8  err
caovl_1900  44  9  40  9  42  9  42  9  52  9  33  9  25  9  45 10  27 10  49 10  err
caovl_1910  34 10  44 10  60 10  55 10  36 10  84 11  61 11  32 13  23 14  25 14  err
caovl_1920  67 15  35 16  45 16  44 17  31 17  38 18  39 19  31 19  20 20  22 20  err
caovl_1930  35 21  31 22  28 22  25 22  26 22  24 22  29 22  27 22  23 22  25 22  err
caovl_1940  31 23  21 23  20 23  27 24  21 24  25 24  32 24  42 24  26 24  29 24  err
caovl_1950  31 24  26 25  17 25  31 25  34 25  42 25  31 25  34 25  25 25  24 25  err
caovl_1960  33 25  28 25  33 25  26 25  22 25  20 25  16 25  31 25  20 25  29 25  err
caovl_1970  31 25  20 25  21 25  26 25  28 25  33 25  27 25  23 25  26 25  28 25  err
caovl_1980  59 25  31 25  28 25  28 25  22 25  32 25  29 25  28 25  20 25  24 25  err
caovl_1990  34 25  26 25  23 25  18 25  23 25  18 25  16 24  19 24  36 24  26 24  err
caovl_2000  22 24  42 24  39 24  30 24  31 24  32 23  22 23  21 21  36 20  19 15  err
caovl_2010 155  2   0  1   0  1   0  1   0  1   0  19990  09990  09990  09990  0  err
