 eigenvalue  5.996   1.576   1.409   1.300   1.180   1.175   0.896   0.881   0.749   0.681   0.666   0.533   0.472   0.414   0.360   0.256   0.226   0.129   0.100
 eval sderr  1.187   0.312   0.279   0.258   0.234   0.233   0.178   0.174   0.148   0.135   0.132   0.106   0.094   0.082   0.071   0.051   0.045   0.026   0.020
 % variance  0.316   0.083   0.074   0.068   0.062   0.062   0.047   0.046   0.039   0.036   0.035   0.028   0.025   0.022   0.019   0.013   0.012   0.007   0.005
 cumulative  0.316   0.398   0.473   0.541   0.603   0.665   0.712   0.759   0.798   0.834   0.869   0.897   0.922   0.944   0.963   0.976   0.988   0.995   1.000
 brokn stck  3.548   2.548   2.048   1.714   1.464   1.264   1.098   0.955   0.830   0.719   0.619   0.528   0.445   0.368   0.296   0.230   0.167   0.108   0.053
 series_id   #  1       2       3       4       5       6       7       8       9      10      11      12      13      14      15      16      17      18      19
  192697     0.275  -0.083  -0.061  -0.139  -0.253   0.250   0.032   0.330   0.171   0.156  -0.208   0.379  -0.083   0.069   0.447   0.002   0.373  -0.037   0.256
  142178     0.303  -0.087  -0.075   0.121  -0.074  -0.086  -0.061  -0.141  -0.535  -0.127  -0.233   0.018  -0.165  -0.382   0.029  -0.009  -0.204  -0.381   0.355
  202536     0.221  -0.074   0.421   0.115  -0.161   0.328  -0.148  -0.283  -0.009   0.026  -0.235  -0.067   0.139   0.404  -0.142   0.458  -0.157   0.088   0.123
  182396     0.198  -0.058  -0.109   0.316   0.438   0.120   0.543   0.062  -0.172   0.092  -0.034  -0.142  -0.077   0.198   0.204  -0.100  -0.147   0.371   0.157
  101292     0.251  -0.042   0.064  -0.271   0.274   0.210   0.068   0.203  -0.036   0.548   0.188  -0.050   0.370  -0.175  -0.105   0.077  -0.189  -0.342  -0.130
  182678     0.209   0.012   0.483  -0.264  -0.119   0.169   0.072  -0.324  -0.150  -0.146   0.202  -0.097   0.014  -0.150   0.346  -0.430   0.054   0.140  -0.239
  10539      0.308  -0.154  -0.167   0.196   0.147   0.253   0.003  -0.161  -0.041  -0.051  -0.018   0.046  -0.159  -0.266  -0.351   0.148   0.546   0.093  -0.385
  202775     0.253  -0.059  -0.110  -0.050  -0.444  -0.202   0.361   0.118  -0.084   0.026   0.127  -0.248  -0.271   0.415  -0.107   0.006  -0.017  -0.315  -0.306
  132525     0.226  -0.138   0.240   0.397  -0.189  -0.057  -0.051   0.420   0.128  -0.133   0.024   0.364   0.077  -0.155  -0.199  -0.209  -0.375   0.167  -0.219
  40131      0.276   0.163   0.035  -0.105  -0.001  -0.262   0.250  -0.053   0.188  -0.292   0.473   0.132   0.068  -0.218   0.098   0.532  -0.019   0.097   0.185
  140881     0.300  -0.251   0.049  -0.075   0.135  -0.221  -0.182  -0.143   0.201   0.077   0.268   0.012  -0.036   0.235  -0.367  -0.397   0.165   0.011   0.474
  40935A     0.201   0.310  -0.078  -0.293   0.350  -0.143  -0.005  -0.061  -0.177  -0.284  -0.247   0.480   0.129   0.363  -0.081  -0.077  -0.036  -0.095  -0.222
  111290A    0.169  -0.035   0.376   0.067   0.378  -0.334  -0.131   0.215   0.314  -0.109  -0.327  -0.361  -0.172  -0.056   0.206   0.085   0.123  -0.218  -0.116
  192260A    0.075   0.454  -0.001   0.263   0.084   0.354  -0.326   0.328  -0.171  -0.243   0.386  -0.200  -0.031   0.179   0.042  -0.061   0.121  -0.181   0.101
  20432A     0.100   0.607   0.183  -0.166  -0.178  -0.092   0.149   0.151  -0.056   0.245  -0.263  -0.137  -0.124  -0.199  -0.365  -0.069   0.103   0.304   0.166
  30039A     0.202   0.085  -0.348  -0.252   0.021   0.376  -0.074  -0.111   0.474  -0.188  -0.112  -0.157  -0.305  -0.106  -0.042  -0.093  -0.443   0.015  -0.011
  30109      0.102   0.389  -0.044   0.455  -0.026  -0.139  -0.060  -0.446   0.249   0.422   0.066   0.218  -0.097   0.013   0.214  -0.083  -0.049  -0.195  -0.111
  40853A     0.252  -0.062  -0.225  -0.137  -0.016  -0.263  -0.534   0.079  -0.259   0.257   0.097  -0.095  -0.143   0.067   0.221   0.157  -0.125   0.451  -0.183
  192154A    0.251   0.068  -0.329   0.136  -0.213  -0.121  -0.015  -0.059   0.114  -0.158  -0.211  -0.325   0.713  -0.033   0.089  -0.146   0.112   0.059  -0.006
