  year  #   1       2       3       4       5       6       7       8       9      10      11      12      13      14      15      16      17      18      19
  1950   2.913  -1.275  -2.154  -1.038   0.875   1.193   1.485   0.195   1.576   0.135  -0.527  -0.464   1.120  -0.735  -0.146  -0.294   0.094   0.245  -0.247
  1951   4.108  -1.962  -1.250  -1.184   1.043   1.214  -0.397  -1.545   1.103  -0.996  -0.271   0.206  -0.106  -0.106  -0.149   0.308   0.196   0.380   0.028
  1952   2.506  -2.202  -1.306  -1.908   0.855   0.462  -1.234  -1.187   0.474   0.022   1.334  -0.522   0.010  -0.862  -0.314  -0.393   0.082  -0.537   0.274
  1953   4.398  -0.242  -0.941  -1.329   1.644  -0.342   0.138  -0.290   0.513   0.947  -0.633   1.030  -0.080   0.369   0.630  -0.016  -0.282  -0.340   0.046
  1954   2.870  -0.040   0.637  -0.873   1.699  -3.000  -0.996  -0.776  -0.846   0.932  -0.754   1.223   0.120  -0.439  -0.637   0.237   0.223  -0.058   0.133
  1955   3.735   0.477   1.886  -0.131   2.426  -1.521   0.850  -1.011  -0.960   0.538   1.050  -0.283  -0.554   0.539   0.569   0.292   0.080  -0.210  -0.174
  1956  -1.077  -0.353   3.189  -0.181   0.202  -0.941   0.488  -0.943   0.731   0.146  -0.971  -0.449   0.742   0.306   0.393   0.291  -0.407   0.265   0.083
  1957   2.154   0.928   3.960   0.260   0.303  -0.661   0.559   0.454  -0.308  -1.502   0.598   0.272   0.285  -0.564  -0.524   0.133   0.382   0.104   0.134
  1958   3.771   2.254   3.219   1.608   0.632   0.732   0.902  -0.093   1.179  -0.418   1.125   0.024   0.105  -0.232  -0.492  -0.373  -0.472   0.312  -0.060
  1959   1.098   0.648   2.939   1.127  -0.656   0.008  -0.563  -0.346   0.520   0.120  -0.133  -1.317   0.182  -0.358   0.862   0.365   0.064  -0.318   0.023
  1960  -2.630  -0.163   1.691   0.067   1.368   0.269   0.867  -0.439  -0.574  -1.241  -0.538  -0.474  -0.209  -0.184   0.189  -0.584   0.173  -0.329   0.122
  1961  -3.232  -0.594   1.529   2.119  -0.786   0.339   0.885  -0.863   0.036  -0.711  -0.972   0.610  -0.929  -0.440  -0.205   0.077   0.099  -0.036   0.036
  1962  -4.569  -0.085   1.180   0.115  -2.101   0.407  -0.715  -0.604  -0.018   1.205  -0.257   0.602  -0.023  -0.779  -0.284   0.453   0.461  -0.146  -0.031
  1963  -2.669   0.499   1.026   1.069   0.695   0.508  -1.226  -0.572  -0.388   0.719   1.282   0.675   0.689   0.624   0.308  -0.473   0.405   0.072  -0.035
  1964  -5.177   0.346  -0.835   0.549   0.960   0.865   0.301  -1.319  -0.199  -0.189   0.759   0.658  -0.188  -0.267   0.598  -0.697  -0.276  -0.119  -0.653
  1965  -5.168  -0.360  -0.236  -1.005   0.960   0.012   0.777  -0.431  -0.352   0.229  -0.414   0.186   0.247  -0.275   0.288   0.372  -0.201  -0.179  -0.375
  1966  -4.634   1.325  -0.897  -0.844   1.025  -0.503   0.868  -0.827   0.413   0.537  -0.203  -0.256  -0.492  -0.104  -0.367   0.670   0.207   0.334   0.237
  1967  -1.845   3.009  -2.212  -0.209   1.574  -0.739   0.515  -0.205  -0.954  -0.217   0.101  -0.491  -0.346   0.128   0.150  -0.226  -0.180   0.438   0.466
  1968  -1.941   3.049  -1.262  -0.883   1.325  -0.411  -0.644   1.267  -0.662  -0.485   0.408  -0.109  -0.432   0.232  -1.111  -0.061   0.254   0.110  -0.285
  1969  -2.203   3.039  -1.361  -0.160  -0.033   0.060   1.251  -0.270  -0.007   0.666  -0.349  -0.201   0.605  -0.122  -0.029  -0.247   0.258   0.082   0.296
  1970  -0.097   3.174  -0.819  -0.338  -0.959   1.707   0.476  -0.383  -0.161   0.442   0.168  -0.521  -0.055   0.386  -0.053   0.277  -0.135   0.079   0.294
  1971   2.080   2.984  -0.380  -0.503  -1.595   1.181  -0.026  -1.165  -0.568   0.705   0.635   0.214   0.992  -0.466  -0.034   0.017  -0.211  -0.010  -0.171
  1972   3.183   2.299  -0.293  -1.239  -1.704   0.767  -0.207   0.086  -0.802  -0.080  -0.252  -0.039  -0.534   0.489  -0.081   0.138  -0.104  -0.530  -0.124
  1973   4.212   1.016   0.184   0.068  -1.369   0.154  -0.774  -1.010  -0.790  -0.049  -0.957   0.058  -1.068   0.370  -0.605  -0.366  -0.309   0.217  -0.342
  1974  -0.392   0.438  -0.655  -0.584  -1.482  -2.017  -1.134  -0.106   0.199  -0.470  -0.774   0.360   0.032  -0.705   0.563  -1.171   0.223   0.419  -0.019
  1975   1.414   1.295  -1.359  -0.303  -1.613  -0.915   0.230   0.434   0.564  -1.024   0.189   0.888  -0.116  -0.358   0.965   0.400  -0.242   0.290   0.112
  1976   1.516   0.979  -1.029  -0.658  -2.423  -0.573   0.487   0.212  -0.072  -2.077   0.262   0.162   0.613   0.211   0.086   0.209   0.361  -0.463   0.281
  1977  -1.887  -2.223   0.761  -0.785  -0.345  -1.363   0.318   1.022  -0.633  -0.087  -0.099  -0.520   1.422   0.845  -0.105  -0.551  -0.149  -0.075   0.117
  1978  -1.515  -0.800   0.165  -2.035   0.159  -0.188   0.616   0.217   0.572  -1.169  -0.808  -1.054  -0.276   0.321  -0.089   0.059  -0.032  -0.070  -0.369
  1979  -0.766  -0.465   0.891  -2.323  -1.426  -0.020  -1.082   0.101  -0.343   0.309   1.140  -1.005   0.029   0.398   0.196   0.285   0.376   0.312  -0.331
  1980   0.400  -0.422   1.493  -1.539  -0.346   0.604   0.534   1.611   1.245   0.600   0.380   1.297  -0.420   0.761   0.223   0.061   0.188   0.608  -0.240
  1981   0.014  -0.658   1.272  -1.492   0.597   1.068   1.066   2.048   0.432   0.725  -0.083  -0.396  -1.484  -0.699  -0.069  -0.595   0.304  -0.245   0.263
  1982   0.677  -3.105   0.313  -1.119  -1.309   0.938   1.196   0.265  -2.012   0.288   0.112   1.012   0.041   0.003   0.389  -0.515   0.188  -0.027   0.107
  1983   1.466  -2.405  -0.050   0.651  -1.217   0.594   1.351   0.600  -2.236   0.780   0.120  -0.153   0.079  -0.398  -0.512   0.444  -0.358   0.202  -0.101
  1984   1.324  -1.621  -0.736   1.670  -0.507  -0.144   0.029   0.771  -0.526   0.224  -0.193  -0.060  -0.487  -0.343   0.309   0.152  -0.311   0.274   0.295
  1985   1.270  -1.925  -1.499   2.852   0.199  -0.190  -0.310   0.332  -0.222   0.811   0.876  -0.608  -0.682  -0.265   0.347   0.175   0.390   0.192   0.066
  1986   1.905  -1.272  -2.166   2.019   0.386  -1.312   0.514   0.756  -0.323  -0.327   0.157  -1.020   0.047   0.106   0.234   0.146   0.462   0.194  -0.479
  1987  -0.628  -1.935  -1.079  -0.399  -0.528  -0.753   0.737  -0.818  -0.649   0.145   0.153  -0.545   0.304  -0.204  -0.253   0.442  -0.485   0.044  -0.088
  1988  -0.450  -1.798  -1.098   1.690   0.228   1.035   0.023  -1.242   0.881  -0.106   0.137   0.317   0.114   0.970  -0.383  -0.099   0.427  -0.037   0.270
  1989  -0.574  -0.912  -0.636   1.676  -1.067  -0.840   0.469  -0.477   0.848   0.245   0.596  -0.014   0.418   0.240  -0.637  -0.489  -0.251   0.010   0.365
  1990  -0.263  -1.212  -0.297   1.162  -1.032  -0.739   1.097  -0.299   1.455   0.408  -0.425   0.362  -0.231   0.931  -0.768  -0.003   0.102  -0.507  -0.303
  1991  -3.215  -1.234   0.671  -1.152  -0.184  -0.570  -1.883   0.821   0.881   0.628   0.568  -0.372  -0.161  -0.450  -0.424   0.111  -0.722  -0.152   0.135
  1992  -0.959  -1.249   0.672   0.636   1.212   1.339  -1.961   0.842  -0.312  -1.214  -0.316   0.352   0.562  -0.260  -0.320   0.086  -0.321   0.276  -0.199
  1993   0.169  -0.426  -0.055   0.557   2.163   2.426  -0.928   0.289  -1.325  -0.875  -0.910   0.242   0.301   0.308   0.296   0.464  -0.020  -0.116   0.271
  1994   0.236   0.210   0.489   0.071  -0.188   0.589  -1.576   0.534  -0.452   0.276  -0.980  -0.498   0.480   0.521   0.017  -0.093   0.457   0.083   0.120
  1995   1.184   0.384   0.140   0.926  -0.617   0.335  -1.728  -0.581   0.460   0.942  -1.114  -0.914  -0.597   0.360   0.208  -0.482  -0.167   0.124   0.020
  1996  -1.805  -0.821   0.284  -0.930   0.015   0.264  -0.080   0.844   1.219   0.461   0.418   0.436  -0.134   0.461   0.354   0.568  -0.122   0.032   0.386
  1997  -1.228   0.259  -0.854   0.342  -0.457  -0.471  -0.174   0.371   0.390  -0.860   0.583   0.031  -0.931   0.256   0.367  -0.258  -0.434  -0.316   0.045
  1998  -0.738   0.451  -1.400   1.105  -0.156  -0.522  -1.042   0.278   0.833  -0.943   0.236   0.444  -0.089  -0.419   0.153   0.802   0.225  -0.228  -0.239
  1999  -0.764  -0.048  -1.159   1.030   0.654  -0.484  -0.551   1.287  -0.432  -0.542   0.309   0.499   0.169   0.392  -0.215  -0.021  -0.554  -0.175   0.084
  2000   1.826   2.744  -0.575   1.779   0.898   0.148   0.199   2.163   0.602   1.399  -0.760   0.126   0.912  -0.492   0.115  -0.026   0.064  -0.471  -0.243
