 % variance  0.515
 cumulative  0.515
 series_id   #  1
  20804     -0.018
  42250      0.800
  72212      0.852
  72345      0.894
  82403      0.860
  92360      0.480
  92442      0.769
  102470     0.913
  122554     0.511
  42232      0.871
  42565      0.419
  90285      0.882
  92501      0.629
  111166     0.948
  131192     0.816
  151051     0.599
  160962     0.805
  121423     0.775
  52237      0.187
  80641      0.747
  90607      0.867
  110899     0.680
  112421     0.221
  171403     0.694
  52246      0.595
  82239      0.644
  82381      0.735
  110902     0.813
