 eigenvalue  6.616   4.462   2.510   2.146   1.715   1.552   1.328   1.185   1.061   0.791   0.723   0.553   0.503   0.408   0.373   0.288   0.269   0.231   0.225   0.217   0.171   0.151   0.140   0.118   0.084   0.069   0.062   0.049
 eval sderr  1.310   0.884   0.497   0.425   0.340   0.307   0.263   0.235   0.210   0.157   0.143   0.110   0.100   0.081   0.074   0.057   0.053   0.046   0.045   0.043   0.034   0.030   0.028   0.023   0.017   0.014   0.012   0.010
 % variance  0.236   0.159   0.090   0.077   0.061   0.055   0.047   0.042   0.038   0.028   0.026   0.020   0.018   0.015   0.013   0.010   0.010   0.008   0.008   0.008   0.006   0.005   0.005   0.004   0.003   0.002   0.002   0.002
 cumulative  0.236   0.396   0.485   0.562   0.623   0.679   0.726   0.768   0.806   0.834   0.860   0.880   0.898   0.913   0.926   0.936   0.946   0.954   0.962   0.970   0.976   0.981   0.986   0.991   0.994   0.996   0.998   1.000
 brokn stck  3.927   2.927   2.427   2.094   1.844   1.644   1.477   1.334   1.209   1.098   0.998   0.907   0.824   0.747   0.676   0.609   0.546   0.488   0.432   0.379   0.329   0.282   0.236   0.193   0.151   0.111   0.073   0.036
 series_id   #  1       2       3       4       5       6       7       8       9      10      11      12      13      14      15      16      17      18      19      20      21      22      23      24      25      26      27      28
  20804      0.032   0.257   0.250  -0.260   0.291  -0.090   0.052   0.165  -0.041  -0.079   0.209  -0.129   0.275  -0.063  -0.126  -0.140   0.496  -0.074  -0.126  -0.119   0.002  -0.169   0.379  -0.146  -0.054  -0.090   0.053   0.079
  42250      0.296  -0.045  -0.161  -0.086  -0.164  -0.022  -0.148   0.199   0.118   0.229   0.169   0.028  -0.239  -0.179  -0.136  -0.221   0.029   0.079   0.066   0.359   0.073  -0.287   0.039   0.159  -0.171  -0.151   0.470  -0.087
  72212      0.287  -0.075  -0.163   0.015   0.146  -0.171   0.043   0.071  -0.300  -0.328  -0.180  -0.081  -0.013  -0.082   0.059   0.073  -0.228   0.169  -0.032   0.026   0.047  -0.172   0.175  -0.084  -0.239   0.471   0.108   0.365
  72345      0.321  -0.092  -0.075  -0.156  -0.111   0.010  -0.043  -0.027  -0.025   0.268   0.157   0.210   0.116   0.085   0.149  -0.228   0.038  -0.139  -0.162   0.064   0.320  -0.030  -0.051   0.081   0.371   0.082  -0.325   0.440
  82403      0.266   0.140   0.018  -0.221   0.027  -0.068   0.288   0.010   0.057  -0.128  -0.038  -0.033   0.455  -0.145  -0.017   0.242  -0.174   0.173  -0.235   0.165  -0.153  -0.112  -0.398   0.097   0.252  -0.121   0.121  -0.154
  92360      0.203  -0.057  -0.319   0.161   0.206  -0.270   0.110  -0.002  -0.094  -0.141   0.010  -0.265  -0.193  -0.016  -0.200  -0.349  -0.082  -0.241  -0.214  -0.370   0.114   0.008  -0.200   0.018   0.045  -0.230  -0.078  -0.201
  92442      0.232   0.032   0.116  -0.050   0.056  -0.121  -0.460   0.233   0.186  -0.024  -0.350  -0.203  -0.087   0.100   0.120  -0.152   0.127   0.139   0.223  -0.053  -0.347  -0.145  -0.100  -0.041   0.302   0.119  -0.188  -0.097
  102470     0.193   0.258  -0.124  -0.115   0.068   0.039  -0.011   0.019  -0.371  -0.023   0.166   0.430  -0.041   0.356  -0.094  -0.144  -0.039  -0.016   0.169  -0.077  -0.327   0.318  -0.028  -0.105   0.125   0.062   0.266  -0.078
  122554     0.034   0.267   0.320   0.165   0.068  -0.042   0.212  -0.062   0.231   0.057   0.182  -0.330  -0.244   0.242   0.292  -0.154  -0.245  -0.146  -0.151   0.183  -0.209   0.060  -0.064  -0.090  -0.020  -0.014   0.177   0.297
  42232      0.290  -0.178   0.043  -0.028  -0.159  -0.142   0.090   0.055  -0.153   0.262  -0.018  -0.055   0.091  -0.109   0.306  -0.002  -0.097   0.198  -0.104  -0.118  -0.305   0.287   0.353   0.122  -0.274  -0.311  -0.220  -0.084
  42565      0.199   0.225   0.204   0.119  -0.099  -0.032  -0.156  -0.263  -0.188   0.103  -0.102  -0.181   0.263   0.098  -0.432   0.038  -0.177  -0.219   0.372   0.089   0.019  -0.084  -0.040   0.173  -0.222  -0.166  -0.163   0.163
  90285      0.134   0.064   0.079  -0.193   0.408  -0.132   0.010  -0.407   0.334   0.098  -0.194   0.209  -0.007  -0.248   0.158  -0.144   0.080   0.035   0.204  -0.132   0.143   0.261  -0.135   0.164  -0.209   0.100   0.145   0.024
  92501      0.186  -0.237   0.336   0.197   0.034  -0.029   0.089   0.063   0.026  -0.145  -0.022  -0.074  -0.030   0.176  -0.110   0.092  -0.040   0.329   0.200  -0.124   0.396   0.205   0.202   0.044   0.366  -0.210   0.280   0.034
  111166     0.266  -0.065  -0.096   0.171   0.069   0.313  -0.123  -0.252  -0.025  -0.044  -0.113  -0.193  -0.050  -0.025  -0.210   0.021   0.365   0.120  -0.305   0.390  -0.032   0.376  -0.046  -0.248  -0.041   0.026  -0.058  -0.008
  131192     0.068   0.257  -0.182   0.000  -0.106  -0.143   0.489  -0.065  -0.044   0.051  -0.364   0.096  -0.213   0.210   0.147   0.052   0.279   0.098   0.232   0.173   0.154  -0.219   0.028  -0.214  -0.025  -0.208  -0.163  -0.042
  151051     0.308  -0.037   0.183  -0.167   0.119   0.164   0.119  -0.035   0.043   0.081   0.164  -0.037  -0.156  -0.105   0.002   0.154  -0.269  -0.289   0.137   0.088   0.140  -0.057   0.224  -0.275   0.077   0.263  -0.200  -0.494
  160962     0.113   0.259  -0.148   0.010  -0.058   0.462  -0.048  -0.205  -0.158   0.042  -0.167  -0.224  -0.053   0.040   0.273   0.135   0.105  -0.119  -0.108  -0.271   0.045  -0.154   0.191   0.418   0.152   0.051   0.234  -0.085
  121423    -0.032   0.235   0.105   0.198  -0.169  -0.398  -0.196   0.081  -0.258   0.406  -0.049  -0.107   0.102  -0.108   0.151   0.178   0.112  -0.049  -0.125  -0.073   0.274   0.148  -0.179  -0.222   0.013   0.218   0.227  -0.160
  52237      0.077   0.319   0.024   0.021  -0.116   0.014  -0.267  -0.225  -0.048  -0.311   0.471   0.007  -0.117  -0.043   0.208  -0.015  -0.020   0.444   0.037  -0.088   0.190  -0.113  -0.144  -0.055  -0.134  -0.102  -0.243  -0.103
  80641      0.174   0.045  -0.315   0.062   0.129  -0.271  -0.143   0.021   0.395   0.048   0.218   0.044  -0.057   0.312  -0.101   0.603   0.094  -0.092  -0.062  -0.073  -0.053   0.028   0.134   0.112  -0.055  -0.006  -0.039   0.078
  90607      0.177  -0.046   0.241   0.387   0.123   0.101  -0.171  -0.084   0.003  -0.020  -0.163   0.501  -0.033  -0.123   0.069   0.102  -0.052  -0.146  -0.251  -0.139  -0.103  -0.348   0.002  -0.249  -0.033  -0.277   0.076   0.060
  110899     0.052   0.002  -0.023   0.289   0.381   0.313   0.233   0.280  -0.079   0.426   0.191  -0.058  -0.014  -0.063  -0.093   0.069   0.073   0.296   0.174  -0.172  -0.068  -0.115  -0.262   0.052  -0.083   0.125  -0.140   0.090
  112421     0.184   0.131  -0.144  -0.088  -0.260   0.321  -0.014   0.383   0.250  -0.162  -0.073  -0.064   0.139  -0.130   0.100   0.051  -0.041  -0.198   0.190  -0.257   0.142   0.244  -0.151  -0.322  -0.200  -0.149   0.079   0.196
  171403     0.074  -0.292  -0.103   0.333   0.099  -0.061   0.024  -0.027  -0.102  -0.223   0.241  -0.050   0.316   0.014   0.429  -0.034   0.265  -0.292   0.349   0.230  -0.053  -0.036  -0.091   0.072  -0.005  -0.012   0.077  -0.112
  52246      0.063   0.110  -0.153   0.358  -0.358  -0.067   0.211  -0.242   0.329   0.037   0.100   0.040   0.215  -0.199  -0.184  -0.227   0.026   0.122   0.078  -0.193  -0.206  -0.059   0.249  -0.119   0.180   0.298   0.046  -0.022
  82239      0.183  -0.215   0.307  -0.037  -0.275   0.045   0.139   0.038   0.105  -0.073  -0.031   0.087   0.059   0.451  -0.056  -0.106   0.210   0.004  -0.198  -0.183   0.060  -0.105  -0.225   0.151  -0.386   0.291   0.011  -0.202
  82381     -0.082   0.277  -0.147   0.250   0.229   0.083  -0.112   0.255   0.178   0.000  -0.169   0.126   0.340   0.246   0.077  -0.261  -0.262   0.096  -0.151   0.230   0.260   0.073   0.224   0.109  -0.116   0.021  -0.097  -0.240
  110902     0.089   0.276   0.214   0.217  -0.104  -0.087   0.132   0.317  -0.029  -0.264  -0.013   0.209  -0.272  -0.334  -0.086   0.071   0.162  -0.165  -0.034   0.135  -0.017   0.230  -0.003   0.437   0.059   0.120  -0.200   0.010
