 eigenvalue 15.122   2.936   1.772   1.612   1.391   1.287   1.199   1.130   0.953   0.867   0.775   0.742   0.678   0.660   0.594   0.580   0.530   0.501   0.468   0.437   0.406   0.382   0.333   0.323   0.316   0.283   0.270   0.230   0.216   0.197   0.194   0.176   0.162   0.140   0.137   0.119   0.107   0.102   0.080   0.074   0.066   0.059   0.046   0.036   0.034   0.032   0.028   0.016   0.014   0.010   0.000
 eval sderr  2.995   0.581   0.351   0.319   0.275   0.255   0.237   0.224   0.189   0.172   0.153   0.147   0.134   0.131   0.118   0.115   0.105   0.099   0.093   0.087   0.080   0.076   0.066   0.064   0.062   0.056   0.054   0.046   0.043   0.039   0.038   0.035   0.032   0.028   0.027   0.024   0.021   0.020   0.016   0.015   0.013   0.012   0.009   0.007   0.007   0.006   0.005   0.003   0.003   0.002   0.000
 % variance  0.390   0.076   0.046   0.042   0.036   0.033   0.031   0.029   0.025   0.022   0.020   0.019   0.017   0.017   0.015   0.015   0.014   0.013   0.012   0.011   0.010   0.010   0.009   0.008   0.008   0.007   0.007   0.006   0.006   0.005   0.005   0.005   0.004   0.004   0.004   0.003   0.003   0.003   0.002   0.002   0.002   0.002   0.001   0.001   0.001   0.001   0.001   0.000   0.000   0.000   0.000
 cumulative  0.390   0.465   0.511   0.552   0.588   0.621   0.652   0.681   0.706   0.728   0.748   0.767   0.785   0.802   0.817   0.832   0.846   0.859   0.871   0.882   0.892   0.902   0.911   0.919   0.927   0.934   0.941   0.947   0.953   0.958   0.963   0.968   0.972   0.975   0.979   0.982   0.985   0.987   0.989   0.991   0.993   0.994   0.996   0.997   0.997   0.998   0.999   0.999   1.000   1.000   1.000
 brokn stck  4.519   3.519   3.019   2.685   2.435   2.235   2.069   1.926   1.801   1.690   1.590   1.499   1.416   1.339   1.267   1.201   1.138   1.079   1.024   0.971   0.921   0.873   0.828   0.785   0.743   0.703   0.664   0.627   0.592   0.557   0.524   0.492   0.460   0.430   0.401   0.372   0.344   0.317   0.291   0.265   0.240   0.216   0.192   0.169   0.146   0.124   0.102   0.081   0.060   0.040   0.020
 series_id   #  1       2       3       4       5       6       7       8       9      10      11      12      13      14      15      16      17      18      19      20      21      22      23      24      25      26      27      28      29      30      31      32      33      34      35      36      37      38      39      40      41      42      43      44      45      46      47      48      49      50      51
  22371      0.127   0.087  -0.054   0.176   0.047  -0.142  -0.091   0.013  -0.154   0.001   0.036   0.023  -0.044   0.258  -0.137  -0.160   0.063  -0.215  -0.235  -0.062   0.004   0.065   0.197  -0.026   0.107  -0.071   0.268   0.221   0.159  -0.066   0.035   0.021  -0.014  -0.004  -0.166  -0.078  -0.183  -0.158  -0.153   0.036  -0.016   0.146   0.088   0.033  -0.027  -0.017   0.097  -0.093   0.174   0.091   0.162
  32368      0.146   0.072   0.018  -0.012   0.024   0.045  -0.085  -0.008   0.064   0.037   0.040  -0.244  -0.096  -0.170   0.013  -0.209  -0.137   0.135  -0.253   0.168   0.230  -0.096   0.104   0.097   0.002  -0.005   0.134  -0.018  -0.174  -0.062   0.068   0.172  -0.058  -0.157   0.144   0.082  -0.044  -0.108  -0.139  -0.007   0.039  -0.140  -0.122   0.121   0.134  -0.128   0.113  -0.049   0.040  -0.062  -0.138
  32493      0.148   0.147   0.032   0.000   0.143  -0.043   0.171   0.026   0.023  -0.077   0.136  -0.034   0.070   0.156  -0.088  -0.029   0.006  -0.015  -0.155   0.043   0.029  -0.131  -0.133  -0.025   0.033  -0.107  -0.052   0.202  -0.070  -0.019  -0.048  -0.021  -0.193   0.014  -0.045   0.086   0.249  -0.305   0.154  -0.020   0.120  -0.245   0.055  -0.150   0.072   0.105   0.012   0.119   0.194  -0.064  -0.243
  32498      0.139   0.048  -0.110  -0.038  -0.024   0.096   0.191   0.057   0.165   0.119   0.120  -0.125   0.098   0.083   0.074  -0.074  -0.075   0.022  -0.033  -0.285  -0.087  -0.100  -0.064  -0.031   0.016  -0.326  -0.006  -0.012   0.058  -0.193   0.169   0.180   0.100  -0.031   0.095  -0.243  -0.198   0.003   0.001  -0.126  -0.089  -0.094   0.077   0.168  -0.203   0.277   0.006   0.055  -0.116   0.104  -0.046
  40533      0.157   0.107  -0.028   0.044  -0.007   0.137  -0.099   0.010   0.013  -0.055   0.095   0.035   0.083  -0.003   0.020  -0.182   0.048   0.052   0.099  -0.178  -0.107  -0.016   0.122   0.069  -0.040  -0.069  -0.118  -0.136   0.065   0.298   0.123   0.104   0.185  -0.034  -0.245  -0.040   0.064  -0.187  -0.056  -0.142   0.337  -0.125   0.026  -0.031   0.072  -0.058   0.194   0.129  -0.159  -0.105   0.123
  42207      0.097  -0.046  -0.046   0.318  -0.030  -0.053  -0.075   0.225  -0.039   0.030  -0.286   0.061  -0.193  -0.115  -0.091  -0.060  -0.116  -0.135  -0.017  -0.076   0.024   0.050   0.007   0.115   0.071  -0.047   0.241   0.032  -0.126   0.316   0.233  -0.107  -0.090   0.104  -0.028  -0.034   0.090  -0.068   0.101  -0.049  -0.019   0.001  -0.098  -0.051   0.053   0.009  -0.103  -0.023  -0.049   0.143  -0.102
  42248      0.146  -0.038   0.008  -0.148   0.030   0.120  -0.056   0.142   0.168  -0.060   0.001  -0.048  -0.139  -0.193  -0.027  -0.016  -0.220  -0.017   0.191   0.080  -0.057  -0.091  -0.011  -0.037  -0.048  -0.191   0.223  -0.002  -0.005  -0.051  -0.103  -0.018  -0.062   0.242   0.017   0.140  -0.212  -0.006   0.224   0.095   0.145  -0.138   0.049   0.113   0.076  -0.043   0.078  -0.108   0.173   0.035   0.196
  42283      0.130   0.075   0.067   0.044  -0.045  -0.045  -0.073  -0.211  -0.125   0.260  -0.001   0.062   0.062   0.100   0.051   0.041  -0.053  -0.228   0.059   0.150  -0.225  -0.035  -0.104   0.245  -0.163  -0.120   0.055   0.004  -0.266  -0.172  -0.244   0.276   0.054   0.074  -0.042  -0.011  -0.018  -0.093   0.030  -0.011   0.054  -0.034  -0.073   0.014   0.233  -0.065  -0.116   0.042  -0.087  -0.056   0.148
  42304      0.125   0.080   0.170  -0.065  -0.061   0.098   0.023   0.037  -0.021  -0.033  -0.172   0.272  -0.059   0.011   0.016   0.100  -0.342   0.056  -0.224   0.173  -0.248   0.012   0.010  -0.039   0.041   0.065  -0.104   0.057   0.118   0.009   0.145   0.174  -0.093  -0.069  -0.143  -0.119  -0.089   0.160   0.060   0.030  -0.184  -0.099  -0.041  -0.188   0.027   0.013   0.088  -0.003  -0.091  -0.209  -0.087
  50404      0.061   0.214   0.091  -0.042   0.175  -0.018  -0.281   0.088  -0.100   0.213   0.174   0.190   0.010   0.118   0.145  -0.271  -0.101   0.001  -0.026  -0.040   0.070   0.203   0.075  -0.104  -0.093  -0.022  -0.122   0.034  -0.037   0.184  -0.058  -0.108  -0.016   0.203   0.068   0.034  -0.073   0.185  -0.165  -0.044  -0.030  -0.082  -0.138  -0.014   0.034   0.060   0.015   0.002  -0.194  -0.002  -0.017
  52276      0.114   0.010   0.005  -0.255   0.230   0.172   0.006   0.078   0.067   0.223   0.038  -0.043  -0.025  -0.041  -0.181   0.121  -0.161  -0.106   0.048   0.146   0.062   0.044  -0.125  -0.060   0.004  -0.113   0.178   0.099   0.112  -0.112   0.230  -0.079   0.043  -0.004   0.040  -0.005   0.174   0.035  -0.090  -0.008  -0.057   0.160   0.218   0.003   0.164  -0.094  -0.096   0.134  -0.173   0.175   0.045
  52403      0.103  -0.172   0.066  -0.082  -0.019   0.023   0.089   0.164  -0.156   0.008   0.266  -0.150  -0.028   0.084   0.105   0.036   0.191  -0.202  -0.212   0.266  -0.124  -0.058   0.063  -0.078   0.168   0.339   0.038  -0.070   0.023   0.005   0.022   0.089   0.182   0.217   0.113  -0.057  -0.002   0.042  -0.007   0.045   0.079  -0.020  -0.084   0.059   0.033   0.098  -0.105   0.193   0.150  -0.087   0.023
  62007      0.122  -0.215   0.055   0.140  -0.052   0.102   0.164   0.018  -0.024   0.078   0.085  -0.069   0.124   0.236   0.042  -0.046   0.078  -0.067   0.053  -0.074   0.165  -0.209  -0.044   0.156  -0.080   0.075   0.094   0.006   0.100   0.117  -0.125  -0.048  -0.038  -0.079  -0.014  -0.100  -0.111   0.119  -0.060  -0.062  -0.107   0.049   0.039  -0.025   0.169   0.003  -0.077  -0.218  -0.235   0.216  -0.034
  80046      0.143  -0.094  -0.010   0.018   0.017  -0.075  -0.184   0.066   0.012   0.003  -0.022  -0.027   0.044   0.074  -0.080   0.126  -0.055   0.291   0.299  -0.146   0.040   0.025   0.266   0.146   0.133   0.191   0.060   0.035  -0.103  -0.219   0.103   0.019  -0.114   0.091  -0.004  -0.119   0.090   0.126  -0.074  -0.115   0.065  -0.190  -0.050   0.225  -0.152  -0.117  -0.118   0.209   0.097  -0.052   0.019
  80056      0.119   0.150  -0.012   0.192  -0.132   0.218  -0.098  -0.044  -0.020   0.023   0.049  -0.171  -0.134   0.039   0.054   0.099   0.091  -0.088  -0.042   0.038   0.289   0.126  -0.075   0.062  -0.095   0.097  -0.116   0.146   0.117  -0.078   0.007  -0.163  -0.129  -0.129   0.014  -0.113   0.268   0.026   0.038   0.082   0.066  -0.199   0.121   0.022  -0.104  -0.064   0.006   0.040  -0.105  -0.027   0.055
  80148      0.125  -0.025  -0.207  -0.136  -0.260  -0.025  -0.120   0.089   0.058  -0.085   0.135   0.122   0.085   0.048  -0.084  -0.146  -0.060   0.039   0.108   0.089  -0.062  -0.128   0.053  -0.075  -0.119   0.141   0.091   0.002  -0.125   0.094  -0.005  -0.061  -0.040   0.030  -0.086  -0.182   0.034  -0.123  -0.007   0.237  -0.047  -0.166   0.152  -0.017   0.041   0.050  -0.194   0.027  -0.088   0.091  -0.182
  80156      0.122   0.181   0.058   0.148  -0.162   0.208  -0.073  -0.012   0.071  -0.099   0.042  -0.081   0.052  -0.100   0.053   0.019   0.041  -0.095  -0.113   0.008   0.284   0.154  -0.031  -0.024  -0.089  -0.001  -0.077  -0.013  -0.132  -0.128  -0.030   0.028  -0.087   0.212  -0.084  -0.112  -0.037   0.051   0.267  -0.154  -0.122   0.169   0.074   0.141   0.003   0.124  -0.057  -0.119  -0.042  -0.299   0.121
  80159      0.082   0.168  -0.135   0.166  -0.125   0.056  -0.146   0.154  -0.054   0.031  -0.047   0.320   0.116   0.197  -0.178  -0.018  -0.048  -0.002   0.128   0.069  -0.022  -0.099  -0.289  -0.101   0.089   0.151  -0.192   0.009  -0.136  -0.167   0.153   0.047   0.222  -0.030   0.239   0.133   0.100  -0.103   0.050  -0.034   0.004   0.162   0.155   0.116  -0.070  -0.042   0.103  -0.059   0.078   0.070  -0.042
  80576      0.147   0.006  -0.030   0.053   0.018   0.246  -0.094   0.087  -0.095  -0.194   0.031   0.099  -0.076  -0.073  -0.118  -0.130   0.060  -0.112   0.132   0.060  -0.078  -0.054  -0.075   0.190   0.122  -0.032   0.014  -0.061   0.143   0.067  -0.140  -0.192   0.001  -0.081  -0.078  -0.004  -0.175   0.222  -0.017   0.020  -0.226  -0.026   0.140   0.127   0.101   0.074  -0.170   0.192   0.206  -0.116   0.023
  82120      0.113   0.177   0.097   0.116   0.050   0.006  -0.020   0.019  -0.228  -0.120  -0.038  -0.229   0.068   0.051   0.122   0.080  -0.212   0.333  -0.011   0.040   0.014   0.012  -0.059  -0.126  -0.078  -0.127   0.172  -0.046   0.011  -0.035  -0.078  -0.129   0.252  -0.186  -0.010   0.230  -0.080  -0.014   0.047   0.057   0.004   0.164   0.042  -0.100  -0.083  -0.023  -0.164   0.075  -0.029   0.000   0.051
  82434      0.125  -0.139  -0.040  -0.166  -0.234  -0.106  -0.115   0.021   0.057   0.070   0.066  -0.015   0.067   0.041  -0.084   0.100   0.098   0.248  -0.078   0.126   0.016   0.143   0.041   0.060  -0.226   0.082   0.198   0.152   0.069   0.117   0.098   0.072   0.060   0.059  -0.041   0.142   0.117  -0.112   0.022   0.076  -0.193  -0.013  -0.047  -0.073  -0.080   0.264   0.045  -0.091  -0.042   0.055   0.184
  90084      0.094   0.097   0.041   0.040   0.155  -0.055   0.029  -0.043   0.358  -0.100  -0.003   0.357  -0.107   0.133   0.013   0.123   0.320  -0.023  -0.024  -0.068   0.110  -0.106   0.112  -0.178  -0.116  -0.032   0.205  -0.199  -0.065  -0.119   0.033   0.039  -0.022  -0.043  -0.023  -0.107  -0.036   0.082   0.191   0.014   0.142   0.043  -0.051  -0.147   0.100  -0.071  -0.160  -0.039   0.002  -0.030  -0.006
  90104      0.112  -0.131  -0.065  -0.012  -0.137   0.216  -0.029  -0.202  -0.112  -0.210  -0.095   0.079   0.009   0.035  -0.157   0.220  -0.109  -0.018  -0.111  -0.232   0.050  -0.052  -0.005  -0.056   0.231  -0.083   0.089   0.160  -0.152  -0.020  -0.108  -0.050  -0.012   0.183   0.105   0.094   0.010   0.025  -0.261   0.025   0.140   0.027  -0.108  -0.253  -0.027   0.145  -0.086   0.008  -0.183  -0.177   0.095
  90577      0.109  -0.257   0.091   0.097   0.017   0.038   0.081   0.134  -0.035   0.115   0.147   0.062  -0.064   0.108  -0.097  -0.109  -0.113  -0.002   0.189  -0.146   0.021   0.157   0.058  -0.079  -0.103  -0.103   0.111  -0.107  -0.052  -0.098  -0.132  -0.022   0.075  -0.112   0.149  -0.171   0.188  -0.130   0.077  -0.039  -0.255   0.075  -0.274  -0.195  -0.093  -0.110   0.181   0.108   0.186  -0.218   0.142
  90634      0.098  -0.207   0.120  -0.056   0.240  -0.064  -0.198   0.147  -0.189   0.065  -0.012  -0.020   0.055  -0.020   0.045   0.073   0.037   0.103  -0.057  -0.018   0.092  -0.136  -0.091  -0.065   0.114  -0.103  -0.077  -0.179  -0.002   0.207   0.011   0.039  -0.222  -0.010   0.184  -0.210  -0.038  -0.089   0.107   0.055   0.137   0.222   0.304  -0.137   0.023   0.050   0.097   0.095   0.001  -0.147   0.002
  90650      0.100  -0.054   0.325   0.184   0.058   0.119  -0.043  -0.065   0.161   0.186   0.033   0.146   0.055   0.016   0.000   0.075   0.031   0.139  -0.050   0.115   0.077  -0.084  -0.249  -0.129   0.003   0.019   0.078  -0.013   0.003   0.084  -0.049  -0.178   0.148   0.023  -0.088  -0.021  -0.018  -0.035  -0.187  -0.009  -0.034  -0.167  -0.135   0.061  -0.129   0.136   0.072  -0.159   0.267   0.062  -0.017
  91493      0.071   0.223   0.088   0.003  -0.026  -0.196  -0.196  -0.133   0.083   0.090   0.180  -0.214  -0.141  -0.143  -0.095   0.189   0.003  -0.067  -0.004  -0.081  -0.129  -0.240   0.178   0.053   0.085   0.022  -0.088   0.143  -0.097   0.215  -0.026  -0.170   0.300   0.035   0.179  -0.148   0.041   0.075   0.299  -0.055  -0.042   0.071   0.018  -0.124  -0.055   0.049   0.030  -0.064   0.002   0.105   0.097
  91499      0.090   0.229  -0.026   0.004   0.091   0.026   0.089   0.182  -0.056   0.130  -0.180   0.044   0.310  -0.094  -0.177   0.019   0.129  -0.140  -0.106   0.039  -0.003  -0.062   0.207   0.148  -0.054  -0.153   0.046  -0.261   0.229  -0.025  -0.133  -0.021   0.027   0.104   0.156   0.164   0.162   0.059   0.045   0.208   0.007  -0.153  -0.133  -0.071  -0.325  -0.021  -0.176  -0.001  -0.101  -0.016  -0.040
  100551     0.122  -0.142   0.124   0.104  -0.071  -0.056   0.274   0.019   0.031   0.049  -0.065   0.095  -0.057  -0.158   0.043  -0.243   0.015   0.079  -0.247  -0.118   0.026  -0.070  -0.070  -0.055  -0.160   0.081  -0.072   0.176  -0.112  -0.032   0.063   0.027  -0.010   0.108  -0.008   0.040   0.078   0.248   0.170   0.118  -0.033   0.063   0.015  -0.013  -0.041  -0.147   0.067   0.434  -0.099   0.201   0.159
  101123     0.118   0.148   0.144   0.118   0.081   0.128   0.126  -0.037   0.036  -0.133   0.245  -0.049   0.119  -0.065  -0.122  -0.110  -0.091   0.279  -0.077  -0.006  -0.223   0.036   0.065   0.046  -0.071   0.120  -0.094  -0.091  -0.065  -0.049   0.030  -0.079  -0.142   0.193   0.080  -0.128  -0.034   0.027  -0.184   0.040   0.116   0.258  -0.040  -0.046   0.007   0.030  -0.197  -0.094   0.050   0.133  -0.043
  101215     0.128  -0.161  -0.008  -0.102  -0.048   0.136  -0.070   0.024   0.186   0.004  -0.086   0.006  -0.046  -0.126   0.001  -0.265   0.103  -0.076   0.030   0.150  -0.109   0.015   0.070  -0.265   0.266  -0.130  -0.140   0.169   0.095  -0.120  -0.135  -0.134   0.107  -0.070   0.069  -0.042   0.192   0.114  -0.037   0.034   0.195   0.016  -0.154   0.046   0.014   0.037   0.127  -0.194  -0.130   0.032   0.034
  102238     0.135  -0.140  -0.091   0.147  -0.094   0.065   0.046  -0.042  -0.098   0.119   0.076  -0.033  -0.097  -0.049  -0.002   0.192  -0.041   0.042  -0.008   0.189  -0.075  -0.174   0.283  -0.309  -0.133  -0.064  -0.063  -0.147   0.063  -0.005   0.000   0.005   0.019  -0.083  -0.246  -0.065   0.029   0.006  -0.078   0.000  -0.072  -0.081   0.251  -0.041  -0.120  -0.175   0.022  -0.106  -0.087  -0.120  -0.005
  110819     0.148   0.040  -0.125  -0.206  -0.107  -0.097   0.091   0.001   0.028  -0.117  -0.048  -0.042  -0.063  -0.080  -0.113  -0.063  -0.098  -0.011   0.108   0.012   0.157  -0.077  -0.051   0.103   0.027   0.066  -0.155  -0.125   0.055  -0.092  -0.263  -0.080  -0.021   0.165  -0.091  -0.134  -0.027  -0.239  -0.009  -0.032  -0.188   0.138  -0.096  -0.200  -0.007   0.141   0.181   0.070  -0.098   0.083  -0.097
  110920     0.154   0.030  -0.056  -0.115  -0.068  -0.160  -0.004   0.143   0.067  -0.149   0.178   0.037  -0.111  -0.070   0.156  -0.095  -0.028  -0.030  -0.055  -0.064   0.048  -0.014  -0.012   0.173  -0.047  -0.074   0.009  -0.039   0.185  -0.079   0.150   0.083  -0.047   0.035  -0.066   0.079   0.217   0.086  -0.111   0.027   0.032   0.341  -0.045  -0.029  -0.069  -0.104  -0.033  -0.271   0.143  -0.138  -0.106
  111163     0.110  -0.066  -0.069   0.163  -0.040  -0.046  -0.253   0.175   0.123   0.114  -0.036  -0.129   0.062  -0.167   0.297   0.053  -0.010  -0.034  -0.052  -0.145  -0.230  -0.053  -0.205  -0.158   0.108   0.196   0.023  -0.182   0.042  -0.147  -0.108   0.052  -0.141   0.061  -0.110   0.119   0.121  -0.155  -0.030  -0.151  -0.089   0.046  -0.078  -0.080   0.057  -0.118  -0.159  -0.069  -0.123   0.134   0.029
  112206     0.117   0.008  -0.025   0.162   0.098  -0.116  -0.020  -0.266   0.120  -0.209  -0.090  -0.043   0.109  -0.166   0.118  -0.195   0.152   0.025  -0.020   0.125  -0.090   0.220  -0.164   0.113   0.213   0.019   0.124  -0.173  -0.027  -0.071   0.106  -0.044   0.170   0.074   0.010  -0.122  -0.084  -0.084  -0.043   0.123  -0.180  -0.185   0.212  -0.199  -0.128  -0.090   0.121   0.040  -0.026   0.040   0.077
  121379     0.126   0.023   0.218  -0.065  -0.045  -0.169   0.072  -0.074   0.145  -0.034   0.082   0.003   0.091  -0.108  -0.189  -0.073  -0.121  -0.147   0.071  -0.159   0.006   0.192  -0.020  -0.137   0.168   0.192   0.189   0.014  -0.116   0.163  -0.122   0.319   0.006  -0.283  -0.005   0.114   0.078   0.192   0.030  -0.060   0.035  -0.011   0.218   0.022  -0.114   0.145  -0.115  -0.096  -0.036  -0.073  -0.095
  130911     0.128   0.011   0.043  -0.049  -0.232  -0.254  -0.035  -0.074  -0.098  -0.114   0.097   0.106  -0.057   0.019  -0.021   0.009  -0.044  -0.052   0.037   0.196   0.247  -0.031  -0.047  -0.091   0.047  -0.296  -0.236  -0.242  -0.042   0.106  -0.002   0.122  -0.108   0.000  -0.098   0.129   0.045   0.149  -0.115  -0.133   0.032  -0.029  -0.013   0.011  -0.094   0.019  -0.088   0.114   0.163   0.320   0.248
  130991     0.129   0.076   0.226  -0.036  -0.100   0.048  -0.152  -0.006  -0.044  -0.061  -0.116   0.010  -0.113   0.002   0.192   0.010   0.301   0.153   0.161  -0.071  -0.006   0.041   0.123  -0.132   0.042  -0.159  -0.045   0.258   0.030  -0.122  -0.122   0.139  -0.087  -0.085   0.076  -0.024  -0.075  -0.114  -0.080   0.195  -0.041   0.037   0.012  -0.116   0.107   0.001  -0.144   0.130   0.038   0.198  -0.128
  131009     0.155   0.036   0.143  -0.164  -0.008  -0.023  -0.079  -0.016  -0.071   0.114  -0.075   0.027   0.133   0.003  -0.001  -0.028  -0.041  -0.098  -0.032  -0.142  -0.094   0.050   0.155   0.227   0.047   0.160  -0.197   0.031   0.070  -0.229   0.089  -0.080  -0.125  -0.256   0.000   0.018  -0.020  -0.003   0.066   0.124   0.004  -0.017   0.106  -0.150   0.068  -0.030   0.057  -0.143   0.138   0.086   0.252
  132232     0.058   0.265  -0.141   0.054  -0.014  -0.021   0.104  -0.035   0.103   0.115  -0.076  -0.142   0.034   0.348   0.183  -0.039  -0.013   0.168   0.243   0.169  -0.043  -0.062  -0.024  -0.073   0.256   0.097   0.143   0.015   0.155   0.149  -0.018   0.080  -0.311   0.088   0.021   0.057   0.008   0.197   0.179   0.076  -0.043   0.055  -0.094  -0.057  -0.002   0.095   0.209   0.025  -0.028  -0.049   0.127
  132250     0.128   0.178  -0.052   0.136   0.143  -0.009   0.012  -0.145   0.020   0.099  -0.197  -0.031  -0.142  -0.184  -0.163   0.104   0.002  -0.034   0.060   0.043   0.026   0.018   0.070  -0.090  -0.044   0.135  -0.026  -0.100   0.114   0.074  -0.150   0.219   0.030  -0.105  -0.064  -0.157   0.093  -0.093  -0.169   0.165  -0.035   0.258  -0.145   0.290   0.071   0.198   0.088   0.199   0.015   0.048  -0.092
  132396     0.117  -0.142  -0.069   0.166   0.186   0.029   0.201  -0.053   0.116   0.080  -0.118   0.021   0.032  -0.036   0.061  -0.040  -0.110  -0.003   0.153   0.332  -0.002   0.023   0.201   0.176  -0.015   0.024  -0.218   0.130  -0.163   0.036   0.040  -0.072  -0.079  -0.141   0.024  -0.042  -0.060  -0.049   0.017  -0.221   0.087   0.073  -0.035  -0.171  -0.103   0.134  -0.188  -0.124   0.091   0.093   0.006
  132542     0.112   0.078  -0.119  -0.021  -0.239  -0.088   0.111   0.033   0.185   0.175  -0.017  -0.021  -0.234   0.083  -0.074  -0.016   0.247   0.105  -0.070   0.069  -0.257   0.232   0.045   0.042  -0.054  -0.149  -0.036  -0.103  -0.120   0.079   0.011  -0.231  -0.059  -0.100   0.257   0.180  -0.081  -0.019  -0.146  -0.145  -0.088   0.084   0.145   0.012   0.139  -0.011  -0.043   0.110  -0.040  -0.231  -0.071
  140733     0.131   0.016   0.112  -0.190  -0.068  -0.045  -0.049  -0.042   0.038  -0.247  -0.144   0.007   0.354   0.028  -0.052  -0.006   0.079   0.052  -0.033   0.113  -0.042  -0.105  -0.127   0.022  -0.166  -0.014   0.076   0.122   0.012   0.234  -0.085  -0.069  -0.034  -0.146   0.144  -0.231   0.015  -0.005   0.016  -0.079  -0.045   0.095  -0.153   0.237   0.022  -0.365   0.054  -0.044  -0.052  -0.069   0.054
  140736     0.130  -0.073   0.201  -0.135   0.112  -0.169  -0.049  -0.180   0.029   0.052  -0.149  -0.030  -0.077  -0.016  -0.110  -0.039   0.075   0.011   0.026  -0.115   0.010  -0.110  -0.155  -0.065  -0.107   0.094  -0.121  -0.078   0.260  -0.027   0.277  -0.143  -0.093   0.031  -0.010   0.089  -0.056  -0.184  -0.007  -0.120  -0.055  -0.127  -0.105   0.118   0.091   0.229  -0.219   0.012  -0.048  -0.181   0.172
  140756     0.116  -0.020   0.252  -0.051   0.019   0.192  -0.028   0.007  -0.094  -0.150   0.189   0.095  -0.243   0.015   0.175   0.091   0.095  -0.093   0.212   0.042  -0.007  -0.044  -0.034   0.282  -0.032   0.051   0.091  -0.121  -0.033  -0.020   0.167   0.041   0.087  -0.147   0.021   0.194  -0.002  -0.008   0.063   0.067  -0.002   0.027  -0.123  -0.035  -0.110   0.113   0.187   0.019  -0.211   0.087  -0.213
  140761     0.129   0.067  -0.118  -0.019  -0.025  -0.028   0.066  -0.115   0.040  -0.132  -0.020   0.116   0.089  -0.060   0.299   0.116  -0.220  -0.307   0.047  -0.021   0.115   0.034   0.158  -0.200  -0.217   0.225   0.113  -0.046   0.076   0.015   0.052  -0.133  -0.066  -0.018   0.410   0.041  -0.157  -0.100  -0.164  -0.078   0.072  -0.061   0.054  -0.036  -0.008   0.020   0.134   0.119   0.051   0.065   0.045
  140931     0.145   0.044  -0.106  -0.146   0.196   0.072  -0.033  -0.026   0.036  -0.016  -0.009  -0.116  -0.010   0.112  -0.185   0.152   0.073   0.019  -0.002  -0.020   0.199   0.198   0.028  -0.104   0.076   0.051  -0.193  -0.041  -0.053   0.035   0.149   0.165   0.181   0.174  -0.029  -0.002  -0.177   0.075   0.032  -0.026  -0.231  -0.100  -0.126  -0.172   0.158  -0.300  -0.013  -0.101   0.036   0.126  -0.150
  140934     0.132  -0.055   0.098  -0.160   0.020  -0.060  -0.044   0.103  -0.069  -0.102  -0.163  -0.134  -0.044   0.215   0.014   0.211  -0.012  -0.081  -0.165   0.017  -0.191   0.360  -0.079   0.012  -0.066  -0.071   0.054  -0.182  -0.134  -0.059  -0.127  -0.176  -0.092   0.005  -0.105  -0.194   0.074   0.105   0.047  -0.148   0.174  -0.056   0.017   0.137  -0.117   0.089   0.162  -0.019  -0.004   0.240  -0.161
  142015     0.112  -0.067  -0.212   0.116   0.129  -0.050  -0.020   0.157  -0.263  -0.205  -0.004   0.039  -0.123  -0.048  -0.196  -0.086   0.098   0.171  -0.094   0.018  -0.053   0.052   0.005  -0.121  -0.155   0.143  -0.051   0.022   0.106  -0.130  -0.118   0.095   0.027  -0.171   0.120   0.097  -0.185   0.021   0.278  -0.155   0.094  -0.125  -0.106   0.040   0.071   0.142   0.031  -0.132  -0.145   0.099   0.063
  142575     0.121  -0.135  -0.192   0.028   0.137   0.255   0.015  -0.131   0.039  -0.119   0.082  -0.181   0.021   0.092  -0.093   0.020   0.100  -0.078   0.006  -0.019  -0.112   0.069  -0.117  -0.016   0.019  -0.038  -0.058  -0.076  -0.063   0.209   0.100   0.206  -0.157  -0.106   0.104   0.143   0.131   0.009  -0.040   0.039  -0.034   0.003  -0.103  -0.028  -0.023  -0.056  -0.056  -0.004   0.015   0.054   0.231
  150951     0.153   0.001   0.033  -0.038  -0.023  -0.078   0.221   0.133  -0.015   0.071  -0.025  -0.120   0.003   0.010   0.104  -0.057  -0.095  -0.081   0.211  -0.106   0.082   0.275  -0.132  -0.095  -0.046   0.081  -0.118   0.123   0.155   0.147  -0.149  -0.014   0.201   0.007  -0.096   0.022  -0.065  -0.070   0.058   0.068   0.139  -0.058   0.040  -0.067   0.046  -0.120  -0.236  -0.007   0.095  -0.121  -0.086
  150957     0.151   0.000  -0.044   0.031  -0.108  -0.218   0.083  -0.080  -0.178   0.033   0.045  -0.068   0.087   0.032   0.061  -0.024  -0.084  -0.058  -0.045  -0.090   0.077  -0.154   0.024  -0.098   0.275  -0.101  -0.007  -0.161  -0.142  -0.085   0.125  -0.237   0.003  -0.209  -0.002   0.008   0.014   0.112   0.065   0.117  -0.127  -0.100  -0.235   0.125   0.222  -0.011  -0.041  -0.037  -0.056  -0.078  -0.133
  152490     0.142  -0.021  -0.186   0.007   0.125  -0.114   0.096  -0.152  -0.182  -0.020   0.055   0.003   0.056  -0.070   0.083   0.050   0.053  -0.068   0.181   0.001  -0.119   0.106  -0.103  -0.119  -0.157  -0.070  -0.024   0.110  -0.185  -0.024   0.270  -0.137  -0.013   0.065  -0.173  -0.055  -0.002   0.048   0.056   0.362   0.116   0.116  -0.133   0.127  -0.050   0.071   0.021  -0.104  -0.012  -0.096  -0.001
  152645     0.134  -0.006  -0.247  -0.056  -0.080  -0.116  -0.006   0.049   0.068   0.162   0.002   0.124  -0.063  -0.046   0.070   0.136   0.004   0.136  -0.118   0.107   0.165   0.011  -0.238   0.233   0.142   0.036   0.089   0.074   0.144  -0.033  -0.012   0.020   0.176  -0.127  -0.041  -0.183  -0.182   0.080  -0.049  -0.069   0.344   0.054  -0.144  -0.115  -0.078  -0.051  -0.093   0.126  -0.035  -0.094   0.057
  152656     0.137  -0.099  -0.047   0.089  -0.107   0.095   0.044   0.045   0.205  -0.046  -0.141   0.022  -0.074   0.163   0.143   0.215  -0.147   0.047  -0.192  -0.237  -0.078  -0.023   0.055   0.140  -0.018  -0.036  -0.234  -0.039   0.078   0.191  -0.046   0.063   0.131   0.045   0.085   0.085  -0.013  -0.039   0.029   0.268  -0.005  -0.024   0.008   0.191   0.108  -0.019   0.027  -0.064   0.222   0.072  -0.002
  160935     0.140  -0.122   0.149  -0.090  -0.015   0.058   0.118  -0.125   0.049   0.084  -0.173   0.008   0.033   0.206  -0.057  -0.132   0.005   0.057  -0.026   0.023   0.146  -0.017   0.205   0.025   0.142   0.149   0.014  -0.138  -0.090  -0.053  -0.037  -0.139   0.111   0.153  -0.172   0.282  -0.059  -0.150   0.115  -0.010   0.125   0.200   0.153   0.166  -0.033  -0.087   0.099   0.021  -0.158  -0.021  -0.024
  162566     0.141  -0.161  -0.021   0.022   0.131  -0.076  -0.028  -0.082  -0.088  -0.074   0.013   0.180   0.114  -0.061   0.253   0.077   0.046  -0.004  -0.006   0.103  -0.006   0.059   0.148   0.045   0.146  -0.187  -0.043   0.255   0.111   0.075  -0.009   0.121   0.040   0.143   0.091   0.076   0.064  -0.153   0.133  -0.204  -0.216   0.043   0.044   0.236  -0.140  -0.024  -0.108   0.014  -0.090  -0.048  -0.162
  171167     0.130   0.056   0.172   0.047  -0.160  -0.076   0.165   0.039  -0.186   0.131  -0.058  -0.089  -0.176  -0.101  -0.174   0.037   0.163  -0.065   0.154  -0.049  -0.076  -0.127  -0.165  -0.028  -0.018   0.033  -0.032   0.090   0.008   0.028   0.047   0.105  -0.189   0.180   0.128   0.007  -0.248  -0.014  -0.141  -0.017   0.070  -0.070   0.022  -0.004  -0.279  -0.249   0.123  -0.178  -0.039  -0.057  -0.093
  180929     0.129   0.044  -0.096  -0.002   0.179  -0.114   0.105  -0.259  -0.142  -0.084  -0.052   0.061  -0.241   0.073   0.053  -0.065  -0.051   0.131   0.023  -0.093  -0.094  -0.143  -0.063   0.077  -0.108   0.047   0.101   0.019   0.154  -0.059  -0.150  -0.012   0.120   0.181   0.068  -0.012   0.362   0.217  -0.099  -0.203  -0.029  -0.118   0.192   0.003   0.137  -0.056   0.056  -0.121   0.062  -0.009  -0.037
  182130     0.140  -0.015  -0.191  -0.087   0.072   0.106  -0.200  -0.127   0.078   0.098   0.036  -0.062   0.136  -0.056  -0.019   0.002   0.092  -0.118  -0.069  -0.129  -0.102  -0.161  -0.033  -0.043  -0.147   0.060   0.015   0.147  -0.035   0.017  -0.060  -0.123  -0.090  -0.096  -0.261   0.253  -0.147   0.156   0.030  -0.202  -0.053   0.130  -0.091  -0.108  -0.200  -0.053   0.127   0.223   0.209  -0.002  -0.243
  190830     0.120  -0.226  -0.146   0.042   0.114  -0.095  -0.165  -0.037  -0.001   0.203  -0.046   0.018   0.125  -0.096   0.020  -0.028   0.075   0.089  -0.018  -0.052   0.156   0.032  -0.053   0.105  -0.123  -0.026  -0.057  -0.048  -0.113  -0.015  -0.135   0.074  -0.017   0.042   0.112   0.061  -0.034   0.220  -0.045   0.236   0.015  -0.045   0.197  -0.035   0.057   0.170   0.147  -0.111   0.055  -0.096  -0.132
  192239     0.082   0.155   0.023  -0.069  -0.059   0.079   0.220   0.308  -0.156  -0.015  -0.224  -0.033   0.231  -0.205   0.126   0.112   0.250   0.033   0.099  -0.036   0.043  -0.070   0.091  -0.029  -0.011   0.001   0.073   0.052  -0.183   0.012   0.129   0.041   0.137   0.030  -0.106   0.000   0.108   0.105  -0.175  -0.213  -0.045  -0.023   0.049  -0.091   0.268   0.184   0.172  -0.051   0.161  -0.013   0.106
  90631      0.051   0.081  -0.009   0.026   0.330  -0.220   0.112   0.337   0.200  -0.155   0.157   0.061  -0.082   0.011   0.017   0.207   0.012  -0.022  -0.026  -0.011   0.008  -0.080  -0.034   0.067   0.072   0.054  -0.121   0.154  -0.216   0.001  -0.196  -0.095  -0.047  -0.087  -0.133   0.111  -0.052  -0.058  -0.240   0.119  -0.165  -0.074   0.048   0.130  -0.078  -0.044   0.093   0.005  -0.257  -0.087   0.260
  10517      0.037   0.101  -0.108  -0.119  -0.033   0.167   0.213  -0.144  -0.186   0.229   0.281   0.321   0.022  -0.288   0.024   0.150   0.067   0.189  -0.081  -0.137   0.007   0.183  -0.007   0.016   0.231   0.049   0.103  -0.060   0.027   0.107  -0.119  -0.106  -0.179  -0.049  -0.023   0.003   0.000  -0.162   0.151  -0.031  -0.022  -0.036  -0.002   0.132   0.063  -0.103   0.048  -0.090   0.052   0.162   0.059
  182686     0.010  -0.117   0.130   0.353  -0.108  -0.191  -0.011   0.001   0.143  -0.079   0.241  -0.024   0.278  -0.097  -0.216   0.225  -0.042  -0.023   0.105   0.080  -0.048   0.141   0.036   0.048   0.005  -0.120  -0.032   0.059   0.299  -0.112   0.047  -0.035  -0.054   0.098   0.006   0.126  -0.047   0.088   0.010  -0.024   0.117   0.006  -0.027  -0.029   0.325  -0.013   0.232   0.133  -0.093   0.013  -0.142
