 % variance  0.142   0.122
 cumulative  0.142   0.264
 series_id   #  1       2
  22371      0.460   0.134
  32368      0.509   0.231
  32493      0.574   0.100
  32498      0.505   0.264
  40533      0.576   0.177
  42207      0.265   0.193
  42248      0.375   0.436
  42283      0.481   0.147
  42304      0.486   0.147
  50404      0.482  -0.186
  52276      0.348   0.268
  52403     -0.039   0.554
  62007     -0.087   0.585
  80046      0.182   0.599
  80056      0.494   0.021
  80148      0.268   0.298
  80156      0.581   0.004
  80159      0.399  -0.130
  80576      0.391   0.338
  82120      0.523   0.045
  82434      0.072   0.453
  90084      0.407   0.128
  90104      0.022   0.546
  90577      0.088   0.569
  90634     -0.183   0.598
  90650      0.127   0.386
  91493      0.518  -0.272
  91499      0.580  -0.217
  100551     0.274   0.390
  101123     0.518   0.141
  101215     0.111   0.509
  102238     0.039   0.565
  110819     0.492   0.293
  110920     0.543   0.282
  111163     0.151   0.337
  112206     0.274   0.280
  121379     0.399   0.329
  130911     0.385   0.274
  130991     0.546   0.121
  131009     0.507   0.305
  132232     0.473  -0.317
  132250     0.570  -0.032
  132396    -0.102   0.583
  132542     0.442  -0.070
  140733     0.322   0.326
  140736     0.229   0.401
  140756     0.281   0.385
  140761     0.432   0.252
  140931     0.417   0.304
  140934     0.255   0.458
  142015     0.290   0.324
  142575    -0.055   0.467
  150951     0.482   0.369
  150957     0.464   0.399
  152490     0.355   0.293
  152645     0.341   0.255
  152656     0.173   0.456
  160935     0.117   0.558
  162566     0.100   0.568
  171167     0.469   0.137
  180929     0.432   0.244
  182130     0.312   0.066
  190830    -0.016   0.601
  192239     0.455  -0.081
  90631      0.292   0.018
  10517      0.282  -0.133
  182686    -0.161   0.446
