 % variance  0.185
 cumulative  0.185
 series_id   #  1
  100990     0.483
  90546      0.574
  60315      0.417
  80371      0.431
  80745      0.402
  70471      0.532
  80451      0.437
  50455      0.317
  50322      0.631
  101212     0.345
  80540      0.107
  70519      0.627
  90130      0.271
  70536      0.428
  60078      0.530
  70371      0.660
  60121      0.618
  80089      0.513
  60377      0.276
  90558      0.247
  70559      0.456
  90283      0.378
  50314      0.338
  162397     0.376
  162295     0.455
  172168     0.520
  112142     0.344
  180996     0.407
  142539     0.309
  162398     0.546
  70602      0.590
  122404     0.477
  72232      0.438
  60210      0.415
  92046      0.418
  52111      0.314
  60016      0.333
  132206     0.582
  112336     0.292
  142565     0.221
  122211     0.525
  82058      0.509
  192029     0.366
  32138A     0.419
  60507      0.461
  70601A     0.292
  90273      0.269
  132177A    0.284
  102371     0.435
  172036     0.337
  60060      0.500
  60331      0.472
  70535      0.401
  70069      0.517
  50234      0.097
  110870     0.373
  62148      0.266
  90752      0.394
  102271     0.378
  50517r     0.187
  20835r     0.424
  122474r    0.606
