  year  #   1       2       3       4       5       6       7       8       9      10      11      12      13      14      15      16      17      18      19      20      21      22      23      24      25      26      27      28      29      30      31      32      33      34      35      36      37      38      39      40      41      42      43      44      45      46      47      48      49      50      51
  1950   3.140   2.984   2.344  -1.178  -3.816  -0.097   0.329   0.184   0.876   0.311  -2.050  -0.583  -0.405  -0.620   0.983   0.251  -1.079   0.606   0.776  -1.496  -0.965   0.217   1.634   0.649   0.236   0.678  -0.448  -0.195   1.131   0.128   1.007   0.905  -0.280  -0.421   0.097   0.033  -0.233   0.998   0.163   0.507  -0.205  -0.053  -0.130   0.194   0.208  -0.016  -0.062   0.093   0.186   0.106   0.000
  1951  -0.203   2.314   3.129   0.622  -1.094   2.101   1.987   1.875   0.458  -1.732  -0.958   1.898  -0.022   0.867  -0.423   1.070   0.061   0.595  -0.778   0.445  -0.226   1.015  -1.028   0.375   0.075  -0.390   0.841   1.244   0.475   0.065   0.209   1.291  -0.510   0.242  -0.150   0.399   0.294  -1.118   0.482   0.085   0.291   0.065   0.068   0.221  -0.174  -0.096   0.278   0.088   0.075  -0.135   0.000
  1952  -4.194   0.809  -0.697  -2.309  -0.997  -2.124  -0.738  -1.183   1.926   0.362   1.420   0.129  -0.293   1.040   0.712   0.516  -1.484  -0.418  -0.266   1.673   0.366   0.381  -0.060   0.881  -0.587  -0.617  -0.376   0.432   0.252   1.161   0.568   0.737   0.633   0.608  -0.125  -0.574  -0.462   0.226  -0.122   0.083   0.132   0.022   0.560  -0.764  -0.085  -0.034   0.207  -0.333   0.036  -0.050   0.000
  1953  -2.297   2.219   1.046   0.172   0.766  -1.488  -1.281   2.924   0.724  -2.050  -2.229   0.535  -1.652   1.249  -0.420  -0.513   1.521   1.016   0.782  -0.393   0.102  -0.526  -0.570  -0.279  -1.104  -1.337  -1.058  -0.896  -0.226  -0.543  -0.147  -0.422  -0.408   0.698  -0.635  -0.292  -0.080   0.569   0.383  -0.131  -0.253   0.036   0.080  -0.105   0.379  -0.245   0.202   0.004  -0.243  -0.038   0.000
  1954   4.153  -4.880  -3.898   2.374  -5.111  -0.867  -2.262  -0.231  -0.069   0.327   0.320  -0.726   1.407   1.710  -0.355   0.031   0.666   0.668   0.640  -0.820  -1.487  -1.551  -1.014  -0.141  -0.018  -0.373   0.927   0.211  -0.182   0.304   0.138   0.213  -1.085   0.325   0.090  -0.165  -0.309  -0.213   0.027  -0.146   0.164  -0.092  -0.206  -0.014   0.039  -0.100  -0.034  -0.177   0.049  -0.041   0.000
  1955   8.573  -2.801  -3.990   1.683  -1.519  -0.271   1.860   0.557  -0.486  -1.173  -2.458   0.531  -3.268  -0.610   0.676  -0.809  -1.027  -2.207  -0.603   0.686  -0.307   0.983  -0.541  -0.606  -0.677  -0.394  -0.529   0.220   0.404   0.188  -1.318  -0.127   0.598  -0.179  -0.075  -0.233  -0.264  -0.016   0.071   0.184   0.035  -0.095  -0.071   0.048  -0.151   0.153   0.052   0.010   0.107   0.076   0.000
  1956   4.348  -1.253  -2.787  -0.725   1.796   3.436   0.990   1.163   2.493  -1.774   0.588  -0.082   0.432   1.172  -0.085   0.220   0.236   1.160  -0.352   0.228  -1.296  -0.408   0.996   1.164   1.075   0.168   0.951  -0.662   0.369  -0.338   0.112  -0.165   0.864  -0.201  -0.806  -0.703   0.290   0.008  -0.298  -0.173  -0.791  -0.117  -0.163  -0.083   0.018   0.328   0.100  -0.092   0.042  -0.065   0.000
  1957   2.538  -2.914  -2.676  -0.183   0.810   1.659  -0.649   2.636   1.272   0.805  -0.574  -0.320   1.260  -1.345   2.032   1.074  -0.803   0.025  -1.341   0.310   1.464  -0.087   1.507  -1.305  -0.554   0.306   0.012  -1.020  -1.185   0.014   0.471   0.076  -0.383  -0.142   0.044   0.211  -0.343  -0.206   0.369   0.124   0.241   0.532   0.246  -0.113   0.295  -0.182   0.096   0.177   0.168  -0.146   0.000
  1958   6.803   1.128   0.045   1.826   3.297  -1.091  -2.547   0.470   2.317  -2.978  -0.144  -0.647   1.601  -1.902  -0.331  -0.840  -1.911   0.618   0.439  -0.403  -0.069  -0.494  -0.383   1.046   0.626  -0.594  -0.177   1.566  -0.422  -0.015  -0.162   0.139   0.556  -0.407   0.624  -0.142  -0.159  -0.111  -0.030   0.044   0.405   0.053  -0.187   0.013   0.156  -0.314  -0.088  -0.007  -0.065   0.118   0.000
  1959  -6.952  -1.189  -1.067   0.517  -0.690   3.487   0.766   0.347   0.996   1.955   1.331   1.320   1.259   0.263  -1.287  -0.196  -1.507  -0.967   1.405  -0.135   0.329   0.398   0.102  -0.559  -1.150   0.501  -0.610   1.454   0.390  -0.727  -0.624  -0.376   0.063  -0.165   0.159  -0.514   0.318   0.621   0.304   0.385   0.025   0.092  -0.247   0.316   0.318  -0.076   0.101  -0.252  -0.158  -0.120   0.000
  1960   2.437  -0.476  -1.291  -0.147   0.659   1.370   1.049  -3.601  -2.169  -1.556   0.749  -1.520  -1.915  -1.621  -1.107   0.610   0.807   1.856  -0.189  -0.607   1.223   0.662  -0.038  -0.334   0.663   1.039  -0.124   1.108  -0.012   0.418  -0.244   0.086  -0.510   0.286  -0.424   0.535  -0.679   0.381  -0.177  -0.230  -0.271   0.098  -0.136  -0.210   0.334  -0.183   0.306  -0.115   0.016  -0.095   0.000
  1961   0.957   0.122   0.033   0.522   0.165  -1.549   2.646   0.478   2.048   0.053   0.901  -0.160   0.794  -0.849   1.236  -1.345   0.355  -0.653  -1.948  -0.862  -1.092  -1.329  -0.832   0.192  -0.518   1.396   0.100  -0.016   0.589  -0.145   0.016  -0.237   0.114   0.580   0.008   0.971   0.396   0.728  -0.344  -0.051   0.573  -0.392  -0.033  -0.241  -0.030   0.092   0.210   0.180  -0.250  -0.135   0.000
  1962  -3.506  -0.112  -0.964  -0.444  -2.001  -0.713   0.025  -1.460  -0.076   1.158  -2.072   0.408   1.312  -0.428   0.576   1.178   0.206  -0.063  -1.193  -0.217  -0.318   0.526   0.219   1.470  -0.198   0.310  -0.908  -0.004  -0.838  -1.049  -0.452   0.565   0.035  -0.927  -0.383   0.336  -0.356  -0.776  -0.368  -0.067  -0.370   0.301  -0.123  -0.187   0.004   0.059   0.023  -0.078  -0.511   0.111   0.000
  1963  -2.050   0.382  -1.147   3.778  -0.377  -2.213   1.207  -0.266  -0.244   1.949  -1.095   0.010   0.856  -2.022  -2.066   0.012  -0.685   0.987  -0.681   2.050   1.533  -0.834   1.267  -0.002   0.311  -0.938   1.148  -0.389   0.412  -0.651  -0.045   0.479   0.034   0.878  -0.005   0.172   0.579   0.379   0.154  -0.015  -0.393  -0.185  -0.067   0.091  -0.176  -0.065   0.146  -0.052   0.028   0.129   0.000
  1964   0.349   1.315   0.464   2.689   0.857  -1.057  -0.377  -3.006   1.373   0.089   0.375   2.222   0.853   0.556   1.473   1.963   0.623  -0.037  -0.207   0.401  -0.474   0.948  -1.106  -0.373   1.538  -0.287  -0.678  -1.309   0.633   0.447  -0.446  -0.405  -0.201  -0.325   0.550  -0.254   0.286   0.608   0.137  -0.234   0.034   0.784  -0.454   0.124  -0.139  -0.096   0.167   0.019   0.077  -0.053   0.000
  1965  -1.438   0.927  -0.401   0.872   1.518  -0.944  -0.626   0.688  -0.804   0.322  -0.843  -1.179   1.606   2.068  -2.022  -0.195   0.377  -1.898  -0.586  -0.071  -0.483   0.734   1.281   0.948   1.032   0.051   0.177   0.219   1.475   0.320  -0.901  -0.838  -0.418   0.066  -0.033   0.778  -0.412  -0.189   0.531   0.108   0.015   0.294   0.435  -0.346   0.384   0.117  -0.196   0.081   0.090  -0.022   0.000
  1966  -5.343  -0.542  -0.478   0.794   1.646   0.572   0.592   2.509  -2.194  -1.896   0.471   1.872   0.074   1.128  -0.978   1.459  -1.472  -1.328  -0.630  -1.156  -0.065   0.024  -0.549  -0.748   0.792   0.326   0.676  -0.557  -0.644  -0.142   0.620   0.316  -0.483  -0.547   0.589   0.284  -0.677   0.790  -0.510  -0.159  -0.141  -0.400   0.293  -0.031  -0.207  -0.021   0.091  -0.216  -0.035   0.176   0.000
  1967   7.659   0.527   1.012   0.561   2.009  -0.666  -0.548  -2.061  -0.136   0.846  -1.330  -0.080  -0.373   0.804   0.908   0.705   0.518   0.034  -0.129  -0.616   1.431  -0.048  -0.814  -0.546  -0.650   1.039   1.445  -0.325   0.502   0.308   0.556  -0.288  -0.057  -0.395   0.765  -0.654   0.363  -0.444   0.720   0.581  -0.282  -0.551   0.338  -0.056   0.226   0.135   0.002  -0.198  -0.291   0.001   0.000
  1968   3.910   1.586   0.370   0.878   0.746   1.331   2.293  -0.647  -0.928   0.238  -1.792  -2.077   1.028   0.052   0.929  -0.008  -1.694  -1.035   3.453   0.701   0.128  -0.216  -1.221   0.494   0.007   0.513  -0.304  -0.463  -0.337  -0.474   0.220   0.002  -0.731   0.364  -0.184   0.067   0.622  -0.120  -0.595  -0.619   0.000   0.248   0.537  -0.196  -0.040   0.062   0.004   0.001   0.057  -0.025   0.000
  1969   0.266   2.612  -1.815  -2.446  -1.031   1.504  -2.421  -0.985  -0.222  -1.232   2.788  -0.470  -1.586  -1.809  -0.666   0.328  -1.615  -1.093  -0.551   0.091   0.035  -0.507  -0.487  -0.703  -0.518  -1.130   0.522  -0.926   1.737  -0.690   0.420   0.115  -0.721  -0.394  -0.231   0.102   0.315  -0.329   0.083  -0.301   0.016   0.211  -0.023  -0.064   0.007  -0.028  -0.211   0.194  -0.218   0.013   0.000
  1970   2.037   2.144  -0.926  -2.450  -0.393  -0.011   0.312   1.468   0.472   1.713   0.710  -1.717   0.087   0.535  -0.462   1.575  -0.257  -1.069  -0.255  -0.302   0.302  -1.211  -1.029  -0.409   1.046  -0.154  -0.959  -0.196  -0.493   1.796  -0.605   0.327   0.780   0.264  -0.200   0.622   0.520  -0.251   0.064  -0.040  -0.555  -0.274  -0.049   0.640   0.154  -0.320  -0.016  -0.034  -0.062   0.045   0.000
  1971  -3.508   2.314  -0.959   1.318   2.038  -0.437   1.226  -0.145  -0.778   0.084   1.505  -0.248   0.154  -0.898   0.165  -0.376   0.792  -0.247  -0.389   0.814  -1.264  -0.667  -0.104   0.860  -1.818  -0.278  -0.485   0.532  -0.992   1.153   0.045   0.030  -1.466  -1.259  -0.252  -0.252   0.467   0.088   0.485   0.230  -0.451  -0.208  -0.212  -0.237  -0.018   0.160   0.038   0.149   0.215   0.076   0.000
  1972  -0.178   1.336   0.541  -1.932  -0.232   0.522   1.183   1.096  -2.480   0.411   0.174   0.289  -1.156   0.125  -0.291   0.725  -0.481   0.777  -0.239  -0.120   0.617  -0.820  -0.561   2.455  -0.533   0.904   1.290  -1.166  -0.559  -0.007  -1.201  -0.043   0.291   0.223   0.052  -0.409   0.025   0.298   0.327   0.160   0.677   0.350  -0.464  -0.190  -0.031  -0.261  -0.348  -0.119   0.070  -0.011   0.000
  1973  -3.069   1.722  -1.812  -0.657   0.075  -0.146  -0.821  -0.758   0.523   0.678   0.467   2.667  -2.568  -0.081   0.630  -1.711  -0.615   0.646   1.142   0.049  -0.419  -1.628   0.342   0.657   1.223   0.159  -0.458  -0.102  -0.625  -0.698  -0.233  -0.194  -0.146   0.264   1.259   0.860  -0.187  -0.589   0.120   0.414  -0.536  -0.041   0.217  -0.039  -0.068   0.085  -0.011   0.000   0.117  -0.162   0.000
  1974  -2.425   1.992   0.435  -0.514  -0.148   2.736  -0.677   0.287  -0.565   1.118   0.136   0.053   0.399  -0.782   0.604  -0.152   1.307  -0.153  -0.172  -1.823  -0.121  -1.043   0.676  -0.308  -0.401   0.246  -0.459   0.134   0.587   0.070  -0.538  -0.233   0.340   0.886   0.756  -0.679  -0.105  -0.666   0.138  -0.601   0.215   0.070   0.008  -0.285  -0.062   0.110   0.475   0.041   0.146   0.319   0.000
  1975  -0.452   3.191  -0.556  -0.480  -0.106   0.346  -1.514   0.338  -0.213   2.221  -0.649   0.174  -0.897  -0.817  -0.029  -0.971   1.148  -0.819   0.348   1.859  -0.204  -0.763  -0.504   0.329   1.594   0.459   0.874   0.608  -0.482   0.042   0.636  -0.335   0.099  -0.674  -0.732  -0.495  -0.944   0.401   0.390  -0.359   0.601   0.034   0.240   0.576  -0.028   0.222   0.213   0.128  -0.121  -0.013   0.000
  1976   0.719   0.647  -0.383  -0.265  -1.000  -0.111  -0.143   0.944  -1.926   0.751  -0.669   0.455   0.755   1.789  -0.178  -2.323  -0.620   1.094   0.667  -0.024   0.796   0.274  -0.126  -0.647  -0.984   0.119   0.738   0.402   0.425   0.841   0.772  -0.655   1.195  -1.026   0.178   0.527  -0.022   0.049  -0.052  -0.397  -0.459   0.438  -0.359  -0.346  -0.362  -0.307   0.119   0.279  -0.069  -0.032   0.000
  1977  -9.131   0.005  -2.635   1.018   0.174  -0.917  -1.650   0.522   1.862  -0.457   0.226  -2.301  -0.613   0.775   0.109   0.610   2.004  -0.134   0.837  -0.121   1.321   0.880  -0.855  -0.119  -0.068   1.142   0.131   0.095   0.277  -0.929  -0.649   1.427   0.540  -0.518   0.412  -0.251   0.095   0.169  -0.088  -0.124  -0.045  -0.389   0.060  -0.073  -0.129  -0.061  -0.155   0.389   0.174  -0.045   0.000
  1978   7.675   4.071  -0.359   0.173   0.379   1.874  -2.395  -2.947  -1.056  -0.196  -0.116   1.916   2.308   0.715  -0.437  -0.147   0.207  -0.838  -0.153  -0.632   0.532   0.404   0.748   0.068  -1.125  -0.323  -0.731  -0.484  -0.686  -0.361  -0.226   0.313   0.344   0.579  -0.686   0.295  -0.385   0.280   0.223  -0.102   0.097  -0.819  -0.041   0.080  -0.391  -0.013  -0.150   0.070   0.128  -0.121   0.000
  1979  -3.225   0.702  -0.714  -0.476   1.357   0.590   0.648  -1.079  -3.154  -0.591  -0.824  -2.502   0.884   1.113   0.706  -0.751   0.360   0.421  -1.571  -0.081  -0.399  -1.558  -0.530  -0.846   0.677  -0.712  -0.989   0.290   0.491  -0.937   0.440   0.027   0.289  -0.104  -0.223  -0.528   0.097  -0.029  -0.300   1.116   0.194   0.352   0.172   0.164  -0.346  -0.175   0.031  -0.096   0.097  -0.050   0.000
  1980  -2.052  -7.867   5.700  -1.335   0.669   2.538   0.001  -2.648   1.940   0.017  -1.646  -0.078  -0.512   0.328  -1.883  -1.460   0.061  -1.077  -0.641   1.085   0.003  -1.353  -0.359   0.081   0.134  -0.045  -0.445  -0.780  -0.093   0.234   0.106   0.476  -0.127  -0.386   0.186  -0.011  -0.179   0.051   0.158  -0.210  -0.022  -0.162  -0.097  -0.127   0.024  -0.225  -0.048   0.115   0.058   0.030   0.000
  1981   2.562  -4.036   3.045   0.829  -1.150  -1.588  -2.163   0.466  -1.789  -0.275   1.165   0.071  -1.265   0.737   0.733   0.774  -0.369  -0.119  -0.630  -1.435   1.665  -0.822   1.063   1.198   0.154  -0.594  -0.530   0.902  -0.181  -0.333  -0.227  -0.131   0.219  -0.763  -0.264   0.089   1.086   0.356   0.062  -0.506   0.103   0.143   0.406   0.215  -0.074   0.357   0.158  -0.050   0.081  -0.094   0.000
  1982   1.844  -2.172   2.342  -1.029  -0.748  -0.671  -0.536   1.081   2.087   1.227   1.330  -0.340   0.337  -1.345  -0.635   0.303  -0.568   0.722   0.445  -1.225   0.215   1.069  -1.919  -0.472   0.760   0.382   0.053   0.151  -0.468  -0.665  -0.233  -1.016  -0.160   0.299  -1.005   0.195  -0.202   0.043   0.710   0.593  -0.361   0.135   0.193  -0.355  -0.542   0.111  -0.021   0.057   0.115   0.137   0.000
  1983   1.551  -2.065   0.818   0.179   0.697  -2.057   0.881   0.279  -0.103  -1.942   2.074   1.914   0.584   1.172   1.481   0.435   0.792  -0.413   1.176   1.669   1.490  -1.466   0.372  -0.098  -0.781   1.437  -0.522   0.281   0.980  -0.314   0.387  -0.033  -0.038   0.362  -0.737   0.325  -0.590  -0.480  -0.162   0.159  -0.093   0.199  -0.294   0.369   0.117   0.024  -0.160  -0.013   0.065   0.200   0.000
  1984  -0.060  -0.692   0.331  -0.414   1.548   0.751  -1.194  -0.609  -0.949   0.806   0.101  -0.824  -1.395   2.048   1.772  -0.100  -0.413  -0.853  -0.552   0.623  -1.021   1.003   0.369  -0.718   0.626  -0.256   0.560   1.234  -1.163  -0.531   0.722   0.567   0.042   1.330   0.073   0.297   0.540   0.406   0.468  -0.119  -0.076   0.224  -0.644  -0.220   0.173   0.169  -0.231   0.118  -0.118   0.133   0.000
  1985   0.695  -1.826   2.411  -0.969   1.564  -1.735   0.612   1.145  -1.913   1.161   1.502  -1.258   0.777  -1.451   1.798  -1.014   0.458   0.195   0.380   0.363  -1.808   1.192  -0.192  -0.289  -0.433  -0.638   0.227  -0.578   0.573  -0.932  -0.317   0.565   0.508  -0.402   0.210   0.311  -0.513  -0.182   0.614  -0.587  -0.235  -0.304  -0.058   0.208   0.116  -0.168   0.048  -0.453   0.118  -0.095   0.000
  1986  -0.763   0.795  -0.432   1.702   0.328   0.432   0.357   0.608   1.432  -0.633   0.635  -0.864  -0.870  -0.600  -0.970  -2.033   1.941  -1.353   1.342  -1.260   0.935   0.679   1.298  -0.286   0.463  -0.104  -0.111  -0.996  -0.375   0.804   0.633   0.736  -0.017  -0.202  -0.252   0.432   0.343  -0.305   0.044   0.322   0.486   0.409  -0.343  -0.074  -0.334   0.167  -0.032  -0.488  -0.137  -0.004   0.000
  1987  -6.043  -2.286   0.001  -0.405  -0.281   0.792  -0.564  -0.268  -0.789  -0.673   0.258  -1.729   0.357   0.625   1.025   0.409  -1.263   1.149   1.131   0.719   0.691   1.231   0.038   0.951   0.202  -1.181  -0.092  -1.040   0.069   0.436  -0.014  -0.937  -0.061   0.020   0.180   0.531  -0.188  -0.282  -0.167   0.517   0.547  -0.779  -0.500   0.205   0.098   0.316   0.371   0.201  -0.076   0.043   0.000
  1988   3.041  -1.348   0.600  -2.448   2.132  -2.357   1.222  -1.225  -0.105   1.587   0.270   1.415   0.117  -0.289  -1.180   1.000   0.754  -0.695   1.646  -1.495  -0.779  -0.324   0.257  -0.718  -0.645  -1.523   1.470   0.109  -0.351  -0.088  -0.436   0.738   0.429  -0.097  -0.214  -0.041  -0.184  -0.011  -0.882   0.503   0.141   0.344   0.005   0.003   0.275   0.152   0.188   0.311   0.054  -0.028   0.000
  1989   0.511  -0.102   2.475   0.947  -0.618  -1.234  -0.526   1.951  -1.437   1.021   0.605   0.773  -0.089  -1.132   0.650  -0.877  -0.001  -1.694  -0.313  -0.298   0.618   0.856   0.635   0.250   1.604   0.289  -0.175   0.194   0.143   0.191   0.145  -0.336  -0.706   0.398  -0.258  -1.232   0.024  -0.528  -0.931   0.106  -0.333  -0.487  -0.461  -0.292   0.049  -0.365  -0.045   0.157  -0.038  -0.163   0.000
  1990   4.840  -0.676   1.414  -0.165  -2.744   0.617   1.435   0.703  -2.035  -1.914   2.187   0.420   1.130  -0.474  -0.521   0.047   1.158   1.135   0.975   1.749  -0.864   0.195   1.096  -1.169   0.978   0.136  -0.664  -0.256  -0.559   0.317  -0.752   0.394   0.405  -0.123   0.592  -0.348   0.252   0.265   0.357   0.238   0.175  -0.072   0.549  -0.302   0.010   0.069  -0.134   0.247  -0.310   0.032   0.000
  1991  -9.003  -1.079   0.127   0.373   1.502  -0.626   0.288  -1.600   1.017  -0.496  -1.155   0.165  -0.860   0.058   1.723   0.360  -1.258   1.198   0.653  -0.930  -1.212  -0.249   2.023  -1.154  -0.057   0.298   0.890   0.393   0.178   0.928  -1.002  -0.367  -0.373   0.075  -0.771  -0.176   0.066  -0.215   0.091  -0.285   0.200  -0.189   0.351   0.273  -0.424  -0.299  -0.254   0.010  -0.149  -0.002   0.000
  1992   0.143  -1.807  -0.773  -1.185   0.392  -2.485  -0.733  -0.402  -0.533  -1.363   0.106  -1.063  -0.402  -0.502  -2.605   0.921  -0.230  -0.655  -0.134   0.116  -1.640   1.146   0.774   0.803  -1.264   1.517  -0.422  -0.381  -0.502  -0.086   1.085  -0.598   0.192   0.833   0.656  -0.439   0.149  -0.299   0.148  -0.065  -0.117   0.322   0.055   0.599  -0.307  -0.064   0.192   0.134  -0.026  -0.078   0.000
  1993   0.887   0.906  -2.229  -6.036  -1.106  -2.202   3.548  -0.785   1.672  -1.141  -0.715   0.272   1.291   0.825  -0.241  -1.117   0.647   0.155  -0.584  -0.243   1.545   0.651   0.345  -0.459   0.719  -0.759   0.013   0.574  -0.427  -0.555   0.060  -0.672  -0.889  -0.277   0.537  -0.339   0.271   0.042   0.162  -0.510   0.203  -0.203  -0.148   0.156  -0.024   0.023  -0.130  -0.094   0.111   0.039   0.000
  1994   1.373   0.149  -0.391   3.647   0.508   0.297   2.989  -0.686   0.719   2.250   2.381   0.054  -1.098   1.589  -0.563  -1.649  -0.884   1.727  -1.134  -1.338   0.325   1.112  -0.473   0.588  -0.222  -0.595  -0.798  -0.610  -0.194   0.016   0.622   0.230   0.113   0.165  -0.060  -0.436  -0.475  -0.303  -0.162  -0.256   0.173   0.083   0.446   0.366   0.273  -0.007  -0.286   0.200  -0.027   0.083   0.000
  1995   1.427  -0.015   1.703   0.081  -0.966   2.762  -0.713   0.419   1.212  -0.130   0.374  -0.847  -0.015  -0.702   1.487  -0.030   2.376  -0.430  -0.504   0.752   0.438   0.810  -0.001   1.107  -1.172  -1.109   1.040   0.603  -0.027   0.281  -0.283  -0.756  -0.358   0.447   0.766   0.359  -0.299   0.557  -0.926   0.228  -0.451   0.276   0.420   0.395  -0.229  -0.138  -0.210  -0.068  -0.060   0.041   0.000
  1996  -8.692   2.156   2.655   1.425  -2.267  -0.567   0.505  -0.660  -0.321  -2.435  -0.885  -0.515   1.248  -1.553   0.046  -0.286  -0.798  -0.351  -0.629  -0.590   0.411  -0.671  -0.926  -1.011  -0.295  -0.130   0.516  -0.099  -0.607   0.592  -0.001  -0.248   0.837   0.424   0.070  -0.320  -0.453  -0.181   0.036  -0.187  -0.387   0.243  -0.179   0.099   0.291   0.651  -0.313  -0.027   0.091  -0.143   0.000
  1997  -0.011  -3.334  -1.922  -1.392   2.619   0.594  -0.441   2.033  -1.140   1.850  -1.958   1.442   0.186  -1.725  -0.604   1.376   0.869   1.727   0.352  -0.003  -0.005  -0.021  -0.747   0.140  -0.022  -0.345  -1.389   0.612   1.183   0.791   0.731   0.234  -0.128   0.331   0.278   0.038  -0.022   0.138  -0.163  -0.229   0.203  -0.111  -0.122  -0.122  -0.218   0.394  -0.451  -0.024  -0.072  -0.081   0.000
  1998   2.959   3.346   2.508   1.898  -0.858   0.000   1.047   0.377   1.760   1.170   0.144  -1.377  -1.893   0.802  -1.233   2.965   0.382   0.309  -0.038   0.940  -0.722  -0.729   0.893  -1.211  -0.482  -0.218  -0.385   0.448  -0.337  -0.778   0.431  -1.185   0.448  -0.679   0.237   0.260  -0.223  -0.352  -0.449  -0.167   0.400  -0.318  -0.297  -0.362  -0.035  -0.055  -0.162  -0.161   0.114  -0.046   0.000
  1999  -5.361  -0.994  -1.797   0.150  -1.378   0.481  -0.938  -1.167  -0.849  -0.659  -0.749   2.284   0.032  -1.478   0.109  -0.204   1.329  -0.081  -0.033   0.075  -0.849   1.010  -0.684   0.180   0.243   0.201   0.268  -0.145  -0.233  -0.043   0.990  -0.768   0.956  -0.175  -0.579   0.386   1.092  -0.177  -0.232   0.115   0.320  -0.241   0.419  -0.092   0.529  -0.340  -0.134  -0.105   0.235   0.125   0.000
  2000   2.559   2.063   1.553  -1.446   0.381  -0.569  -3.543   0.871   0.286   0.815  -0.382   0.220   0.018   0.891  -0.991  -1.809  -0.916   1.859  -1.169   1.297  -0.427   0.922  -0.284  -1.380  -0.502   1.410  -0.043  -0.423  -0.079   0.184  -1.085   0.378  -0.667  -0.160  -0.085   0.078   0.459  -0.080  -1.062   0.069   0.160   0.122   0.013   0.175   0.144   0.297   0.062  -0.201   0.118   0.062   0.000
