qual_drop.rwl -- no data title --                         1st itrdb line missing     
qual_drop.rwl -- no data title --                         2nd itrdb line missing     
qual_drop.rwl -- no data title --                         3rd itrdb line missing     
qual_d17929990  09990  0   0  1   0  1   0  1   0  1 283  2 515  3 479  3 617  3  err
qual_d1800 253  3 514  3 227  3 581  3 480  3 126  3 111  4 274  4 270  4 181  4  err
qual_d1810  76  4 126  4  63  4  17  4 118  4 144  4 120  4 269  4 303  4 264  4  err
qual_d1820 109  4 163  4 146  4  50  4 157  4 337  4 153  4 246  4 151  4  71  4  err
qual_d1830 193  4 160  4 114  4 105  4 114  4 152  4 123  4 411  4  94  4  78  5  err
qual_d1840 198  5 179  5  97  5 165  5  97  5 337  5 140  5 318  5 119  5 290  5  err
qual_d1850 257  5 339  5 412  5 258  5 173  5 103  5 159  5  89  5 109  5 124  5  err
qual_d1860 147  6 221  6 216  6 177  6 357  6 396  6 447  7 512  7 390 10 362 10  err
qual_d1870 435 11 447 14 388 15 347 15 260 16 275 17 288 17 309 18 331 20 292 20  err
qual_d1880 235 21 298 22 223 24 219 24 232 24 194 25 237 26 200 27 197 27 207 27  err
qual_d1890 190 27 295 28 255 28 203 29 255 29 235 34 222 36 202 38 173 39 152 39  err
qual_d1900 156 39 185 40 191 40 219 40 207 40 163 40 154 41 187 42 163 42 165 42  err
qual_d1910 176 43  94 43 121 43 116 43 143 44 186 44 185 46 177 48 155 49 151 49  err
qual_d1920 171 49 179 51 183 52 184 53 183 54 190 56 189 56 188 57 186 57 180 57  err
qual_d1930 139 57 156 58 138 59 160 61 141 61 147 61 148 62 157 62 162 62 144 62  err
qual_d1940 140 62 156 62 151 62 137 62 141 62 144 62 133 62 120 62 149 62 163 62  err
qual_d1950 159 63 160 64 153 64 148 65 144 65 175 65 174 65 184 65 186 65 169 65  err
qual_d1960 164 66 160 66 148 66 150 66 148 66 131 66 118 66 135 66 149 66 152 67  err
qual_d1970 151 67 146 67 138 67 137 67 134 67 140 67 130 67 126 67 136 67 126 67  err
qual_d1980 132 67 124 67 135 67 142 67 138 67 137 67 131 67 116 67 134 67 126 67  err
qual_d1990 142 67 114 67 120 67 139 67 135 67 136 67 120 67 127 67 139 67 127 67  err
qual_d2000 138 67 154 67 135 67 142 65 130 65 138 65 141 64 144 64 153 61 171 60  err
qual_d2010 175  5 101  5 107  4  92  4  59  4  38  3 153  2  36  29990  09990  0  err
qual_drop.rwl -- no data title --                         1st itrdb line missing     
qual_drop.rwl -- no data title --                         2nd itrdb line missing     
qual_drop.rwl -- no data title --                         3rd itrdb line missing     
qual_d17929990  09990  0   0  1   0  1   0  1   0  1 176  2 135  3 163  3 280  3  err
qual_d1800 234  3 393  3  75  3 192  3 122  3 126  3 137  4 122  4 139  4  91  4  err
qual_d1810  41  4  43  4  42  4  20  4  64  4 128  4  43  4 109  4 227  4 173  4  err
qual_d1820  45  4  37  4  39  4   6  4  54  4 243  4 100  4  74  4 149  4 150  4  err
qual_d1830  81  4  38  4  49  4 137  4  43  4  45  4 107  4 210  4  60  4 254  5  err
qual_d1840 130  5 223  5 201  5 233  5 127  5  90  5 147  5 121  5  92  5 106  5  err
qual_d1850  29  5 106  5 145  5  60  5  64  5  51  5 188  5  33  5  74  5  38  5  err
qual_d1860  44  6  84  6  48  6  59  6  74  6 124  6  65  7 141  7 124 10 150 10  err
qual_d1870 120 11 104 14  76 15  74 15  66 16  55 17  62 17  66 18  73 20  56 20  err
qual_d1880  59 21  72 22  73 24  68 24  60 24  60 25  62 26  64 27  62 27  61 27  err
qual_d1890  48 27  73 28  63 28  46 29  57 29  58 34  52 36  44 38  39 39  40 39  err
qual_d1900  46 39  44 40  46 40  53 40  54 40  45 40  44 41  49 42  44 42  40 42  err
qual_d1910  51 43  27 43  39 43  38 43  46 44  49 44  40 46  47 48  46 49  36 49  err
qual_d1920  45 49  49 51  49 52  54 53  47 54  43 56  39 56  40 57  36 57  33 57  err
qual_d1930  38 57  39 58  34 59  35 61  30 61  28 61  27 62  28 62  29 62  27 62  err
qual_d1940  35 62  43 62  37 62  33 62  35 62  35 62  29 62  30 62  38 62  40 62  err
qual_d1950  36 63  41 64  35 64  39 65  33 65  42 65  38 65  41 65  34 65  30 65  err
qual_d1960  32 66  29 66  23 66  32 66  30 66  24 66  26 66  25 66  33 66  30 67  err
qual_d1970  28 67  27 67  26 67  30 67  31 67  33 67  26 67  35 67  35 67  28 67  err
qual_d1980  35 67  37 67  33 67  30 67  25 67  30 67  22 67  20 67  24 67  24 67  err
qual_d1990  27 67  21 67  24 67  30 67  26 67  22 67  27 67  22 67  24 67  21 67  err
qual_d2000  24 67  26 67  18 67  21 65  19 65  19 65  17 64  22 64  26 61  26 60  err
qual_d2010  65  5  31  5  89  4  88  4  37  4   6  3 113  2  27  29990  09990  0  err
qual_drop.rwl -- no data title --                         1st itrdb line missing     
qual_drop.rwl -- no data title --                         2nd itrdb line missing     
qual_drop.rwl -- no data title --                         3rd itrdb line missing     
qual_d17929990  09990  0   0  1   0  1   0  1   0  1  41  2  87  3  39  3 177  3  err
qual_d1800  72  3  81  3  97  3 138  3  51  3  80  3  77  4 126  4  22  4  30  4  err
qual_d1810  83  4  52  4  18  4  22  4  89  4  66  4 125  4  66  4  93  4  20  4  err
qual_d1820  50  4  88  4  14  4  77  4  84  4 194  4  64  4 133  4 123  4  71  4  err
qual_d1830  65  4  42  4  22  4  59  4 106  4  48  4 104  4 227  4  72  4 110  5  err
qual_d1840 114  5  60  5  56  5  11  5 106  5  35  5  69  5  11  5  48  5  30  5  err
qual_d1850  27  5   3  5  53  5  15  5 127  5 100  5  59  5  33  5  75  5  46  5  err
qual_d1860  45  6  84  6  45  6  51  6  25  6  98  6  65  7 126  7  60 10  77 10  err
qual_d1870  39 11  63 14  44 15  29 15  41 16  39 17  42 17  41 18  37 20  33 20  err
qual_d1880  34 21  49 22  48 24  33 24  40 24  36 25  33 26  36 27  36 27  31 27  err
qual_d1890  35 27  67 28  35 28  26 29  42 29  35 34  31 36  31 38  30 39  28 39  err
qual_d1900  26 39  34 40  30 40  34 40  27 40  23 40  26 41  30 42  21 42  21 42  err
qual_d1910  30 43  32 43  29 43  19 43  22 44  34 44  31 46  31 48  26 49  26 49  err
qual_d1920  31 49  27 51  25 52  25 53  28 54  25 56  22 56  22 57  23 57  23 57  err
qual_d1930  26 57  22 58  24 59  21 61  17 61  18 61  22 62  23 62  20 62  19 62  err
qual_d1940  28 62  29 62  19 62  20 62  18 62  23 62  25 62  24 62  28 62  24 62  err
qual_d1950  25 63  23 64  18 64  20 65  31 65  29 65  20 65  21 65  21 65  24 65  err
qual_d1960  23 66  21 66  15 66  22 66  20 66  16 66  20 66  18 66  21 66  23 67  err
qual_d1970  20 67  21 67  18 67  17 67  18 67  19 67  16 67  24 67  23 67  18 67  err
qual_d1980  36 67  22 67  20 67  18 67  12 67  18 67  16 67  14 67  22 67  18 67  err
qual_d1990  19 67  20 67  20 67  26 67  23 67  16 67  24 67  24 67  23 67  18 67  err
qual_d2000  19 67  25 67  17 67  20 65  22 65  16 65  19 64  21 64  20 61  17 60  err
qual_d2010  35  5 121  5  57  4  25  4  47  4  25  3  11  2  42  29990  09990  0  err
qual_drop.rwl -- no data title --                         1st itrdb line missing     
qual_drop.rwl -- no data title --                         2nd itrdb line missing     
qual_drop.rwl -- no data title --                         3rd itrdb line missing     
qual_d17929990  09990  0   0  1   0  1   0  1   0  1  33  2  71  3  32  3 144  3  err
qual_d1800  59  3  66  3  79  3 113  3  41  3  66  3  63  4 103  4  18  4  24  4  err
qual_d1810  67  4  43  4  14  4  18  4  73  4  54  4 102  4  54  4  76  4  16  4  err
qual_d1820  41  4  72  4  11  4  63  4  69  4 158  4  52  4 109  4 101  4  58  4  err
qual_d1830  53  4  34  4  18  4  48  4  86  4  39  4  85  4 185  4  59  4  90  5  err
qual_d1840  93  5  49  5  46  5   9  5  87  5  28  5  56  5   9  5  39  5  24  5  err
qual_d1850  22  5   2  5  43  5  13  5 103  5  82  5  48  5  27  5  61  5  38  5  err
qual_d1860  36  6  69  6  37  6  41  6  21  6  80  6  53  7 102  7  49 10  63 10  err
qual_d1870  31 11  52 14  36 15  24 15  34 16  32 17  34 17  33 18  30 20  27 20  err
qual_d1880  27 21  40 22  39 24  27 24  32 24  29 25  27 26  30 27  29 27  26 27  err
qual_d1890  28 27  55 28  28 28  22 29  34 29  29 34  26 36  26 38  24 39  23 39  err
qual_d1900  22 39  28 40  25 40  28 40  22 40  18 40  21 41  25 42  17 42  17 42  err
qual_d1910  24 43  26 43  23 43  16 43  18 44  28 44  26 46  26 48  21 49  21 49  err
qual_d1920  25 49  22 51  20 52  21 53  23 54  20 56  18 56  18 57  19 57  18 57  err
qual_d1930  21 57  18 58  19 59  17 61  14 61  15 61  18 62  18 62  16 62  16 62  err
qual_d1940  23 62  24 62  15 62  17 62  15 62  19 62  21 62  20 62  23 62  20 62  err
qual_d1950  20 63  19 64  14 64  16 65  25 65  24 65  16 65  17 65  17 65  20 65  err
qual_d1960  19 66  17 66  12 66  18 66  16 66  13 66  17 66  15 66  17 66  19 67  err
qual_d1970  16 67  17 67  15 67  14 67  15 67  15 67  13 67  19 67  19 67  14 67  err
qual_d1980  30 67  18 67  17 67  15 67  10 67  15 67  13 67  12 67  18 67  15 67  err
qual_d1990  16 67  16 67  16 67  22 67  19 67  13 67  20 67  20 67  19 67  14 67  err
qual_d2000  15 67  21 67  14 67  16 65  18 65  13 65  15 64  17 64  17 61  14 60  err
qual_d2010  29  5  98  5  46  4  21  4  38  4  21  3   9  2  34  29990  09990  0  err
