 eigenvalue 11.174   3.453   2.377   1.852   1.668   1.556   1.469   1.365   1.310   1.150   1.018   0.969   0.895   0.879   0.777   0.756   0.727   0.653   0.611   0.581   0.565   0.538   0.488   0.466   0.437   0.377   0.346   0.315   0.282   0.249   0.231   0.222   0.202   0.187   0.175   0.138   0.123   0.117   0.112   0.086   0.073   0.072   0.060   0.050   0.036   0.031   0.024   0.024   0.015   0.007   0.000
 eval sderr  2.213   0.684   0.471   0.367   0.330   0.308   0.291   0.270   0.259   0.228   0.202   0.192   0.177   0.174   0.154   0.150   0.144   0.129   0.121   0.115   0.112   0.106   0.097   0.092   0.086   0.075   0.069   0.062   0.056   0.049   0.046   0.044   0.040   0.037   0.035   0.027   0.024   0.023   0.022   0.017   0.014   0.014   0.012   0.010   0.007   0.006   0.005   0.005   0.003   0.001   0.000
 % variance  0.271   0.084   0.058   0.045   0.040   0.038   0.036   0.033   0.032   0.028   0.025   0.023   0.022   0.021   0.019   0.018   0.018   0.016   0.015   0.014   0.014   0.013   0.012   0.011   0.011   0.009   0.008   0.008   0.007   0.006   0.006   0.005   0.005   0.005   0.004   0.003   0.003   0.003   0.003   0.002   0.002   0.002   0.001   0.001   0.001   0.001   0.001   0.001   0.000   0.000   0.000
 cumulative  0.271   0.354   0.412   0.457   0.497   0.535   0.570   0.603   0.635   0.663   0.688   0.711   0.733   0.754   0.773   0.791   0.809   0.825   0.839   0.854   0.867   0.880   0.892   0.903   0.914   0.923   0.931   0.939   0.946   0.952   0.958   0.963   0.968   0.972   0.977   0.980   0.983   0.986   0.988   0.991   0.992   0.994   0.995   0.997   0.998   0.998   0.999   0.999   1.000   1.000   1.000
 brokn stck  4.519   3.519   3.019   2.685   2.435   2.235   2.069   1.926   1.801   1.690   1.590   1.499   1.416   1.339   1.267   1.201   1.138   1.079   1.024   0.971   0.921   0.873   0.828   0.785   0.743   0.703   0.664   0.627   0.592   0.557   0.524   0.492   0.460   0.430   0.401   0.372   0.344   0.317   0.291   0.265   0.240   0.216   0.192   0.169   0.146   0.124   0.102   0.081   0.060   0.040   0.020
 series_id   #  1       2       3       4       5       6       7       8       9      10      11      12      13      14      15      16      17      18      19      20      21      22      23      24      25      26      27      28      29      30      31      32      33      34      35      36      37      38      39      40      41      42      43      44      45      46      47      48      49      50      51
  100990     0.142   0.041  -0.079  -0.043   0.014  -0.231  -0.127   0.082  -0.081   0.034  -0.192  -0.212   0.133   0.102  -0.107  -0.062   0.196   0.090   0.040   0.331  -0.036  -0.049  -0.154  -0.018   0.123  -0.140   0.125   0.047  -0.043   0.052   0.138  -0.037  -0.103   0.271   0.020  -0.090   0.047  -0.003  -0.073  -0.217   0.094  -0.081   0.003   0.009   0.011   0.067  -0.090  -0.113  -0.072  -0.094  -0.208
  90546      0.169   0.076   0.037   0.055   0.035  -0.043  -0.050  -0.124  -0.047  -0.127   0.232  -0.107   0.098   0.053  -0.026   0.060  -0.031  -0.170  -0.076  -0.119  -0.133  -0.075  -0.124   0.179   0.064   0.213  -0.157   0.391   0.121   0.053  -0.191  -0.045   0.011   0.186  -0.001  -0.143  -0.001   0.124  -0.125  -0.148   0.049   0.031  -0.167  -0.118  -0.242  -0.041  -0.028   0.188   0.058  -0.012   0.087
  60315      0.124   0.116   0.059   0.259  -0.016   0.035   0.088  -0.084  -0.013  -0.120  -0.064  -0.041   0.248   0.089  -0.199  -0.046  -0.018  -0.138   0.308  -0.094  -0.090   0.196  -0.056  -0.113   0.050  -0.071  -0.235   0.059  -0.072   0.079   0.225   0.133   0.036  -0.164   0.105   0.075  -0.023  -0.122   0.067   0.108  -0.014   0.146   0.141   0.077  -0.072  -0.012   0.089  -0.022  -0.188  -0.041   0.091
  80371      0.127  -0.179  -0.128  -0.121  -0.059   0.177  -0.064   0.168  -0.075   0.066  -0.073  -0.077  -0.073  -0.145   0.083   0.058   0.023   0.139  -0.044  -0.043   0.181  -0.076  -0.152  -0.197   0.013  -0.176  -0.281   0.041   0.121  -0.108  -0.161   0.055   0.128  -0.069   0.071   0.066   0.193  -0.121  -0.032   0.096   0.355  -0.084  -0.028  -0.166  -0.097  -0.148  -0.088   0.135   0.054  -0.209   0.133
  80745      0.118  -0.039  -0.146  -0.070  -0.055  -0.083   0.220   0.076   0.015   0.054  -0.150   0.255  -0.012   0.272   0.028   0.363   0.035   0.172   0.049  -0.005  -0.047   0.139  -0.001  -0.122   0.006  -0.137   0.068   0.177  -0.082  -0.109   0.005   0.002   0.093   0.089  -0.159  -0.033  -0.229   0.023   0.115   0.177  -0.043   0.037   0.101   0.015  -0.116  -0.042   0.090   0.209   0.158  -0.059   0.135
  70471      0.156  -0.164  -0.175  -0.103  -0.021   0.011   0.029   0.052   0.094   0.022   0.035   0.094   0.169   0.009  -0.114   0.196  -0.027  -0.060   0.120  -0.037   0.010  -0.095  -0.169   0.180  -0.156   0.065   0.162  -0.094   0.152   0.058  -0.036   0.073   0.058  -0.080  -0.147  -0.052   0.011   0.016  -0.269  -0.129  -0.239   0.187   0.005   0.061   0.058   0.135   0.009   0.219  -0.162   0.064  -0.007
  80451      0.129  -0.014  -0.004   0.053   0.163  -0.046  -0.055  -0.159  -0.354  -0.096  -0.116  -0.068   0.102   0.011  -0.133   0.139   0.143   0.061  -0.081  -0.230  -0.150   0.066   0.013  -0.093   0.110  -0.099   0.100  -0.163   0.239   0.157   0.203   0.164   0.049  -0.060   0.093  -0.090   0.058   0.115   0.193  -0.015  -0.036  -0.224  -0.073   0.044  -0.109   0.055  -0.228   0.091  -0.006  -0.043  -0.098
  50455      0.093  -0.151   0.180   0.083  -0.024  -0.221  -0.108   0.324  -0.009   0.139  -0.056   0.087  -0.107  -0.007  -0.138   0.101  -0.010   0.049   0.114  -0.175  -0.100  -0.029   0.103   0.062  -0.109   0.050  -0.081   0.043   0.176   0.155  -0.029  -0.041  -0.055   0.032   0.235  -0.101   0.144  -0.052  -0.075   0.018   0.207   0.205  -0.017   0.061   0.044   0.005   0.061  -0.241   0.097  -0.059  -0.087
  50322      0.186   0.040   0.093   0.163  -0.069  -0.033  -0.097  -0.049  -0.033  -0.016  -0.068   0.121  -0.081  -0.067   0.125  -0.050  -0.097   0.004  -0.011   0.098   0.009  -0.040   0.070   0.063  -0.127   0.164   0.374  -0.108   0.024  -0.218   0.166  -0.117  -0.122  -0.053   0.044  -0.025   0.068   0.069   0.081   0.219   0.089   0.065  -0.104  -0.093  -0.080  -0.007  -0.165  -0.084   0.149   0.096   0.097
  101212     0.102   0.118   0.127  -0.045  -0.082  -0.061   0.140   0.180  -0.252  -0.311   0.019  -0.042  -0.013  -0.148   0.028  -0.077   0.124   0.131   0.115   0.025   0.169  -0.097   0.035   0.144  -0.263  -0.053  -0.082  -0.177  -0.053   0.078   0.268  -0.121   0.094  -0.008  -0.036   0.125  -0.107  -0.139  -0.084  -0.037   0.052  -0.080   0.038  -0.057   0.018   0.124   0.099   0.173   0.086   0.045   0.140
  80540      0.033   0.069  -0.028   0.086  -0.009   0.371  -0.095   0.056  -0.188   0.128  -0.122   0.081   0.157   0.167   0.138  -0.198   0.208   0.126  -0.066  -0.111  -0.034   0.080   0.038   0.414   0.244   0.011   0.050   0.209  -0.112  -0.080   0.035  -0.207  -0.048   0.012   0.070   0.093  -0.117   0.045  -0.102   0.141   0.100   0.114   0.081  -0.004   0.131   0.054  -0.115   0.054   0.005  -0.040  -0.081
  70519      0.184  -0.052  -0.086  -0.023  -0.106   0.031   0.125  -0.121  -0.014  -0.007  -0.097   0.146   0.130  -0.212   0.157  -0.149  -0.145   0.036  -0.029  -0.092   0.109  -0.136   0.009   0.015  -0.079  -0.008  -0.116   0.000   0.016  -0.048   0.008   0.074  -0.110   0.056  -0.055   0.017  -0.138  -0.170  -0.059  -0.051   0.006  -0.113  -0.057   0.013   0.117   0.314  -0.146   0.165  -0.152  -0.203  -0.228
  90130      0.081   0.204  -0.109  -0.098  -0.101   0.097  -0.155  -0.061   0.111  -0.051  -0.176  -0.112  -0.115   0.128   0.143   0.049  -0.020  -0.145   0.290  -0.087   0.269   0.239  -0.082  -0.086  -0.017   0.147   0.010   0.054   0.125   0.384  -0.038  -0.162   0.060  -0.076  -0.065   0.131  -0.105  -0.085  -0.050   0.065   0.021  -0.009  -0.147  -0.034   0.048  -0.098  -0.086  -0.073   0.007   0.172  -0.083
  70536      0.126  -0.102  -0.156   0.026  -0.070  -0.177   0.062  -0.004   0.081   0.098  -0.001   0.160   0.369  -0.079  -0.065  -0.245   0.003   0.044  -0.132   0.204  -0.006  -0.026  -0.013  -0.119   0.145  -0.225  -0.015  -0.008   0.094  -0.018  -0.123  -0.185   0.147  -0.111   0.045   0.156   0.001  -0.006  -0.024  -0.088  -0.113  -0.009  -0.095   0.089  -0.051  -0.135  -0.019  -0.033   0.122   0.390   0.053
  60078      0.156  -0.082  -0.127   0.144  -0.061   0.033  -0.150  -0.080  -0.075  -0.087   0.019  -0.061   0.079   0.134  -0.016   0.217  -0.105   0.029  -0.273   0.091  -0.022   0.090   0.067   0.172  -0.206  -0.057  -0.059  -0.137  -0.081   0.096  -0.199   0.068   0.057   0.137  -0.058  -0.055  -0.260  -0.331   0.138   0.026   0.017  -0.005   0.235   0.084   0.069  -0.177  -0.128  -0.287   0.024  -0.052  -0.021
  70371      0.195   0.001   0.057   0.157   0.034   0.003   0.003   0.083  -0.119   0.053  -0.050   0.050  -0.197   0.040  -0.016   0.120   0.014   0.009  -0.115   0.167  -0.095   0.002  -0.159  -0.039  -0.008   0.108   0.219  -0.024  -0.007  -0.046  -0.023  -0.063  -0.075  -0.167  -0.212  -0.103   0.085  -0.137  -0.063   0.159   0.002  -0.133  -0.052  -0.193  -0.197   0.030   0.016   0.042  -0.360   0.122   0.097
  60121      0.183  -0.008   0.016   0.254   0.058   0.022  -0.111  -0.028  -0.048  -0.042   0.055  -0.052  -0.050  -0.190   0.003   0.037   0.088  -0.092   0.029   0.059  -0.040  -0.204  -0.103  -0.040  -0.015  -0.002  -0.137  -0.105  -0.028  -0.115  -0.047   0.160  -0.094  -0.118  -0.010   0.329  -0.094   0.113  -0.003   0.042  -0.138   0.101  -0.104  -0.051   0.080  -0.308  -0.121  -0.049   0.061   0.035  -0.108
  80089      0.151  -0.019   0.037   0.239  -0.150   0.017   0.002  -0.077  -0.144  -0.075   0.190  -0.072  -0.188  -0.080   0.134  -0.017  -0.063   0.090  -0.028   0.171   0.073  -0.057  -0.227  -0.048  -0.022   0.001  -0.012   0.262  -0.167   0.162   0.045  -0.016   0.223  -0.042   0.063  -0.034   0.088   0.105  -0.008   0.083  -0.138  -0.139   0.180   0.228  -0.060   0.188   0.195  -0.044   0.236   0.066  -0.159
  60377      0.079  -0.123   0.274   0.021  -0.193  -0.020   0.131  -0.028   0.178  -0.103   0.013  -0.014  -0.022   0.105   0.106   0.004   0.007   0.022  -0.187   0.039   0.166   0.334  -0.205   0.158   0.171   0.038  -0.089  -0.226  -0.167   0.057  -0.108   0.062  -0.119  -0.063   0.036   0.011   0.169   0.036   0.076  -0.197  -0.089  -0.035  -0.152   0.111  -0.006   0.160  -0.174  -0.087  -0.004  -0.165   0.287
  90558      0.074   0.216  -0.201   0.077   0.018  -0.062   0.110   0.190   0.127   0.078  -0.128   0.061  -0.081  -0.168  -0.104  -0.241  -0.002  -0.141   0.009  -0.184  -0.219   0.091  -0.002  -0.026  -0.049   0.046   0.081  -0.100  -0.292   0.114  -0.081   0.027   0.100   0.130  -0.047  -0.066   0.181  -0.009  -0.129   0.008  -0.162  -0.150   0.213  -0.075   0.081  -0.167  -0.268   0.101   0.191  -0.125   0.066
  70559      0.135  -0.015  -0.251   0.039  -0.104  -0.034  -0.106   0.202   0.143   0.099  -0.049   0.022  -0.031  -0.018   0.069   0.130  -0.004  -0.200   0.032  -0.129  -0.148  -0.040  -0.284   0.113  -0.003   0.105  -0.074   0.010   0.111  -0.234   0.028  -0.034   0.083  -0.085   0.097   0.260  -0.011   0.164   0.256  -0.019  -0.058  -0.120   0.135  -0.008   0.018   0.310  -0.003  -0.182  -0.046  -0.080  -0.041
  90283      0.112   0.250  -0.035  -0.041   0.059  -0.106  -0.008  -0.147  -0.024   0.208   0.134  -0.009  -0.098  -0.080   0.075   0.200   0.013   0.001  -0.231  -0.013   0.160   0.170   0.151  -0.018  -0.019  -0.076   0.034   0.081   0.096   0.025   0.030  -0.204  -0.004  -0.114   0.089   0.136   0.288   0.093   0.067  -0.132   0.071  -0.058   0.291   0.128   0.270  -0.099   0.068   0.183  -0.284   0.036  -0.057
  50314      0.098  -0.087  -0.001  -0.039  -0.162  -0.092   0.327   0.127  -0.110  -0.139   0.094   0.125  -0.102   0.106   0.194  -0.067   0.014   0.059   0.091  -0.096   0.100  -0.230   0.113  -0.068   0.342   0.122   0.095   0.060   0.260   0.128  -0.113   0.105  -0.114  -0.093   0.201  -0.114  -0.143  -0.008   0.011  -0.004  -0.147  -0.085   0.237  -0.084   0.106  -0.105  -0.113  -0.173  -0.040   0.075  -0.012
  162397     0.110  -0.063   0.150  -0.108   0.014   0.155   0.166  -0.158  -0.088   0.387   0.153  -0.084  -0.066   0.078  -0.028  -0.055   0.155  -0.115  -0.021  -0.097  -0.033  -0.118  -0.052  -0.153  -0.141   0.039   0.008   0.002   0.015  -0.102   0.124  -0.034  -0.202   0.054  -0.029   0.059  -0.157  -0.102   0.222  -0.161  -0.080   0.086  -0.012   0.183  -0.019  -0.021   0.082   0.015   0.233  -0.076   0.028
  162295     0.133  -0.084   0.214  -0.211   0.020   0.149   0.088   0.035  -0.046   0.260   0.113  -0.070  -0.172   0.082  -0.029  -0.011  -0.042   0.019   0.006  -0.005  -0.117   0.074  -0.012  -0.128  -0.038   0.103  -0.022  -0.040  -0.168   0.025   0.018   0.159   0.165   0.143   0.065   0.055   0.025  -0.138  -0.219  -0.058  -0.111  -0.019   0.124  -0.160  -0.030   0.060  -0.131  -0.039  -0.091   0.173  -0.255
  172168     0.153  -0.063  -0.094   0.154   0.170  -0.095   0.007  -0.138   0.097   0.046  -0.049  -0.056   0.221  -0.074   0.152   0.098   0.015  -0.080  -0.252  -0.081   0.083  -0.068   0.234  -0.120  -0.017   0.074  -0.069   0.162  -0.128   0.184   0.024   0.030  -0.156  -0.003  -0.089  -0.023   0.030  -0.119  -0.123   0.086  -0.020  -0.110  -0.063  -0.303   0.086   0.172   0.209  -0.161   0.097  -0.016   0.050
  112142     0.100  -0.182   0.089  -0.037   0.131  -0.130   0.015  -0.254   0.098  -0.058  -0.328   0.006  -0.031   0.007   0.133  -0.060  -0.061  -0.163   0.208  -0.220   0.037  -0.023   0.006   0.035   0.050  -0.001  -0.031   0.013  -0.189  -0.234  -0.090   0.029  -0.131  -0.019  -0.013  -0.127   0.149  -0.064   0.017   0.102   0.125  -0.207   0.091   0.212  -0.090  -0.039   0.089   0.077   0.056   0.204  -0.166
  180996     0.119   0.088  -0.127  -0.176  -0.117  -0.117   0.052  -0.161  -0.067  -0.123   0.027  -0.309  -0.007  -0.236   0.126   0.050  -0.069  -0.046   0.032  -0.103  -0.085   0.119   0.103  -0.139   0.028  -0.078   0.248   0.071  -0.060  -0.234   0.019  -0.145   0.176  -0.150   0.081  -0.105  -0.062  -0.062  -0.081  -0.079  -0.053   0.400  -0.020  -0.087  -0.035   0.073  -0.071  -0.172   0.060  -0.220   0.020
  142539     0.092   0.256   0.177  -0.087  -0.025   0.212   0.030  -0.038   0.054   0.031   0.012  -0.089   0.136   0.005  -0.061   0.039  -0.134  -0.012  -0.025   0.136  -0.140  -0.244   0.196   0.000   0.126  -0.048   0.013  -0.034   0.157   0.111  -0.145   0.066   0.040   0.009  -0.053   0.127   0.251  -0.048  -0.080   0.349  -0.064   0.056   0.141   0.226  -0.164   0.160  -0.125   0.022   0.063  -0.107   0.164
  162398     0.161   0.099  -0.031  -0.124   0.022  -0.071  -0.085  -0.022   0.014   0.054   0.260   0.059   0.038   0.193   0.111  -0.114  -0.024  -0.258  -0.069  -0.022   0.189   0.017  -0.110  -0.091   0.089  -0.241   0.120  -0.169  -0.036   0.002   0.063   0.260  -0.132  -0.027   0.095  -0.098  -0.126   0.112  -0.153   0.227   0.107   0.072  -0.048  -0.003   0.074  -0.073   0.020   0.060  -0.065  -0.128  -0.002
  70602      0.173  -0.159   0.037   0.070   0.078  -0.118  -0.025   0.014  -0.136  -0.044   0.070  -0.101  -0.032  -0.023  -0.034  -0.213  -0.043   0.073   0.082  -0.159   0.061   0.094   0.045   0.060   0.043  -0.045   0.057  -0.109  -0.028   0.106  -0.281  -0.139  -0.183   0.129  -0.110   0.186   0.070  -0.015   0.308  -0.091  -0.036   0.284   0.255  -0.243  -0.175   0.017   0.074   0.220  -0.067   0.075   0.019
  122404     0.141   0.029   0.089  -0.166   0.275   0.006  -0.083   0.108  -0.044   0.010  -0.026   0.022  -0.003   0.128   0.113  -0.180  -0.186  -0.020   0.007   0.008  -0.150  -0.164  -0.087  -0.184   0.172   0.057  -0.146  -0.161  -0.065   0.115   0.057  -0.331   0.145  -0.015  -0.255  -0.034  -0.129   0.154   0.117   0.008  -0.050  -0.074  -0.011  -0.060   0.077  -0.006   0.190  -0.178  -0.134  -0.225   0.101
  72232      0.129   0.163   0.020  -0.170  -0.052   0.016  -0.197   0.060  -0.051  -0.108   0.168   0.130   0.046   0.207  -0.305  -0.065   0.048  -0.002   0.029  -0.010   0.145   0.051   0.053   0.093  -0.029  -0.132  -0.076  -0.070  -0.041  -0.185  -0.187   0.030  -0.002  -0.227  -0.035  -0.171   0.197  -0.050   0.111   0.114  -0.160  -0.032  -0.038  -0.239   0.099   0.164   0.185  -0.046   0.220  -0.006  -0.292
  60210      0.122  -0.030  -0.010   0.064  -0.081  -0.159  -0.364   0.031   0.004  -0.079   0.135   0.117  -0.022   0.138   0.014  -0.039  -0.294   0.127   0.070  -0.050   0.114   0.041   0.201  -0.175   0.081   0.135   0.037  -0.013  -0.088  -0.134   0.068   0.038   0.167   0.320   0.162   0.078  -0.050   0.098  -0.008  -0.058  -0.042  -0.079  -0.080   0.124   0.007   0.009  -0.051   0.220   0.011  -0.071   0.075
  92046      0.123   0.045  -0.012   0.235  -0.028   0.003   0.265  -0.131   0.086  -0.011  -0.042   0.021  -0.034   0.238  -0.048   0.029   0.269   0.203  -0.088  -0.148   0.064   0.000  -0.009  -0.234  -0.141   0.094  -0.164  -0.126   0.054  -0.033   0.000  -0.160   0.094   0.157  -0.055   0.002   0.161   0.222  -0.085   0.116  -0.045   0.167  -0.207  -0.079   0.200   0.053  -0.123  -0.021   0.067   0.018  -0.087
  52111      0.093   0.258  -0.066   0.086  -0.085  -0.077   0.092   0.121   0.110  -0.031   0.224  -0.061  -0.028  -0.110  -0.123   0.150  -0.019   0.098   0.049  -0.007  -0.239  -0.038  -0.001  -0.073   0.256   0.181  -0.043  -0.160  -0.085  -0.026  -0.133  -0.138  -0.189  -0.067  -0.052  -0.077  -0.155  -0.262   0.089   0.006   0.288  -0.051  -0.183   0.220   0.203   0.063   0.029   0.193   0.042   0.073  -0.117
  60016      0.099   0.298  -0.061  -0.077   0.042   0.076   0.094  -0.056   0.018   0.122  -0.111   0.013   0.042  -0.027   0.006   0.001  -0.089  -0.075  -0.052  -0.033   0.227  -0.176  -0.264   0.193  -0.125   0.030   0.101  -0.165   0.100   0.130  -0.018  -0.064   0.040   0.176   0.172  -0.164  -0.022  -0.019   0.174  -0.031   0.002  -0.042  -0.047   0.012  -0.152  -0.200   0.097   0.031   0.165  -0.007  -0.023
  132206     0.171  -0.026   0.045  -0.068  -0.072   0.305   0.067  -0.021   0.120  -0.147  -0.077  -0.037   0.026   0.039  -0.129  -0.070  -0.017  -0.026  -0.076   0.014   0.024  -0.066  -0.006  -0.132   0.114   0.053   0.205   0.055  -0.065  -0.070  -0.012   0.147   0.272   0.178   0.024   0.111   0.055  -0.115   0.205  -0.098   0.250   0.103  -0.114  -0.042   0.039   0.054   0.054  -0.079  -0.146   0.244  -0.076
  112336     0.086  -0.122   0.189   0.034   0.056  -0.105   0.017  -0.016   0.219   0.170   0.256  -0.002   0.122  -0.132   0.124  -0.071   0.299   0.052   0.233  -0.041  -0.028  -0.015   0.083   0.186  -0.094  -0.104   0.174   0.132  -0.077   0.128  -0.093   0.023   0.386  -0.104  -0.031  -0.159  -0.041  -0.042   0.282   0.112   0.049  -0.166  -0.170  -0.029   0.078  -0.071  -0.104   0.017  -0.130  -0.126   0.027
  142565     0.065   0.068   0.228  -0.087   0.118   0.030  -0.054   0.241   0.170  -0.187  -0.209  -0.284   0.129  -0.016   0.151   0.155  -0.077   0.194  -0.093  -0.031   0.014  -0.164  -0.013   0.015  -0.073  -0.012   0.046   0.092  -0.110   0.002  -0.045   0.234  -0.048  -0.086  -0.122  -0.047  -0.041   0.302   0.132  -0.030  -0.066   0.137   0.078   0.047   0.245  -0.112  -0.021   0.132   0.032   0.099  -0.094
  122211     0.154  -0.088   0.151   0.106   0.075   0.141  -0.023  -0.160   0.123  -0.078  -0.011   0.067  -0.028  -0.109   0.009   0.051  -0.048   0.271   0.080  -0.143  -0.116   0.120  -0.127   0.120   0.153  -0.108   0.200  -0.142   0.192  -0.075  -0.026  -0.047   0.045   0.076  -0.029   0.129   0.026  -0.085  -0.327  -0.063  -0.087  -0.095  -0.014   0.057   0.070  -0.247   0.380  -0.090   0.047  -0.223  -0.087
  82058      0.149  -0.108  -0.095  -0.174  -0.138   0.036   0.049   0.166   0.090   0.037   0.103  -0.153   0.145  -0.161  -0.072  -0.002  -0.069   0.088  -0.044  -0.196   0.150   0.039   0.101   0.105  -0.002   0.018  -0.140   0.003   0.054  -0.071   0.283  -0.136  -0.115   0.247  -0.134  -0.157   0.155   0.030   0.069   0.245  -0.151  -0.012  -0.041   0.193  -0.106  -0.094   0.012  -0.216  -0.177   0.139   0.030
  192029     0.107  -0.191   0.226  -0.098  -0.003   0.071  -0.015   0.163   0.056   0.060   0.092   0.008   0.161  -0.114  -0.179   0.194  -0.127  -0.173  -0.052  -0.059   0.048   0.174  -0.048  -0.047   0.129  -0.074   0.146   0.078  -0.046   0.142   0.228  -0.131  -0.109  -0.099  -0.082   0.141  -0.107   0.078  -0.092  -0.037   0.157  -0.141   0.072  -0.132   0.049   0.030  -0.140   0.054   0.345   0.084   0.009
  32138A     0.124   0.014   0.017  -0.107   0.240  -0.076  -0.083   0.140   0.028  -0.092   0.003   0.202  -0.113  -0.211   0.030  -0.109   0.237  -0.061  -0.088   0.228   0.133   0.261   0.032  -0.030   0.106   0.267  -0.082   0.190   0.166  -0.032   0.111   0.170  -0.021   0.060  -0.206   0.070  -0.012  -0.171   0.087   0.100  -0.164   0.161  -0.040   0.168  -0.077  -0.094  -0.050   0.052   0.055  -0.152  -0.163
  60507      0.135  -0.108  -0.140  -0.196  -0.148   0.154  -0.110  -0.140  -0.050  -0.028  -0.169  -0.038  -0.110   0.053  -0.111  -0.091  -0.005   0.065   0.152   0.133  -0.161   0.004   0.188  -0.029  -0.107   0.041   0.109   0.162   0.115   0.146  -0.091   0.049  -0.193  -0.055  -0.025   0.088   0.131  -0.013   0.149  -0.101  -0.153  -0.173  -0.163   0.028   0.241   0.028   0.052   0.027   0.126  -0.112   0.206
  70601A     0.085  -0.232  -0.080  -0.003  -0.161  -0.085  -0.160   0.042  -0.235   0.133  -0.144  -0.060  -0.064   0.112  -0.002   0.020   0.135  -0.191  -0.107  -0.057   0.047  -0.231   0.039   0.078   0.152   0.133  -0.012  -0.090  -0.258   0.116   0.087   0.011   0.161  -0.174  -0.012  -0.067   0.129  -0.115  -0.098  -0.002  -0.035   0.207  -0.103   0.213   0.138  -0.123   0.134   0.154  -0.007   0.005   0.147
  90273      0.079   0.003  -0.047  -0.139   0.251   0.028  -0.085  -0.109   0.194  -0.157  -0.064  -0.054  -0.359  -0.143  -0.299   0.062   0.204   0.056  -0.134  -0.096   0.077  -0.106  -0.044   0.088   0.197  -0.140  -0.084   0.062  -0.091  -0.052   0.024  -0.105   0.007   0.027   0.276  -0.077  -0.224  -0.063  -0.037   0.084  -0.188  -0.026   0.025  -0.024   0.043   0.112  -0.049  -0.001  -0.028   0.152   0.247
  132177A    0.084  -0.051  -0.190   0.122   0.191   0.169   0.111   0.158  -0.021  -0.166   0.219  -0.110  -0.106   0.181   0.212  -0.116  -0.135  -0.110   0.058   0.045  -0.182   0.103  -0.072   0.070  -0.062  -0.218  -0.044   0.114   0.132  -0.137   0.223   0.054  -0.065   0.056  -0.040  -0.177   0.228  -0.159   0.031  -0.104   0.008  -0.015  -0.049  -0.013   0.253  -0.100  -0.030   0.036   0.073   0.161   0.146
  102371     0.128   0.018   0.250  -0.032   0.077  -0.006  -0.046   0.059  -0.106  -0.179  -0.073   0.264  -0.006  -0.031  -0.044  -0.099   0.077  -0.278  -0.101  -0.069  -0.063   0.016  -0.035  -0.145  -0.326  -0.158   0.058   0.124   0.098  -0.023  -0.236  -0.121   0.007   0.128   0.044   0.005  -0.115   0.051  -0.103   0.007   0.111   0.014   0.032   0.235   0.187   0.114  -0.037  -0.085  -0.134   0.058   0.154
  182686     0.064   0.127  -0.088   0.159   0.227   0.211  -0.119   0.148  -0.067   0.159   0.089   0.022   0.226  -0.103   0.043   0.144   0.173   0.095   0.281   0.013   0.245   0.008   0.064  -0.154   0.007   0.168   0.110  -0.067  -0.127  -0.106  -0.108   0.151  -0.095   0.093   0.155  -0.052   0.024  -0.001  -0.043  -0.171  -0.063  -0.069   0.065   0.003   0.002   0.111   0.109  -0.121  -0.021   0.062   0.301
  172036     0.100   0.081  -0.125  -0.217   0.166  -0.061  -0.132  -0.242  -0.068   0.057   0.115   0.220  -0.021  -0.026   0.053  -0.096  -0.046   0.351   0.040  -0.119  -0.092   0.018  -0.111   0.073  -0.046   0.126  -0.135  -0.049  -0.032   0.064   0.059   0.180   0.052  -0.211  -0.221  -0.070   0.013   0.088  -0.072  -0.133   0.268   0.115   0.123   0.103  -0.033   0.070  -0.170  -0.206   0.121   0.212   0.146
  60060      0.147  -0.131  -0.142  -0.082  -0.075   0.142   0.049  -0.075   0.084  -0.136   0.058   0.073  -0.038  -0.132   0.067   0.085   0.236  -0.064   0.205   0.285  -0.071   0.016  -0.020  -0.082   0.013  -0.095  -0.032  -0.093  -0.156   0.152  -0.094  -0.105  -0.216   0.108   0.025  -0.164   0.074   0.280  -0.039   0.037   0.181   0.132   0.149   0.064  -0.092   0.005   0.030  -0.024  -0.004  -0.073  -0.083
  60331      0.139  -0.021   0.093   0.166   0.138  -0.014   0.134   0.011   0.140   0.128  -0.226  -0.131   0.036   0.069  -0.186  -0.189  -0.142   0.016  -0.029   0.229   0.195   0.067   0.000  -0.019  -0.002   0.196  -0.049   0.038   0.220  -0.142   0.010  -0.028   0.123  -0.212   0.066  -0.281  -0.086  -0.021  -0.035  -0.118   0.101   0.072   0.207   0.007   0.064   0.034  -0.003   0.089   0.087  -0.130   0.051
  70535      0.117  -0.135  -0.133  -0.216   0.021   0.047   0.206  -0.017  -0.092  -0.132   0.080  -0.081   0.127   0.007  -0.164  -0.088  -0.008  -0.002  -0.107   0.104  -0.124   0.177   0.104   0.094  -0.190   0.384  -0.024  -0.055  -0.104  -0.049  -0.019   0.030   0.020  -0.117   0.277   0.090  -0.089   0.250  -0.039   0.145   0.127  -0.191  -0.003  -0.027   0.005  -0.209   0.165   0.017  -0.099  -0.049  -0.013
  70069      0.153   0.033   0.051   0.059  -0.102   0.109  -0.147   0.113  -0.025   0.261  -0.098  -0.170  -0.080  -0.094   0.154  -0.109  -0.086   0.138  -0.003   0.036  -0.160   0.247   0.099  -0.051  -0.109  -0.174  -0.181  -0.064   0.064   0.032  -0.120   0.005  -0.096  -0.107   0.136  -0.213  -0.271   0.123  -0.069   0.048  -0.182  -0.021  -0.172   0.044  -0.122   0.065   0.026   0.130  -0.067   0.179  -0.030
  50234      0.029  -0.158  -0.182   0.154   0.282   0.202   0.128   0.044   0.032   0.002  -0.005   0.110  -0.186  -0.071   0.022   0.088  -0.161  -0.176  -0.010   0.090   0.049   0.020   0.329   0.158   0.102  -0.103  -0.015  -0.224   0.038   0.178   0.035   0.009   0.190   0.016   0.021  -0.017  -0.027   0.153   0.077  -0.077   0.082   0.119  -0.130   0.047  -0.061   0.189   0.022   0.038   0.080   0.002  -0.144
  110870     0.109  -0.056  -0.083  -0.046   0.223  -0.237   0.027  -0.044   0.293   0.062   0.078  -0.156  -0.075   0.270   0.038  -0.081  -0.039   0.165   0.070   0.109  -0.040  -0.122  -0.020   0.127  -0.150  -0.060   0.048   0.030  -0.014   0.112   0.101   0.017  -0.118  -0.017   0.216   0.325  -0.002  -0.122  -0.066   0.164   0.065   0.051  -0.016   0.003  -0.066   0.106  -0.059   0.064  -0.004  -0.043   0.029
  62148      0.078   0.094   0.163  -0.141  -0.027  -0.230   0.112  -0.157  -0.195   0.167  -0.127  -0.004   0.017  -0.118   0.119   0.182  -0.036  -0.137   0.183   0.247  -0.100   0.104   0.009   0.239   0.164   0.000  -0.223  -0.103   0.088  -0.122  -0.027   0.126   0.131   0.278   0.017   0.055   0.015   0.032   0.016   0.120   0.003   0.029  -0.032  -0.216   0.275   0.042   0.068  -0.016   0.069   0.152   0.143
  90752      0.116   0.191  -0.095   0.064  -0.128  -0.138   0.141   0.152   0.003   0.072  -0.053  -0.181  -0.197   0.047  -0.069  -0.166   0.147  -0.061  -0.099  -0.142   0.057   0.062   0.188   0.121   0.046  -0.125   0.102   0.037   0.064  -0.045  -0.081   0.306   0.028   0.018  -0.280   0.166  -0.107   0.173  -0.120  -0.108   0.192  -0.108  -0.060   0.101  -0.163   0.066   0.237  -0.147   0.022   0.020   0.080
  102271     0.112   0.169   0.060  -0.172   0.201  -0.023   0.151   0.200  -0.077  -0.099  -0.092   0.131   0.095   0.136   0.253   0.163   0.027  -0.015  -0.039  -0.001  -0.078   0.012   0.123   0.028  -0.038  -0.036  -0.058   0.028  -0.171  -0.055  -0.071  -0.098  -0.002  -0.151   0.218   0.117   0.139  -0.140  -0.033  -0.237  -0.109  -0.009  -0.203   0.099  -0.265  -0.060  -0.015  -0.079   0.029  -0.011  -0.110
  50517r     0.054   0.028   0.081  -0.038  -0.220   0.058  -0.251  -0.037   0.336  -0.113  -0.006   0.042   0.050   0.085   0.250  -0.024   0.334  -0.106  -0.133   0.002  -0.221  -0.045   0.177  -0.048  -0.020   0.089  -0.104  -0.222   0.198  -0.021   0.200   0.003   0.077   0.007   0.041  -0.082  -0.018  -0.079  -0.012  -0.148   0.035  -0.038   0.261  -0.140  -0.139  -0.002   0.127   0.148   0.079   0.082   0.025
  20835r     0.125   0.175   0.044   0.031  -0.196   0.037   0.025  -0.040   0.115   0.072  -0.108   0.361  -0.074  -0.144  -0.095  -0.026  -0.169   0.104  -0.089   0.007  -0.091  -0.070  -0.025   0.044  -0.002  -0.109  -0.050   0.193  -0.155   0.179   0.234   0.166  -0.115  -0.017   0.138  -0.051   0.035   0.037   0.145  -0.133   0.019   0.169  -0.093  -0.194  -0.005  -0.117   0.141  -0.012  -0.145  -0.054   0.029
  122474r    0.178   0.040   0.085   0.073  -0.093   0.050  -0.004  -0.099   0.052   0.014   0.050   0.023  -0.115   0.125  -0.163   0.120  -0.036  -0.078   0.221   0.101   0.148  -0.192   0.281   0.128  -0.017  -0.100  -0.169   0.070  -0.076  -0.184   0.076  -0.144  -0.012  -0.086  -0.196   0.004  -0.058   0.105  -0.093  -0.234  -0.011  -0.154   0.037  -0.028  -0.099  -0.194  -0.257  -0.082  -0.109  -0.079  -0.024
