 % variance  0.202   0.155
 cumulative  0.202   0.357
 series_id   #  1       2
  100990     0.470   0.177
  90546      0.504   0.265
  60315      0.082   0.182
  80371      0.676   0.095
  80745      0.582   0.279
  70471      0.423  -0.212
  80451      0.623   0.389
  50455     -0.165  -0.433
  50322      0.642   0.273
  101212     0.321   0.451
  80540      0.288   0.480
  70519      0.692   0.295
  90130      0.337   0.558
  70536      0.569   0.075
  60078      0.633  -0.254
  70371      0.607   0.255
  60121      0.639   0.180
  80089      0.430   0.082
  60377     -0.115  -0.542
  90558      0.350   0.683
  70559      0.582   0.122
  90283      0.064   0.347
  50314      0.538   0.448
  162397    -0.267  -0.659
  162295    -0.063  -0.623
  172168     0.414  -0.160
  112142     0.363  -0.401
  180996     0.596   0.372
  142539    -0.041   0.223
  162398     0.483   0.396
  70602      0.094  -0.720
  122404     0.601   0.486
  72232      0.373   0.540
  60210      0.569   0.361
  92046      0.090  -0.160
  52111      0.015   0.459
  60016      0.325   0.697
  132206     0.608   0.339
  112336     0.131  -0.388
  142565     0.431   0.505
  122211     0.126  -0.527
  82058      0.681  -0.103
  192029    -0.211  -0.501
  32138A     0.562   0.416
  60507      0.723   0.148
  70601A     0.482  -0.082
  90273      0.477   0.216
  132177A    0.661   0.100
  102371     0.343   0.278
  182686     0.322   0.645
  172036     0.392   0.312
  60060      0.727   0.154
  60331     -0.072  -0.612
  70535      0.561  -0.199
  70069      0.547  -0.045
  50234      0.557  -0.008
  110870    -0.028  -0.535
  62148     -0.055   0.287
  90752     -0.286  -0.299
  102271     0.383   0.622
  50517r    -0.040  -0.228
  20835r     0.291   0.682
  122474r    0.553   0.099
