 eigenvalue 16.426   5.855   4.091   3.200   2.045   1.525   0.925   0.854   0.776   0.657   0.482   0.468   0.399   0.343   0.328   0.274   0.257   0.224   0.217   0.196   0.176   0.165   0.147   0.134   0.126   0.113   0.102   0.091   0.078   0.076   0.072   0.064   0.057   0.052   0.046   0.036   0.032   0.027   0.026   0.023   0.020   0.016   0.013   0.013   0.012   0.009   0.007   0.005   0.003   0.002   0.000
 eval sderr  3.253   1.160   0.810   0.634   0.405   0.302   0.183   0.169   0.154   0.130   0.095   0.093   0.079   0.068   0.065   0.054   0.051   0.044   0.043   0.039   0.035   0.033   0.029   0.027   0.025   0.022   0.020   0.018   0.015   0.015   0.014   0.013   0.011   0.010   0.009   0.007   0.006   0.005   0.005   0.005   0.004   0.003   0.003   0.003   0.002   0.002   0.001   0.001   0.001   0.000   0.000
 % variance  0.398   0.142   0.099   0.078   0.050   0.037   0.022   0.021   0.019   0.016   0.012   0.011   0.010   0.008   0.008   0.007   0.006   0.005   0.005   0.005   0.004   0.004   0.004   0.003   0.003   0.003   0.002   0.002   0.002   0.002   0.002   0.002   0.001   0.001   0.001   0.001   0.001   0.001   0.001   0.001   0.000   0.000   0.000   0.000   0.000   0.000   0.000   0.000   0.000   0.000   0.000
 cumulative  0.398   0.540   0.639   0.716   0.766   0.803   0.825   0.846   0.865   0.881   0.892   0.904   0.913   0.921   0.929   0.936   0.942   0.948   0.953   0.958   0.962   0.966   0.970   0.973   0.976   0.979   0.981   0.983   0.985   0.987   0.989   0.990   0.992   0.993   0.994   0.995   0.996   0.996   0.997   0.998   0.998   0.998   0.999   0.999   0.999   1.000   1.000   1.000   1.000   1.000   1.000
 brokn stck  4.519   3.519   3.019   2.685   2.435   2.235   2.069   1.926   1.801   1.690   1.590   1.499   1.416   1.339   1.267   1.201   1.138   1.079   1.024   0.971   0.921   0.873   0.828   0.785   0.743   0.703   0.664   0.627   0.592   0.557   0.524   0.492   0.460   0.430   0.401   0.372   0.344   0.317   0.291   0.265   0.240   0.216   0.192   0.169   0.146   0.124   0.102   0.081   0.060   0.040   0.020
 series_id   #  1       2       3       4       5       6       7       8       9      10      11      12      13      14      15      16      17      18      19      20      21      22      23      24      25      26      27      28      29      30      31      32      33      34      35      36      37      38      39      40      41      42      43      44      45      46      47      48      49      50      51
  100990     0.109   0.058  -0.007  -0.105   0.256  -0.059  -0.012   0.372  -0.158   0.071  -0.108   0.063   0.143   0.163   0.437  -0.055  -0.053  -0.139  -0.003   0.022  -0.218   0.190   0.183  -0.012  -0.046   0.081  -0.159   0.187  -0.089  -0.084  -0.089  -0.152  -0.098   0.011  -0.113  -0.183   0.000  -0.008  -0.016   0.050  -0.065  -0.088   0.142   0.053   0.048   0.064   0.098  -0.038  -0.042  -0.106   0.053
  90546      0.138   0.045   0.080   0.127   0.127  -0.088  -0.013  -0.315   0.137  -0.136  -0.093  -0.089  -0.025  -0.108  -0.166  -0.054  -0.134  -0.148   0.251   0.033  -0.084   0.333   0.273   0.048   0.024  -0.181   0.072   0.375  -0.107   0.087   0.100   0.043  -0.142  -0.003  -0.032   0.007  -0.028  -0.042  -0.092   0.188  -0.063   0.051   0.031  -0.081  -0.035   0.038  -0.121  -0.081  -0.097   0.076  -0.042
  60315      0.032  -0.016   0.066   0.225   0.282  -0.119   0.017  -0.307  -0.341   0.136   0.026  -0.151   0.190  -0.074   0.164   0.140  -0.037   0.037   0.315   0.184  -0.005  -0.099  -0.072  -0.214  -0.024   0.127   0.102  -0.077   0.199  -0.070  -0.124   0.030   0.092   0.044   0.093   0.002  -0.157  -0.073  -0.024  -0.057   0.094   0.071  -0.092  -0.018  -0.005  -0.065   0.017  -0.005  -0.026  -0.100  -0.124
  80371      0.129   0.135   0.122  -0.206  -0.016  -0.062   0.156   0.030   0.062   0.025   0.022   0.130  -0.016  -0.071   0.062  -0.070  -0.159  -0.047  -0.042  -0.025  -0.112  -0.109  -0.126  -0.059  -0.075   0.048   0.144  -0.012  -0.142   0.195   0.126  -0.006   0.097  -0.176  -0.059   0.123  -0.003  -0.105  -0.001   0.276   0.298  -0.066  -0.021  -0.099   0.094  -0.206  -0.056  -0.187   0.059  -0.057  -0.078
  80745      0.158   0.070  -0.111  -0.053   0.014   0.040   0.000   0.175  -0.170   0.088   0.257   0.039   0.018   0.105  -0.230   0.159  -0.049   0.153   0.099  -0.041  -0.131   0.037  -0.141  -0.266  -0.073  -0.055  -0.127   0.083  -0.096   0.191  -0.084   0.016  -0.033  -0.114  -0.055   0.177  -0.132   0.185  -0.104  -0.096   0.019   0.255  -0.151  -0.201  -0.080   0.026  -0.104   0.098  -0.093  -0.023  -0.099
  70471      0.032   0.181   0.038  -0.276   0.220   0.080  -0.169   0.001   0.006   0.212   0.004  -0.106  -0.081  -0.099  -0.085   0.067  -0.029   0.039  -0.106   0.066   0.097  -0.098   0.105  -0.029   0.024  -0.047   0.096   0.020  -0.079   0.062   0.049   0.123  -0.086   0.090   0.086   0.025  -0.022  -0.123  -0.129   0.084  -0.266   0.202  -0.043   0.027   0.014   0.170   0.142   0.066  -0.046   0.040   0.081
  80451      0.177   0.033  -0.068   0.067  -0.119   0.085   0.015  -0.053  -0.053  -0.061   0.100   0.075   0.005   0.003   0.184  -0.084   0.111  -0.113   0.053   0.031   0.133   0.161  -0.057  -0.227  -0.059  -0.132   0.088  -0.093  -0.021   0.045  -0.174   0.012   0.079   0.244  -0.100   0.030   0.008  -0.113   0.027   0.000  -0.117  -0.233  -0.173   0.028   0.061  -0.106   0.097  -0.270  -0.086  -0.183  -0.037
  50455     -0.095   0.076   0.285  -0.029   0.145   0.003  -0.244  -0.004   0.026   0.108  -0.075  -0.042   0.081   0.034  -0.065   0.104   0.102   0.195  -0.008  -0.009  -0.022   0.083  -0.044  -0.021   0.021  -0.113  -0.005  -0.015   0.058   0.149  -0.010  -0.151   0.025  -0.003  -0.049   0.097  -0.174  -0.149  -0.045   0.155  -0.016  -0.057   0.205   0.112   0.137  -0.094   0.068   0.050   0.193   0.087  -0.011
  50322      0.163   0.079   0.028   0.143  -0.020   0.093  -0.218  -0.015   0.005   0.011  -0.035   0.045  -0.029   0.041   0.032   0.144   0.187   0.128  -0.106  -0.067   0.153  -0.102   0.071   0.291  -0.033   0.088   0.054  -0.075   0.065  -0.067  -0.149   0.053  -0.232   0.093  -0.193  -0.025  -0.069   0.192   0.021  -0.016   0.076   0.046   0.169  -0.042  -0.011  -0.164  -0.201  -0.196  -0.019  -0.130  -0.071
  101212     0.110  -0.067   0.268  -0.126   0.128   0.054  -0.012  -0.077  -0.059   0.077   0.020   0.090   0.129  -0.066   0.015  -0.097  -0.008   0.013  -0.126  -0.108   0.019  -0.022   0.103  -0.003  -0.120   0.123   0.005  -0.123   0.016   0.015  -0.104   0.083   0.185   0.027   0.056  -0.191   0.096  -0.070  -0.089   0.156   0.217  -0.010   0.089  -0.219  -0.091   0.053   0.096   0.163  -0.141   0.060   0.155
  80540      0.132  -0.082   0.018   0.070  -0.075  -0.250   0.111  -0.016   0.250   0.074   0.028  -0.004   0.168   0.138   0.064   0.506   0.087  -0.227  -0.076  -0.073   0.293   0.218  -0.029  -0.066  -0.099   0.215   0.058   0.175   0.057   0.118   0.071  -0.077  -0.026  -0.025   0.061  -0.130   0.039   0.208  -0.066   0.047   0.120   0.048  -0.056   0.075   0.021  -0.049   0.017   0.097   0.071   0.067   0.012
  70519      0.178   0.078   0.030  -0.095   0.030   0.030   0.042  -0.145   0.052  -0.055   0.131  -0.107   0.029  -0.052   0.065   0.049  -0.077   0.105  -0.090  -0.084   0.097  -0.104  -0.016   0.203  -0.110   0.035   0.003   0.053  -0.036  -0.058  -0.001   0.062   0.137  -0.106  -0.005  -0.052   0.191  -0.044  -0.262   0.006   0.149   0.049   0.090  -0.084   0.022  -0.017   0.292   0.006  -0.124  -0.244  -0.052
  90130      0.156  -0.099  -0.130  -0.022   0.036  -0.037   0.041   0.192  -0.128   0.072  -0.174   0.007   0.095  -0.094  -0.070   0.050  -0.151  -0.029   0.173   0.097   0.077  -0.153  -0.045   0.142   0.141   0.073   0.021   0.018   0.035   0.284   0.307   0.216  -0.001   0.293   0.121  -0.101   0.032  -0.108   0.039  -0.121   0.113  -0.208   0.038  -0.011   0.064  -0.001  -0.221  -0.123   0.068   0.013   0.207
  70536      0.119   0.139  -0.032  -0.091   0.056  -0.131  -0.144   0.063   0.209  -0.250   0.346  -0.242  -0.142   0.177   0.176  -0.084  -0.063  -0.010   0.015   0.116  -0.136  -0.225   0.005  -0.073  -0.252   0.191   0.061   0.064  -0.021   0.050  -0.070   0.003  -0.064  -0.020   0.080  -0.031   0.042  -0.100   0.139  -0.107   0.027  -0.029  -0.093   0.156  -0.025   0.046  -0.100   0.005   0.097   0.283   0.066
  60078      0.073   0.248  -0.004  -0.040   0.048  -0.145   0.006   0.093  -0.175  -0.034  -0.139   0.085  -0.420   0.053  -0.053   0.005   0.137   0.110   0.058  -0.065   0.238   0.165   0.170  -0.207  -0.066   0.092  -0.104  -0.025   0.121  -0.125   0.183   0.193   0.065  -0.167  -0.131   0.036  -0.005  -0.123  -0.110  -0.153   0.255  -0.052  -0.122   0.094   0.199   0.142  -0.036  -0.011   0.045  -0.053   0.054
  70371      0.156   0.074   0.086   0.135   0.070   0.120  -0.014   0.135  -0.090   0.045   0.080   0.246  -0.157   0.135   0.015   0.165   0.013   0.093  -0.172  -0.022  -0.061   0.012   0.012   0.052   0.036  -0.160   0.165  -0.015  -0.023  -0.076  -0.059   0.045  -0.273   0.145   0.230   0.000  -0.036   0.006  -0.085  -0.020   0.118  -0.123  -0.020  -0.274  -0.190  -0.090   0.038  -0.107   0.056   0.234  -0.028
  60121      0.149   0.106   0.080   0.145   0.075  -0.028  -0.089  -0.185   0.012  -0.085  -0.147   0.090  -0.047   0.062   0.145  -0.116  -0.136  -0.101  -0.218  -0.011  -0.030  -0.138   0.097  -0.110   0.159  -0.108   0.317  -0.148   0.002  -0.040   0.010  -0.116   0.192  -0.132  -0.015   0.044   0.075   0.300  -0.008   0.080  -0.027  -0.084  -0.149   0.066  -0.002   0.208  -0.221  -0.006   0.114  -0.023  -0.078
  80089      0.093   0.092   0.178   0.209   0.076  -0.029  -0.001  -0.103  -0.148  -0.253   0.001   0.362   0.010  -0.211  -0.018   0.064  -0.186  -0.066  -0.120  -0.002   0.004  -0.081   0.139   0.114  -0.014   0.048  -0.229   0.196  -0.083   0.023  -0.088  -0.063   0.007  -0.191   0.113   0.122  -0.095  -0.120   0.203  -0.317  -0.015   0.082   0.020   0.044  -0.026  -0.149   0.046   0.095   0.136  -0.018   0.116
  60377     -0.108   0.118   0.204   0.159   0.002   0.147   0.026   0.090  -0.037  -0.073   0.291   0.104  -0.008  -0.030  -0.115  -0.088   0.048   0.052   0.020   0.046   0.065   0.087  -0.039   0.045   0.014   0.300   0.153   0.123   0.090  -0.063   0.350   0.033   0.054   0.062   0.220  -0.016   0.132   0.171   0.165   0.022  -0.173   0.066   0.064   0.116   0.128   0.051   0.255  -0.133  -0.051  -0.115  -0.107
  90558      0.172  -0.126  -0.081   0.013   0.034  -0.069  -0.018  -0.035   0.011   0.023   0.021  -0.039   0.095   0.013   0.083   0.008   0.015   0.172  -0.089   0.068  -0.014  -0.003  -0.006   0.063  -0.001  -0.235  -0.011   0.012   0.041  -0.308   0.035   0.180  -0.043   0.026   0.262  -0.109   0.144  -0.100   0.145   0.105   0.131   0.157  -0.167   0.206  -0.001   0.018  -0.077   0.143  -0.003   0.059  -0.172
  70559      0.107   0.133  -0.198  -0.163   0.049  -0.101  -0.132   0.077   0.131   0.020  -0.138   0.012   0.072   0.038  -0.114   0.151  -0.110   0.120   0.095   0.075  -0.103  -0.084   0.069   0.042   0.099  -0.085   0.408   0.018   0.003   0.124  -0.016   0.117   0.007  -0.229  -0.079  -0.042   0.023   0.134   0.161  -0.144  -0.077  -0.083  -0.018   0.071  -0.064  -0.190   0.233   0.052  -0.053  -0.246   0.056
  90283      0.072  -0.075  -0.106  -0.093   0.330   0.228   0.093  -0.023   0.086  -0.237  -0.228   0.218   0.020   0.088  -0.264   0.013  -0.173   0.077  -0.004  -0.005   0.176   0.001  -0.215   0.013  -0.179   0.160  -0.017  -0.016   0.043  -0.015  -0.144  -0.128  -0.048   0.157  -0.118   0.008  -0.109  -0.022   0.224   0.187   0.018  -0.133  -0.162   0.143   0.095   0.021   0.061   0.202  -0.150   0.034  -0.074
  50314      0.168  -0.016   0.100   0.007  -0.026  -0.015  -0.191  -0.045  -0.009  -0.094   0.315  -0.065   0.164  -0.036  -0.152  -0.033   0.231   0.032  -0.044  -0.160   0.021   0.019  -0.002   0.053   0.186  -0.074  -0.085   0.036  -0.057   0.232   0.030  -0.161   0.049   0.075  -0.058   0.001  -0.065  -0.218  -0.089  -0.034   0.088  -0.308  -0.142   0.202  -0.117   0.086   0.073   0.028   0.186  -0.123  -0.077
  162397    -0.165   0.126  -0.040   0.083   0.106   0.021   0.157   0.042   0.118  -0.027   0.058   0.017   0.057  -0.012  -0.051   0.144  -0.095  -0.148   0.017  -0.020  -0.013  -0.034  -0.014   0.036   0.083  -0.130  -0.029  -0.064   0.061  -0.050  -0.109  -0.055   0.086   0.045  -0.278   0.066   0.132   0.086  -0.009  -0.187   0.045   0.028   0.001  -0.169   0.041   0.316   0.195  -0.102   0.136  -0.045   0.043
  162295    -0.108   0.184  -0.023   0.107   0.063   0.186   0.275   0.121   0.158   0.115   0.113   0.129  -0.029  -0.113  -0.057   0.197  -0.032  -0.068   0.078   0.109  -0.125   0.001  -0.029   0.052   0.122  -0.219  -0.132  -0.106   0.057  -0.060  -0.055   0.058   0.026  -0.159   0.090  -0.121   0.165  -0.126  -0.113   0.159   0.167  -0.027   0.038   0.307  -0.023  -0.039  -0.170   0.052   0.050  -0.084   0.003
  172168     0.043   0.207  -0.231   0.005   0.078   0.020  -0.010  -0.182   0.010  -0.061   0.024  -0.160  -0.201   0.236   0.027  -0.111  -0.334   0.081   0.000   0.044   0.246   0.148  -0.079  -0.040   0.126  -0.027  -0.198  -0.048   0.055  -0.016   0.058  -0.151  -0.085   0.089   0.171   0.023   0.136   0.019  -0.181  -0.047  -0.001  -0.170   0.247  -0.044  -0.189  -0.185   0.082   0.073   0.013  -0.070  -0.084
  112142     0.006   0.223   0.093   0.064  -0.167   0.189   0.174  -0.057  -0.251   0.022  -0.070  -0.274   0.233   0.205   0.098  -0.016  -0.065   0.026   0.134  -0.227   0.136  -0.110  -0.193   0.176  -0.127  -0.182   0.077   0.103  -0.097  -0.111   0.155  -0.140  -0.190  -0.207   0.018   0.109  -0.040  -0.032   0.105   0.037   0.040  -0.032  -0.087  -0.015   0.144   0.025   0.026  -0.041  -0.028   0.085   0.265
  180996     0.176   0.023  -0.045  -0.048  -0.006   0.097   0.031   0.030  -0.003  -0.179  -0.020   0.008   0.171  -0.238   0.091  -0.202  -0.001   0.054   0.237  -0.113   0.210  -0.051  -0.056  -0.115   0.133   0.104  -0.009  -0.064   0.041   0.129  -0.256   0.198  -0.261  -0.051  -0.044  -0.038   0.143   0.157  -0.069   0.047   0.027   0.208   0.192   0.105  -0.086   0.160   0.051   0.003   0.352   0.065   0.082
  142539     0.030  -0.066  -0.093   0.161   0.354   0.132   0.207   0.018   0.275   0.192  -0.015  -0.185  -0.241  -0.132   0.092  -0.155   0.160  -0.174  -0.084  -0.246   0.044  -0.031  -0.002   0.016   0.038   0.027   0.070  -0.026  -0.093   0.158  -0.092  -0.061  -0.040   0.033   0.138   0.088  -0.133  -0.085   0.034  -0.177   0.078   0.224  -0.101   0.071   0.046  -0.186   0.069  -0.160  -0.110  -0.043   0.109
  162398     0.150  -0.020   0.091   0.045   0.182  -0.073  -0.037   0.179   0.167  -0.012   0.142   0.114   0.107   0.139  -0.181  -0.224   0.071  -0.270   0.191   0.061   0.242  -0.298  -0.115   0.019   0.036  -0.106  -0.061   0.017  -0.067  -0.265   0.129  -0.073   0.037  -0.057  -0.047  -0.088  -0.218   0.086  -0.253   0.007  -0.053  -0.009   0.027  -0.060  -0.024   0.051  -0.150   0.050  -0.094  -0.044   0.000
  70602     -0.091   0.268   0.021   0.000   0.115   0.047  -0.070  -0.038  -0.053  -0.038  -0.040   0.020   0.060   0.106   0.087  -0.008   0.225  -0.107   0.030   0.199   0.135  -0.044   0.058   0.042   0.086  -0.002  -0.050  -0.079   0.042   0.210   0.213  -0.155   0.146   0.144  -0.235   0.061   0.283  -0.061   0.241   0.025   0.137   0.265  -0.024  -0.135  -0.311  -0.088  -0.084   0.094  -0.125   0.168   0.035
  122404     0.183  -0.009  -0.031   0.085  -0.125   0.070   0.022   0.008   0.086   0.051   0.069   0.033  -0.042   0.088   0.038  -0.046  -0.016  -0.110   0.121   0.035  -0.122   0.056  -0.044   0.083  -0.020  -0.130   0.020  -0.029   0.028   0.019   0.043  -0.034   0.029   0.076  -0.011  -0.240   0.035  -0.185   0.176  -0.160  -0.041   0.071  -0.082  -0.243   0.002  -0.013   0.094   0.365   0.150  -0.261   0.011
  72232      0.158  -0.082   0.140   0.056   0.060   0.009   0.023   0.130   0.029  -0.042  -0.139  -0.135  -0.080  -0.018  -0.124  -0.032   0.249  -0.155   0.058   0.270  -0.069   0.113  -0.062  -0.104  -0.293  -0.012   0.080  -0.184  -0.077  -0.153   0.106   0.033  -0.103  -0.065   0.104   0.312   0.015   0.033   0.103   0.101   0.014  -0.040   0.232  -0.039  -0.182  -0.043   0.068   0.106   0.250  -0.247   0.095
  60210      0.166   0.017   0.084   0.094  -0.089   0.008  -0.156   0.066  -0.084  -0.061  -0.110  -0.071  -0.213   0.057   0.017  -0.028   0.097  -0.054   0.168   0.221  -0.004   0.071  -0.219   0.287   0.128   0.049  -0.268  -0.055  -0.200   0.188  -0.184   0.129   0.192  -0.228   0.088  -0.172  -0.007   0.149   0.065   0.172  -0.033   0.072  -0.100  -0.009   0.065  -0.005   0.108  -0.150  -0.159   0.055  -0.129
  92046     -0.002   0.110  -0.231   0.219   0.108  -0.144   0.107   0.024  -0.250  -0.114   0.246  -0.046   0.075   0.035  -0.131   0.004  -0.155  -0.074  -0.253  -0.068  -0.050   0.131   0.019  -0.004  -0.148  -0.111   0.032  -0.250  -0.198   0.117   0.086   0.181   0.159   0.165  -0.044  -0.135  -0.193   0.114   0.069   0.212  -0.037   0.119   0.206   0.100   0.044   0.023   0.030  -0.040   0.069   0.035   0.128
  52111      0.112  -0.129  -0.226   0.096   0.135  -0.079  -0.148  -0.003  -0.009  -0.039   0.121  -0.057  -0.084  -0.091  -0.037  -0.030   0.163   0.109  -0.013   0.067  -0.019   0.025   0.034   0.006   0.220  -0.158   0.043   0.051   0.090  -0.051   0.046  -0.200  -0.097  -0.072   0.002  -0.045  -0.044   0.072   0.229   0.099   0.333  -0.023   0.089  -0.183   0.333   0.224   0.187   0.041  -0.071   0.065   0.153
  60016      0.162  -0.156  -0.003  -0.056   0.132   0.020   0.072   0.017  -0.024   0.070  -0.025  -0.045   0.027   0.032  -0.013   0.033  -0.054   0.003  -0.125  -0.058   0.094  -0.040   0.004   0.116  -0.047  -0.028  -0.036   0.166   0.045  -0.167   0.176   0.238   0.116  -0.034  -0.202   0.001  -0.061  -0.168   0.116  -0.058  -0.147   0.031  -0.071  -0.118  -0.222   0.150   0.065  -0.261   0.168   0.038  -0.245
  132206     0.167   0.035   0.011   0.118  -0.015  -0.082   0.253   0.097  -0.026   0.101   0.110  -0.155   0.010  -0.038   0.003  -0.093   0.038  -0.082  -0.164   0.078  -0.003  -0.051  -0.027   0.025   0.279   0.132   0.036   0.129   0.225  -0.003  -0.132   0.218   0.085  -0.096  -0.147   0.275  -0.013  -0.023   0.034   0.026  -0.154  -0.261   0.216  -0.109   0.138  -0.145  -0.001   0.299  -0.125   0.250  -0.097
  112336    -0.014   0.156   0.026   0.262  -0.139   0.131  -0.226   0.039   0.314   0.030  -0.061  -0.144   0.283   0.010  -0.087  -0.008  -0.176  -0.006  -0.166   0.110  -0.056  -0.051   0.098  -0.284   0.016   0.095  -0.283  -0.003   0.000  -0.098   0.004   0.271  -0.160   0.035  -0.110   0.078  -0.002  -0.096   0.123   0.107   0.176  -0.029  -0.110  -0.080   0.042  -0.015   0.071  -0.141  -0.135  -0.097   0.053
  142565     0.161  -0.044   0.075   0.106  -0.058   0.150  -0.056   0.023  -0.001   0.258   0.070   0.081  -0.048  -0.051   0.101  -0.296  -0.142   0.071  -0.055  -0.113  -0.032   0.251  -0.009   0.050  -0.042   0.061  -0.017  -0.044   0.239   0.141   0.170   0.018  -0.119  -0.026  -0.135   0.003   0.028   0.161  -0.037   0.097  -0.084   0.083  -0.305   0.011   0.018  -0.056  -0.080   0.228   0.082  -0.048   0.116
  122211    -0.049   0.222  -0.113   0.227  -0.053   0.105   0.018   0.065  -0.056   0.164  -0.057   0.040   0.023  -0.111   0.059   0.015   0.156   0.097  -0.151   0.131   0.281  -0.078   0.005  -0.126  -0.090   0.029   0.152   0.219  -0.295   0.140  -0.132  -0.024  -0.024  -0.091   0.094  -0.132   0.051  -0.169   0.031   0.043  -0.171  -0.118   0.054  -0.022  -0.005   0.249  -0.185   0.182  -0.091  -0.132  -0.057
  82058      0.095   0.210   0.102  -0.139   0.078  -0.009  -0.001   0.060   0.090   0.003   0.058  -0.153   0.118  -0.329   0.007  -0.026  -0.029   0.179  -0.069   0.121   0.000   0.394  -0.289   0.118  -0.002  -0.023   0.109  -0.003  -0.157  -0.268  -0.030  -0.054   0.118   0.108  -0.207  -0.070  -0.023   0.059   0.045  -0.296   0.066   0.028   0.029   0.062   0.029  -0.079  -0.240  -0.004  -0.030   0.094   0.003
  192029    -0.120   0.109   0.232  -0.066   0.131   0.066   0.152  -0.004   0.068   0.148   0.062   0.034  -0.079   0.043  -0.023  -0.015  -0.066   0.080   0.060   0.229  -0.001   0.018  -0.133  -0.122   0.131   0.012   0.009   0.173   0.033   0.011  -0.113  -0.033  -0.046   0.079   0.084  -0.168   0.013   0.159   0.088   0.054   0.027  -0.128  -0.154  -0.149   0.004   0.048   0.107  -0.176   0.276   0.085   0.012
  32138A     0.177   0.006  -0.008  -0.001  -0.115   0.144   0.034  -0.066   0.090   0.006  -0.087   0.072   0.167   0.167  -0.043  -0.026  -0.039   0.049  -0.034   0.234  -0.179   0.119   0.067   0.117   0.111   0.263   0.075  -0.107  -0.108   0.002  -0.014  -0.099   0.105   0.132   0.227   0.245  -0.075  -0.017  -0.265  -0.223   0.101   0.071   0.005   0.018   0.103   0.281  -0.047  -0.031  -0.106  -0.015   0.141
  60507      0.158   0.137   0.025  -0.106  -0.055  -0.063   0.129   0.093  -0.063   0.049  -0.092  -0.115  -0.049  -0.181   0.071   0.101   0.020  -0.065   0.032  -0.103  -0.054  -0.104   0.091   0.138  -0.087  -0.127  -0.182   0.079  -0.015   0.054  -0.038  -0.060   0.007   0.324   0.113   0.367   0.073   0.237   0.111   0.096   0.087  -0.069  -0.095   0.125  -0.052   0.223   0.087   0.097  -0.043  -0.053  -0.254
  70601A     0.054   0.147   0.239  -0.187  -0.079   0.028  -0.052   0.135   0.010  -0.233   0.012   0.001  -0.004   0.181   0.082   0.144  -0.077  -0.226  -0.023  -0.098   0.115   0.126  -0.062  -0.024   0.238  -0.171   0.108  -0.097   0.303   0.021  -0.134   0.135   0.008   0.073   0.150   0.053  -0.166  -0.204   0.097   0.036  -0.114   0.247   0.043   0.021   0.136   0.051  -0.074   0.006  -0.113  -0.101   0.030
  90273      0.136   0.074  -0.168  -0.033  -0.204   0.103   0.150   0.054  -0.076   0.024  -0.170   0.041   0.134   0.018  -0.124  -0.221   0.112  -0.033  -0.156   0.111  -0.040   0.065  -0.014  -0.123   0.007  -0.039   0.103   0.143   0.263   0.050   0.018  -0.164   0.033  -0.150   0.038  -0.140  -0.224  -0.071  -0.016  -0.050   0.175   0.144   0.106   0.206  -0.309   0.040   0.204  -0.157  -0.063   0.163  -0.130
  132177A    0.140   0.127  -0.061   0.102  -0.051  -0.186  -0.114  -0.043  -0.060   0.193   0.072   0.316  -0.005  -0.012  -0.127   0.001   0.056  -0.098   0.243  -0.126  -0.125  -0.036  -0.080  -0.014   0.010   0.037   0.115  -0.014  -0.059  -0.217  -0.070  -0.004  -0.074   0.114  -0.118   0.108   0.296  -0.112  -0.065   0.066  -0.097   0.009  -0.019   0.216  -0.030  -0.089   0.195  -0.053  -0.173   0.229   0.165
  102371     0.097  -0.011   0.266   0.076   0.004  -0.011   0.309  -0.066   0.065   0.063  -0.046  -0.050   0.042   0.310  -0.087  -0.091   0.076   0.233   0.050   0.169   0.024  -0.110   0.336   0.031  -0.103  -0.200  -0.064  -0.121  -0.070   0.151  -0.039   0.099  -0.023   0.098  -0.171  -0.130  -0.013   0.121  -0.029  -0.190  -0.044   0.016   0.001   0.216   0.166  -0.095   0.119   0.048   0.002   0.098  -0.026
  182686     0.162  -0.135  -0.001  -0.007   0.106  -0.036  -0.062  -0.067  -0.033   0.193  -0.045  -0.029   0.037   0.014   0.086   0.171  -0.104  -0.049  -0.183   0.102   0.106   0.032  -0.121  -0.039   0.247   0.043  -0.199  -0.274  -0.179  -0.027   0.171  -0.102  -0.086  -0.225  -0.034   0.094   0.011  -0.035   0.050  -0.026  -0.181  -0.007  -0.103   0.155  -0.071   0.029   0.138  -0.057   0.070   0.094   0.096
  172036     0.138   0.038  -0.217   0.033  -0.112   0.204  -0.086   0.014   0.024  -0.030  -0.090   0.002   0.023  -0.110  -0.040   0.094   0.002  -0.146   0.007   0.156   0.067   0.006   0.066   0.063  -0.251  -0.041   0.030  -0.086   0.055  -0.002  -0.035  -0.111   0.135  -0.009  -0.002   0.002   0.101  -0.159  -0.187   0.024  -0.137   0.085  -0.054  -0.178   0.358  -0.097   0.094  -0.028   0.310   0.306  -0.133
  60060      0.162   0.135  -0.035  -0.107  -0.070  -0.027   0.067   0.076  -0.062   0.002   0.003  -0.047   0.041  -0.159  -0.075   0.007  -0.015   0.035  -0.024  -0.008  -0.049  -0.223   0.211  -0.164   0.190   0.119  -0.109  -0.026  -0.027  -0.145   0.144  -0.336  -0.072   0.132   0.020  -0.138  -0.034   0.049   0.020   0.094  -0.092   0.196   0.014  -0.034   0.214  -0.263  -0.077  -0.040   0.064  -0.130  -0.197
  60331     -0.104   0.193  -0.178   0.086   0.113  -0.010   0.070  -0.134   0.023  -0.003   0.054   0.061  -0.019   0.121   0.107   0.034   0.095   0.006   0.035   0.059  -0.243  -0.018  -0.074   0.331   0.020   0.267   0.050  -0.065   0.115   0.036   0.076   0.054  -0.231  -0.034  -0.181   0.029  -0.197  -0.171  -0.128   0.151  -0.003   0.045  -0.052   0.041  -0.001   0.142  -0.035   0.050   0.128  -0.112  -0.185
  70535      0.052   0.234  -0.103  -0.209  -0.006   0.046   0.138  -0.103   0.012   0.007   0.115  -0.074   0.087  -0.149  -0.128   0.074   0.157  -0.046   0.101  -0.033   0.027   0.096   0.332   0.120  -0.037   0.124  -0.110  -0.243   0.133  -0.123  -0.085  -0.018   0.017  -0.158   0.163  -0.110  -0.186   0.096   0.142   0.086  -0.158  -0.264  -0.194  -0.143  -0.173  -0.006  -0.055  -0.059  -0.043   0.058   0.214
  70069      0.098   0.149   0.006   0.187  -0.021  -0.144   0.024   0.050   0.349  -0.078  -0.125   0.166   0.015  -0.185   0.305   0.064   0.026   0.328   0.155  -0.129  -0.061  -0.075  -0.152  -0.088  -0.133  -0.127  -0.131  -0.138   0.135   0.087   0.246  -0.031   0.126   0.019   0.087  -0.026  -0.217   0.018  -0.027  -0.004  -0.200  -0.044   0.131  -0.106  -0.070   0.115   0.096  -0.003  -0.130   0.124   0.003
  50234      0.091   0.167  -0.099  -0.135  -0.113  -0.113   0.083  -0.339   0.111   0.170  -0.128   0.127  -0.044   0.227  -0.042  -0.078   0.200   0.038  -0.038  -0.165  -0.088  -0.029  -0.166  -0.079   0.142   0.094  -0.131   0.169  -0.188  -0.136  -0.073   0.140   0.168   0.172   0.058  -0.024  -0.105   0.001   0.188   0.070  -0.025   0.098   0.115  -0.057   0.060  -0.003  -0.028   0.037   0.252  -0.053   0.138
  110870    -0.086   0.191  -0.094   0.079   0.142   0.068  -0.356   0.066  -0.005   0.261  -0.092  -0.051   0.107   0.063  -0.094  -0.112  -0.044  -0.172   0.004  -0.140  -0.043  -0.029  -0.016   0.103  -0.173  -0.067  -0.097   0.142   0.221   0.007  -0.071   0.061   0.277  -0.005   0.179   0.010  -0.024   0.194  -0.012  -0.113   0.074  -0.077   0.022   0.108   0.040  -0.081  -0.022   0.000   0.137   0.009  -0.018
  62148      0.037  -0.094  -0.086   0.047   0.099   0.525  -0.034   0.058   0.000  -0.197   0.008  -0.068  -0.010   0.093   0.165   0.207   0.111   0.078   0.197  -0.189  -0.114   0.023   0.149  -0.156   0.203   0.074   0.063   0.110  -0.194  -0.126   0.152   0.131   0.276  -0.013  -0.058   0.036  -0.042   0.078  -0.048   0.057   0.028  -0.050   0.023   0.067  -0.074  -0.120   0.009   0.123   0.056   0.116   0.006
  90752     -0.105   0.038  -0.136   0.002   0.271  -0.208   0.093   0.120   0.017  -0.241  -0.092   0.071   0.360   0.129  -0.017  -0.170   0.271   0.187  -0.108  -0.054   0.000   0.129  -0.018   0.034   0.070  -0.064  -0.052   0.008   0.002   0.055  -0.008   0.086  -0.005  -0.094   0.211   0.162   0.261  -0.015  -0.122   0.010  -0.121   0.032  -0.230  -0.167   0.097  -0.159  -0.042  -0.077   0.063  -0.052  -0.030
  102271     0.169  -0.103   0.015   0.012   0.094   0.075   0.027  -0.014   0.073   0.208   0.103   0.018   0.048   0.179  -0.143   0.015  -0.080   0.108   0.155  -0.226  -0.034   0.109   0.090  -0.045  -0.078   0.071  -0.023  -0.156   0.062   0.086  -0.070  -0.146   0.051  -0.190   0.065   0.034   0.266  -0.152   0.298  -0.060  -0.083  -0.006   0.296  -0.037   0.066   0.183  -0.260  -0.210  -0.047  -0.009  -0.202
  50517r    -0.059   0.030   0.079   0.282  -0.106  -0.237   0.021   0.355   0.037   0.010  -0.155  -0.204  -0.067   0.045  -0.146  -0.045  -0.202   0.179   0.124  -0.179   0.096   0.051   0.130   0.110   0.133   0.193   0.167  -0.087  -0.116  -0.119  -0.186  -0.154   0.171   0.075   0.011  -0.008  -0.050  -0.184  -0.002   0.149   0.050   0.093  -0.161  -0.061  -0.190   0.001   0.086   0.053   0.143   0.026  -0.016
  20835r     0.169  -0.120  -0.033   0.085   0.014   0.024   0.074   0.026  -0.021  -0.070   0.047  -0.084  -0.138   0.023  -0.040   0.123   0.005   0.230  -0.110   0.162  -0.051  -0.115  -0.046   0.036  -0.060  -0.042  -0.080   0.273   0.298  -0.016  -0.111  -0.164   0.217   0.045  -0.102   0.070   0.116  -0.022  -0.099   0.217  -0.178   0.100  -0.016   0.071  -0.089  -0.010  -0.143  -0.180   0.027  -0.181   0.455
  122474r    0.121   0.105   0.161   0.115   0.079   0.015   0.035  -0.039  -0.116  -0.185  -0.271  -0.252  -0.082  -0.040  -0.236   0.108   0.132  -0.126  -0.161  -0.218  -0.349  -0.075  -0.240  -0.147   0.004   0.088  -0.032  -0.057   0.082   0.042   0.057  -0.011  -0.132   0.023  -0.009  -0.315   0.216   0.002  -0.115  -0.131  -0.110  -0.086  -0.030  -0.031   0.003   0.063  -0.016   0.030  -0.075   0.024  -0.018
