frni_drop_canopy.rwl -- no data title --                  1st itrdb line missing     
frni_drop_canopy.rwl -- no data title --                  2nd itrdb line missing     
frni_drop_canopy.rwl -- no data title --                  3rd itrdb line missing     
frni_d19059990  09990  09990  09990  09990  02134  12256  12047  12167  12567  1  trn
frni_d19102688  12200  12364  12047  12493  12920  12725  12216  12091  11733  1  trn
frni_d19201386  11502  11217  11551  11141  11247  11247  12047  11838  11765  1  trn
frni_d19301514  12010  11838  12349  12216  12047  12233  12688  12408  11887  1  trn
frni_d19402486  12493  12436  11733  11172  11489  11304  1 712  1 994  1 959  1  trn
frni_d1950 670  1 560  1 773  11172  1 887  11345  11217  11187  11563  11261  1  trn
frni_d19601318  12038  11332  11838  11232  11232  11045  1 942  1 977  11786  1  trn
frni_d19702001  11700  11765  12233  12020  11733  11359  1 994  11907  12020  1  trn
frni_d19802632  12134  11689  11733  11983  11645  11848  12256  12451  12479  1  trn
frni_d19902819  11587  11868  12233  12625  12670  11878  12334  12091  12010  1  trn
frni_d20001645  11700  11838  12326  12142  11514  11689  11817  11807  11858  1  trn
frni_d20102326  11983  11610  11345  11399  11202  19990  09990  09990  09990  0  trn
frni_drop_canopy.rwl -- no data title --                  1st itrdb line missing     
frni_drop_canopy.rwl -- no data title --                  2nd itrdb line missing     
frni_drop_canopy.rwl -- no data title --                  3rd itrdb line missing     
frni_d19059990  09990  09990  09990  09990  0 742  1 866  1 774  1 888  11152  1  std
frni_d19101245  1 999  11117  1 957  11229  11466  11384  11131  11076  1 880  1  std
frni_d1920 670  1 762  1 582  1 820  1 554  1 641  1 652  11151  11041  11007  1  std
frni_d1930 863  11160  11071  11353  11291  11208  11314  11548  11418  11153  1  std
frni_d19401472  11483  11464  11103  1 775  1 981  1 877  1 483  1 694  1 677  1  std
frni_d1950 476  1 395  1 562  1 834  1 648  1 942  1 863  1 842  11064  1 882  1  std
frni_d1960 912  11310  1 908  11191  1 830  1 821  1 688  1 605  1 618  11110  1  std
frni_d19701218  11040  11065  11309  11185  11012  1 770  1 501  11078  11130  1  std
frni_d19801441  11173  1 907  1 924  11062  1 851  1 967  11192  11290  11300  1  std
frni_d19901468  1 777  1 949  11156  11363  11385  1 952  11212  11080  11037  1  std
frni_d2000 819  1 859  1 947  11228  11133  1 763  1 881  1 966  1 967  11004  1  std
frni_d20101271  11091  1 879  1 718  1 763  1 639  19990  09990  09990  09990  0  std
frni_drop_canopy.rwl -- no data title --                  1st itrdb line missing     
frni_drop_canopy.rwl -- no data title --                  2nd itrdb line missing     
frni_drop_canopy.rwl -- no data title --                  3rd itrdb line missing     
frni_d19059990  09990  09990  09990  09990  0 851  11026  1 869  11029  11223  1  res
frni_d19101162  1 838  11121  1 885  11260  11348  11100  1 876  1 996  1 834  1  res
frni_d1920 760  1 969  1 756  11067  1 695  1 922  1 888  11343  1 951  1 984  1  res
frni_d1930 864  11243  1 974  11322  11078  11028  11196  11384  11078  1 875  1  res
frni_d19401397  11208  11176  1 784  1 707  11115  1 896  1 592  11002  1 882  1  res
frni_d1950 714  1 759  1 935  11091  1 772  11146  1 907  1 934  11160  1 846  1  res
frni_d1960 989  11368  1 694  11247  1 703  1 931  1 815  1 819  1 876  11321  1  res
frni_d19701161  1 901  11044  11280  1 992  1 894  1 768  1 678  11341  11091  1  res
frni_d19801381  1 882  1 792  1 984  11112  1 816  11060  11218  11183  11129  1  res
frni_d19901305  1 410  11080  11193  11283  11173  1 679  11243  1 948  1 990  1  res
frni_d2000 800  1 974  11038  11266  1 994  1 676  11027  11043  1 993  11029  1  res
frni_d20101276  1 919  1 822  1 805  1 943  1 806  19990  09990  09990  09990  0  res
frni_drop_canopy.rwl -- no data title --                  1st itrdb line missing     
frni_drop_canopy.rwl -- no data title --                  2nd itrdb line missing     
frni_drop_canopy.rwl -- no data title --                  3rd itrdb line missing     
frni_d19059990  09990  09990  09990  09990  0 798  1 907  1 810  1 918  11171  1  ars
frni_d19101264  11014  11131  1 972  11237  11470  11394  11137  11086  1 890  1  ars
frni_d1920 680  1 777  1 599  1 835  1 567  1 658  1 673  11152  11051  11021  1  ars
frni_d1930 879  11168  11085  11359  11302  11221  11326  11553  11426  11158  1  ars
frni_d19401467  11486  11470  11100  1 766  1 979  1 885  1 477  1 696  1 691  1  ars
frni_d1950 490  1 414  1 583  1 852  1 667  1 955  1 881  1 863  11080  1 899  1  ars
frni_d1960 930  11313  1 901  11185  1 821  1 822  1 696  1 619  1 637  11111  1  ars
frni_d19701227  11051  11079  11317  11197  11024  1 779  1 507  11065  11133  1  ars
frni_d19801438  11173  1 905  1 930  11072  1 863  1 981  11203  11303  11314  1  ars
frni_d19901478  1 721  1 918  11143  11358  11388  1 939  11203  11081  11045  1  ars
frni_d2000 828  1 872  1 964  11239  11148  1 765  1 888  1 979  1 984  11023  1  ars
frni_d20101282  11104  1 890  1 730  1 779  1 658  19990  09990  09990  09990  0  ars
