  year  #   1       2       3       4       5       6       7       8       9      10      11      12      13      14      15      16      17      18      19      20      21      22      23      24      25      26      27
  1950  -6.296   1.623  -1.158   1.146   0.297  -0.503  -0.093   1.123  -1.347   0.890   0.306  -0.135   1.266   0.963  -0.539  -0.293  -0.074   0.010   0.739  -0.066  -0.120  -0.750   0.250   0.058  -0.271   0.202  -0.123
  1951  -6.587   0.424  -1.897   1.483  -1.697   0.480  -1.344  -0.618   0.242  -1.685  -0.436   0.810   0.352  -0.501  -0.422   0.349  -0.328  -0.913   0.095   0.508   0.219   0.405   0.262   0.394  -0.006  -0.286   0.022
  1952  -5.302  -0.985  -2.638   1.330  -1.726   1.760   0.465  -1.870   0.404  -0.356   0.540  -0.799  -0.342   0.465   0.672  -0.199   0.372   0.325  -0.082   0.215   0.605   0.312   0.439  -0.485   0.226  -0.151  -0.222
  1953  -3.180  -2.322  -3.108   0.074  -0.318   0.027  -0.259  -1.591   0.360   0.276   0.693  -0.648  -0.253   0.445   0.379   0.726   0.774   0.508   0.353  -0.243  -0.146   0.256  -0.160   0.208  -0.210   0.114   0.121
  1954   4.461  -3.942  -5.751  -1.365   0.300  -2.200  -0.307   0.958   1.530   1.520  -0.678  -0.500   0.650  -0.620  -0.267  -0.637  -0.353   0.274  -0.405   0.597  -0.166  -0.292   0.120   0.089  -0.053  -0.034   0.030
  1955   6.533  -2.414  -0.998  -3.503  -0.636   1.366   1.815  -1.079  -1.283  -0.447   0.347   0.677  -0.366  -0.496   0.273   0.458  -0.532   0.171   0.254   0.138   0.438  -0.639   0.093  -0.260   0.120   0.002   0.135
  1956   6.125   0.182   0.297  -1.954  -2.617   1.048  -0.113  -0.178   0.444   1.005  -0.060   0.878  -0.155   0.182  -0.512   0.209   0.728  -0.480   0.009   0.532   0.079   0.265  -0.163   0.194  -0.001   0.074  -0.443
  1957   4.355   0.390   1.707  -0.655  -2.249  -1.057  -3.818  -0.965   0.021  -1.397  -0.596   0.265  -0.466  -0.079  -0.006   0.272  -0.743   0.321   0.412   0.129  -0.498  -0.335   0.131  -0.094   0.477  -0.123   0.138
  1958   2.040  -0.367   2.155  -0.382  -1.081  -1.434   0.745  -2.169  -2.111   0.686   2.128  -0.435   0.276  -0.822   0.358  -0.889  -0.247   0.030  -0.593  -0.287   0.011   0.105   0.176   0.293  -0.287  -0.039   0.054
  1959   3.935  -0.855   1.918   0.316  -1.623  -1.850  -0.824   0.391   0.343  -0.108  -0.333  -0.513   0.802   1.265  -0.890  -0.730   0.570  -0.863   0.059  -0.334   0.553   0.231   0.260   0.049  -0.086   0.066   0.122
  1960   4.053  -1.199   1.566  -0.920   1.008   0.263   1.319  -0.084   0.149  -1.326  -0.249  -1.019   0.661   1.098  -0.577   1.288   0.444   0.805   0.176  -0.119  -0.748   0.224   0.274  -0.119  -0.174   0.002  -0.069
  1961   1.804  -0.626   1.435   4.654  -1.016   2.207   2.021   0.129  -0.495   1.309  -1.345   0.335   0.007  -1.295  -0.101  -0.123   0.418  -0.581   0.140   0.536  -0.836  -0.384   0.008   0.227   0.214   0.015   0.197
  1962   2.433   0.473   0.981   3.206  -0.517   1.028   0.623  -0.708   1.536  -0.238   0.456  -1.001   0.107   0.266  -0.226   0.286  -0.806   1.208   0.459   0.642   0.329  -0.137   0.033   0.258  -0.189   0.289   0.084
  1963   0.443   0.660   0.935  -0.036  -0.018   0.026  -0.118   0.872   0.699  -1.613  -0.086   0.356  -0.037  -1.055  -0.105  -0.154   0.332   0.641  -0.696  -0.418  -0.246  -0.288   0.127   0.358  -0.261   0.392  -0.350
  1964  -1.532   0.416  -0.450   0.013  -0.219   0.426  -0.103   1.135   0.555  -0.989  -0.099   0.765  -0.201  -0.046  -0.529  -0.388   0.729   0.540  -1.063   0.041  -0.370  -0.137   0.072  -0.209   0.117   0.249   0.049
  1965  -2.155   0.776  -0.829   0.573  -0.546  -0.222  -0.262  -0.331   0.343  -0.068   0.345   0.884  -0.990  -0.369  -1.065  -0.281   0.217   0.070  -0.385   0.057   0.164  -0.134  -0.033  -0.822  -0.270   0.046   0.166
  1966  -7.953   1.829   1.824  -6.063  -0.456   1.718   0.834   0.858  -0.251  -0.048  -0.032  -0.825   0.680  -0.542  -0.596  -0.438  -0.055   0.167   0.061   0.678   0.019   0.152   0.175   0.146   0.106   0.024   0.184
  1967  -1.028   1.373  -1.979   0.081   1.454  -0.833  -0.648  -0.306  -0.098  -0.818   1.564  -0.258   0.487  -1.363  -0.202   0.314   0.224  -0.568   0.579  -0.508  -0.205  -0.862  -0.003   0.028   0.453   0.200   0.043
  1968   3.059   1.085  -1.241   0.675   2.289  -1.122   0.365  -0.480  -0.667  -1.663  -0.308   1.038   0.226  -0.941  -0.113  -0.337   0.346  -0.113   0.561   0.097   0.516   0.484  -0.284   0.020  -0.526  -0.100   0.017
  1969   2.077  -0.349   0.024   0.691   1.015  -0.309   1.955   0.419  -0.674  -1.143  -0.617   0.708   0.258  -0.093   0.273  -1.455  -0.657   0.150   0.121   0.007   0.454   0.632   0.045  -0.065   0.293   0.016  -0.017
  1970   1.080  -1.173  -0.442  -0.229   1.310  -0.061   1.070   1.273  -0.167  -1.155  -0.179  -0.523  -1.185   0.944  -0.063  -0.421   0.969  -0.633   0.523  -0.126   0.148  -0.319   0.172   0.241   0.269   0.022  -0.034
  1971  -0.777  -1.602   1.110  -0.160   1.007  -0.023   0.327   0.955   0.842  -0.362   0.499  -0.762  -0.259  -0.107   0.294  -0.232   0.023   0.076   0.326   0.092   0.151   0.174  -0.420   0.128   0.468  -0.327  -0.176
  1972  -0.394  -1.265   1.228   0.422   1.214   0.314  -0.122   0.249   1.362  -0.845   0.477  -0.285   0.300   0.166   0.983  -0.040  -0.052  -0.087   0.156   0.019   0.027  -0.435  -0.312   0.455  -0.232  -0.264   0.209
  1973  -1.037  -0.537   1.264  -0.120   2.105  -0.311  -0.332  -0.802   0.658  -0.154  -0.068  -0.013   0.315   0.153   1.234  -0.171   0.677  -0.688  -0.594   0.570  -0.298   0.371   0.240  -0.491  -0.199   0.144   0.235
  1974  -1.664  -0.938   0.915   0.082   2.287  -0.420  -1.126  -0.653  -0.600   0.047  -0.631   0.471  -0.169   0.052   0.101   0.361   0.446   0.637  -0.541   0.814   0.183  -0.504  -0.002  -0.234   0.262   0.025  -0.012
  1975  -2.855  -0.734   1.034  -0.598   2.510   0.736  -0.628  -1.091   0.372   0.956  -0.270   0.958  -1.463   0.300  -0.704  -0.804  -0.645   0.136   0.282   0.175  -0.115  -0.060  -0.450  -0.056  -0.266   0.066  -0.259
  1976  -0.751   0.306   1.544  -0.135   2.071   0.555  -0.678  -0.916   0.594   0.967   0.431   0.485   0.207   0.506  -0.113   0.237  -0.864  -0.171  -0.634   0.050   0.109  -0.340   0.486   0.538   0.002  -0.005   0.111
  1977  -1.020  -0.446   2.347   0.841   0.133  -0.728  -0.783   0.283   0.377   0.619  -0.198  -0.695   0.245  -0.548   0.729   0.358   0.125   0.060  -1.064  -0.415   0.557   0.193  -0.394  -0.088   0.298   0.087  -0.232
  1978  -0.193  -0.816   1.377  -0.157  -0.853  -0.259  -0.123   0.742   0.217   0.304  -0.439   0.982   0.330   0.584   0.352   0.286   0.124   0.232   0.411   0.027   0.593   0.067   0.071  -0.176  -0.383  -0.054   0.319
  1979  -2.329  -1.715   1.557   0.191  -1.694  -1.322   0.245   2.247   0.383   0.130   0.570  -0.918  -1.640  -1.039   0.077   0.105  -0.265  -0.213   0.267   0.072   0.134  -0.143   0.936  -0.195  -0.394  -0.058  -0.074
  1980  -0.838   0.205   0.541   0.333   1.094  -0.510  -0.539   1.598  -0.012   1.634   0.196   0.714  -1.160  -0.421   0.327   0.334  -0.025   0.912   0.665  -0.604  -0.032   0.846   0.434   0.055   0.365  -0.077   0.217
  1981  -0.197   1.772   0.580   0.680  -0.526  -1.435   0.415   0.381  -1.410   0.593   0.437   0.409  -0.222  -0.384  -0.611   1.279   1.014   0.708   0.181   0.327   0.388  -0.194  -0.622  -0.024  -0.220  -0.378  -0.056
  1982   1.405   3.177  -0.848   0.098   1.065  -1.205   1.094  -1.686  -0.112   0.490  -0.544  -0.384  -0.583   0.635  -0.633   0.022   0.541  -0.157  -0.759  -0.268  -0.284  -0.178   0.803   0.289   0.110  -0.455  -0.021
  1983   2.080   3.643  -0.235   1.058  -0.553   0.079   0.841   0.134   1.250   0.107   0.424  -0.525   0.800  -0.169  -0.247  -0.521  -0.198   0.575  -0.212  -0.059   0.537  -0.047  -0.030  -0.162   0.483  -0.274  -0.044
  1984   0.289   3.360  -1.288  -0.068  -0.749  -0.529   1.158   0.853  -0.338  -0.227  -0.878  -0.213   0.223   0.278   1.024   0.172  -0.933   0.062  -0.101  -0.414  -0.751  -0.128  -0.057  -0.683  -0.137  -0.274  -0.015
  1985   0.740   3.372  -1.163  -0.101  -0.616  -1.038   0.346   0.351   0.584   0.764   0.428   0.726  -0.260   0.849   0.348   0.326  -0.525  -0.118  -0.059   0.101   0.587   0.058  -0.326   0.179   0.137   0.459   0.063
  1986  -0.878   1.698  -0.905  -0.530  -1.192  -1.318   0.817   0.196  -0.704  -0.379   0.238   0.880  -0.927   1.089   1.772   0.063  -0.119  -0.215   0.072   0.584  -0.581  -0.022   0.000   0.436   0.112   0.335  -0.149
  1987  -0.839   1.100  -0.911  -1.230  -0.009  -0.598  -0.222   0.450  -0.258   0.423  -0.421  -0.211   0.323  -0.074   0.002   0.372   0.263  -0.014  -0.322   0.431  -0.442   0.651  -0.569   0.349   0.118  -0.269   0.181
  1988   1.647   1.814  -0.345  -0.712   0.470   0.595  -0.507  -0.511   0.985   0.489   0.148  -0.380   0.784  -0.766  -0.012  -0.129  -0.018   0.167   0.677  -0.373  -0.555   0.603  -0.222  -0.423  -0.131   0.256  -0.091
  1989   1.416   2.176  -1.270  -1.172  -0.758   2.241  -0.995  -0.185   0.052   0.237  -1.775  -1.241  -0.997  -0.356   0.726  -0.380   0.497  -0.090  -0.216  -1.079   0.566  -0.436  -0.432   0.408  -0.405   0.056   0.211
  1990   1.907   1.351  -0.006  -0.235   0.739   0.795  -0.900  -1.179   0.205   0.370  -0.462  -0.074  -0.314   0.259  -0.527  -0.719  -0.255   0.103   0.718  -0.166  -0.428   0.364   0.454   0.142  -0.162  -0.079  -0.122
  1991   0.871   0.611   1.726  -0.167  -0.024  -0.472  -0.694  -0.593   0.355   0.840  -0.225  -0.557   0.847  -0.517   0.884  -0.082   0.719  -0.790   0.751   0.531   0.035  -0.147   0.058  -0.494  -0.044   0.176  -0.133
  1992  -1.673  -1.030  -0.358   0.758   0.252  -1.029   0.622  -0.348  -1.426  -0.450  -1.247  -1.698  -0.489  -0.280  -0.799   1.116  -1.275  -0.637  -0.534   0.057   0.063   0.576  -0.227  -0.088  -0.112   0.398   0.002
  1993  -2.906  -2.044   0.842   0.172  -0.293  -0.619  -0.291  -0.799  -1.364   0.331  -0.763  -0.765  -0.303   0.740  -0.322  -0.789  -0.026   0.050   0.344  -0.385  -0.155  -0.406  -0.661  -0.440   0.385  -0.022  -0.033
  1994  -3.488  -3.219  -0.185   0.235  -1.060  -0.267  -0.127  -0.396  -1.136   0.119  -0.734   0.885   1.041  -0.369   0.044  -0.095   0.299   0.669   0.168  -0.701  -0.119   0.408   0.129   0.576   0.278   0.191  -0.048
  1995   0.853  -0.603  -0.111   0.891   0.012   0.877  -1.245   1.495  -1.326  -0.278   0.265  -0.576   0.449   0.551   0.161  -0.490  -0.614   0.249  -0.231   0.594   0.076  -0.288  -0.448   0.160  -0.334  -0.311  -0.153
  1996   2.465  -1.089  -1.139   0.673   0.378   2.552  -1.735   1.390  -1.708   0.268   0.422   0.774   0.855   0.445   0.564   0.178  -0.077   0.111  -0.546  -0.477  -0.045   0.101   0.526  -0.349  -0.170  -0.117  -0.098
  1997   3.183  -0.208  -0.932   0.525   0.680   1.613  -0.846   1.021  -0.265   0.030   2.162  -0.583  -0.715   0.066  -0.426   0.157  -0.153  -0.990  -0.201  -0.004  -0.514   0.564  -0.402   0.069   0.054  -0.107   0.007
  1998   0.091  -0.902   0.092   0.595  -1.185   0.692   0.697   0.357   0.507  -0.219   1.162   0.687   0.105   0.890  -0.833  -0.271   0.035  -0.195  -0.397  -0.346  -0.242   0.000  -0.460  -0.244   0.181   0.229   0.351
  1999  -4.348  -2.231   1.301  -0.806  -1.148  -0.741   1.635  -0.648   2.181   0.073  -0.045   1.325   0.371   0.043   0.098   0.363  -0.578  -0.515  -0.054  -0.850  -0.446  -0.303  -0.403  -0.048  -0.277  -0.378  -0.167
  2000   0.876  -0.206  -0.116  -0.495   1.687   1.017   0.375   0.325   0.201   0.490  -0.519   0.522   0.525   0.019  -0.236   1.435  -0.468  -0.938   0.131  -0.380   0.804  -0.133   0.304  -0.097   0.273   0.048  -0.124
