  year  #   1       2       3       4       5       6       7       8       9      10      11      12      13      14      15      16      17      18      19      20      21      22      23      24      25      26      27
  1950  -0.880  -3.291   1.937   2.729   0.279   0.108  -0.377  -0.434   0.374  -0.076   2.041  -1.269  -0.406  -0.319  -0.577   0.092   0.543   0.635   0.618   0.058   0.151  -0.118   0.114  -0.131   0.131  -0.065  -0.018
  1951  -0.907  -4.002  -0.083   2.600   0.306   0.792  -0.246  -0.626  -1.420   0.010   0.359   0.469  -0.307  -0.531   1.074  -0.049  -0.214   0.087   0.089  -0.232   0.299   0.272   0.171   0.042   0.061  -0.365  -0.224
  1952   0.058  -4.089  -1.301   2.936   0.476   1.720   0.288   0.787   0.335   0.164  -0.922   0.338   0.545  -0.098   0.038   0.531  -0.175   0.377  -0.281   0.101  -0.333   0.493  -0.007  -0.169   0.100   0.002   0.170
  1953   1.188  -2.812  -1.807   2.003  -0.676   1.132  -0.119   0.800   0.045   0.901  -1.212   0.230   0.300   0.294  -0.813  -0.017   0.445   0.230  -0.502   0.188   0.232  -0.293   0.120  -0.046  -0.116  -0.081   0.071
  1954   6.620   3.441  -3.752   1.163  -4.073   1.290  -2.301   1.752  -0.445  -0.838   0.394  -0.463  -0.266  -0.575  -0.446  -0.206  -0.153  -0.099   0.222   0.025  -0.033   0.066   0.114  -0.114   0.109   0.046  -0.089
  1955   8.165   0.851  -2.585   1.217  -0.555  -1.771   1.590  -0.764   1.871   0.158  -0.249  -0.042   0.790  -0.020  -0.166  -0.072  -0.049  -0.380   0.293  -0.876  -0.100   0.214  -0.260   0.143  -0.043  -0.276  -0.015
  1956   7.469   1.550  -0.205   2.461   1.181  -2.353  -0.048   0.078   0.856   0.162   0.363   0.878  -0.755  -0.059   0.970  -0.898  -0.124   0.383  -0.363   0.270  -0.056   0.033   0.464   0.134   0.041   0.073   0.065
  1957   6.176   0.834   1.300   0.573   2.224  -2.371  -1.197   0.081  -2.516   0.393  -0.756   0.865  -0.144   0.005  -0.663   0.609   0.159  -0.416   0.314  -0.166  -0.055  -0.096  -0.135   0.112   0.199   0.041  -0.072
  1958   5.217  -1.934   0.648   0.802   0.310  -1.596  -1.209   0.372   0.386   0.239   0.573  -1.070   2.052   0.717   0.351   0.486  -0.298  -0.194  -0.159   0.345   0.394  -0.298  -0.130  -0.024  -0.168   0.079  -0.028
  1959   6.179   0.771   0.884  -0.744   0.814  -1.043  -1.064  -0.011  -0.806   0.641   0.100  -0.976  -0.960  -0.329   0.649   0.575   0.068   0.407  -0.558  -0.029  -0.032   0.010  -0.119  -0.213  -0.129   0.137   0.054
  1960   6.012  -0.083  -0.060  -1.530   0.109  -0.224   1.625  -0.511   0.570   0.406  -0.858  -0.692  -1.109   0.721  -0.858   0.009  -0.186   0.380   0.140   0.513   0.192  -0.024  -0.095  -0.070   0.003  -0.206   0.007
  1961   4.587  -1.668   0.939  -0.407   2.293   2.946  -0.524   0.189   1.409  -0.147   0.400  -0.230  -0.116  -0.271   0.294  -0.712   0.214  -0.982  -0.079   0.051  -0.551  -0.399   0.227   0.291   0.089   0.098  -0.019
  1962   4.745  -1.418   0.925  -0.336   1.778   2.711  -0.051   0.876   0.792  -0.582  -0.555   1.000  -0.666   0.624  -0.325   0.410  -0.018   0.094   0.588  -0.126   0.287   0.199  -0.156  -0.138  -0.134   0.283  -0.120
  1963   2.502  -0.746   0.164  -0.888   0.095   0.060   0.396  -0.907  -1.156  -1.164   0.192   0.060  -0.207  -0.082  -0.281  -0.799  -0.352  -0.015   0.685   0.412   0.285  -0.012   0.001   0.006  -0.118  -0.053   0.323
  1964   0.764  -0.840  -0.393  -0.516  -0.415   0.191   0.458  -0.803  -0.673  -0.644   0.094   0.343  -0.296  -0.380  -0.109  -0.752  -0.512   0.237   0.035   0.401  -0.155   0.033  -0.421   0.172   0.047   0.097   0.105
  1965   0.280  -1.435   0.088   0.215  -0.653   0.253   0.067  -0.330  -0.671  -0.046  -0.107   0.663   0.398   0.016   0.595  -0.603   0.197  -0.184  -0.079  -0.136  -0.363   0.021  -0.635  -0.219  -0.010  -0.124   0.027
  1966  -3.137  -3.367  -0.669   0.905  -0.923  -3.180   1.802   0.122   0.421  -1.516   0.425   0.106  -0.149   0.475  -0.405   0.026  -0.098  -0.246  -0.087   0.130  -0.086   0.290   0.240  -0.164  -0.039   0.363  -0.133
  1967   0.713  -0.879   0.232   0.224  -1.345   0.744   0.434  -0.778  -1.531  -0.276   0.629   0.282   0.739   1.072  -0.365   0.172   0.278   0.268  -0.218  -0.767  -0.368  -0.334   0.211   0.394   0.031   0.106   0.170
  1968   3.340   0.654   0.849  -1.394  -1.397   1.391   1.280  -0.946  -1.439   0.968   0.766   0.438   0.640  -0.161   0.010  -0.313   0.268  -0.449  -0.084   0.030   0.162   0.155   0.342  -0.400  -0.255   0.036  -0.044
  1969   2.617  -0.081   0.256  -1.921  -0.776   1.015   0.865  -1.009   0.337   0.096   0.716  -0.416   0.010  -0.749   0.324   0.722  -0.025  -0.801  -0.396   0.111   0.343   0.393  -0.228   0.086   0.197   0.196  -0.008
  1970   1.742   0.495  -0.866  -2.136  -0.981   0.441   1.206  -1.086   0.223   0.327  -0.466  -0.467  -0.427  -0.192   0.600   0.362   1.033   0.709  -0.062   0.032  -0.313  -0.102   0.030  -0.109   0.106   0.120   0.006
  1971   0.299  -0.805  -0.456  -2.265  -0.352  -0.026   0.195  -0.115   0.130  -0.890  -0.203   0.085   0.015   0.203   0.001   0.330   0.312   0.165  -0.496   0.036   0.355  -0.130   0.059   0.149   0.375  -0.133  -0.090
  1972   0.419  -0.943   0.084  -2.313  -0.215   0.300   0.381   0.208  -0.100  -0.566  -0.153   0.294  -0.210  -0.345  -0.121   0.498  -0.144   0.294  -0.005  -0.309   0.184  -0.456   0.292   0.125  -0.098  -0.171  -0.141
  1973  -0.440  -1.041   1.109  -2.202  -0.959  -0.293   0.878   0.801  -0.139   0.085  -0.267   0.210   0.346  -0.274   0.237   0.257  -0.786   0.150  -0.184   0.293  -0.563  -0.035   0.440   0.042  -0.102  -0.102  -0.095
  1974  -1.246  -0.701   1.013  -2.148  -0.136  -0.411   0.135   0.609  -0.257   0.740  -0.263   0.030   0.539  -0.369  -0.564  -0.577  -0.302   0.222   0.254  -0.191  -0.345   0.168  -0.001   0.157   0.089   0.223  -0.154
  1975  -2.232  -1.154   0.269  -1.546  -0.436  -0.859   0.882   1.656   0.263   0.588   0.550   0.753   0.230  -0.371   0.363   0.010   0.451  -0.375   0.396   0.163   0.152  -0.137  -0.249  -0.311   0.097  -0.027   0.053
  1976  -1.350  -0.420   1.562  -1.675  -0.186  -0.552   0.191   1.629   0.581   0.259   0.407   0.071   0.034  -0.424   0.192   0.374  -0.749   0.206   0.489  -0.430   0.153  -0.170   0.010   0.187  -0.069  -0.015   0.155
  1977  -1.137  -0.586   1.722  -1.931   0.526  -0.221  -1.064   0.539  -0.026  -0.817  -0.530  -0.545   0.438  -0.193   0.025  -0.383  -0.825   0.062  -0.489  -0.024   0.083  -0.012  -0.024  -0.293   0.196  -0.124   0.120
  1978  -1.069   0.283   1.058  -1.367   0.258  -0.603  -0.707  -0.190   0.722   0.040  -0.275   0.141  -0.412  -1.001  -0.352  -0.143   0.232   0.038  -0.227  -0.437  -0.009  -0.026   0.067  -0.215  -0.232  -0.182  -0.006
  1979  -1.815  -0.032  -0.325  -1.451  -0.265  -0.549  -2.046  -0.731   0.290  -1.838  -1.154  -0.287   0.391   0.381   0.873   0.258   0.794   0.137   0.570  -0.035  -0.226   0.357   0.133   0.073  -0.224  -0.028   0.005
  1980  -2.045   1.416   1.446  -1.202  -0.186  -0.138  -0.898   0.159   0.897  -0.329   0.095   0.712   0.591   0.043  -0.162  -0.195   0.795  -0.106  -0.144   0.394   0.580   0.173   0.049   0.285   0.054  -0.171   0.136
  1981  -1.693   0.669   2.300   0.050  -0.141  -0.119  -1.096  -0.926   0.612   0.744  -0.334   0.003   0.795   0.277  -0.505  -1.216   0.402   0.349   0.045   0.006   0.049  -0.053  -0.070  -0.223   0.018   0.039  -0.229
  1982  -1.255   1.428   2.624   1.144  -1.690   0.475   0.586   0.770  -0.206   1.383  -0.496  -0.928   0.058   0.405   0.573  -0.141  -0.201   0.308   0.471   0.331  -0.183   0.245  -0.159   0.440  -0.052  -0.013  -0.028
  1983  -1.066   1.700   2.882   1.140  -0.274   0.978   0.150   0.345   0.086  -0.920   0.545  -0.109  -0.320   0.470   0.035   0.125  -0.212   0.448  -0.533  -0.376   0.063   0.233  -0.470   0.226  -0.022   0.023  -0.053
  1984  -2.204   1.894   2.505   2.404  -0.596   0.333   0.184  -1.297   0.395  -0.539  -0.209  -0.486  -0.579   0.212  -0.424   0.656  -0.431  -0.781   0.073   0.218  -0.520  -0.253   0.024  -0.108  -0.007  -0.212  -0.025
  1985  -2.433   2.185   2.304   2.021  -1.199   0.179  -0.511  -0.465   0.825   0.154  -0.091   0.983  -0.216  -0.266   0.158   0.275  -0.212   0.144  -0.141  -0.498   0.295  -0.194  -0.091  -0.275  -0.032   0.176   0.162
  1986  -3.026   0.971   0.881   1.693  -1.174  -0.389  -0.687  -1.532   0.746   0.687  -0.737   0.886   0.219  -0.855  -0.103   0.765  -0.130  -0.080   0.381   0.407  -0.066  -0.145   0.239   0.081   0.113   0.170   0.066
  1987  -3.254   1.170   0.297   0.787  -0.665  -0.345  -0.023  -0.036   0.057   0.185  -0.408   0.323  -0.313   0.286  -0.161  -0.459  -0.311  -0.072  -0.401   0.123   0.367   0.122   0.068   0.159   0.206   0.011  -0.172
  1988  -2.179   1.898   0.819   0.881  -0.021   0.002   0.696   0.994  -0.321  -0.554   0.500   0.237  -0.534   1.020  -0.249   0.027   0.284  -0.499  -0.504   0.126  -0.053   0.005   0.011  -0.107  -0.140  -0.134   0.044
  1989  -2.693   3.347  -0.386   2.790   1.830   0.418   2.608   0.799  -0.943  -1.241  -1.244  -1.134   0.828  -1.302   0.268  -0.319   0.424   0.028   0.032  -0.078   0.320  -0.379   0.003  -0.014  -0.018   0.143  -0.040
  1990  -2.201   2.067   0.202   0.325   0.559  -0.054   0.718   1.364  -0.445   0.674   0.320   0.094  -0.345   0.219   0.166   0.327   0.671  -0.368   0.222   0.307   0.057   0.300   0.073   0.164  -0.134  -0.137  -0.019
  1991  -2.377   0.760   0.723  -0.347   0.776  -0.793  -0.545   0.923  -0.056  -0.058   0.241  -0.325  -0.256   0.210  -0.247  -0.209   0.480  -0.100  -0.122  -0.217  -0.708   0.219   0.141  -0.199   0.004  -0.020   0.080
  1992  -3.384  -0.089  -1.100  -0.311   0.260   0.633  -0.608  -0.782  -0.307   0.524  -1.017  -0.944  -0.353   1.171   0.601  -0.241  -0.822  -0.590   0.200  -0.243   0.322   0.013   0.204  -0.209   0.004   0.074  -0.010
  1993  -3.602  -1.015  -1.534  -0.462   0.610  -0.685  -0.530   0.050  -0.195   0.682  -0.125  -0.659  -0.051  -0.044  -0.302   0.048   0.412  -0.251  -0.048   0.030  -0.297   0.102  -0.172  -0.035   0.290  -0.017   0.103
  1994  -3.842  -1.231  -2.345  -0.227   0.444  -0.085  -0.901  -0.546  -0.237   0.598   0.044  -0.378  -0.331  -0.349  -0.450  -0.112   0.146  -0.250  -0.409   0.033   0.340   0.224   0.091   0.407  -0.305   0.136   0.114
  1995  -2.668   1.626  -1.659  -0.728   1.881   0.239  -0.608  -0.529   0.007  -0.063   0.556  -0.039   0.255  -0.150  -0.468   0.196  -0.140   0.164   0.104  -0.135   0.063   0.256  -0.013   0.034  -0.027   0.000  -0.148
  1996  -2.155   3.127  -2.474  -0.152   2.336   0.741   0.133  -0.512   0.090   0.250   0.847   0.079   0.791  -0.561  -0.558   0.315  -0.739   0.425  -0.088   0.136  -0.241   0.313   0.091  -0.079  -0.058  -0.108   0.057
  1997  -1.765   2.825  -2.836  -0.435   0.900   0.577   0.069  -0.143   0.036  -0.147   0.755   0.757   0.629   1.110   0.613   0.359  -0.119   0.348   0.283   0.547  -0.116  -0.320  -0.027  -0.159   0.177  -0.028  -0.027
  1998  -2.825   0.070  -2.432  -0.099   0.256  -0.029  -0.358  -0.407   0.224   0.121   0.483   0.408  -0.366   0.006   0.136  -0.010  -0.125   0.252  -0.262   0.243  -0.235  -0.447  -0.497   0.096  -0.312   0.069  -0.180
  1999  -4.659  -2.509  -2.602   0.175  -0.764  -1.061  -0.543   0.345   0.061   0.199  -0.061  -0.009  -0.940  -0.450   0.187  -0.038  -0.072  -0.374   0.148   0.033  -0.025  -0.404  -0.262   0.097  -0.056  -0.023  -0.010
  2000  -3.555   1.143  -2.152  -0.500   0.552   0.082   0.448   0.166   0.250   0.875   0.301  -0.271  -0.595   0.780   0.340  -0.348  -0.081   0.066   0.270  -0.792   0.304  -0.073   0.193  -0.082   0.163   0.074   0.102
