 eigenvalue 11.181   3.585   2.791   2.348   1.200   1.103   0.813   0.585   0.566   0.457   0.358   0.326   0.306   0.249   0.215   0.183   0.154   0.120   0.099   0.087   0.074   0.050   0.046   0.037   0.028   0.025   0.015
 eval sderr  2.214   0.710   0.553   0.465   0.238   0.219   0.161   0.116   0.112   0.091   0.071   0.065   0.061   0.049   0.042   0.036   0.030   0.024   0.020   0.017   0.015   0.010   0.009   0.007   0.006   0.005   0.003
 % variance  0.414   0.133   0.103   0.087   0.044   0.041   0.030   0.022   0.021   0.017   0.013   0.012   0.011   0.009   0.008   0.007   0.006   0.004   0.004   0.003   0.003   0.002   0.002   0.001   0.001   0.001   0.001
 cumulative  0.414   0.547   0.650   0.737   0.782   0.823   0.853   0.874   0.895   0.912   0.925   0.938   0.949   0.958   0.966   0.973   0.979   0.983   0.987   0.990   0.993   0.994   0.996   0.997   0.999   0.999   1.000
 brokn stck  3.891   2.891   2.391   2.058   1.808   1.608   1.441   1.299   1.174   1.062   0.962   0.872   0.788   0.711   0.640   0.573   0.511   0.452   0.396   0.344   0.294   0.246   0.201   0.157   0.115   0.075   0.037
 series_id   #  1       2       3       4       5       6       7       8       9      10      11      12      13      14      15      16      17      18      19      20      21      22      23      24      25      26      27
  132241     0.204   0.056   0.042  -0.128   0.495  -0.217   0.091  -0.039   0.263   0.098  -0.097   0.363  -0.125  -0.101  -0.163  -0.064   0.075   0.111  -0.210   0.100   0.410  -0.041   0.213  -0.110   0.052   0.205  -0.124
  182058     0.004   0.337   0.072   0.352   0.005  -0.071  -0.358  -0.094   0.153  -0.174   0.213  -0.275  -0.517  -0.092   0.132   0.145   0.130   0.246  -0.155  -0.021   0.032  -0.106   0.035  -0.054  -0.071  -0.051  -0.029
  132236     0.193   0.169   0.091  -0.107   0.277   0.082  -0.370  -0.356   0.034   0.122  -0.410  -0.291   0.137   0.175  -0.175   0.291  -0.278  -0.122   0.140   0.048  -0.006   0.042  -0.071  -0.017   0.065  -0.080   0.051
  112170     0.203   0.025  -0.142   0.013  -0.232  -0.231  -0.102   0.229   0.653  -0.162  -0.023   0.049   0.295   0.320   0.125   0.117   0.004  -0.128  -0.127  -0.121  -0.046  -0.161   0.027   0.078   0.051  -0.089   0.011
  192213    -0.205   0.331   0.034  -0.062   0.003  -0.059   0.152   0.093   0.026  -0.238  -0.071  -0.099   0.296  -0.040   0.060   0.022   0.006   0.275   0.060   0.470   0.185   0.230   0.246   0.097  -0.175  -0.223   0.325
  122187     0.100   0.281  -0.162  -0.275   0.107   0.332   0.021  -0.360   0.106   0.254   0.379  -0.021   0.090   0.215   0.111  -0.267   0.353  -0.060  -0.108   0.104  -0.158  -0.070   0.016   0.100   0.015  -0.052   0.073
  72458      0.191  -0.119   0.130   0.216   0.384  -0.156  -0.160   0.180  -0.189  -0.064   0.291  -0.150   0.229  -0.003   0.308  -0.309  -0.288  -0.223  -0.075   0.286  -0.018  -0.189  -0.056  -0.038  -0.005  -0.058  -0.049
  112215     0.255  -0.024  -0.022   0.088  -0.053   0.395  -0.014   0.131  -0.082  -0.049   0.023  -0.129   0.065  -0.159   0.144   0.224  -0.027  -0.242  -0.202  -0.108   0.057   0.137   0.528   0.063   0.028   0.405   0.205
  142484     0.198   0.287  -0.073  -0.108  -0.105  -0.128   0.067  -0.079  -0.242  -0.186  -0.339  -0.038  -0.033   0.109   0.525  -0.249   0.153  -0.096   0.154  -0.250   0.295   0.112  -0.075  -0.098  -0.005   0.063  -0.160
  122180     0.196   0.215  -0.215  -0.187  -0.005  -0.190   0.083  -0.150  -0.171  -0.164   0.332   0.265   0.044  -0.046  -0.004   0.267  -0.317   0.102   0.206  -0.157  -0.131  -0.216  -0.020  -0.283  -0.223   0.140   0.258
  102279    -0.186   0.121   0.312   0.132   0.091  -0.337   0.080  -0.181   0.027  -0.048   0.287   0.069   0.149   0.049   0.047   0.294   0.226  -0.297   0.122   0.011  -0.075   0.403  -0.129   0.071   0.208   0.284  -0.057
  122150     0.237   0.199   0.032   0.087   0.136  -0.127  -0.040   0.069  -0.273  -0.298  -0.139   0.176   0.044  -0.089  -0.346  -0.144   0.211  -0.127  -0.337  -0.237  -0.325   0.117   0.004   0.127   0.052  -0.306   0.174
  122128     0.275   0.091  -0.107  -0.034  -0.060  -0.126  -0.052   0.059  -0.148   0.048   0.002   0.114  -0.054  -0.076   0.041   0.100  -0.031   0.242   0.313   0.189  -0.219  -0.092   0.223   0.581   0.242   0.040  -0.351
  122165     0.191  -0.049  -0.250   0.018   0.371  -0.064   0.161   0.454  -0.003   0.208  -0.032  -0.341  -0.010   0.066   0.004   0.184   0.359   0.183   0.215  -0.068  -0.169   0.119  -0.159  -0.154  -0.083   0.064   0.100
  122184     0.172   0.043  -0.378   0.188  -0.013   0.317   0.012  -0.022   0.009  -0.114   0.064   0.206   0.128  -0.131   0.054   0.234  -0.110   0.068  -0.236   0.212   0.103   0.352  -0.400  -0.081   0.010  -0.102  -0.331
  122166     0.205   0.132   0.131  -0.211  -0.108   0.029   0.421   0.008   0.244  -0.173  -0.106  -0.226  -0.278  -0.354  -0.051  -0.005  -0.046  -0.363   0.046   0.316  -0.202  -0.135  -0.155  -0.086   0.030  -0.005  -0.061
  142046     0.157   0.307   0.054  -0.067  -0.297  -0.101  -0.262   0.221   0.079   0.350   0.202  -0.126   0.189  -0.367  -0.283  -0.284  -0.096  -0.008   0.126  -0.131   0.184   0.216  -0.067  -0.096   0.030   0.042  -0.037
  122256A    0.240  -0.197   0.096   0.191   0.039   0.004   0.138  -0.162   0.086   0.181   0.135   0.092  -0.054  -0.152   0.074   0.157   0.094  -0.225   0.272  -0.165   0.248   0.069   0.129   0.179  -0.374  -0.522   0.026
  132194     0.055   0.164   0.380  -0.010   0.123   0.483  -0.114   0.346   0.097  -0.264   0.085   0.306  -0.124   0.260  -0.100  -0.071  -0.007  -0.011   0.387  -0.030   0.046   0.013  -0.109  -0.019  -0.018   0.024  -0.015
  122164     0.268  -0.180   0.066   0.021  -0.097  -0.012   0.099  -0.056   0.009   0.057   0.089   0.029  -0.195   0.052   0.126  -0.024  -0.104   0.192   0.013   0.029   0.177   0.121  -0.177   0.011   0.618  -0.149   0.519
  112145     0.251  -0.115   0.203  -0.035  -0.180  -0.091   0.091  -0.053  -0.027   0.069   0.068  -0.033  -0.118   0.350  -0.030  -0.075  -0.115   0.155  -0.065   0.121  -0.272   0.381   0.361  -0.423  -0.063  -0.138  -0.260
  102273    -0.081   0.379   0.076   0.213  -0.108  -0.039   0.095   0.240  -0.135   0.553  -0.196   0.303  -0.162   0.164   0.174   0.160  -0.117  -0.187  -0.184   0.163  -0.093  -0.108  -0.053  -0.006  -0.065  -0.041   0.134
  132233    -0.048   0.244  -0.184   0.398   0.070   0.040   0.484  -0.066   0.000  -0.034   0.104  -0.254  -0.003   0.301  -0.327  -0.146  -0.281  -0.032   0.049  -0.192   0.183  -0.062   0.076   0.123   0.118   0.043  -0.115
  122229     0.269  -0.132   0.125   0.049  -0.108  -0.089   0.019  -0.105   0.053   0.004  -0.059  -0.033  -0.109   0.166  -0.067  -0.186  -0.089   0.144  -0.131   0.090  -0.015   0.186  -0.310   0.388  -0.495   0.394   0.199
  122149     0.243  -0.066   0.130   0.069  -0.305  -0.027  -0.017  -0.009  -0.322  -0.046   0.054  -0.077   0.162   0.194  -0.293   0.208   0.392  -0.029  -0.045   0.285   0.329  -0.371  -0.071  -0.136   0.003   0.047  -0.059
  112136     0.051   0.092   0.495  -0.198   0.055   0.111   0.267   0.044  -0.029   0.081   0.063  -0.144   0.255  -0.097   0.170   0.213  -0.097   0.360  -0.310  -0.323  -0.002  -0.148  -0.139   0.106   0.000  -0.088  -0.187
  112258     0.111   0.009   0.127   0.518  -0.034   0.117   0.086  -0.265   0.177   0.055  -0.249   0.150   0.316  -0.235   0.076  -0.182   0.150   0.237   0.207   0.018  -0.262  -0.159   0.018  -0.228   0.036   0.152   0.075
