  year  #   1
  1950  -1.449
  1951  -1.413
  1952  -1.145
  1953  -0.450
  1954   2.262
  1955   1.366
  1956   1.031
  1957   0.712
  1958  -0.013
  1959   1.352
  1960   0.902
  1961   0.031
  1962   0.901
  1963  -0.203
  1964  -0.622
  1965  -0.436
  1966  -3.222
  1967   1.338
  1968   1.414
  1969  -0.169
  1970   0.065
  1971  -0.480
  1972   0.158
  1973  -0.346
  1974  -0.517
  1975  -0.916
  1976   0.270
  1977  -0.406
  1978  -0.044
  1979  -1.183
  1980   0.099
  1981   0.159
  1982   0.555
  1983   0.797
  1984  -0.280
  1985   0.390
  1986  -0.445
  1987  -0.272
  1988   0.958
  1989   0.049
  1990   0.552
  1991   0.004
  1992  -0.901
  1993  -0.925
  1994  -0.966
  1995   1.118
  1996   0.694
  1997   0.788
  1998  -0.599
  1999  -2.052
  2000   1.487
