 eigenvalue  9.400   2.782   2.343   2.101   1.513   1.194   1.060   0.927   0.807   0.647   0.561   0.536   0.432   0.413   0.346   0.322   0.280   0.258   0.217   0.183   0.164   0.148   0.125   0.098   0.071   0.046   0.027
 eval sderr  1.861   0.551   0.464   0.416   0.300   0.236   0.210   0.184   0.160   0.128   0.111   0.106   0.086   0.082   0.069   0.064   0.055   0.051   0.043   0.036   0.032   0.029   0.025   0.019   0.014   0.009   0.005
 % variance  0.348   0.103   0.087   0.078   0.056   0.044   0.039   0.034   0.030   0.024   0.021   0.020   0.016   0.015   0.013   0.012   0.010   0.010   0.008   0.007   0.006   0.005   0.005   0.004   0.003   0.002   0.001
 cumulative  0.348   0.451   0.538   0.616   0.672   0.716   0.755   0.790   0.820   0.843   0.864   0.884   0.900   0.915   0.928   0.940   0.951   0.960   0.968   0.975   0.981   0.986   0.991   0.995   0.997   0.999   1.000
 brokn stck  3.891   2.891   2.391   2.058   1.808   1.608   1.441   1.299   1.174   1.062   0.962   0.872   0.788   0.711   0.640   0.573   0.511   0.452   0.396   0.344   0.294   0.246   0.201   0.157   0.115   0.075   0.037
 series_id   #  1       2       3       4       5       6       7       8       9      10      11      12      13      14      15      16      17      18      19      20      21      22      23      24      25      26      27
  132241     0.166  -0.061  -0.010   0.483   0.136   0.094   0.212   0.151   0.086  -0.060  -0.151   0.032   0.353   0.060  -0.028  -0.035  -0.243   0.036   0.017  -0.168   0.101   0.183  -0.082   0.452  -0.078   0.198   0.294
  182058     0.180   0.183  -0.247  -0.002  -0.242  -0.171   0.072   0.217  -0.153   0.165   0.000   0.424  -0.302   0.282   0.247   0.345  -0.108   0.064  -0.013   0.069  -0.080   0.271  -0.184   0.020  -0.124  -0.018   0.035
  132236     0.205  -0.099   0.073   0.267  -0.186  -0.215  -0.044   0.255  -0.168  -0.182  -0.122  -0.354  -0.003  -0.121   0.059   0.422   0.095   0.032  -0.420  -0.089   0.197  -0.137   0.208  -0.170   0.023  -0.028  -0.037
  112170     0.166  -0.144  -0.132  -0.130   0.140  -0.032   0.525   0.081  -0.163   0.437   0.291  -0.214   0.107   0.019  -0.041  -0.057   0.297   0.216  -0.027  -0.236   0.068   0.052  -0.134  -0.022   0.093  -0.122  -0.089
  192213     0.115   0.090  -0.166  -0.090   0.563   0.103  -0.155  -0.069  -0.389   0.120   0.015  -0.051  -0.044  -0.118  -0.267   0.346  -0.364  -0.150  -0.035   0.049  -0.064  -0.078   0.000   0.124   0.033  -0.012  -0.160
  122187     0.195  -0.178   0.106   0.081  -0.095   0.205  -0.256   0.482  -0.163  -0.071   0.250  -0.047  -0.075  -0.230   0.096  -0.138  -0.188   0.099   0.483  -0.010   0.098   0.091  -0.098  -0.148   0.210  -0.015  -0.091
  72458      0.080   0.160  -0.074   0.472  -0.033  -0.255  -0.091  -0.367  -0.052   0.233   0.124   0.134  -0.198  -0.335  -0.006  -0.170   0.059  -0.234   0.077  -0.086   0.380  -0.049  -0.166  -0.080  -0.061  -0.061  -0.017
  112215     0.226   0.071   0.301  -0.060  -0.241   0.037  -0.193  -0.173  -0.097   0.154   0.174  -0.084  -0.064   0.176  -0.109   0.091   0.245  -0.183  -0.037   0.052  -0.027   0.107   0.013   0.384   0.420   0.404  -0.026
  142484     0.264  -0.082  -0.095  -0.044   0.135  -0.108  -0.099   0.020   0.007  -0.173  -0.239  -0.037  -0.332  -0.063  -0.273   0.051   0.469   0.214   0.377  -0.006  -0.031  -0.044   0.109   0.264  -0.273  -0.068   0.145
  122180     0.249  -0.184  -0.185   0.051   0.135  -0.034  -0.133   0.130   0.038  -0.187   0.207   0.254   0.082  -0.057  -0.054  -0.235   0.189  -0.031  -0.325   0.013  -0.236  -0.127  -0.212  -0.119  -0.239   0.442  -0.276
  102279    -0.103   0.356  -0.314   0.129   0.220  -0.158  -0.046   0.132   0.034  -0.086   0.335   0.092   0.200   0.102  -0.012   0.008   0.176   0.172   0.092   0.278   0.140  -0.024   0.411  -0.121   0.243   0.149   0.208
  122150     0.265   0.005  -0.131   0.149   0.047  -0.205  -0.144  -0.115  -0.040  -0.098  -0.220   0.027   0.223   0.298   0.024  -0.212   0.027  -0.135   0.102  -0.233  -0.225   0.264   0.229  -0.085   0.232  -0.329  -0.377
  122128     0.285  -0.149  -0.135   0.020  -0.020  -0.096  -0.010  -0.072   0.213  -0.026   0.008   0.063   0.018  -0.023  -0.082   0.082  -0.068  -0.063  -0.025   0.050  -0.306  -0.368  -0.299  -0.131   0.428  -0.225   0.467
  122165     0.116  -0.198  -0.118   0.365  -0.037   0.338  -0.010  -0.404   0.150   0.150   0.108  -0.240  -0.071   0.149   0.217   0.219  -0.056   0.269   0.157   0.220  -0.215  -0.028   0.121  -0.156  -0.142   0.114  -0.130
  122184     0.211  -0.013  -0.088  -0.096  -0.413   0.210  -0.113  -0.110  -0.251   0.037   0.199   0.059   0.360  -0.066  -0.362  -0.066  -0.022  -0.044  -0.107   0.205   0.010   0.140   0.132  -0.030  -0.327  -0.278   0.211
  122166     0.238  -0.025   0.169  -0.037   0.202   0.286   0.174  -0.003  -0.062  -0.151  -0.004   0.049  -0.121   0.485  -0.008  -0.016   0.076  -0.399   0.085  -0.035   0.347  -0.094   0.020  -0.364  -0.115   0.051   0.171
  142046     0.252  -0.087  -0.028  -0.136   0.000  -0.192   0.057   0.142   0.267   0.232   0.193  -0.153  -0.302  -0.032   0.095  -0.267  -0.339  -0.219  -0.099  -0.013  -0.095  -0.066   0.492   0.154  -0.165   0.020   0.103
  122256A    0.117   0.436   0.140   0.136  -0.031   0.110   0.191   0.147   0.257  -0.238   0.287  -0.117  -0.013   0.053  -0.031   0.068   0.038  -0.100   0.009   0.176  -0.062  -0.220  -0.183   0.277  -0.099  -0.356  -0.344
  132194     0.140   0.165   0.415   0.051   0.059  -0.100  -0.170   0.104  -0.159   0.409  -0.204   0.194   0.223   0.163   0.097  -0.127  -0.020   0.292   0.044   0.064  -0.031  -0.483   0.061  -0.021  -0.141  -0.020  -0.026
  122164     0.227   0.050   0.173  -0.097  -0.064   0.171   0.254  -0.194   0.182  -0.156   0.036   0.482  -0.071  -0.243  -0.183   0.161  -0.147   0.300  -0.042  -0.275   0.116  -0.025   0.295  -0.082   0.178   0.047  -0.158
  112145     0.237  -0.045   0.062  -0.238   0.157   0.021   0.041  -0.083   0.061  -0.001  -0.061   0.121   0.332  -0.381   0.580   0.208   0.224  -0.269   0.115   0.171   0.021   0.086   0.072   0.083  -0.061  -0.041   0.031
  102273     0.151   0.153  -0.228  -0.130  -0.020   0.194  -0.240   0.199   0.537   0.362  -0.309  -0.102   0.097  -0.027  -0.206   0.080   0.040  -0.010  -0.067   0.056   0.291   0.121  -0.117  -0.133   0.044   0.058  -0.142
  132233     0.108   0.280  -0.292  -0.061  -0.017   0.460  -0.153  -0.061  -0.206  -0.091  -0.112  -0.076  -0.186  -0.037   0.353  -0.305   0.073   0.171  -0.293  -0.216   0.063  -0.129   0.018   0.172   0.118  -0.090   0.135
  122229     0.248   0.052  -0.022  -0.085  -0.050  -0.149   0.349  -0.106  -0.170  -0.149  -0.327  -0.138  -0.073  -0.080  -0.032  -0.300  -0.187   0.144  -0.023   0.582   0.135   0.071  -0.100  -0.050   0.157   0.144  -0.120
  122149     0.181   0.041  -0.001  -0.322   0.034  -0.323  -0.250  -0.276   0.109  -0.233   0.241  -0.216   0.154   0.197   0.133   0.052  -0.248   0.299   0.058  -0.194   0.297   0.019  -0.237   0.039  -0.150   0.046   0.040
  112136     0.112   0.222   0.432   0.093   0.332   0.007  -0.109  -0.002   0.084   0.024   0.078  -0.082  -0.152  -0.113  -0.019  -0.073   0.069   0.178  -0.264   0.054  -0.230   0.507  -0.090  -0.237  -0.047  -0.118   0.244
  112258     0.086   0.497  -0.056  -0.061  -0.190  -0.028   0.174  -0.005  -0.082  -0.018  -0.109  -0.257   0.110  -0.171  -0.052   0.038  -0.053  -0.132   0.282  -0.309  -0.344  -0.053  -0.018  -0.270  -0.137   0.352   0.090
