 % variance  0.414
 cumulative  0.414
 series_id   #  1
  132241     0.682
  182058     0.013
  132236     0.644
  112170     0.677
  192213    -0.684
  122187     0.335
  72458      0.638
  112215     0.854
  142484     0.662
  122180     0.655
  102279    -0.621
  122150     0.791
  122128     0.919
  122165     0.637
  122184     0.576
  122166     0.687
  142046     0.525
  122256A    0.801
  132194     0.184
  122164     0.896
  112145     0.839
  102273    -0.270
  132233    -0.161
  122229     0.899
  122149     0.813
  112136     0.171
  112258     0.371
