 eigenvalue 15.737   6.611   4.675   2.980   2.498   1.790   1.717   1.592   1.240   1.147   1.002   0.890   0.749   0.669   0.596   0.515   0.501   0.452   0.418   0.345   0.311   0.295   0.260   0.233   0.210   0.192   0.176   0.153   0.145   0.136   0.127   0.108   0.093   0.077   0.071   0.065   0.056   0.051   0.046   0.035   0.030   0.025   0.016   0.014   0.010   0.007   0.007   0.003   0.002   0.001   0.000
 eval sderr  3.116   1.309   0.926   0.590   0.495   0.354   0.340   0.315   0.246   0.227   0.198   0.176   0.148   0.132   0.118   0.102   0.099   0.089   0.083   0.068   0.062   0.058   0.051   0.046   0.042   0.038   0.035   0.030   0.029   0.027   0.025   0.021   0.018   0.015   0.014   0.013   0.011   0.010   0.009   0.007   0.006   0.005   0.003   0.003   0.002   0.001   0.001   0.001   0.000   0.000   0.000
 % variance  0.321   0.135   0.095   0.061   0.051   0.036   0.035   0.032   0.025   0.023   0.020   0.018   0.015   0.014   0.012   0.010   0.010   0.009   0.009   0.007   0.006   0.006   0.005   0.005   0.004   0.004   0.004   0.003   0.003   0.003   0.003   0.002   0.002   0.002   0.001   0.001   0.001   0.001   0.001   0.001   0.001   0.001   0.000   0.000   0.000   0.000   0.000   0.000   0.000   0.000   0.000
 cumulative  0.321   0.455   0.551   0.611   0.662   0.699   0.734   0.766   0.791   0.815   0.835   0.853   0.869   0.882   0.894   0.905   0.915   0.924   0.933   0.940   0.946   0.952   0.957   0.962   0.967   0.970   0.974   0.977   0.980   0.983   0.985   0.988   0.989   0.991   0.993   0.994   0.995   0.996   0.997   0.998   0.998   0.999   0.999   0.999   1.000   1.000   1.000   1.000   1.000   1.000   1.000
 brokn stck  4.519   3.519   3.019   2.685   2.435   2.235   2.069   1.926   1.801   1.690   1.590   1.499   1.416   1.339   1.267   1.201   1.138   1.079   1.024   0.971   0.921   0.873   0.828   0.785   0.743   0.703   0.664   0.627   0.592   0.557   0.524   0.492   0.460   0.430   0.401   0.372   0.344   0.317   0.291   0.265   0.240   0.216   0.192   0.169   0.146   0.124   0.102   0.081   0.060   0.040   0.020
 series_id   #  1       2       3       4       5       6       7       8       9      10      11      12      13      14      15      16      17      18      19      20      21      22      23      24      25      26      27      28      29      30      31      32      33      34      35      36      37      38      39      40      41      42      43      44      45      46      47      48      49      50      51
  50274      0.153  -0.111  -0.089   0.006  -0.188  -0.072   0.183  -0.129  -0.157   0.119  -0.042  -0.163   0.009  -0.020  -0.012   0.412   0.113   0.293   0.020   0.207  -0.073  -0.068  -0.097  -0.015   0.169   0.214   0.096  -0.103  -0.056  -0.067  -0.036  -0.217   0.054  -0.109  -0.070   0.034   0.034  -0.126   0.097   0.016   0.027   0.281  -0.020   0.047  -0.033   0.030   0.208  -0.182   0.144  -0.092  -0.158
  80233      0.138  -0.041   0.060  -0.088  -0.076   0.264   0.076  -0.217   0.117   0.109   0.103   0.242   0.059   0.380  -0.184   0.209   0.271  -0.194   0.144   0.002  -0.074   0.083   0.292  -0.150   0.070  -0.050   0.103   0.123   0.053  -0.127  -0.119   0.308   0.018  -0.071  -0.024  -0.046   0.050   0.065  -0.057  -0.055   0.014  -0.089  -0.114   0.000  -0.017  -0.086   0.053  -0.002   0.098   0.035  -0.180
  100771     0.118   0.127   0.164   0.246  -0.025   0.172  -0.038  -0.084  -0.147  -0.136   0.150   0.052   0.246   0.096  -0.179  -0.036  -0.074  -0.139  -0.022  -0.036   0.042   0.217  -0.352   0.137  -0.071   0.082  -0.101   0.025  -0.046   0.077  -0.169  -0.113  -0.058   0.131   0.103  -0.050  -0.199   0.019  -0.038   0.133  -0.152   0.081  -0.279   0.180  -0.108   0.252  -0.070   0.059   0.154  -0.102  -0.100
  151021     0.198   0.129  -0.069  -0.111  -0.031  -0.126  -0.003   0.051   0.021  -0.011   0.013  -0.140   0.112   0.043   0.046   0.074   0.011  -0.116   0.094  -0.057   0.177  -0.184   0.030   0.023  -0.036  -0.081  -0.129  -0.209   0.051  -0.095  -0.025   0.018  -0.151   0.242   0.372  -0.084  -0.094   0.119   0.042   0.253   0.417  -0.073  -0.148  -0.059   0.029  -0.126   0.302  -0.122  -0.019  -0.180  -0.009
  110811     0.113   0.143   0.233   0.077   0.081   0.214  -0.043  -0.027  -0.144  -0.132  -0.108  -0.034   0.350  -0.039  -0.019  -0.028   0.088   0.146   0.021   0.002   0.129   0.011  -0.077   0.247   0.193   0.066   0.042   0.004   0.198  -0.211   0.160  -0.019   0.130   0.023  -0.012  -0.124   0.065   0.125  -0.072  -0.211   0.044   0.131   0.049  -0.133   0.192  -0.147   0.173   0.069  -0.065   0.380   0.071
  101136     0.049   0.099  -0.067   0.403  -0.090  -0.088  -0.056  -0.038  -0.106  -0.075   0.229   0.038  -0.184  -0.130   0.337   0.021   0.120  -0.114  -0.038   0.295   0.272   0.072   0.059  -0.141   0.109  -0.166   0.125  -0.052   0.085   0.140   0.065   0.087   0.066  -0.053   0.145  -0.142   0.149  -0.173  -0.193   0.131  -0.013   0.047  -0.099  -0.075  -0.099  -0.047  -0.064  -0.006   0.060   0.210  -0.108
  121305     0.170  -0.078   0.077   0.087   0.143   0.030  -0.108  -0.222   0.097   0.091  -0.290   0.076   0.204  -0.069   0.009   0.107  -0.033  -0.084   0.066   0.018   0.046  -0.089   0.034  -0.307  -0.019   0.050   0.059  -0.341  -0.286   0.127   0.205  -0.106  -0.143   0.193  -0.148   0.010  -0.079   0.002   0.018  -0.037  -0.173  -0.139  -0.065  -0.139  -0.162   0.062  -0.057  -0.190  -0.007   0.210   0.137
  60353      0.092  -0.286   0.043  -0.117  -0.018   0.082  -0.071   0.275   0.043  -0.038   0.044   0.013  -0.078  -0.067  -0.006   0.068   0.042   0.097  -0.011   0.129  -0.101   0.128  -0.119  -0.031   0.163  -0.092   0.000  -0.037  -0.071  -0.036  -0.037  -0.019   0.095   0.008  -0.043  -0.200  -0.057   0.213   0.072   0.033   0.369  -0.118   0.149  -0.014  -0.260   0.365  -0.048   0.177   0.284   0.197   0.031
  60116      0.167   0.139   0.010  -0.006   0.093  -0.119  -0.232  -0.143  -0.123  -0.061   0.175  -0.054  -0.129   0.018   0.083   0.162   0.118   0.034   0.229  -0.106  -0.072  -0.116   0.047   0.228  -0.099  -0.313  -0.068  -0.162   0.001  -0.315  -0.061  -0.027   0.134   0.130  -0.197   0.035  -0.024   0.086  -0.034   0.157  -0.229   0.025   0.334   0.161  -0.086  -0.034  -0.124  -0.003   0.067  -0.007   0.094
  80235      0.164  -0.026  -0.121  -0.148   0.234   0.105   0.155   0.046   0.035  -0.125   0.252  -0.114  -0.020   0.120   0.061  -0.032   0.011  -0.024  -0.091   0.207  -0.082  -0.061  -0.054  -0.009  -0.099   0.065  -0.083  -0.123   0.152   0.167   0.293   0.096  -0.051   0.024   0.009   0.118  -0.107   0.051   0.189  -0.202   0.058   0.156  -0.011   0.359  -0.185  -0.129  -0.055   0.030  -0.253   0.180  -0.121
  100540     0.012  -0.031   0.371   0.193  -0.111  -0.024  -0.050  -0.020   0.084  -0.139   0.025  -0.099  -0.032  -0.019   0.077  -0.006   0.117   0.075  -0.071  -0.190  -0.019  -0.248   0.113   0.047   0.057   0.087   0.010   0.130  -0.149   0.199   0.069   0.308   0.112   0.012  -0.120   0.236   0.031  -0.012   0.261   0.202  -0.041   0.214  -0.057   0.099  -0.056   0.112   0.193   0.034   0.027  -0.071   0.003
  60143      0.154   0.182   0.049  -0.090  -0.067  -0.137  -0.147  -0.039   0.128   0.017   0.194  -0.131   0.021  -0.039  -0.191  -0.182  -0.048  -0.232  -0.154   0.006  -0.018   0.012  -0.073  -0.025   0.328  -0.057  -0.254  -0.045  -0.156  -0.151   0.105   0.130   0.122  -0.301  -0.131  -0.162  -0.022  -0.156   0.264  -0.045   0.050   0.053  -0.055  -0.252  -0.020   0.015  -0.082  -0.170  -0.052  -0.033   0.072
  121310     0.123   0.238  -0.049  -0.009   0.111  -0.023  -0.071  -0.046  -0.103   0.086  -0.021  -0.211  -0.305   0.158  -0.084  -0.063   0.041  -0.071  -0.252  -0.049  -0.108   0.353   0.055  -0.071   0.105   0.192   0.105  -0.243  -0.120   0.015  -0.176   0.066  -0.014   0.194   0.007  -0.092   0.044   0.071  -0.093  -0.101  -0.100   0.065   0.146   0.033  -0.103   0.058   0.207   0.054  -0.175  -0.037  -0.039
  60345      0.080   0.175  -0.015   0.253   0.071   0.176  -0.161   0.165   0.199   0.253   0.069  -0.092  -0.027  -0.109   0.072   0.165  -0.326   0.086   0.095   0.002  -0.140  -0.105  -0.014  -0.036  -0.164   0.241  -0.048  -0.105  -0.018  -0.225   0.012   0.206  -0.025  -0.286   0.210   0.149  -0.067   0.170  -0.043   0.012  -0.052  -0.037   0.039  -0.072   0.059   0.052  -0.109   0.005   0.066   0.088  -0.259
  90529      0.133  -0.222  -0.097  -0.005  -0.078   0.021  -0.200   0.097  -0.098  -0.080  -0.179   0.088  -0.045  -0.185   0.071   0.013   0.139  -0.146   0.068  -0.188   0.123   0.249   0.070  -0.110   0.157   0.147  -0.057  -0.150   0.011   0.083  -0.014   0.137  -0.038  -0.223   0.255   0.026  -0.079   0.138   0.057  -0.065  -0.108   0.159   0.133   0.287   0.313  -0.039   0.019  -0.013   0.086  -0.073   0.222
  121186     0.125   0.215  -0.021  -0.153  -0.237  -0.021   0.016  -0.015  -0.005  -0.053   0.166  -0.106   0.105  -0.102  -0.118   0.220  -0.031   0.040  -0.016   0.062  -0.107  -0.037   0.124   0.035   0.262  -0.110  -0.130   0.165   0.034   0.380   0.021  -0.124  -0.105  -0.138   0.083   0.208  -0.077   0.245  -0.218   0.038  -0.140  -0.253   0.021   0.096  -0.051  -0.004  -0.040  -0.092  -0.029   0.121   0.196
  70126      0.145  -0.021   0.244  -0.071  -0.073   0.086   0.066  -0.234  -0.013  -0.076   0.107   0.158  -0.157   0.041   0.046  -0.159  -0.127   0.158  -0.011   0.168   0.027   0.102   0.292   0.105  -0.146   0.206  -0.078   0.043  -0.219  -0.070   0.370  -0.096  -0.053  -0.041   0.166  -0.137  -0.118  -0.154  -0.026   0.174   0.037  -0.188   0.204   0.055   0.073   0.056   0.152   0.154   0.048  -0.045   0.062
  131087     0.119   0.114  -0.082   0.138   0.105   0.099   0.364  -0.122  -0.094  -0.149  -0.076  -0.035  -0.104  -0.244  -0.052  -0.263   0.277  -0.060   0.168  -0.142  -0.099   0.068   0.006  -0.257  -0.099  -0.084  -0.094   0.145  -0.048  -0.219   0.073  -0.097   0.076  -0.083   0.077   0.278  -0.159   0.039  -0.086  -0.059   0.186   0.104   0.032  -0.047  -0.120   0.110  -0.057  -0.182   0.067   0.000   0.008
  70096      0.168  -0.078   0.154  -0.095  -0.106  -0.077  -0.031   0.089   0.033  -0.047   0.355   0.098  -0.004  -0.147  -0.029  -0.118  -0.049   0.231   0.197   0.018  -0.078   0.002  -0.100  -0.148   0.215  -0.008   0.233  -0.009  -0.086  -0.017   0.043   0.122  -0.190   0.362  -0.009   0.043  -0.103  -0.037  -0.157  -0.211  -0.002   0.113   0.024  -0.113   0.270  -0.028  -0.216  -0.061  -0.058  -0.216  -0.137
  80316      0.176  -0.069  -0.009  -0.060  -0.028   0.002  -0.094   0.000   0.367   0.217   0.124  -0.211   0.124  -0.042   0.064  -0.213   0.192   0.043  -0.036  -0.105  -0.050  -0.064   0.089  -0.126  -0.021  -0.005  -0.149  -0.016   0.068  -0.084  -0.113  -0.368  -0.067  -0.035   0.007  -0.082   0.072  -0.293  -0.107  -0.036  -0.110   0.069  -0.139   0.247   0.090  -0.072   0.012   0.247   0.195   0.106  -0.012
  80491      0.118  -0.191   0.079  -0.010   0.253  -0.160   0.111   0.082  -0.071   0.281   0.048   0.109   0.088  -0.030   0.145  -0.085  -0.076  -0.167   0.042  -0.047  -0.164  -0.137  -0.081  -0.150   0.108   0.048  -0.117   0.257  -0.010   0.053  -0.059   0.080   0.167   0.116  -0.051  -0.203  -0.009   0.100  -0.180   0.300  -0.053   0.077   0.076   0.155   0.133   0.114   0.173  -0.150  -0.208   0.198  -0.059
  80330      0.169   0.044   0.064  -0.192   0.255  -0.049  -0.013   0.162  -0.042  -0.011  -0.083  -0.012   0.093   0.014  -0.068  -0.118  -0.111   0.200  -0.177  -0.070  -0.104   0.156   0.244   0.018  -0.106  -0.246   0.212   0.051   0.017   0.189  -0.046   0.026   0.034   0.001   0.217   0.010  -0.043  -0.012   0.129   0.160  -0.148   0.247  -0.021  -0.200  -0.088  -0.188  -0.038  -0.146   0.368   0.111  -0.098
  70502      0.164  -0.033   0.125   0.049   0.026  -0.052   0.167  -0.285  -0.149  -0.045   0.205   0.010  -0.021   0.020   0.220   0.102  -0.130  -0.096  -0.232  -0.265  -0.311  -0.098  -0.127  -0.062  -0.118   0.096   0.096  -0.024   0.178   0.102  -0.212  -0.063  -0.137  -0.137   0.066  -0.020   0.102  -0.043   0.009  -0.113   0.152  -0.061   0.134  -0.257   0.097   0.009   0.001   0.085   0.056   0.056   0.234
  70407      0.194  -0.087  -0.054  -0.176  -0.012  -0.107  -0.068  -0.081  -0.115  -0.173  -0.180  -0.062   0.097  -0.128  -0.045   0.007   0.004  -0.160   0.016   0.021   0.012  -0.044   0.040  -0.025   0.034   0.153  -0.085  -0.020  -0.100   0.026  -0.042   0.069  -0.044  -0.003  -0.112   0.230   0.155   0.054  -0.182   0.225   0.104   0.123  -0.026  -0.197  -0.086  -0.129  -0.189   0.561  -0.086   0.010  -0.237
  70421      0.173  -0.177   0.138  -0.063  -0.006   0.026  -0.105   0.082   0.060   0.060  -0.028   0.002  -0.115   0.074   0.028   0.200  -0.061  -0.045   0.094   0.096  -0.098   0.153  -0.043   0.081  -0.225  -0.195  -0.097  -0.009  -0.098   0.101   0.062  -0.117   0.468  -0.076   0.132   0.109  -0.089  -0.087  -0.250  -0.167  -0.005   0.163  -0.239  -0.205   0.034   0.009   0.099   0.046  -0.262  -0.147   0.157
  182060     0.052   0.286  -0.040   0.147  -0.069  -0.073  -0.086   0.083  -0.006   0.288   0.028   0.183  -0.153   0.151  -0.156  -0.116  -0.053  -0.008   0.058  -0.093   0.121  -0.035   0.095   0.009   0.004   0.007   0.051  -0.111   0.048   0.257   0.019  -0.138   0.134   0.110  -0.245   0.302  -0.093   0.005  -0.005  -0.067   0.365   0.070   0.022   0.035   0.214   0.086   0.088   0.108   0.151   0.193   0.030
  60550      0.177  -0.010  -0.024  -0.009   0.231   0.005  -0.080  -0.203   0.127  -0.183  -0.145  -0.027  -0.177  -0.244  -0.021   0.096  -0.159   0.002   0.042   0.147  -0.088   0.091   0.016   0.241  -0.020  -0.110  -0.033   0.115  -0.127  -0.002  -0.213   0.165  -0.103   0.104  -0.050   0.068   0.280  -0.159   0.072  -0.129   0.203  -0.131  -0.258   0.240   0.230   0.079   0.014  -0.149   0.065   0.147   0.009
  121329     0.174   0.176  -0.091   0.024   0.074  -0.036  -0.150   0.037  -0.018   0.026  -0.165   0.027  -0.036   0.012  -0.094   0.169   0.100  -0.017  -0.018  -0.038  -0.010  -0.181  -0.318  -0.218  -0.068  -0.218  -0.004   0.278   0.065   0.101   0.294   0.133  -0.063   0.072   0.150  -0.089   0.081  -0.153   0.086  -0.235  -0.120  -0.087   0.179   0.000  -0.006   0.114   0.213   0.268   0.147  -0.160  -0.049
  180952     0.129   0.058  -0.008  -0.334  -0.192   0.040   0.013  -0.029  -0.100  -0.070  -0.022   0.114  -0.143  -0.259  -0.144  -0.202  -0.111  -0.172   0.200  -0.058   0.098  -0.229   0.004   0.108  -0.133   0.155   0.111  -0.132   0.200   0.139  -0.062  -0.058   0.193  -0.085   0.005  -0.138   0.129  -0.034  -0.020  -0.096  -0.196  -0.059   0.021  -0.016  -0.089   0.198   0.141  -0.151   0.041   0.060  -0.303
  161576     0.171  -0.087  -0.034  -0.076  -0.105  -0.194   0.129   0.107  -0.207   0.133   0.183  -0.029   0.116  -0.031  -0.141   0.001  -0.079   0.011  -0.137  -0.081   0.359  -0.021  -0.143  -0.035  -0.284  -0.033   0.283   0.075  -0.354  -0.189  -0.058   0.174   0.019  -0.178  -0.072   0.058  -0.019  -0.002  -0.054  -0.088   0.005  -0.119  -0.063   0.200  -0.065  -0.156   0.047   0.043   0.014   0.158   0.165
  32516      0.127   0.054  -0.214  -0.063   0.200   0.267   0.113   0.211   0.096  -0.109   0.081  -0.072  -0.045   0.058   0.149  -0.099  -0.119  -0.068   0.020   0.154   0.105   0.004  -0.073   0.019   0.112   0.141   0.007   0.090  -0.021  -0.049   0.039   0.046  -0.067  -0.005  -0.319   0.147   0.112   0.036  -0.245   0.114  -0.169  -0.020  -0.025  -0.156   0.014  -0.030   0.308  -0.044   0.271  -0.218   0.237
  172202     0.082  -0.197   0.109  -0.023  -0.111  -0.098   0.200  -0.109   0.147  -0.067  -0.212  -0.369  -0.152   0.355   0.039  -0.053  -0.138   0.011  -0.090  -0.046   0.313  -0.136  -0.020   0.035   0.080  -0.027  -0.102  -0.012   0.149  -0.040  -0.021   0.176   0.056   0.113   0.116   0.068  -0.110  -0.003  -0.220  -0.130  -0.091   0.001   0.086  -0.030   0.058   0.218  -0.220  -0.084   0.152   0.112  -0.008
  92250      0.115   0.114   0.102  -0.083  -0.119   0.287  -0.067   0.002  -0.278   0.293  -0.185  -0.207  -0.017   0.045   0.273  -0.067  -0.029   0.005   0.130   0.053   0.134   0.073   0.018   0.049  -0.046  -0.120  -0.170   0.292  -0.199   0.163  -0.137  -0.035  -0.237  -0.066  -0.130  -0.107  -0.053  -0.048   0.066  -0.086   0.117   0.077   0.173  -0.025  -0.012  -0.078  -0.121  -0.093  -0.099  -0.041  -0.166
  50046      0.139   0.197  -0.004  -0.090  -0.108   0.004  -0.021  -0.035   0.202   0.023  -0.186   0.369  -0.191  -0.004  -0.043   0.061  -0.107  -0.039  -0.081   0.226   0.062  -0.173  -0.101  -0.024   0.038   0.184   0.045   0.219   0.095  -0.150  -0.180  -0.035  -0.039   0.097   0.105  -0.055  -0.129  -0.029   0.048   0.085   0.009   0.353   0.054   0.059  -0.179  -0.130  -0.194   0.003  -0.042   0.056   0.325
  202496     0.126  -0.036  -0.337   0.003  -0.103  -0.035  -0.066  -0.029   0.001  -0.093   0.095  -0.014   0.103   0.083   0.014   0.049  -0.030  -0.011  -0.155   0.083   0.111   0.130   0.114  -0.095  -0.054   0.023   0.016   0.277  -0.036  -0.169  -0.025  -0.208   0.114   0.193   0.089   0.201   0.045   0.071   0.340   0.100  -0.173  -0.058   0.080  -0.178   0.286   0.268   0.000  -0.006  -0.183   0.160  -0.118
  122060     0.150  -0.232  -0.079   0.090   0.033   0.070   0.011   0.013   0.034   0.116   0.117   0.161   0.027   0.124  -0.164   0.009   0.040  -0.133  -0.046  -0.027   0.114  -0.013  -0.007   0.240  -0.141  -0.153  -0.029  -0.123   0.066   0.070   0.216  -0.076  -0.348  -0.149  -0.057   0.009   0.324   0.075  -0.023   0.093   0.050   0.315   0.129  -0.080   0.064   0.213  -0.116  -0.142  -0.046  -0.092   0.036
  111314     0.035  -0.100   0.037   0.193   0.416  -0.078   0.213  -0.001  -0.064   0.199   0.097  -0.053  -0.082  -0.057  -0.200   0.027  -0.043  -0.074   0.259   0.026   0.201  -0.135   0.187   0.201   0.327   0.052   0.073   0.083  -0.078   0.059  -0.126  -0.155   0.006  -0.034   0.239   0.007   0.002  -0.006   0.188  -0.145  -0.104  -0.072   0.024  -0.072  -0.119   0.006  -0.049   0.230  -0.046  -0.119   0.066
  62281      0.054   0.119   0.295  -0.098  -0.062   0.013  -0.059   0.320  -0.174   0.091  -0.085  -0.009   0.010   0.156   0.092  -0.181   0.254   0.013   0.028   0.181  -0.137  -0.101  -0.003  -0.034   0.005   0.055   0.106  -0.086   0.006  -0.161  -0.060  -0.026  -0.104  -0.002   0.228   0.261   0.376  -0.064   0.041   0.017  -0.062  -0.148  -0.120   0.030  -0.078   0.218  -0.081  -0.061  -0.136   0.028   0.183
  72396      0.175  -0.056  -0.153   0.064  -0.013   0.216   0.045   0.035   0.055  -0.189  -0.060   0.106  -0.130   0.169   0.125  -0.187   0.147   0.135   0.038   0.049  -0.041  -0.283  -0.143   0.054   0.044  -0.201   0.135  -0.203  -0.150   0.118  -0.276  -0.016  -0.045  -0.214  -0.041  -0.077  -0.301   0.037   0.162   0.080  -0.115  -0.103  -0.080  -0.103   0.190  -0.016   0.067   0.130  -0.168   0.066  -0.025
  40649      0.122  -0.069  -0.263  -0.023   0.033  -0.007  -0.090  -0.058  -0.331   0.063  -0.001   0.126   0.241   0.224   0.153  -0.110  -0.165   0.083   0.165   0.011  -0.095   0.016   0.018   0.001   0.115   0.132  -0.129  -0.090   0.153   0.046   0.028   0.187   0.230   0.024   0.002   0.106  -0.024  -0.337   0.113   0.010   0.059  -0.133  -0.029   0.057  -0.063  -0.004  -0.184  -0.027   0.146  -0.103   0.124
  42092      0.137  -0.155  -0.029   0.191  -0.301   0.011   0.116   0.077   0.087   0.046   0.077   0.028  -0.138   0.005   0.079  -0.105  -0.002  -0.011   0.161  -0.090  -0.062   0.088  -0.092   0.066  -0.113   0.107  -0.262   0.033  -0.073   0.078  -0.007  -0.015   0.082   0.284   0.019  -0.050   0.269   0.269   0.255  -0.153  -0.125  -0.069  -0.043  -0.133  -0.152  -0.356   0.023  -0.014   0.131   0.087   0.061
  60522      0.140   0.147   0.074  -0.058  -0.006   0.102   0.164   0.304   0.126  -0.108   0.053  -0.095   0.089  -0.131   0.234   0.313   0.037  -0.181   0.086  -0.221   0.141   0.110   0.245   0.007  -0.124   0.122   0.168   0.015   0.138   0.024  -0.005  -0.017   0.027   0.094  -0.205  -0.163  -0.117  -0.180   0.163  -0.035   0.026  -0.014  -0.040  -0.024  -0.028   0.172  -0.156   0.047  -0.099  -0.066   0.103
  111252     0.089   0.124   0.011   0.094  -0.091  -0.352   0.194   0.211   0.073  -0.228  -0.195   0.065  -0.054   0.301   0.018   0.043  -0.210  -0.038   0.337  -0.162  -0.182   0.213  -0.082   0.029   0.132  -0.041   0.064   0.031  -0.071  -0.066   0.153  -0.120  -0.187  -0.193  -0.046  -0.067   0.053  -0.121  -0.013   0.073  -0.043   0.014  -0.020   0.082   0.000  -0.053   0.053   0.023  -0.059   0.171  -0.123
  72140      0.157   0.109   0.071   0.103   0.070   0.080   0.174   0.174   0.015  -0.168  -0.064   0.326   0.088   0.021   0.025   0.090  -0.115   0.211  -0.334  -0.139   0.155  -0.112   0.123  -0.147   0.115  -0.098  -0.281  -0.131  -0.138  -0.019  -0.129  -0.124   0.188  -0.021  -0.017  -0.036   0.253   0.020  -0.103  -0.119   0.044  -0.085   0.116   0.157  -0.020  -0.045  -0.093  -0.060  -0.073  -0.217  -0.199
  50499      0.109  -0.025   0.242   0.010  -0.097  -0.079   0.305  -0.001   0.061   0.259  -0.155   0.107   0.056  -0.214   0.081  -0.018  -0.035  -0.213  -0.174   0.262  -0.031   0.217  -0.122   0.105   0.060  -0.237   0.000  -0.183   0.248  -0.096   0.006   0.062  -0.008   0.027  -0.114   0.238  -0.151  -0.010   0.172   0.074  -0.128  -0.170   0.106   0.041   0.112  -0.092   0.067   0.106   0.054  -0.123  -0.123
  82115      0.102   0.139  -0.057  -0.115   0.149  -0.208   0.022  -0.171   0.367   0.114   0.000   0.112   0.137   0.004   0.169  -0.054   0.331   0.283   0.086  -0.084   0.188   0.248  -0.270   0.200  -0.050   0.191   0.041   0.040  -0.010   0.199  -0.053   0.115   0.095  -0.119   0.055   0.051   0.067   0.035  -0.040   0.079   0.052  -0.133   0.135  -0.090  -0.100   0.066  -0.068  -0.079  -0.097  -0.057  -0.050
  10636      0.112   0.075  -0.242   0.148  -0.174  -0.212   0.106  -0.048  -0.019   0.122  -0.115   0.060   0.191  -0.119   0.088  -0.171  -0.039   0.204  -0.048   0.062  -0.157  -0.026   0.321   0.151  -0.058  -0.105  -0.052   0.003   0.050  -0.067  -0.013   0.233  -0.123   0.007  -0.074  -0.185  -0.068   0.177  -0.093  -0.216  -0.074   0.137  -0.195  -0.011  -0.143   0.297   0.109   0.157  -0.085  -0.094   0.114
  22336      0.140  -0.130  -0.026   0.157   0.068  -0.181  -0.106   0.283  -0.138  -0.041  -0.055   0.091  -0.125  -0.017  -0.155   0.092   0.353  -0.046  -0.227   0.021  -0.100  -0.098   0.081   0.269  -0.099   0.261  -0.198   0.110   0.045  -0.007   0.007   0.022  -0.147   0.051  -0.089  -0.013  -0.280  -0.188  -0.150  -0.068  -0.032  -0.197  -0.012  -0.156   0.029  -0.110  -0.045  -0.171   0.057   0.078  -0.126
  62372      0.198   0.012   0.088   0.057   0.102  -0.170  -0.177  -0.104  -0.057  -0.010  -0.111  -0.079  -0.094   0.117   0.132  -0.101   0.017  -0.062  -0.092   0.074  -0.015  -0.065   0.026  -0.044  -0.009   0.101   0.268   0.163   0.124  -0.030   0.199  -0.234   0.126  -0.135  -0.156  -0.135   0.007   0.436   0.057  -0.037   0.079  -0.134  -0.255   0.128   0.092  -0.077  -0.216  -0.057   0.099  -0.297  -0.074
  121026     0.182  -0.104   0.057   0.060   0.023   0.121  -0.039  -0.020  -0.106   0.092  -0.025  -0.066  -0.264  -0.093  -0.273   0.015  -0.080   0.401   0.037  -0.179   0.149   0.145  -0.043  -0.222   0.005  -0.043  -0.098   0.023   0.407  -0.041   0.028   0.065  -0.098  -0.042  -0.148  -0.043   0.035  -0.046   0.059   0.282  -0.038  -0.135  -0.211  -0.041  -0.069  -0.029   0.004   0.030  -0.250   0.019   0.100
  112082     0.078  -0.244   0.086   0.127  -0.023  -0.063  -0.360  -0.028   0.118  -0.136   0.043   0.071   0.115   0.030   0.115  -0.119  -0.173  -0.052   0.012  -0.029   0.098   0.057   0.078  -0.029   0.071  -0.045   0.111   0.132   0.180  -0.098  -0.178  -0.130  -0.135  -0.080  -0.033   0.252  -0.113  -0.055  -0.015  -0.190   0.092  -0.036   0.169   0.014  -0.378  -0.036   0.314  -0.123  -0.134  -0.049  -0.112
  52287      0.137  -0.018  -0.012   0.308  -0.094   0.020   0.030   0.077   0.132  -0.126  -0.092  -0.271   0.234   0.001  -0.352  -0.122  -0.009  -0.028   0.111   0.289  -0.137  -0.017   0.062  -0.092  -0.201   0.038   0.157  -0.005   0.060   0.169  -0.149   0.063   0.159  -0.003  -0.034  -0.150   0.095  -0.078  -0.038   0.112   0.117  -0.063   0.363   0.069   0.079  -0.105  -0.066  -0.060  -0.093  -0.130   0.117
  121434     0.104  -0.075  -0.231   0.090  -0.180   0.303   0.004  -0.017   0.082   0.156  -0.117  -0.051  -0.036  -0.089   0.012  -0.050  -0.035  -0.083  -0.201  -0.318  -0.170  -0.048  -0.059   0.302   0.248  -0.070   0.338   0.057  -0.092  -0.057   0.240  -0.022   0.115   0.139   0.138   0.034   0.027  -0.138  -0.118   0.139   0.079  -0.100   0.000   0.100  -0.137  -0.078  -0.095  -0.041  -0.122  -0.019  -0.037
