  year  #   1       2       3       4       5       6       7       8       9      10      11      12      13      14      15      16      17      18      19      20      21      22      23      24      25      26      27      28      29      30      31      32      33      34      35      36      37      38      39      40      41      42      43      44      45      46      47      48      49      50      51
  1950   2.789  -7.366  -0.755   1.693   2.858  -0.065   0.879   0.100  -0.558  -0.915   0.169  -1.542  -0.117   0.792   1.942  -0.595   0.663   0.721   0.190   0.357  -0.327  -0.220  -0.264  -0.354   0.183  -0.140  -0.220   0.167   0.008   0.143   0.007  -0.139   0.009  -0.174  -0.135  -0.189   0.210  -0.137  -0.155   0.088  -0.087  -0.021  -0.099  -0.017  -0.070  -0.013   0.028   0.040   0.041   0.021   0.000
  1951   3.668  -7.847  -0.989   2.806   2.919   0.102   1.008   0.125   0.188  -0.495  -0.330   0.113   0.614   0.655   0.391  -0.178  -0.811  -0.457   0.251   0.143   0.187  -0.057   0.224   0.608  -0.623  -0.166   0.361  -0.620  -0.236  -0.013   0.308  -0.089   0.083   0.084  -0.047   0.093  -0.211   0.174   0.214  -0.075   0.246  -0.040   0.149  -0.050   0.045   0.040  -0.024   0.005  -0.041  -0.028   0.000
  1952   1.486  -8.666  -1.737   0.571   1.460  -0.036   1.264  -0.799   0.387   0.091  -0.111   0.535   0.270  -0.483  -1.057   0.503  -0.192   0.037  -0.438   0.310   0.239   0.166  -0.182   0.324   0.131  -0.275   0.016   0.620   0.045  -0.478  -0.532   0.641  -0.010  -0.105  -0.249   0.066   0.025   0.029  -0.104  -0.018  -0.088   0.134   0.079   0.108   0.012  -0.092   0.023  -0.051  -0.001   0.026   0.000
  1953   0.251  -9.595  -2.113  -0.506   0.249  -0.982   0.981  -0.070   0.249   0.211  -1.227   0.767  -0.108  -0.248  -1.851   0.309   0.228   0.697  -0.002  -0.361  -0.040   0.191   0.248  -0.543   0.076   0.628  -0.136  -0.042   0.300   0.095   0.211  -0.451  -0.043   0.157   0.380  -0.212   0.032   0.054   0.041  -0.005  -0.051  -0.038  -0.177  -0.019   0.028   0.043   0.022   0.025   0.011  -0.014   0.000
  1954   2.011  -6.773   0.131  -1.850  -0.675  -0.723  -1.318   0.425  -0.575   0.645   0.580   0.363  -0.543  -0.557   0.080  -0.592   0.556  -1.104   0.069  -1.318  -0.288   0.071  -0.011  -0.019   0.139   0.384   0.028  -0.084   0.050   0.583   0.135   0.275   0.219   0.002  -0.328   0.466   0.008  -0.157  -0.001   0.117  -0.047  -0.016   0.109  -0.077  -0.085   0.006   0.018  -0.011   0.029  -0.006   0.000
  1955   4.123  -5.212   1.370  -2.267  -0.705  -1.170  -3.001  -0.470   0.165   0.711   0.104   0.172  -0.747  -1.797   0.718  -0.558  -0.344  -0.453   0.327   0.661   0.083   0.001  -0.160   0.148   0.116  -0.868  -0.093  -0.064  -0.188   0.105  -0.025  -0.055  -0.113  -0.001   0.432  -0.058   0.170   0.132   0.037  -0.076  -0.064  -0.104  -0.081   0.119   0.072   0.028  -0.043   0.003  -0.030   0.007   0.000
  1956   8.332  -2.232   3.886  -1.472  -1.155  -1.160  -3.629  -0.653  -0.446   0.149   0.428  -0.002   0.039   0.534   0.260   0.704  -0.079   0.464   0.020   0.783   0.183  -0.160   0.141   0.044   0.261   0.719   0.446  -0.142   0.128  -0.432  -0.076   0.014  -0.070   0.092  -0.110  -0.213  -0.161  -0.189  -0.030  -0.097   0.088   0.217   0.040  -0.173  -0.076  -0.001   0.031   0.011  -0.007  -0.007   0.000
  1957   7.392  -0.919   3.735  -0.798  -1.876  -0.226  -1.018  -0.079   0.153  -0.300  -0.093  -0.454   0.562   1.280   0.029   0.734   0.623   0.392   0.225  -0.428  -0.639   0.083   0.244  -0.191  -0.810   0.034  -0.498   0.282  -0.209  -0.095  -0.208  -0.228  -0.357   0.356  -0.165   0.135   0.008   0.147   0.093   0.058  -0.034  -0.196   0.099   0.182   0.076  -0.069  -0.033  -0.026  -0.008   0.009   0.000
  1958  10.201   1.519   4.732   1.410  -0.778  -0.696   0.951   0.225   1.408  -0.033  -0.462   0.190   0.380   0.709   0.206   0.539   0.328  -0.463  -0.635  -0.429  -0.045  -0.086   0.122   0.229   0.222  -0.227  -0.070   0.453  -0.106   0.076  -0.186   0.024   0.542  -0.495   0.302  -0.055   0.013  -0.055  -0.128   0.133   0.058  -0.045  -0.131  -0.102   0.028   0.103  -0.035  -0.059  -0.033  -0.027   0.000
  1959   4.275  -0.108   1.516  -0.980  -1.842   1.190  -0.042  -0.326   0.772   0.115   0.110  -0.978   1.439   0.149  -0.949  -0.423  -0.005  -0.068  -1.204  -0.085   0.309  -0.287  -0.420   0.023   0.039  -0.521   0.362  -0.212   0.185   0.427   0.323  -0.101  -0.502  -0.379  -0.289  -0.051   0.070   0.019   0.067  -0.205   0.013   0.028  -0.034   0.006   0.068  -0.020   0.030   0.039   0.065  -0.008   0.000
  1960   6.188   1.062   2.335   0.089  -1.239   1.626   0.549   0.897   1.307   0.287  -0.220  -0.276   0.361  -0.138  -0.521  -1.613  -0.952   1.164   0.414   0.056   0.588  -0.053   0.214  -0.953   0.241  -0.233  -0.172  -0.063  -0.151   0.064  -0.051   0.085   0.386   0.240   0.039   0.115   0.032  -0.053   0.127   0.194   0.064   0.153   0.118   0.019  -0.077  -0.025  -0.032   0.000  -0.009   0.015   0.000
  1961   6.546   1.002   1.667   1.322  -0.784   2.771   0.396   1.503  -1.181  -0.747   0.970  -0.290  -0.131  -0.173  -0.768  -0.308  -0.202  -0.203   1.140  -0.149   0.347  -0.366  -0.258   0.736   0.183   0.282  -0.206   0.278  -0.103  -0.266   0.419   0.215   0.064   0.112   0.047  -0.014  -0.132  -0.072  -0.017  -0.135  -0.131  -0.187  -0.188  -0.025   0.052  -0.029   0.098  -0.001  -0.010   0.015   0.000
  1962   4.655   0.362   0.246   1.381  -0.594   3.440   1.051   0.010  -0.597   0.237   0.695  -0.140  -0.709  -0.553  -0.090   0.033   0.525  -0.554   0.005   0.359  -0.226   0.769  -0.194   0.425   0.231   0.459  -0.287   0.065   0.361   0.244  -0.131  -0.175  -0.294  -0.045  -0.115  -0.269   0.013   0.232   0.074   0.098   0.057   0.179   0.057   0.101  -0.116   0.088  -0.128   0.018  -0.033  -0.008   0.000
  1963   3.062   0.316  -0.606   0.972  -0.681   3.060   1.071  -0.471  -0.288   1.458   0.400   0.305  -0.259  -0.720   0.745   1.227  -0.458  -0.239  -0.443   0.142  -0.435  -0.139  -0.439  -0.711  -0.940   0.029   0.120  -0.234   0.012   0.068  -0.022   0.185   0.156   0.246   0.283   0.024   0.125   0.019  -0.193   0.012  -0.118   0.051   0.053  -0.179   0.105  -0.022   0.041   0.028   0.020   0.004   0.000
  1964   2.944   0.611  -0.956  -0.732  -0.897   0.611   1.930  -0.113   0.974   0.956  -0.409   0.797  -0.901  -0.474   0.584   0.437  -0.167   0.492   0.090  -0.360  -0.160  -0.227   0.132   0.118   0.620   0.217   0.366  -0.517  -0.260  -0.641   0.059  -0.210  -0.134  -0.225  -0.203   0.164   0.011  -0.370  -0.164  -0.077   0.088  -0.207   0.042   0.127   0.030   0.013  -0.102   0.044   0.031   0.017   0.000
  1965   2.372   1.092  -1.935  -1.491  -1.071  -0.243   1.963  -0.417   0.536   0.001  -0.546  -0.244  -0.893   0.446   0.966   0.479   0.256  -0.461  -0.226   0.023  -0.186  -0.389   0.121  -0.243   0.730  -0.308   0.019  -0.055   0.377  -0.004   0.420   0.060  -0.311   0.298   0.277   0.190  -0.266   0.263   0.088  -0.049   0.175   0.098  -0.029   0.041  -0.106  -0.046   0.104  -0.086  -0.012   0.023   0.000
  1966  -0.278   0.217  -2.336  -3.019  -2.289   0.302   1.394  -0.825  -0.341  -0.591  -1.072  -0.420   0.251   0.061   0.424   0.359  -0.223  -0.683   0.060   0.426   0.072   0.335   0.621   0.311  -0.084  -0.254  -0.319  -0.454  -0.123   0.169  -0.437  -0.001   0.456   0.093  -0.168  -0.251  -0.315  -0.270   0.225  -0.008  -0.248   0.010  -0.067   0.075  -0.040  -0.017   0.057   0.039   0.035  -0.026   0.000
  1967   1.770   2.389  -1.284  -1.941  -1.301  -1.872   1.438  -0.199   0.074  -1.643  -0.830  -1.270  -0.458   0.278  -0.483   0.330  -0.227  -0.596   1.092   0.418   0.445   0.146   0.207  -0.005   0.163   0.189   0.279   0.013   0.203   0.186  -0.232   0.117  -0.125  -0.076  -0.030   0.242   0.386   0.285  -0.231   0.060   0.017  -0.002   0.105  -0.138   0.124   0.033  -0.014   0.061  -0.005   0.015   0.000
  1968   6.103   4.163  -1.087   0.545  -0.012  -2.152   0.780   1.024  -0.895  -0.643  -0.102   0.780  -1.471  -0.466  -0.556   0.036  -0.866   0.170   0.384   0.161  -0.624   0.335  -0.177  -0.256  -0.851  -0.388   0.414   0.475  -0.069   0.133   0.185  -0.230  -0.173  -0.390  -0.162  -0.041  -0.010  -0.196   0.030   0.007   0.059   0.062  -0.028   0.035  -0.149  -0.068   0.045  -0.004  -0.005  -0.026   0.000
  1969   5.791   3.550  -1.685   1.177   1.010  -2.122   0.429   0.813  -2.142  -0.094   0.429   1.485  -0.114   0.897  -0.115  -0.223   0.136  -0.586  -0.774   0.152   0.486   0.435  -0.602  -0.253   0.626  -0.225  -0.468  -0.089  -0.214  -0.063   0.042  -0.430   0.162   0.316  -0.083   0.028   0.077  -0.050   0.071  -0.146  -0.121   0.065   0.092  -0.049   0.126  -0.015  -0.030   0.006   0.008   0.022   0.000
  1970   4.612   4.060  -2.189   0.961  -0.166  -2.092   0.901  -1.921  -0.915   0.591   1.113   1.278   1.065   0.091  -0.308  -0.490   0.591   0.672  -0.013   0.553  -0.191  -0.227   0.129   0.235  -0.046   0.153  -0.254  -0.650   0.009   0.197   0.066   0.702  -0.204  -0.050   0.155  -0.048   0.118   0.049   0.007   0.276   0.061  -0.165  -0.045   0.020  -0.061  -0.015   0.013   0.021  -0.003  -0.012   0.000
  1971   0.525   1.838  -3.317  -0.145  -0.826  -0.703   0.804  -2.633  -0.736   0.218   0.276  -0.284   0.934  -0.356   0.753  -0.631  -0.094   0.469   0.527  -0.825   0.375   0.260  -0.257  -0.027  -0.387   0.415   0.357   0.254  -0.125   0.318  -0.344  -0.060   0.085   0.062   0.046  -0.057  -0.086  -0.004  -0.011  -0.400   0.126   0.062  -0.154  -0.021   0.005  -0.013  -0.082  -0.070  -0.005   0.027   0.000
  1972  -0.210   1.386  -3.309   0.119  -0.404  -0.551  -0.382  -1.438  -0.445   0.790   0.430  -1.467  -1.620   0.185   0.175  -1.042  -0.216   0.541  -0.657  -0.659   0.334   0.253   0.011  -0.037  -0.099   0.158   0.151   0.184   0.039  -0.499   0.040   0.032  -0.088  -0.245   0.017  -0.196  -0.301   0.199   0.111   0.219  -0.202  -0.100   0.136  -0.041   0.130   0.054   0.051  -0.011  -0.022  -0.021   0.000
  1973  -0.380   1.557  -4.476   0.549   0.247   1.046  -1.215  -1.106   0.269  -0.298   0.824   0.436  -0.620   0.073  -0.417   0.207   0.820  -0.252  -0.152  -0.215   0.502  -1.056   0.475   0.003   0.029  -0.171   0.346   0.408  -0.590   0.178  -0.024  -0.285   0.309   0.280  -0.145  -0.155   0.093   0.182  -0.253   0.067   0.165   0.090  -0.005   0.153  -0.012  -0.018   0.041   0.057  -0.007  -0.030   0.000
  1974  -0.076   2.053  -5.108   1.315   1.448   1.094  -1.581  -0.891   1.933  -0.605   0.703   0.447  -0.830   0.586  -0.309   0.325   0.008  -0.106   0.366  -0.055   0.061  -0.717   0.030  -0.053  -0.056  -0.333  -0.295   0.144   0.632   0.006  -0.365  -0.011  -0.211   0.017  -0.005   0.175   0.105  -0.319   0.422  -0.036  -0.065  -0.049  -0.055  -0.161   0.004   0.023  -0.066  -0.003   0.005  -0.003   0.000
  1975   1.578   3.236  -3.763   0.407   1.602  -0.097  -1.705  -0.443   2.645  -0.306  -0.257  -0.752   0.122  -0.188  -0.564  -0.333   0.243  -0.698  -0.066   0.360  -0.068   0.918   0.136  -0.042  -0.266   0.144  -0.614  -0.104  -0.297  -0.169   0.464   0.063   0.020   0.048   0.081  -0.094  -0.164  -0.049  -0.372  -0.115   0.022  -0.074   0.055  -0.068  -0.090  -0.034  -0.028  -0.032   0.060   0.010   0.000
  1976   1.928   3.630  -3.410  -0.028   1.501  -0.180  -1.236   0.354   1.557  -0.063  -0.049   0.117   1.580  -0.100   0.501  -0.026  -0.226  -0.044   0.298   0.060  -0.791   0.155  -0.563  -0.205   0.326   0.586   0.217  -0.028   0.291  -0.056   0.044  -0.101   0.263  -0.211   0.007   0.283  -0.013   0.094   0.041  -0.054  -0.198   0.117  -0.005   0.226   0.072   0.013   0.083   0.040  -0.071  -0.019   0.000
  1977  -2.310   0.160  -5.305  -1.315   0.226   0.560  -1.169   1.160  -1.641   0.030   0.053  -0.917   1.519   0.146  -0.313   0.768  -1.296  -0.304   0.193  -0.674  -0.710  -0.171   0.036   0.021   0.608  -0.191   0.053   0.021  -0.501  -0.133  -0.010   0.009  -0.250  -0.009   0.183  -0.268   0.172  -0.072   0.032   0.262   0.066   0.051   0.019  -0.044  -0.022   0.023  -0.045  -0.051   0.022   0.001   0.000
  1978   2.477   2.891  -2.147  -0.002   1.159  -0.203  -1.058   2.708  -1.291   0.817  -1.265   0.240   0.894  -0.423   0.679   0.095   0.540   0.178  -0.014  -0.554   0.815   0.093   0.688  -0.030  -0.521  -0.471   0.030   0.083   0.783  -0.280   0.055   0.243  -0.152   0.110  -0.091   0.033  -0.139  -0.004  -0.198   0.031   0.001   0.066  -0.084   0.051  -0.004   0.076  -0.033   0.033   0.005   0.004   0.000
  1979  -0.293   2.095  -3.581  -1.186   0.134   0.620  -0.816   2.008  -0.286  -0.008  -1.456  -0.651  -0.332  -0.827   0.011   0.556   0.775   1.208  -0.832   0.687   0.262  -0.125  -0.229   0.693  -0.170   0.424   0.179   0.007  -0.221   0.376   0.043  -0.079   0.326  -0.051  -0.005   0.121   0.221   0.016   0.239   0.013   0.039  -0.148   0.083  -0.048  -0.033  -0.030   0.008  -0.058  -0.018   0.027   0.000
  1980  -3.979  -0.927  -0.414  -3.711  -0.354  -0.058   0.689   2.685   0.562  -2.067   1.366   0.371  -0.290   0.483   0.009  -0.918   0.270  -0.030  -0.831   0.163  -0.718   0.028  -0.108  -0.195  -0.154   0.112   0.565   0.134  -0.026  -0.175  -0.236   0.445   0.066   0.265   0.228  -0.112  -0.172   0.077   0.010  -0.131   0.055  -0.072  -0.057  -0.011   0.016   0.015  -0.085   0.038   0.006  -0.007   0.000
  1981  -3.760  -0.014   1.051  -3.959   0.759   0.095   0.788   1.035   0.420  -0.158   1.159   0.379   0.098  -0.341  -0.077  -0.617   0.334  -0.148   0.198  -0.177   0.149  -0.439  -0.099   0.345  -0.514   0.071  -0.513  -0.732   0.237  -0.283  -0.315  -0.576  -0.016  -0.333  -0.016  -0.080   0.040   0.021  -0.169   0.168   0.107   0.171  -0.028  -0.054   0.074  -0.097   0.044  -0.068  -0.023   0.009   0.000
  1982  -4.325   0.961   2.022  -3.578   1.565  -0.510   0.992   0.216   0.483   0.721   0.718   0.481   0.236  -0.380   0.792   0.409  -1.205   0.229  -0.101   0.219   0.372  -0.151   0.081  -0.154   0.141   0.379  -0.767   0.713   0.223   0.283   0.167   0.120  -0.029   0.073  -0.309  -0.228   0.102  -0.003   0.007  -0.135   0.200  -0.178   0.100   0.012   0.041   0.068   0.045  -0.003   0.007  -0.038   0.000
  1983  -3.362   0.841   2.563  -2.842   1.761   0.124   0.900  -0.349  -0.050   0.760   1.016   0.277   0.822   0.245  -0.052   0.645   0.176   0.067   0.265  -0.034   0.609  -0.036  -0.001  -0.065  -0.048  -0.188   0.287   0.166  -0.278  -0.252   0.063  -0.297   0.003  -0.189   0.158   0.224  -0.039   0.384   0.090  -0.047  -0.362  -0.096   0.036  -0.090  -0.269   0.002  -0.042   0.027   0.013  -0.002   0.000
  1984  -3.370   2.005   3.474  -1.925   3.080   0.146  -0.062  -0.083   0.405   1.259   0.242  -0.587  -0.483   0.676  -0.478   0.799   0.802   0.005   0.729  -0.162   0.450   0.835  -0.777  -0.068   0.089  -0.265   0.477  -0.074  -0.119   0.267  -0.066   0.195   0.032   0.089   0.183  -0.099  -0.188  -0.260   0.147   0.195   0.222   0.013  -0.035   0.092   0.095  -0.019   0.030   0.025   0.024   0.008   0.000
  1985  -3.974   1.907   2.371  -2.387   0.669  -0.154   0.830  -1.383   0.167   0.585  -0.628   0.010  -0.197   0.207  -0.419  -0.429   0.555   0.442   0.100  -0.264  -0.973  -0.082   0.307   0.564  -0.255  -0.420  -0.182   0.142  -0.264  -0.229   0.542   0.172   0.098   0.172  -0.161  -0.077   0.292  -0.124   0.091  -0.142  -0.082   0.267   0.017  -0.078   0.030   0.128   0.010   0.027  -0.049   0.034   0.000
  1986  -1.325   2.704   3.178   0.552   2.588   0.219   0.006   0.035  -1.058   1.742  -1.161  -1.145  -0.698   0.431  -0.709  -0.665  -0.310   0.126  -0.126   0.145  -0.621  -0.402   0.146   0.263   0.393  -0.033   0.021  -0.220   0.202   0.187  -0.385   0.016  -0.024   0.268   0.028   0.149   0.010   0.025  -0.236  -0.204  -0.086  -0.042  -0.040  -0.020  -0.014  -0.114  -0.054  -0.022  -0.015  -0.068   0.000
  1987  -2.476   1.647   2.266   0.607   2.056   1.336  -0.625   0.188  -0.485   0.463  -0.501   0.501  -0.424   0.512   0.016  -0.525  -0.368  -0.947  -0.485   0.452   0.141   0.066   1.034  -0.618  -0.137   0.631   0.108  -0.046  -0.578   0.143  -0.261   0.104  -0.378  -0.328  -0.042   0.143   0.063   0.009   0.126  -0.011  -0.006  -0.002  -0.171   0.050   0.037   0.043   0.056  -0.016  -0.011   0.049   0.000
  1988  -4.067   0.885   2.487  -0.195   0.105   1.060  -0.298  -1.624  -1.557  -1.108  -1.457   0.758   0.553   0.063  -0.119  -0.839   0.244  -0.484   0.156   0.376  -0.107  -0.682  -0.281   0.072  -0.206   0.201   0.086   0.453   0.347  -0.077   0.056  -0.158   0.046  -0.169   0.495   0.037  -0.152  -0.233  -0.049   0.050   0.030  -0.028   0.271   0.100  -0.001   0.045  -0.005  -0.012   0.072   0.008   0.000
  1989  -5.031   0.640   2.500  -0.215   0.183  -0.240  -0.748  -0.976   0.067  -1.161  -1.379   0.500  -0.366   0.039   0.071   0.412  -0.431  -0.336  -0.011   0.001   0.230  -0.589  -0.688  -0.429  -0.089   0.160   0.066  -0.255   0.098   0.076   0.520   0.246   0.161   0.016  -0.479  -0.252  -0.150   0.173  -0.027   0.229  -0.155  -0.019  -0.152   0.021   0.021  -0.060  -0.137  -0.033  -0.036   0.013   0.000
  1990  -2.766   1.211   3.032   1.392   0.267   0.357  -1.345  -0.432   0.406  -1.628  -0.071   0.764  -0.913   0.613   0.612   0.351  -1.161   0.735  -0.506  -1.113   0.278   0.538   0.137   0.794   0.033   0.099  -0.148  -0.333   0.178   0.157  -0.022   0.137   0.037   0.006   0.321  -0.014   0.310   0.152  -0.034  -0.035  -0.038   0.098  -0.004   0.097  -0.053  -0.066   0.036   0.038   0.050   0.009   0.000
  1991  -6.145  -1.273  -0.306  -0.135  -0.779   1.470  -1.118  -1.007  -1.157  -1.237  -0.082   0.165   0.063   0.105  -0.510   0.366  -0.235   0.809  -0.319  -0.005  -0.148   0.384  -0.372  -0.250   0.193  -0.549  -0.423  -0.199  -0.069   0.166  -0.268  -0.107  -0.050  -0.117  -0.109   0.336  -0.363  -0.058  -0.291  -0.032   0.162  -0.138  -0.020  -0.078  -0.067   0.097   0.051   0.035  -0.094   0.014   0.000
  1992  -3.536   0.853   1.731   1.136   0.000   1.467  -0.467  -0.642  -0.463  -1.245   0.361   0.866   0.251  -0.800   0.311   0.000   0.631   0.669   0.444   0.383  -0.328   0.772   0.489  -0.265   0.394  -0.340   0.405  -0.073   0.035  -0.216   0.108  -0.102   0.105   0.050  -0.293   0.168   0.123   0.202   0.064   0.043   0.002  -0.005  -0.063  -0.069   0.125   0.032   0.025  -0.097   0.083  -0.051   0.000
  1993  -3.627   1.205   2.609   2.252   0.338  -0.488   0.631  -0.099   0.694  -0.697  -0.132   0.220   0.904  -1.596   0.564  -0.015   0.424  -0.110  -0.192  -0.323  -0.115   0.192   0.623   0.143   0.430   0.009   0.122   0.448  -0.093   0.212   0.045  -0.161  -0.335   0.090   0.104  -0.136  -0.215  -0.173   0.075   0.113  -0.041  -0.012   0.086  -0.174   0.066  -0.187  -0.009   0.067  -0.066   0.009   0.000
  1994  -2.223   2.274   3.667   3.136   0.319  -2.027   0.708  -0.108   0.775  -0.594   0.094  -1.003   0.341  -1.374  -0.237  -0.131  -0.208  -0.594  -0.485  -0.177   0.085  -0.211  -0.529   0.076  -0.187   0.131   0.241  -0.233   0.028  -0.341  -0.387  -0.218  -0.121   0.607  -0.155  -0.005   0.161  -0.100   0.041   0.119   0.008  -0.088  -0.058   0.041  -0.121   0.138   0.077  -0.017   0.014   0.009   0.000
  1995  -3.697   0.838   1.554   2.761  -0.373  -1.840  -0.292   0.490  -0.770   0.360   0.507  -1.141  -0.252  -0.947  -0.379   0.648   0.109   0.091   0.057  -0.011  -0.464  -0.499   0.088  -0.202   0.019   0.079  -0.659  -0.023  -0.070  -0.224  -0.039   0.113   0.378  -0.346   0.021   0.178  -0.280   0.315   0.240  -0.123   0.218   0.124  -0.045   0.016   0.038  -0.018  -0.044   0.067   0.074   0.017   0.000
  1996  -5.519  -0.812   1.207   2.605  -0.645  -0.855   0.354   1.026  -0.230  -0.692   1.363  -0.774  -0.243  -0.061  -0.342   0.816   0.522   0.129   0.247  -0.089   0.363  -0.209   0.468  -0.591   0.024  -0.083   0.065  -0.532   0.051   0.273   0.178   0.223  -0.005  -0.200   0.164  -0.230   0.093  -0.273  -0.069  -0.278  -0.200   0.027   0.203   0.144   0.001   0.041  -0.012  -0.073  -0.054  -0.009   0.000
  1997  -8.662  -2.668  -0.848   0.811  -2.449  -0.603   0.432  -0.281  -0.303   0.604   1.088  -0.846   0.203   0.670   0.224   0.028  -0.429  -0.120  -0.490   0.762   0.450   0.330   0.131   0.331  -0.281   0.186  -0.048   0.387   0.070  -0.136   0.475  -0.167   0.014   0.131   0.147   0.517   0.118  -0.333  -0.053   0.192   0.013   0.113  -0.161   0.072   0.026  -0.035  -0.069  -0.001  -0.015  -0.024   0.000
  1998  -5.987  -0.529  -0.362   2.545  -1.757  -0.843  -0.436   0.946   0.908   1.900   0.758   0.708   0.096   0.924  -0.207  -0.210  -0.580   0.111   0.379   0.460  -0.552   0.015   0.294   0.474   0.101  -0.226   0.457   0.126   0.448   0.434  -0.099  -0.289   0.237   0.061  -0.178  -0.231  -0.195   0.160  -0.151   0.067  -0.079  -0.110   0.039  -0.017   0.018   0.025   0.018  -0.016   0.031   0.066   0.000
  1999  -6.849  -1.070  -0.427   1.379  -2.347   0.720  -0.621   0.051  -0.327   0.933  -0.815   0.149   0.274   0.684   0.130  -0.460   0.483  -0.878   0.158  -0.179   0.045   0.446  -0.215  -0.410   0.003  -0.121   0.040  -0.008   0.258  -0.595  -0.025   0.088   0.266  -0.172  -0.047  -0.257   0.473   0.068   0.157  -0.137   0.233  -0.184   0.016  -0.038  -0.100  -0.104   0.045   0.028  -0.048  -0.010   0.000
  2000  -6.851  -1.149  -0.885   2.185  -2.503  -0.525   0.062   1.814   1.230   0.696  -1.302   1.006  -0.152   0.470   0.639  -0.297   0.439   0.301   0.618   0.032   0.295  -0.237  -0.749   0.191  -0.019   0.119  -0.311   0.062  -0.711   0.092  -0.231   0.195  -0.527  -0.033   0.022   0.003  -0.121   0.077  -0.031  -0.041  -0.093   0.168   0.014  -0.068   0.004   0.051   0.026   0.000   0.024  -0.043   0.000
