 eigenvalue 18.383   9.475   6.090   2.976   1.857   1.430   1.264   1.046   0.814   0.691   0.560   0.486   0.451   0.390   0.351   0.308   0.271   0.263   0.203   0.185   0.161   0.149   0.134   0.128   0.120   0.105   0.098   0.093   0.078   0.069   0.061   0.055   0.051   0.045   0.040   0.033   0.031   0.029   0.022   0.018   0.016   0.012   0.009   0.008   0.006   0.004   0.003   0.002   0.001   0.001   0.000
 eval sderr  3.640   1.876   1.206   0.589   0.368   0.283   0.250   0.207   0.161   0.137   0.111   0.096   0.089   0.077   0.070   0.061   0.054   0.052   0.040   0.037   0.032   0.029   0.027   0.025   0.024   0.021   0.019   0.018   0.015   0.014   0.012   0.011   0.010   0.009   0.008   0.007   0.006   0.006   0.004   0.004   0.003   0.002   0.002   0.002   0.001   0.001   0.001   0.000   0.000   0.000   0.000
 % variance  0.375   0.193   0.124   0.061   0.038   0.029   0.026   0.021   0.017   0.014   0.011   0.010   0.009   0.008   0.007   0.006   0.006   0.005   0.004   0.004   0.003   0.003   0.003   0.003   0.002   0.002   0.002   0.002   0.002   0.001   0.001   0.001   0.001   0.001   0.001   0.001   0.001   0.001   0.000   0.000   0.000   0.000   0.000   0.000   0.000   0.000   0.000   0.000   0.000   0.000   0.000
 cumulative  0.375   0.568   0.692   0.752   0.790   0.819   0.845   0.866   0.883   0.897   0.909   0.918   0.928   0.936   0.943   0.949   0.955   0.960   0.964   0.968   0.971   0.974   0.977   0.979   0.982   0.984   0.986   0.988   0.990   0.991   0.992   0.993   0.994   0.995   0.996   0.997   0.997   0.998   0.998   0.999   0.999   0.999   1.000   1.000   1.000   1.000   1.000   1.000   1.000   1.000   1.000
 brokn stck  4.519   3.519   3.019   2.685   2.435   2.235   2.069   1.926   1.801   1.690   1.590   1.499   1.416   1.339   1.267   1.201   1.138   1.079   1.024   0.971   0.921   0.873   0.828   0.785   0.743   0.703   0.664   0.627   0.592   0.557   0.524   0.492   0.460   0.430   0.401   0.372   0.344   0.317   0.291   0.265   0.240   0.216   0.192   0.169   0.146   0.124   0.102   0.081   0.060   0.040   0.020
 series_id   #  1       2       3       4       5       6       7       8       9      10      11      12      13      14      15      16      17      18      19      20      21      22      23      24      25      26      27      28      29      30      31      32      33      34      35      36      37      38      39      40      41      42      43      44      45      46      47      48      49      50      51
  50274     -0.031   0.268  -0.056  -0.034   0.138  -0.087  -0.113   0.139  -0.079   0.125  -0.089   0.073   0.180   0.025   0.213  -0.136   0.231   0.330  -0.124  -0.045  -0.011  -0.018  -0.030   0.064  -0.221  -0.140   0.060   0.084   0.090   0.102   0.058   0.071  -0.172   0.248  -0.116  -0.049  -0.111   0.091  -0.130  -0.095   0.121   0.249  -0.084   0.093  -0.143  -0.083   0.206  -0.230   0.066  -0.099   0.099
  80233      0.181  -0.004  -0.010  -0.012  -0.033  -0.105   0.060   0.197  -0.266  -0.089   0.103   0.356  -0.095   0.268  -0.015   0.254   0.387  -0.080  -0.177   0.034   0.062   0.233   0.094  -0.169   0.044  -0.063  -0.115   0.202  -0.130  -0.155   0.075  -0.138   0.078  -0.165  -0.051  -0.057   0.054   0.016  -0.122   0.031   0.070  -0.153  -0.017  -0.011  -0.016   0.041  -0.031   0.019   0.064   0.001  -0.066
  100771     0.009  -0.058   0.270   0.190   0.153  -0.342   0.005   0.117  -0.031   0.066   0.237  -0.006  -0.162  -0.119  -0.140   0.170   0.016  -0.014  -0.014   0.252   0.200  -0.305  -0.231   0.140  -0.094  -0.008   0.054  -0.066  -0.088  -0.030   0.029   0.085  -0.004   0.096   0.175   0.020  -0.039  -0.209   0.008  -0.014   0.011  -0.057  -0.237   0.129   0.026   0.242   0.149  -0.054  -0.074   0.074  -0.027
  151021    -0.020   0.266   0.150  -0.038  -0.075   0.035  -0.132   0.033   0.065   0.081   0.092   0.099   0.135  -0.077   0.011   0.012   0.130  -0.092   0.065   0.079  -0.227   0.019   0.175   0.045   0.028  -0.010   0.017  -0.157   0.003   0.065   0.164  -0.048   0.150  -0.005   0.592   0.180  -0.028  -0.044  -0.145   0.222  -0.110  -0.034  -0.048  -0.114  -0.139  -0.248   0.115  -0.031   0.076  -0.059  -0.158
  110811     0.149  -0.169   0.156   0.070   0.037  -0.104   0.026   0.063   0.044   0.044   0.034   0.011  -0.005  -0.236  -0.156   0.023   0.086   0.085   0.117  -0.081   0.058  -0.088   0.021   0.144  -0.045  -0.160   0.055   0.037   0.203  -0.064   0.268   0.152  -0.065  -0.115  -0.067  -0.081   0.044   0.014  -0.081   0.097   0.199   0.056   0.151  -0.066   0.203  -0.300  -0.079   0.401   0.244  -0.192   0.196
  101136    -0.138   0.198   0.053  -0.035   0.227  -0.099  -0.014  -0.056  -0.063  -0.048   0.037  -0.072  -0.078   0.010  -0.080  -0.171  -0.029   0.044  -0.134  -0.108  -0.030  -0.146   0.298  -0.060  -0.272   0.200  -0.103   0.041   0.002   0.068   0.002   0.030   0.258  -0.225   0.100   0.031  -0.109   0.146   0.243  -0.238  -0.005   0.031  -0.070  -0.138   0.008   0.228  -0.150   0.153   0.319   0.064   0.025
  121305     0.197  -0.042   0.022   0.156  -0.024  -0.041   0.012  -0.091  -0.094  -0.081  -0.153   0.169   0.035  -0.218  -0.017   0.117   0.034  -0.029  -0.032   0.047  -0.060   0.074  -0.027  -0.111  -0.021  -0.156  -0.128  -0.185   0.131   0.613  -0.125  -0.040  -0.197  -0.019  -0.077  -0.131  -0.065  -0.084   0.094   0.025  -0.119  -0.153  -0.096  -0.157   0.016   0.111  -0.022  -0.060   0.281  -0.086  -0.096
  60353      0.165   0.026  -0.220   0.112  -0.095  -0.003   0.043  -0.012   0.157   0.017   0.061  -0.064   0.094   0.037   0.028  -0.047   0.112   0.150  -0.122  -0.074   0.136   0.073  -0.072   0.110  -0.095   0.121  -0.043   0.169   0.073   0.022   0.003   0.186   0.067  -0.019   0.047  -0.059  -0.016  -0.024   0.081   0.544  -0.249   0.092   0.222  -0.050  -0.025   0.309   0.228   0.154   0.070   0.221  -0.020
  60116      0.090   0.045   0.266   0.130  -0.131  -0.039  -0.197  -0.153  -0.090   0.081   0.049  -0.186  -0.172   0.188   0.048  -0.378   0.333  -0.155   0.100   0.053  -0.174   0.063  -0.013   0.152   0.281  -0.001  -0.178   0.027   0.039   0.032   0.199   0.124  -0.103  -0.023  -0.070  -0.092  -0.037  -0.123   0.113  -0.167  -0.114   0.065   0.183   0.150  -0.022   0.089  -0.063  -0.016   0.017   0.006  -0.058
  80235      0.140   0.163   0.002   0.041  -0.127   0.281   0.110   0.188   0.007  -0.001   0.306  -0.077   0.063   0.185  -0.163  -0.054  -0.086   0.030  -0.088  -0.128  -0.010  -0.161  -0.105  -0.149   0.013  -0.006   0.162  -0.250   0.152   0.202   0.061   0.045   0.100  -0.133  -0.118   0.015   0.059  -0.008  -0.176   0.110   0.081   0.105  -0.097   0.326  -0.146   0.115  -0.289   0.057  -0.014  -0.142  -0.131
  100540     0.151  -0.211   0.005   0.039   0.099  -0.136  -0.038  -0.033   0.051  -0.043   0.043  -0.104   0.039  -0.009  -0.044  -0.057   0.008   0.001   0.048  -0.051  -0.147   0.043   0.097   0.035  -0.024  -0.054   0.079   0.019  -0.081  -0.016  -0.204  -0.115  -0.076  -0.235  -0.128   0.043   0.016   0.023  -0.246  -0.170  -0.225   0.299  -0.179   0.133  -0.037   0.057   0.309   0.119   0.022  -0.035  -0.329
  60143      0.125   0.072   0.223  -0.121  -0.085  -0.006  -0.202  -0.114  -0.102  -0.009   0.277  -0.202   0.071  -0.079  -0.003   0.343  -0.130  -0.141  -0.079   0.002  -0.055   0.213   0.072   0.181  -0.087   0.374   0.121   0.210   0.246   0.010  -0.027  -0.027   0.057   0.097  -0.149  -0.227  -0.023   0.057  -0.180  -0.038   0.000   0.089  -0.055  -0.160   0.011  -0.019  -0.008  -0.117   0.032  -0.032   0.013
  121310     0.049   0.018   0.328  -0.021  -0.033   0.101   0.032  -0.094  -0.082   0.152  -0.168  -0.242   0.130   0.375  -0.092   0.184  -0.134   0.200  -0.152   0.248   0.222   0.100   0.091  -0.003   0.015  -0.137   0.091   0.114  -0.186   0.228   0.010   0.040   0.005  -0.044   0.084  -0.005   0.004  -0.035   0.252   0.038   0.052   0.049   0.067  -0.016  -0.048  -0.032   0.031   0.021  -0.089  -0.169   0.084
  60345     -0.064  -0.016   0.267   0.170   0.021  -0.141   0.289  -0.223  -0.078   0.017   0.156   0.070   0.300  -0.104   0.270  -0.240  -0.079  -0.067  -0.053   0.036  -0.076   0.108  -0.081  -0.241   0.062  -0.147   0.195   0.141   0.175  -0.026  -0.055  -0.076   0.241   0.136  -0.065   0.139   0.169  -0.079  -0.045   0.027  -0.091  -0.054   0.052  -0.033   0.164   0.079  -0.066  -0.064  -0.005   0.049   0.081
  90529      0.121   0.160  -0.175   0.091  -0.150  -0.125   0.065  -0.141   0.126   0.042  -0.216  -0.088  -0.150  -0.109  -0.036   0.027   0.111  -0.075  -0.036   0.236   0.197   0.139   0.274  -0.028  -0.196  -0.061   0.134  -0.039   0.095   0.068  -0.070  -0.011   0.319  -0.029  -0.026   0.028   0.201  -0.109  -0.018  -0.132   0.083   0.084   0.050   0.349   0.114  -0.208   0.088   0.034  -0.001   0.101  -0.083
  121186     0.132   0.087   0.129  -0.311  -0.081  -0.058  -0.080   0.089   0.012   0.083   0.229  -0.058   0.042  -0.115   0.228  -0.030   0.119   0.026  -0.142  -0.242   0.189   0.029   0.097   0.112  -0.131  -0.006  -0.032  -0.258  -0.146  -0.112  -0.175  -0.067  -0.129   0.003  -0.153   0.242   0.232  -0.257   0.173  -0.020  -0.085  -0.207   0.062   0.073  -0.039   0.011  -0.002   0.005   0.143  -0.083   0.139
  70126      0.179  -0.030   0.043   0.044   0.073  -0.160  -0.188   0.289  -0.190  -0.150  -0.028   0.039  -0.085   0.161   0.030  -0.084  -0.224   0.057   0.187  -0.205   0.189  -0.026   0.186  -0.202   0.161   0.015   0.156   0.037   0.368   0.025  -0.205  -0.080  -0.023   0.051   0.233  -0.015  -0.141  -0.097   0.047  -0.084  -0.111  -0.058   0.205   0.061  -0.095  -0.050   0.152   0.088  -0.106   0.014   0.125
  131087     0.069   0.113   0.164  -0.030   0.273   0.133   0.240   0.362   0.011  -0.131  -0.234  -0.364  -0.153  -0.190  -0.190  -0.007   0.133  -0.112  -0.012   0.087  -0.084   0.206  -0.056  -0.234   0.046   0.116  -0.135   0.044   0.087  -0.083  -0.021   0.072  -0.031   0.133  -0.057   0.254   0.012  -0.070  -0.070   0.102   0.045   0.083   0.043  -0.039  -0.020   0.071   0.046  -0.145   0.104  -0.024   0.052
  70096      0.204   0.038  -0.051  -0.057   0.047  -0.015  -0.110   0.022  -0.001  -0.042   0.242  -0.097  -0.136  -0.061   0.067  -0.179  -0.012  -0.002   0.110  -0.113   0.131   0.173  -0.185   0.002  -0.158  -0.141  -0.027   0.216  -0.048   0.240   0.000  -0.042  -0.071  -0.298   0.125   0.198  -0.107   0.025   0.090   0.072   0.236   0.097  -0.091  -0.115   0.255  -0.172  -0.143  -0.242  -0.219   0.242  -0.065
  80316      0.203   0.035  -0.052  -0.077   0.002   0.057   0.056  -0.137  -0.152  -0.103   0.138  -0.030   0.203  -0.121  -0.147   0.008   0.017   0.013   0.066  -0.008  -0.130   0.201   0.074  -0.020   0.087   0.008   0.028  -0.061  -0.109  -0.002   0.049  -0.015  -0.124   0.369   0.074  -0.001  -0.169   0.113   0.211  -0.049   0.262  -0.091  -0.169   0.291  -0.068   0.029   0.052   0.312   0.020   0.378   0.041
  80491      0.126   0.079  -0.100   0.237   0.190   0.301  -0.103  -0.037  -0.065   0.203  -0.029   0.255   0.002  -0.147  -0.069  -0.088  -0.152  -0.248  -0.261  -0.015  -0.015   0.184  -0.141  -0.002  -0.068   0.184   0.158   0.070  -0.137  -0.141  -0.033   0.049  -0.134  -0.127   0.130  -0.036  -0.157  -0.156   0.129  -0.066  -0.153   0.046   0.021   0.224   0.141  -0.079   0.045  -0.012   0.047  -0.224   0.161
  80330      0.199  -0.023   0.063   0.037  -0.092   0.214  -0.018  -0.012   0.149   0.079   0.013   0.050   0.016  -0.069  -0.064   0.057  -0.141   0.172   0.079  -0.115   0.210   0.109  -0.069   0.026   0.323  -0.117  -0.190  -0.078  -0.137  -0.090  -0.077   0.041   0.171   0.001   0.116  -0.044   0.175  -0.080  -0.089  -0.250  -0.048   0.283  -0.127  -0.184  -0.093  -0.003   0.034  -0.120   0.281   0.222   0.151
  70502      0.198   0.003   0.013   0.019   0.168  -0.024  -0.121   0.138  -0.127   0.030   0.065  -0.042  -0.097   0.080  -0.032  -0.235  -0.279  -0.038  -0.345   0.144  -0.111  -0.012  -0.076   0.092  -0.048  -0.236   0.018  -0.138  -0.230  -0.018   0.018  -0.173   0.122   0.219  -0.081  -0.008   0.036   0.155  -0.137   0.023   0.047   0.009   0.268  -0.248   0.060  -0.059   0.063   0.179   0.064   0.064  -0.190
  70407      0.008   0.255   0.015   0.143  -0.215  -0.045  -0.250   0.117   0.099   0.059  -0.167  -0.013   0.021  -0.176   0.032   0.169   0.074  -0.059  -0.031   0.090  -0.019   0.041   0.059  -0.017   0.021  -0.092   0.139  -0.052  -0.038  -0.011  -0.041  -0.080  -0.182  -0.018  -0.097   0.271  -0.061   0.072  -0.075  -0.092  -0.135   0.136   0.008  -0.213   0.022   0.245  -0.258   0.322  -0.329   0.082   0.135
  70421      0.202   0.021  -0.071   0.126  -0.008  -0.081  -0.071  -0.040   0.020  -0.007  -0.016   0.088   0.164   0.125   0.104  -0.054   0.139  -0.005  -0.137   0.048   0.053  -0.095  -0.059  -0.062   0.191   0.219  -0.098  -0.099   0.074  -0.083  -0.307   0.485   0.157   0.075  -0.027   0.156  -0.088   0.004   0.034  -0.083   0.268   0.001  -0.175  -0.233   0.114  -0.104   0.002   0.108  -0.105  -0.171  -0.156
  182060    -0.032   0.060   0.286  -0.206   0.164   0.005   0.151  -0.273  -0.100   0.080  -0.066   0.176  -0.215   0.152   0.079   0.113  -0.065  -0.049   0.133  -0.086  -0.015   0.031   0.038  -0.002   0.015   0.010   0.017  -0.193  -0.096   0.059  -0.138   0.216  -0.031  -0.121  -0.190   0.236  -0.255   0.136  -0.183   0.250  -0.115   0.094   0.004   0.093   0.054  -0.119   0.126   0.101   0.009   0.137   0.107
  60550      0.105   0.113   0.141   0.282  -0.140   0.063  -0.066   0.010  -0.060  -0.345  -0.196  -0.199   0.101  -0.083   0.272  -0.030  -0.044  -0.007  -0.078  -0.062   0.168  -0.251  -0.016   0.113   0.137   0.144  -0.108   0.093  -0.206   0.006   0.025  -0.186   0.005  -0.111   0.014   0.043  -0.037   0.300  -0.172   0.107   0.025  -0.198  -0.107   0.220   0.123  -0.073   0.079  -0.033   0.130  -0.031   0.098
  121329     0.187   0.009   0.149  -0.074  -0.048   0.060   0.113  -0.207   0.076   0.023  -0.095   0.011  -0.064  -0.050   0.005   0.021   0.110   0.029  -0.110  -0.072  -0.169  -0.078  -0.332  -0.077  -0.189   0.164  -0.123  -0.145   0.138   0.029  -0.095  -0.176  -0.005  -0.196   0.172  -0.087   0.156   0.088  -0.033  -0.177   0.255  -0.080   0.258  -0.051  -0.198   0.052   0.279   0.094  -0.264   0.006   0.122
  180952     0.167   0.083  -0.016  -0.231  -0.163   0.031  -0.069   0.161  -0.009   0.010  -0.141  -0.090  -0.184  -0.104   0.191   0.097  -0.075  -0.261   0.110  -0.078  -0.161  -0.104  -0.052   0.006   0.015  -0.221   0.253  -0.056  -0.064  -0.060  -0.038   0.262   0.197   0.037  -0.044  -0.240  -0.007   0.140   0.256   0.061   0.025  -0.093   0.003  -0.001   0.094   0.101   0.128  -0.150   0.047  -0.050  -0.127
  161576     0.143   0.171  -0.058  -0.056   0.072   0.063  -0.125   0.038   0.074   0.346   0.126   0.037  -0.120  -0.082   0.175   0.064  -0.132   0.177   0.230   0.337  -0.218  -0.191  -0.062  -0.171   0.073  -0.012  -0.232   0.370   0.026  -0.008  -0.204  -0.100   0.066  -0.054  -0.124   0.022   0.020  -0.004   0.021   0.075   0.011  -0.125  -0.025   0.146  -0.116  -0.029  -0.054   0.156   0.128  -0.026   0.051
  32516     -0.074   0.177   0.113   0.178  -0.280   0.119   0.269   0.178   0.119   0.026   0.151   0.031   0.147   0.088  -0.065  -0.027  -0.093  -0.143   0.117   0.047   0.064  -0.067   0.017  -0.065  -0.127  -0.019   0.024   0.097   0.044  -0.116   0.085  -0.027  -0.213  -0.128  -0.232   0.095  -0.145   0.008   0.246  -0.169  -0.005  -0.074  -0.016  -0.212  -0.073  -0.186   0.362   0.048   0.096   0.085  -0.197
  172202     0.178  -0.059  -0.134  -0.005   0.116  -0.046  -0.096   0.072   0.074  -0.063  -0.069  -0.018   0.382   0.244   0.009   0.154  -0.113   0.015   0.265   0.094  -0.288  -0.002   0.057   0.097  -0.091   0.051   0.033  -0.093  -0.092   0.016   0.154   0.051   0.023  -0.162  -0.026   0.214   0.002  -0.208  -0.100  -0.118   0.159  -0.095   0.210   0.044   0.263   0.249   0.074  -0.153   0.117   0.022   0.125
  92250      0.166  -0.010   0.080  -0.112  -0.073  -0.154   0.122   0.098  -0.154   0.408  -0.253   0.107   0.263  -0.064  -0.153  -0.156   0.007  -0.178   0.218  -0.059   0.223  -0.145   0.035   0.056  -0.039   0.272  -0.129  -0.053  -0.083  -0.010  -0.070  -0.263   0.026   0.085  -0.050  -0.097  -0.091   0.028  -0.011   0.132   0.064   0.147   0.102   0.002   0.051   0.022  -0.184  -0.108  -0.031   0.036  -0.193
  50046      0.148  -0.075   0.200  -0.053  -0.196  -0.032   0.058   0.004   0.046  -0.180  -0.207   0.235  -0.104   0.075   0.239   0.066  -0.083  -0.051  -0.028  -0.134  -0.127  -0.153  -0.108  -0.152  -0.222   0.038   0.096   0.220  -0.115  -0.040   0.192   0.040  -0.014   0.135   0.125   0.039   0.000  -0.184   0.048  -0.041   0.057   0.376  -0.055   0.039  -0.097   0.077  -0.154   0.091   0.127   0.063  -0.029
  202496     0.084   0.247  -0.073  -0.157  -0.089   0.011   0.113  -0.151   0.022  -0.014   0.112  -0.032  -0.112   0.041  -0.037   0.000  -0.131   0.075   0.017  -0.016   0.126  -0.107   0.103  -0.283  -0.069   0.069  -0.202   0.050  -0.082   0.030   0.133   0.179  -0.323   0.233   0.160  -0.102   0.129  -0.020  -0.272  -0.156  -0.168  -0.072   0.109  -0.008   0.407   0.043   0.043   0.029  -0.057  -0.086  -0.143
  122060     0.119   0.196  -0.151   0.102   0.078  -0.007   0.132  -0.064  -0.118  -0.012   0.124   0.146  -0.175   0.095   0.014   0.187   0.031   0.023  -0.037   0.056  -0.077  -0.210   0.051   0.126   0.226   0.062  -0.007  -0.194   0.226  -0.018   0.152  -0.262  -0.004   0.063  -0.080   0.129   0.139   0.166   0.300   0.034  -0.051   0.324   0.013  -0.040   0.237  -0.002   0.109  -0.168  -0.018   0.014   0.145
  111314     0.036  -0.017  -0.002   0.336   0.341   0.382   0.118  -0.026  -0.129   0.128   0.059  -0.069  -0.026   0.035   0.270   0.156   0.148  -0.183   0.261  -0.195   0.101  -0.082   0.230   0.155  -0.182  -0.123  -0.017   0.050  -0.050   0.053  -0.058   0.055  -0.004   0.138   0.065  -0.066   0.188  -0.003  -0.062  -0.050   0.077  -0.023   0.041  -0.105  -0.099   0.094  -0.035   0.093  -0.136   0.022  -0.099
  62281      0.164  -0.163   0.068  -0.079   0.038  -0.028  -0.031   0.003   0.173   0.223  -0.035   0.053   0.048   0.020  -0.264  -0.019   0.145   0.003   0.016  -0.240  -0.028  -0.019  -0.018  -0.053   0.059  -0.029   0.166   0.258  -0.027   0.113   0.090   0.028   0.049   0.110   0.069   0.251   0.210   0.453   0.097  -0.104  -0.182  -0.160  -0.135   0.044   0.061   0.104   0.080  -0.044  -0.040  -0.171   0.024
  72396      0.030   0.272  -0.009   0.050  -0.069  -0.080   0.218   0.118   0.065  -0.154  -0.025   0.061  -0.064   0.163  -0.241  -0.081   0.032   0.015   0.113  -0.197  -0.229   0.001  -0.104   0.330  -0.070   0.003  -0.047   0.155  -0.176   0.190  -0.222  -0.059   0.226   0.171  -0.080  -0.119  -0.013  -0.232  -0.049  -0.043  -0.158  -0.094  -0.115  -0.061   0.094  -0.159  -0.016   0.103  -0.149  -0.067   0.241
  40649     -0.118   0.245   0.007   0.078  -0.072  -0.027  -0.040   0.014  -0.029   0.163  -0.036   0.188  -0.102   0.009  -0.086  -0.070  -0.049  -0.069   0.077  -0.015   0.200   0.116  -0.141   0.060   0.032  -0.043   0.157  -0.026   0.054   0.055   0.096   0.151   0.095  -0.063  -0.063  -0.021  -0.077   0.154  -0.297  -0.171   0.117  -0.203   0.123  -0.001  -0.088   0.222   0.061  -0.093   0.153   0.204   0.123
  42092      0.144   0.136  -0.134  -0.034   0.174  -0.264   0.155   0.001   0.045  -0.061   0.010  -0.066   0.050   0.121   0.070  -0.160  -0.009  -0.183   0.098   0.213   0.008  -0.004  -0.004  -0.044   0.089   0.166   0.303  -0.037  -0.166   0.036  -0.031   0.111  -0.315  -0.164   0.074  -0.202   0.355   0.111  -0.012   0.072  -0.030   0.027  -0.115  -0.150  -0.248  -0.115  -0.119   0.019   0.087   0.074   0.198
  60522      0.193  -0.083   0.059  -0.087  -0.014   0.057   0.133   0.044   0.194   0.018   0.138  -0.012   0.109  -0.082   0.032  -0.144   0.086  -0.111  -0.081   0.122  -0.002  -0.098   0.329  -0.160  -0.037  -0.219  -0.124  -0.090  -0.044  -0.091   0.044  -0.013   0.091  -0.100   0.000  -0.307  -0.324   0.056  -0.085   0.022  -0.036   0.067  -0.128  -0.050   0.047   0.142   0.072  -0.105  -0.236  -0.059   0.378
  111252     0.030   0.123   0.112  -0.177   0.327   0.047  -0.148  -0.066   0.554  -0.213  -0.037   0.151   0.099   0.214   0.050   0.016   0.022  -0.288   0.002   0.086   0.260   0.038  -0.140   0.092   0.011  -0.093  -0.100   0.016   0.209   0.008   0.016  -0.172  -0.009   0.139  -0.050  -0.049  -0.061   0.029   0.054  -0.011  -0.011  -0.023  -0.010   0.088   0.013   0.013  -0.078   0.096   0.063  -0.015  -0.115
  72140      0.062  -0.062   0.251   0.226  -0.021  -0.072   0.124   0.198   0.329  -0.026   0.053   0.267  -0.174  -0.069   0.103  -0.060  -0.190   0.291   0.000   0.045  -0.143   0.270   0.284   0.168  -0.026   0.193  -0.038  -0.095  -0.054  -0.007  -0.054   0.095  -0.105   0.038  -0.009  -0.063   0.061   0.191   0.080   0.033   0.110  -0.067   0.115   0.117  -0.016   0.047  -0.140  -0.165  -0.114  -0.018  -0.138
  50499      0.195  -0.093  -0.028  -0.082   0.174   0.036  -0.003   0.062  -0.019  -0.008  -0.090   0.073   0.072  -0.146   0.048   0.042  -0.079   0.011  -0.195   0.013   0.017  -0.194   0.079   0.024   0.060   0.143  -0.064   0.058   0.022   0.181   0.395   0.193   0.138  -0.041  -0.236   0.083   0.014  -0.134  -0.011  -0.141  -0.266  -0.169   0.031  -0.002  -0.226  -0.250  -0.031  -0.065  -0.258   0.291  -0.037
  82115      0.132   0.046   0.115  -0.148   0.008   0.323  -0.084  -0.140  -0.181  -0.381   0.018   0.225   0.042  -0.165  -0.216  -0.178   0.182   0.245   0.222   0.312   0.113  -0.144   0.010   0.090  -0.115   0.002   0.234   0.054  -0.031  -0.146  -0.138   0.036   0.032  -0.017  -0.061   0.027   0.038   0.028   0.031  -0.007  -0.122  -0.001   0.134  -0.087  -0.028   0.067  -0.058  -0.109  -0.034  -0.055  -0.090
  10636     -0.072   0.259   0.044  -0.137   0.164  -0.019   0.001  -0.077  -0.007  -0.024  -0.102   0.101  -0.016  -0.202   0.015  -0.104  -0.119   0.109   0.016  -0.163   0.056   0.079   0.118   0.023   0.343   0.028   0.097   0.114  -0.082   0.044   0.229  -0.102   0.035  -0.164  -0.115  -0.096   0.106  -0.263   0.026   0.123   0.278   0.004  -0.153  -0.082   0.019   0.238   0.236   0.144  -0.177  -0.189  -0.176
  22336      0.187  -0.015  -0.052   0.101   0.041   0.025   0.083  -0.244   0.248   0.136  -0.055  -0.152  -0.207   0.085  -0.047   0.039   0.171   0.177  -0.129  -0.139  -0.061  -0.185   0.108  -0.058   0.121   0.040   0.389   0.036  -0.021  -0.118  -0.042  -0.214  -0.102   0.084  -0.017   0.021  -0.310  -0.207  -0.100   0.023   0.098  -0.214   0.027  -0.161  -0.022  -0.043  -0.126  -0.162   0.160   0.095  -0.089
  62372      0.059   0.189   0.163   0.202   0.067  -0.067  -0.279  -0.152  -0.047   0.011  -0.188   0.006   0.099   0.105  -0.284   0.014  -0.126   0.035  -0.045  -0.193  -0.147  -0.056   0.060  -0.135  -0.185  -0.214  -0.158  -0.051   0.141  -0.339  -0.036   0.079  -0.099  -0.074  -0.100  -0.123   0.246  -0.036   0.053   0.227  -0.008  -0.099  -0.194   0.023   0.004  -0.061  -0.052  -0.159  -0.079   0.205  -0.024
  121026     0.195   0.076  -0.041   0.045   0.081  -0.060   0.108  -0.020  -0.078   0.054  -0.101  -0.146  -0.032   0.068   0.208   0.014  -0.015   0.284   0.242   0.022   0.078   0.300  -0.267  -0.031  -0.163   0.053   0.012  -0.256   0.060  -0.231   0.277  -0.098   0.160  -0.032   0.011  -0.088  -0.153   0.067   0.061  -0.084  -0.272  -0.131  -0.235  -0.072   0.017  -0.011  -0.101   0.119  -0.045  -0.154  -0.096
  112082     0.147   0.020  -0.178   0.170  -0.068  -0.215  -0.069  -0.291   0.018  -0.138   0.136  -0.013  -0.108  -0.056  -0.121  -0.007  -0.179  -0.158   0.165  -0.060   0.106   0.052   0.058  -0.086  -0.105  -0.052  -0.155   0.020  -0.162  -0.028   0.137   0.014   0.084   0.159  -0.132   0.236  -0.091   0.025   0.011   0.093   0.089   0.048   0.118  -0.048  -0.412   0.029   0.027  -0.142  -0.017  -0.373   0.092
  52287     -0.089   0.228   0.049   0.083   0.191  -0.206   0.036  -0.004   0.075  -0.087   0.138  -0.063   0.224  -0.184  -0.043   0.306   0.134   0.092   0.023  -0.186  -0.027  -0.032  -0.141  -0.183   0.160  -0.091   0.024  -0.003  -0.257  -0.021  -0.086   0.070   0.077  -0.104   0.008  -0.188  -0.126   0.093   0.124  -0.108  -0.098   0.133   0.408   0.118  -0.019  -0.129  -0.118  -0.057  -0.038   0.002  -0.147
  121434     0.146   0.117  -0.100  -0.150  -0.017  -0.098   0.361  -0.079  -0.129  -0.013  -0.096  -0.036   0.075  -0.061   0.004   0.060  -0.173  -0.039  -0.180   0.008  -0.031  -0.018   0.027   0.419   0.096  -0.293  -0.121   0.182   0.247  -0.188  -0.091   0.105  -0.154  -0.147   0.214   0.132  -0.104   0.037  -0.049  -0.110  -0.032  -0.048   0.029   0.080  -0.145   0.112  -0.184  -0.050   0.000  -0.078  -0.123
