  year  #   1
  1950  -0.797
  1951  -1.064
  1952  -0.792
  1953   0.004
  1954   3.452
  1955   1.750
  1956   1.510
  1957   1.054
  1958   0.867
  1959   1.926
  1960   1.737
  1961   1.063
  1962   0.999
  1963   0.718
  1964   0.244
  1965  -0.195
  1966  -2.038
  1967   0.140
  1968   1.340
  1969   1.047
  1970   1.004
  1971   0.143
  1972   0.109
  1973  -0.194
  1974  -0.410
  1975  -0.984
  1976  -0.545
  1977  -0.284
  1978  -0.236
  1979  -0.141
  1980  -0.229
  1981  -0.333
  1982   0.126
  1983  -0.050
  1984  -0.434
  1985  -0.541
  1986  -0.771
  1987  -0.763
  1988  -0.466
  1989  -0.651
  1990  -0.375
  1991  -0.640
  1992  -0.699
  1993  -1.071
  1994  -0.939
  1995  -0.451
  1996  -0.126
  1997  -0.001
  1998  -0.629
  1999  -1.566
  2000  -0.816
