pist_drop_canopy.rwl -- no data title --                  1st itrdb line missing     
pist_drop_canopy.rwl -- no data title --                  2nd itrdb line missing     
pist_drop_canopy.rwl -- no data title --                  3rd itrdb line missing     
pist_d19359990  09990  09990  09990  09990  01659  12737  22819  23277  44095  5  trn
pist_d19403480  63067  63129  62447  62750  62388  72508  72287  72226  81761  8  trn
pist_d19501732  91426  91672 102603 114386 113813 123502 123183 123013 123423 12  trn
pist_d19603532 122961 123099 132488 132368 132308 13 342 132417 133832 133534 13  trn
pist_d19703478 132676 132941 132855 132852 132610 132730 132437 132511 132147 13  trn
pist_d19802851 142742 143058 142842 142704 142617 142359 142183 142897 143157 14  trn
pist_d19903357 142733 142037 141896 141929 142840 143245 143354 142445 141392 14  trn
pist_d20002857 143024 143090 143129 143035 142769 142873 132651 132516 133149 13  trn
pist_d20109990  09990  09990  09990  09990  09990  09990  09990  09990  09990  0  trn
pist_drop_canopy.rwl -- no data title --                  1st itrdb line missing     
pist_drop_canopy.rwl -- no data title --                  2nd itrdb line missing     
pist_drop_canopy.rwl -- no data title --                  3rd itrdb line missing     
pist_d19359990  09990  09990  09990  09990  0 825  11009  21041  2 918  41239  5  std
pist_d19401230  6 997  61090  6 914  61037  6 949  7 845  7 870  7 783  8 710  8  std
pist_d1950 688  9 607  9 660 10 849 111559 111331 121207 121135 121002 121214 12  std
pist_d19601261 12 951 121083 131060 13 876 13 820 13 417 13 946 131348 131246 13  std
pist_d19701237 13 958 131003 13 953 13 967 13 914 13 979 13 886 13 896 13 717 13  std
pist_d1980 991 14 970 141128 141046 14 993 14 981 14 858 14 898 141053 141029 14  std
pist_d19901195 14 966 14 863 14 794 14 803 141073 141216 141281 14 934 14 619 14  std
pist_d20001081 141022 141105 141087 141037 14 965 14 929 13 886 13 851 131034 13  std
pist_d20109990  09990  09990  09990  09990  09990  09990  09990  09990  09990  0  std
pist_drop_canopy.rwl -- no data title --                  1st itrdb line missing     
pist_drop_canopy.rwl -- no data title --                  2nd itrdb line missing     
pist_drop_canopy.rwl -- no data title --                  3rd itrdb line missing     
pist_d19359990  09990  09990  09990  09990  0 841  11041  21024  2 916  41244  5  res
pist_d19401114  6 839  61147  6 885  61091  6 944  7 926  7 833  7 800  8 806  8  res
pist_d1950 812  9 772  9 747 10 953 111540 111004 121112 121101 12 960 121267 12  res
pist_d19601081 12 895 121089 131007 13 891 13 871 13 389 131257 131286 131001 13  res
pist_d19701208 13 875 131098 13 947 13 950 13 911 131059 13 852 13 941 13 744 13  res
pist_d19801065 14 923 141112 141008 14 991 141008 14 857 14 919 141091 14 924 14  res
pist_d19901116 14 895 14 932 14 845 14 830 141155 141108 141142 14 838 14 665 14  res
pist_d20001365 14 949 141014 141096 141022 14 962 14 956 13 886 13 874 131072 13  res
pist_d20109990  09990  09990  09990  09990  09990  09990  09990  09990  09990  0  res
pist_drop_canopy.rwl -- no data title --                  1st itrdb line missing     
pist_drop_canopy.rwl -- no data title --                  2nd itrdb line missing     
pist_drop_canopy.rwl -- no data title --                  3rd itrdb line missing     
pist_d19359990  09990  09990  09990  09990  0 798  1 977  21076  21003  41236  5  ars
pist_d19401211  6 899  61010  6 865  61050  6 994  7 947  7 800  7 716  8 722  8  ars
pist_d1950 779  9 782  9 746 10 925 111583 111354 121188 12 996 12 846 121154 12  ars
pist_d19601186 12 992 121019 13 980 13 883 13 817 13 301 131002 131444 131358 13  ars
pist_d19701293 13 852 13 895 13 863 13 940 13 934 131071 13 915 13 905 13 698 13  ars
pist_d1980 963 14 986 141178 141107 141015 14 959 14 813 14 838 141061 141027 14  ars
pist_d19901153 14 954 14 877 14 762 14 752 141111 141258 141297 14 911 14 498 14  ars
pist_d20001086 141104 141155 141134 141037 14 923 14 886 13 841 13 839 131053 13  ars
pist_d20109990  09990  09990  09990  09990  09990  09990  09990  09990  09990  0  ars
