  year  #   1       2       3       4       5       6       7       8       9
  1950  -3.057   0.310  -0.227   1.473  -0.021  -0.152   0.017  -0.214  -0.467
  1951  -4.213  -0.475  -2.611  -0.374  -0.886  -0.550   0.011   0.177   0.018
  1952  -3.391  -0.008  -0.789  -0.615   1.783  -0.100  -0.510  -0.288  -0.427
  1953  -1.078   0.452   0.612  -0.026   0.293  -0.085  -1.040  -0.366  -0.005
  1954   5.473   0.137   2.187  -0.567  -0.049  -0.899   0.045   0.542  -0.245
  1955   3.198   1.847   1.754  -0.347   0.568   0.622  -0.376   0.307   0.118
  1956   2.224   0.188   0.770  -1.501   0.406  -0.276  -0.419  -0.186  -0.066
  1957   1.214  -0.537  -2.104  -2.778  -2.019   0.272   0.473  -0.167  -0.250
  1958   0.647  -0.233   1.652  -0.032   0.854   0.433   0.567   0.162  -0.801
  1959   2.420  -2.883   0.099  -1.054  -0.370  -0.348   0.079  -0.774  -0.438
  1960   2.699  -0.853   0.615   0.745  -0.663   0.688  -0.776  -0.692   0.033
  1961   0.983  -1.800  -1.188   1.537   1.237   0.166  -0.083  -0.073   0.812
  1962   0.929  -1.756  -0.947   0.785   0.613  -0.057   0.447  -0.095   1.118
  1963   0.552  -0.553  -0.836  -0.710  -0.056  -0.041  -0.575   1.004   0.496
  1964  -0.539  -0.136  -0.678  -0.698   0.311  -0.339  -0.906   0.929   0.069
  1965  -1.437   0.195  -0.029  -0.694  -0.366  -0.185  -0.445   0.505   0.089
  1966  -7.036   2.343   1.994  -0.689   0.428   0.524  -0.038   0.104   0.362
  1967   0.173   1.439   0.004   0.490  -0.810   0.118  -0.102   0.558  -0.254
  1968   2.843   0.862  -0.930   0.783  -1.124  -0.564  -0.866  -0.225   0.268
  1969   1.863  -0.397  -0.372   0.908   0.714  -0.899   0.113  -0.378   0.000
  1970   1.933   0.076   0.580  -0.264  -0.090   0.127  -0.618  -0.412   0.526
  1971  -0.265  -0.685   0.937   0.288   0.040  -0.040  -0.014  -0.047   0.242
  1972  -0.169  -0.798  -0.071   0.190  -0.010  -0.572   0.147   0.341   0.626
  1973  -0.582  -0.077   0.122  -0.063  -0.542  -0.572   0.183   0.284  -0.367
  1974  -0.754   0.707  -0.285   0.461  -1.422   0.496  -0.561   0.346  -0.155
  1975  -1.900   1.934   0.833   0.458  -1.314  -1.200   0.211  -0.050   0.643
  1976  -0.728   0.929   0.201   0.949  -0.660  -0.438   1.375   0.292   0.251
  1977  -0.810  -1.507  -0.193   0.264   0.196   0.908   0.352   0.584  -0.490
  1978  -0.788  -1.452   0.120  -0.212  -0.050  -0.137  -0.227  -0.238   0.304
  1979  -1.124  -2.471   1.744  -1.541  -0.267   1.234   0.768   0.620   0.745
  1980  -0.069   0.214   0.849   0.303  -0.126   0.302   0.365  -0.532   0.605
  1981  -0.488  -0.364   0.434   0.642  -0.443   1.611  -1.201  -0.256  -0.054
  1982   1.436   1.309   0.014  -0.116   0.046   0.543   0.537  -1.287  -0.285
  1983   0.645  -0.212  -0.689   0.222   1.467  -0.037   0.547  -0.411  -0.120
  1984  -0.027   0.396  -0.962  -0.177   0.963   0.387   0.869  -0.319  -0.678
  1985  -0.216   0.409  -0.072  -0.059   0.560  -0.271   0.802  -0.005  -0.022
  1986  -0.938   0.275  -0.113  -1.103   0.508  -0.315   0.384  -0.045  -0.348
  1987  -0.570   0.769   0.122   0.104  -0.090   0.272  -0.160  -0.276  -0.232
  1988   0.473   1.024   0.003   0.050   0.055  -0.689   0.080  -0.400  -0.082
  1989   0.548   2.398  -1.771  -1.419   1.471   0.981  -0.089  -0.263   0.949
  1990   0.993   1.546  -0.549  -0.381  -0.506  -0.789   0.468  -1.065   0.320
  1991  -0.435  -0.561   0.304  -0.475  -0.420   0.022   0.166  -0.380  -0.407
  1992  -0.201  -0.748  -0.288   1.306  -1.100   1.601   0.722   0.179  -0.148
  1993  -1.616  -0.296   0.257   0.147  -0.280   0.200  -0.509  -0.591  -0.666
  1994  -1.491  -1.028  -0.244   0.743   0.133  -0.342  -1.000  -0.366  -0.341
  1995   0.966   0.173  -1.065   0.423   0.167   0.254   0.107   0.794  -0.195
  1996   2.279   1.216  -1.533   0.528   0.632   0.072  -0.116   1.037  -0.758
  1997   2.471   1.158   0.295   0.307   0.113  -0.170   0.374   1.050  -0.083
  1998  -0.153  -0.948   0.388   0.259   0.751  -0.904  -0.367   0.608  -0.144
  1999  -3.386  -2.075   1.562   0.043  -0.036  -1.313   0.195  -0.021  -0.116
  2000   0.500   0.547   0.096   1.488  -0.587   0.450   0.591  -0.002   0.050
