 eigenvalue  3.725   1.234   1.075   0.807   0.696   0.543   0.443   0.261   0.215
 eval sderr  0.738   0.244   0.213   0.160   0.138   0.108   0.088   0.052   0.043
 % variance  0.414   0.137   0.119   0.090   0.077   0.060   0.049   0.029   0.024
 cumulative  0.414   0.551   0.670   0.760   0.837   0.898   0.947   0.976   1.000
 brokn stck  2.829   1.829   1.329   0.996   0.746   0.546   0.379   0.236   0.111
 series_id   #  1       2       3       4       5       6       7       8       9
  132241     0.333  -0.236  -0.100   0.549   0.420  -0.446   0.084  -0.052   0.371
  132236     0.336  -0.169  -0.279   0.399  -0.299   0.604   0.393  -0.040  -0.105
  112170     0.148  -0.019   0.832   0.336  -0.036   0.267  -0.308   0.073   0.025
  192213     0.223   0.579   0.023  -0.123   0.671   0.321   0.204   0.043  -0.058
  142484     0.416   0.089  -0.207  -0.304  -0.166   0.218  -0.465  -0.109   0.617
  122180     0.454  -0.111   0.025  -0.145   0.047  -0.159  -0.201  -0.628  -0.546
  122150     0.452  -0.008  -0.133  -0.057  -0.073  -0.189  -0.208   0.752  -0.353
  142046     0.335  -0.130   0.398  -0.448  -0.175  -0.199   0.629   0.039   0.210
  132233     0.095   0.737   0.005   0.307  -0.466  -0.337   0.083  -0.123   0.017
