 eigenvalue  4.371   1.494   0.944   0.624   0.457   0.391   0.296   0.272   0.152
 eval sderr  0.865   0.296   0.187   0.123   0.090   0.077   0.059   0.054   0.030
 % variance  0.486   0.166   0.105   0.069   0.051   0.043   0.033   0.030   0.017
 cumulative  0.486   0.652   0.757   0.826   0.877   0.920   0.953   0.983   1.000
 brokn stck  2.829   1.829   1.329   0.996   0.746   0.546   0.379   0.236   0.111
 series_id   #  1       2       3       4       5       6       7       8       9
  132241     0.333  -0.224   0.475   0.181   0.475   0.368  -0.336  -0.092   0.313
  132236     0.343  -0.089   0.496  -0.211  -0.509   0.301   0.293   0.304  -0.236
  112170     0.355  -0.046  -0.468   0.298   0.135   0.458   0.476  -0.275  -0.186
  192213    -0.193   0.599   0.173  -0.507   0.316   0.327   0.058  -0.253  -0.209
  142484     0.393   0.267   0.097  -0.151   0.115  -0.429   0.488  -0.052   0.551
  122180     0.390   0.197  -0.233  -0.063   0.391  -0.134  -0.179   0.670  -0.314
  122150     0.414   0.061   0.178   0.086  -0.076  -0.439  -0.239  -0.530  -0.498
  142046     0.355   0.189  -0.396  -0.297  -0.420   0.233  -0.488  -0.110   0.335
  132233    -0.056   0.657   0.166   0.674  -0.222   0.089  -0.077   0.122   0.072
