  year  #   1       2       3
  1950  -0.037  -2.488  -0.224
  1951   0.131  -2.704  -0.250
  1952  -0.287  -2.814  -0.734
  1953  -0.576  -3.020  -1.002
  1954  -0.270  -2.233   0.058
  1955   0.134  -1.880   0.740
  1956   0.919  -1.215   2.112
  1957   0.876  -0.746   2.007
  1958   1.545  -0.176   2.677
  1959   0.643  -0.312   0.928
  1960   1.030  -0.073   1.425
  1961   1.196  -0.129   1.202
  1962   0.955  -0.217   0.492
  1963   0.750  -0.133   0.037
  1964   0.806  -0.039  -0.098
  1965   0.880   0.132  -0.504
  1966   0.310   0.045  -0.899
  1967   0.787   0.588  -0.279
  1968   1.822   0.829   0.202
  1969   1.787   0.651  -0.064
  1970   1.669   0.884  -0.341
  1971   0.778   0.470  -1.162
  1972   0.582   0.383  -1.232
  1973   0.736   0.427  -1.682
  1974   0.941   0.547  -1.883
  1975   1.198   0.818  -1.209
  1976   1.256   0.922  -1.037
  1977   0.325   0.119  -2.190
  1978   1.110   0.677  -0.533
  1979   0.674   0.603  -1.325
  1980  -0.847  -0.009  -0.512
  1981  -0.929   0.284   0.080
  1982  -1.094   0.643   0.421
  1983  -0.987   0.547   0.703
  1984  -1.010   0.923   1.073
  1985  -0.980   0.916   0.605
  1986  -0.477   0.987   1.150
  1987  -0.682   0.727   0.685
  1988  -1.117   0.609   0.616
  1989  -1.341   0.603   0.534
  1990  -0.898   0.627   0.939
  1991  -1.342   0.041  -0.662
  1992  -0.899   0.548   0.375
  1993  -1.013   0.679   0.707
  1994  -0.776   0.928   1.249
  1995  -0.907   0.552   0.295
  1996  -1.392   0.166  -0.028
  1997  -1.915  -0.219  -1.111
  1998  -1.228   0.259  -0.652
  1999  -1.449   0.152  -0.762
  2000  -1.389   0.120  -0.937
