  year  #   1       2       3       4       5       6       7       8       9      10      11      12      13      14      15      16      17      18      19      20      21      22      23      24      25      26      27      28      29      30      31      32      33      34      35      36      37      38      39      40      41      42      43      44      45      46      47      48      49      50      51
  1950  -2.613  -1.857   4.396   2.392   0.173  -0.038   1.003   0.478   0.754   0.431   1.531  -0.228  -2.679  -1.436  -1.339   1.140  -0.068   1.058   0.801   0.246   0.119   0.186  -0.143   0.062  -0.731  -0.222   0.491  -0.411  -0.167  -0.133   0.028   0.346  -0.114  -0.017  -0.211  -0.013  -0.051   0.332   0.315   0.008   0.001  -0.037  -0.174  -0.002  -0.001  -0.077   0.065   0.026   0.090   0.011   0.000
  1951  -1.822  -2.504   5.865   2.172   1.458   0.776   1.094   1.203   0.752   0.671  -0.254   0.092  -1.581   0.223   0.728  -0.351  -1.255  -0.051   0.178  -0.564   0.534   0.088  -0.316   0.249   0.692   0.424  -0.305  -0.267   0.828   0.507  -0.270  -0.399  -0.367   0.106  -0.044  -0.149   0.206  -0.327  -0.366  -0.274  -0.062   0.010   0.167  -0.066   0.040   0.058  -0.058   0.062  -0.038   0.023   0.000
  1952  -5.520  -1.393   4.397   0.871   0.432   1.144  -0.411   2.517   0.722   1.220  -0.815   0.469   0.708   0.206  -0.044  -1.078   0.422  -0.299  -0.409  -0.657  -0.774   0.568  -0.492   0.333   0.281   0.222   0.824   0.200  -0.345   0.135  -0.027   0.093   1.036  -0.301  -0.085   0.320  -0.052   0.142   0.013   0.044   0.082   0.101   0.165   0.084   0.101  -0.015   0.051  -0.077   0.021  -0.039   0.000
  1953  -7.801  -0.515   4.390   0.191  -0.439   1.714  -1.091   1.700  -0.215   0.775  -1.884   0.987   0.302   0.635   0.638  -0.964   1.729   0.228  -0.789   0.582   0.303   0.295   0.378  -0.883  -0.450  -0.186  -0.526   0.211  -0.182  -0.419   0.358  -0.170  -0.523   0.087   0.103  -0.451   0.114  -0.053   0.222   0.190  -0.028   0.015  -0.244  -0.015  -0.021   0.049  -0.020   0.013  -0.007   0.018   0.000
  1954  -3.796   1.725   3.772  -2.221  -1.904  -0.029  -1.159   0.344  -0.899   0.626   1.148   0.944   0.615  -0.500   0.654  -0.531  -0.130  -0.463   1.310   1.604  -0.319  -1.201   0.351  -0.072   0.337  -0.815  -0.453  -0.509   0.205   0.102   0.103   0.003  -0.055  -0.132   0.037   0.577  -0.376   0.079  -0.182  -0.081   0.172  -0.071   0.135  -0.084  -0.111   0.004   0.057  -0.024   0.014   0.015   0.000
  1955  -0.348   2.462   4.144  -3.013  -2.632  -1.971  -1.830  -0.168  -1.078   0.136   0.394   0.532   1.868  -1.752   0.101   0.009  -1.106   0.109   0.653  -1.351   0.119  -0.120  -0.176   0.047  -0.332   0.365   0.576  -0.211  -0.184  -0.024  -0.224  -0.181  -0.215   0.467   0.358  -0.053   0.261   0.076   0.090   0.140  -0.187  -0.100  -0.090   0.162   0.081   0.002  -0.115   0.032  -0.018  -0.008   0.000
  1956   6.469   2.767   4.477  -3.381  -2.043  -2.264  -2.069  -1.004   0.253   0.166   0.617  -0.244  -0.236   0.679  -0.953   0.261   0.043  -0.232  -0.911  -0.323   0.406   0.959  -0.181   0.609  -0.398   0.110  -0.888   0.299  -0.016   0.091   0.123   0.147   0.289  -0.224  -0.264  -0.289  -0.126  -0.134   0.000   0.029  -0.090   0.275   0.106  -0.254  -0.089  -0.009   0.118   0.031   0.019   0.004   0.000
  1957   6.203   2.721   1.604  -2.791  -0.692   0.000  -1.463   0.253   1.092  -0.745  -0.032  -0.968  -1.744   1.181  -0.859   0.465   0.943  -0.120  -0.290   0.538   0.694  -0.703  -0.027  -0.708   0.472   0.105   0.317   0.418  -0.449  -0.305  -0.425  -0.648  -0.205  -0.274  -0.273   0.256   0.188   0.081  -0.109  -0.069  -0.002  -0.277   0.100   0.192   0.215  -0.024  -0.041  -0.028  -0.005  -0.004   0.000
  1958  11.838   2.179   1.546  -0.429   0.253   1.484  -0.415   2.234   0.288  -0.766  -1.284   0.491  -1.078   0.508  -0.269   0.437  -0.039  -1.062   0.023  -0.058  -0.552  -0.280   0.433   0.350   0.195  -0.264   0.630  -0.095  -0.171   0.059  -0.080   0.855   0.094   0.338   0.335  -0.222  -0.313   0.004   0.123  -0.265   0.036  -0.070  -0.159  -0.067  -0.151   0.094  -0.122  -0.031  -0.068   0.002   0.000
  1959   2.753   1.651  -1.686  -2.101   0.478  -0.293  -0.441   1.498   0.098  -0.488   0.013  -1.907   0.042  -0.159   1.172  -0.022   0.291  -0.459  -0.157   0.951  -1.630   0.340  -0.606  -0.029   0.337   0.491   0.288  -0.571   0.287   0.381   0.720   0.167  -0.232   0.338  -0.459  -0.011   0.367   0.120  -0.125   0.138  -0.202   0.174  -0.088  -0.022   0.129  -0.021   0.009  -0.004   0.058   0.045   0.000
  1960   5.975   1.774  -1.188  -2.064   1.527  -0.009   0.878   2.157  -0.626  -0.650   0.376  -0.216  -0.269  -0.775   1.886  -0.439  -0.480   1.738  -0.650   0.551   0.104   1.086   0.611  -0.563  -1.111   0.326   0.359  -0.052   0.094   0.015  -0.229  -0.303  -0.155  -0.186   0.314   0.011  -0.218   0.126  -0.090  -0.149   0.236   0.098   0.216   0.056  -0.088  -0.070   0.014   0.004  -0.009  -0.021   0.000
  1961   5.669   0.340  -0.339  -2.470   3.277   1.113   1.428  -0.448   0.823   0.113   1.734   0.052   0.325  -0.059   0.408  -1.975   0.055   0.731   0.481   0.328   0.506   0.396  -0.471   1.094   0.306  -0.727  -0.012   0.183   0.325  -0.310  -0.354  -0.177   0.058   0.089  -0.101   0.020  -0.159  -0.208   0.114   0.313  -0.150  -0.164  -0.291  -0.029   0.095   0.100   0.033  -0.017   0.007  -0.027   0.000
  1962   2.568  -0.546  -1.602  -1.725   3.908   0.264   0.532   0.870   0.509   1.182   1.288   0.631   0.474  -0.682  -0.548  -0.445   0.671  -0.232   0.641  -0.994  -0.227  -0.317  -0.243  -0.428   0.331  -0.697  -0.491  -0.165  -0.743  -0.286   0.323  -0.040  -0.007   0.013  -0.454  -0.204   0.315  -0.054   0.191  -0.176   0.023   0.174   0.217   0.157  -0.202  -0.106  -0.096   0.074  -0.030   0.013   0.000
  1963   0.870  -0.714  -2.330  -1.498   3.128  -0.153   0.437   1.467  -0.533   1.804   0.473   0.269   0.373  -0.633  -1.425   0.357  -0.906  -1.338  -0.384   0.438   0.698  -0.553  -0.857  -1.259  -0.028   0.683  -0.029   0.150   0.277   0.098  -0.040  -0.142   0.189  -0.042   0.493   0.010  -0.062   0.119   0.219   0.182   0.213   0.044  -0.048  -0.293   0.098   0.045  -0.001   0.013   0.021   0.005   0.000
  1964   0.917  -0.374  -2.596  -0.668  -0.130   0.768   0.593   2.240  -0.872   0.760  -1.032   1.310   0.500  -0.180  -1.189  -0.037  -0.140   0.318  -0.901  -0.345   0.161  -0.505   0.649   0.869  -0.507  -0.113  -0.769   0.577   0.531   0.433  -0.004   0.361  -0.019  -0.019  -0.202   0.216  -0.251   0.224  -0.337   0.005  -0.117  -0.134  -0.057   0.161   0.149  -0.154  -0.102   0.059   0.065   0.034   0.000
  1965   0.059  -1.146  -3.443  -0.606  -1.602   0.990  -0.004   1.484  -0.005   0.370  -0.404   1.024  -0.918  -0.409  -1.179   0.364  -0.017  -0.924   0.215  -0.327  -0.239  -0.042   0.458   0.672  -0.621   0.085   0.124  -0.146   0.333  -0.720   0.433  -0.704  -0.378   0.453   0.058   0.250   0.181  -0.544  -0.012  -0.105  -0.024   0.184   0.079   0.049  -0.026   0.062   0.145  -0.086   0.044  -0.044   0.000
  1966  -3.887   0.017  -4.425  -1.687  -1.735   0.806  -0.825   0.178   1.203   0.437  -0.785  -0.183  -1.268  -0.854   0.285  -0.184  -0.419  -0.939   0.418  -0.818   0.529   0.400   0.695  -0.295   0.148  -0.238   0.242  -0.722  -0.232   0.874  -0.245  -0.230   0.090  -0.462  -0.251  -0.426  -0.411  -0.080  -0.065   0.454   0.016  -0.047  -0.048   0.112  -0.042   0.035   0.086  -0.011  -0.033   0.029   0.000
  1967   0.373  -0.533  -3.636   0.619  -2.789   1.318  -1.389  -0.552   0.579  -1.683  -0.412   0.175  -1.115   0.007  -0.110  -2.094  -0.023   0.129   0.989  -0.339   0.477   0.745   0.096   0.187   0.073   0.231  -0.435  -0.200  -0.517   0.062   0.287   0.153   0.150  -0.025   0.327   0.438   0.439   0.206   0.115  -0.179   0.242  -0.009  -0.010  -0.229   0.098   0.005  -0.098   0.089   0.034   0.003   0.000
  1968   7.224  -2.633  -0.634   1.270  -2.197   1.750   0.115  -1.774  -0.131  -0.419   0.487   2.117   0.552  -0.160   0.325  -1.256   0.121   0.410  -0.422  -0.290   0.742  -0.796  -0.479  -0.796   0.403   0.832   0.604   0.101   0.241  -0.135   0.110   0.578  -0.263   0.147  -0.334  -0.057  -0.140   0.168  -0.006  -0.093  -0.167   0.082   0.053   0.063  -0.039  -0.035   0.231  -0.004  -0.009   0.016   0.000
  1969   6.297  -3.633   0.471   1.208  -1.377   2.156   0.374  -2.439   0.135   1.686   1.097   1.111   0.453   1.725   0.104   0.521  -0.529  -0.368   0.569  -0.198  -1.602   0.518   0.324  -0.497  -0.643  -0.476   0.232   0.137   0.034  -0.013  -0.312  -0.048  -0.463  -0.375   0.035  -0.036   0.049   0.024  -0.071   0.313  -0.033   0.071   0.117  -0.118   0.129  -0.022  -0.130   0.001   0.009  -0.008   0.000
  1970   5.708  -3.712  -1.406   1.884  -1.444   1.180  -2.018   0.301   1.085   1.851   0.454  -0.822   1.506   1.222   0.748   1.409   0.232   0.380  -0.189  -0.020   0.610   0.292  -0.530   0.099  -0.216  -0.455  -0.364  -0.631   0.189   0.229   0.113  -0.649   0.545   0.496   0.066  -0.018   0.035   0.340   0.004  -0.250   0.144  -0.200  -0.141   0.085  -0.053  -0.001   0.071   0.016  -0.009   0.003   0.000
  1971  -0.869  -2.892  -2.559   1.407  -0.907  -0.099  -3.030   0.829   0.915   1.476   0.353  -0.849  -0.347  -0.680   0.130   0.200  -0.497   1.587   0.143   0.846  -0.029  -0.399   0.025  -0.276   0.529   0.247  -0.382   0.360  -0.441   0.332  -0.169   0.272   0.067   0.014   0.221   0.071  -0.148  -0.543   0.141  -0.038  -0.483   0.163  -0.031  -0.058  -0.007  -0.114  -0.094  -0.072  -0.028  -0.033   0.000
  1972  -2.151  -2.675  -1.795   1.320  -0.430  -0.696  -2.444   0.390  -2.017  -0.572   2.417   0.922  -0.934  -1.305   0.074   0.366   0.413   0.611  -0.742   0.053  -0.745   0.023   0.290   0.095   0.249   0.234  -0.136   0.523   0.259  -0.203   0.075   0.116   0.346   0.134  -0.435  -0.358   0.190   0.019  -0.158   0.153   0.312  -0.310   0.091  -0.043   0.003   0.208  -0.064  -0.016  -0.049  -0.004   0.000
  1973  -2.251  -4.024  -1.227   0.118   0.622  -2.136  -0.594   0.528   0.079  -0.552   0.997   0.879   1.127   0.588   0.180   0.384   1.055  -0.853   0.470   1.011  -0.042   0.198   0.265   0.994  -0.078   0.583   0.269   0.090  -0.134   0.351  -0.911   0.146  -0.298  -0.357   0.155  -0.102   0.113  -0.215   0.414  -0.291   0.166   0.183  -0.053   0.168   0.095   0.030   0.074   0.065  -0.015   0.037   0.000
  1974  -1.627  -5.567  -0.684   0.831   0.930  -3.167   0.349   1.305   0.108  -1.789   0.401   1.118   0.301   1.113  -0.242   0.017  -0.082  -0.321   0.213   0.373   0.614   0.109  -0.300   0.513  -0.067   0.000   0.706   0.085  -0.628  -0.033   0.785  -0.463  -0.237  -0.185   0.100  -0.022  -0.166   0.320  -0.491   0.160  -0.299  -0.089  -0.025  -0.152  -0.141  -0.050  -0.057  -0.009  -0.039  -0.005   0.000
  1975   1.767  -4.465   0.114   0.890  -0.950  -3.124   0.700   1.375  -0.268  -2.245  -0.751  -0.776   0.332   0.072   0.929   0.039   0.201  -0.400   0.558  -1.135  -0.125   0.354   0.241  -0.903   0.518  -0.678  -0.169   0.362   0.607  -0.538  -0.359  -0.043   0.180   0.239  -0.122   0.061  -0.299  -0.239   0.324   0.024   0.061  -0.116   0.025  -0.116   0.044  -0.135   0.002  -0.051   0.068   0.032   0.000
  1976   2.759  -4.293   0.443   0.037  -1.753  -2.078   1.839   0.976   0.826  -0.296  -1.096  -1.676  -0.142   0.365  -0.035  -0.073  -0.793   0.387   0.171   0.185   0.066  -0.729  -0.521  -0.261  -0.571  -0.444  -0.548   0.066   0.073  -0.225   0.393   0.695   0.062  -0.227   0.146   0.225   0.180  -0.064  -0.053   0.320   0.136   0.156   0.044   0.272   0.047   0.185   0.053   0.060  -0.079  -0.021   0.000
  1977  -5.208  -4.227   0.025  -1.943  -1.258  -0.183   1.571  -1.922   1.104   0.561   0.245  -2.482  -0.175   0.137  -0.307  -1.761  -0.835  -0.537  -1.016   0.297  -0.461  -1.101   0.607   0.424  -0.495   0.092   0.153   0.355  -0.092   0.029  -0.316  -0.232   0.027   0.369  -0.043  -0.447   0.049   0.364   0.151  -0.234   0.054  -0.025   0.046  -0.048  -0.106  -0.036  -0.047  -0.065   0.008   0.004   0.000
  1978   3.651  -2.972   1.767  -1.688  -1.353   1.068   2.754  -2.069  -1.308   1.106  -1.116  -0.602   0.237  -0.853   0.124   1.036   0.234   0.324   0.451   0.463   0.202   0.429   0.832   0.376   1.218   0.944   0.122   0.343  -0.024  -0.317   0.696  -0.416   0.315  -0.226  -0.029   0.107  -0.203  -0.070   0.116   0.077   0.171   0.111  -0.125   0.077  -0.081  -0.010  -0.103   0.045   0.006   0.006   0.000
  1979  -0.553  -3.437  -0.635  -2.205  -1.235  -0.391   2.290  -1.572  -1.083   0.013  -1.432   0.309  -0.010  -1.538  -0.835   0.317   1.669   0.008  -0.878   0.267  -0.255   0.905  -1.151  -0.119   0.411  -0.524  -0.295  -0.628  -0.021   0.458  -0.427   0.286  -0.338  -0.069   0.319  -0.052   0.107   0.015  -0.165  -0.197  -0.100  -0.240   0.105  -0.025  -0.019   0.004  -0.011  -0.051   0.007  -0.042   0.000
  1980  -5.261   2.923  -0.415  -1.344  -2.057   1.509   2.964  -0.015   2.336  -2.254   1.638   1.394  -0.339   0.217   0.757   0.914   0.646  -0.041  -0.172  -0.055  -0.652  -0.695  -0.624  -0.182  -0.470   0.614  -0.484  -0.154   0.067  -0.298  -0.214  -0.144   0.766  -0.019   0.293  -0.124   0.001  -0.257  -0.156   0.051  -0.118  -0.016  -0.103  -0.013  -0.030  -0.089  -0.044   0.032  -0.031   0.011   0.000
  1981  -3.738   4.440  -0.640   0.181  -1.679   0.688   1.895   0.594   0.567  -0.703   1.038  -0.135   0.788   0.074   0.533   0.928   0.236   0.422   0.392  -0.674   0.530  -0.279  -0.430   0.176   0.174  -0.516   0.092   0.877  -0.026   0.983   0.737  -0.034  -0.562  -0.026  -0.183  -0.193  -0.135   0.098   0.272  -0.208   0.265   0.152   0.004  -0.096   0.151   0.031  -0.020  -0.082  -0.027  -0.034   0.000
  1982  -2.760   4.638  -2.003   1.863  -2.366  -0.255   2.046   0.635  -0.370   0.978   0.321   0.128   0.985  -0.087  -0.161   0.044  -1.787  -0.145  -0.901   0.761   0.328   0.873   0.001  -0.258   0.230  -0.708   0.416   0.012  -0.511  -0.695   0.034   0.082   0.199  -0.305  -0.178  -0.092   0.095  -0.198   0.015  -0.374  -0.268  -0.128   0.030  -0.001   0.052   0.132  -0.008   0.018   0.025   0.053   0.000
  1983  -1.486   4.523  -0.467   1.669  -1.088  -0.100   1.125   1.080   0.383   1.207   0.641  -1.123   0.569   1.001  -0.722  -0.142   0.163  -0.019   0.033   0.049  -0.023   0.514   0.165   0.187   0.342   0.409   0.271   0.417   0.205   0.258  -0.157   0.358  -0.361   0.142   0.135   0.289   0.466  -0.223   0.059   0.396   0.172  -0.416   0.055  -0.027  -0.290  -0.154   0.095   0.022  -0.032   0.001   0.000
  1984  -0.136   4.200  -0.816   2.437  -0.482  -1.618   1.008   0.304  -2.009   0.306   0.525  -0.840   0.215   1.535  -2.063  -1.200   0.639   0.883   1.376  -0.140  -0.615   0.137   0.017  -0.545   0.241   0.499  -0.296  -0.423  -0.011   0.020  -0.197  -0.208   0.108   0.197   0.132  -0.479  -0.412   0.032  -0.365  -0.125   0.074   0.160  -0.095   0.119   0.044   0.039   0.007  -0.020   0.010  -0.012   0.000
  1985  -1.000   3.768  -2.512   1.894  -1.374  -0.871  -0.284   0.400  -0.449   0.664  -0.684  -0.299  -0.352   0.148   0.632   0.217   1.296   0.344  -0.443  -0.187   0.432  -0.993  -0.061   0.445   0.361  -0.423   0.676  -0.265   0.827  -0.285  -0.538  -0.207   0.069  -0.229  -0.008  -0.011   0.101   0.355   0.179   0.189  -0.218   0.324   0.122  -0.120  -0.124   0.078  -0.113   0.103   0.045  -0.034   0.000
  1986   2.805   2.017   0.243   2.904   0.832  -0.916   0.818  -1.428  -2.934   1.124   0.156  -0.678  -1.248  -0.279   0.758  -0.500   0.926  -0.256  -0.896  -0.690  -0.217  -0.600  -0.212   0.513  -0.632  -0.078  -0.054  -0.319  -0.450   0.113   0.289  -0.351   0.082  -0.026   0.192   0.447  -0.183  -0.176   0.264   0.045  -0.090  -0.044   0.009  -0.071   0.134  -0.067   0.044  -0.027  -0.117   0.054   0.000
  1987   0.669   1.682   0.316   1.552   1.229  -1.952   1.672  -0.941  -0.536   0.877   0.664   0.815  -0.931   0.088   1.746   0.257   0.054  -1.546   0.020   0.021   0.458   0.290   0.989  -0.604  -0.016   0.160  -0.626   0.375  -0.549   0.461  -0.319   0.218   0.205   0.424  -0.159   0.301   0.263   0.232  -0.193  -0.017  -0.196   0.083  -0.161   0.086  -0.029   0.063   0.031  -0.018   0.056  -0.060   0.000
  1988  -1.421   2.680  -1.495   0.650   1.366  -1.139  -1.081  -2.170   1.344   1.685  -1.364   0.501  -0.807   0.089   1.408   0.265   0.188  -0.102   0.749   0.209   0.357  -0.029  -1.011   0.648  -0.163   0.208   0.027   0.429  -0.277  -0.505   0.208   0.385  -0.087   0.315   0.383  -0.381  -0.283  -0.071  -0.200   0.124   0.221  -0.107   0.250   0.120   0.024  -0.002  -0.045  -0.040   0.095   0.034   0.000
  1989  -2.122   2.676  -0.877   1.015   0.452  -1.361  -0.752  -1.541   0.102  -0.228  -2.015   1.377  -0.238   0.131  -0.239  -0.294  -1.079  -0.487   0.433   0.979   0.008   0.550  -0.734  -0.048  -0.524   0.284  -0.166  -0.239   0.730  -0.190  -0.043  -0.081   0.092  -0.084  -0.793   0.079  -0.021   0.096   0.322  -0.086   0.112  -0.031  -0.105   0.067  -0.034  -0.128  -0.122  -0.046  -0.104  -0.039   0.000
  1990   1.145   1.761   0.576   0.743   1.708  -1.674  -0.459  -1.596   0.723  -1.297  -0.526   2.127  -0.495   0.571  -0.561   0.013  -1.289   0.965  -1.400   0.232  -0.705  -0.376   0.595   0.046   1.057  -0.688  -0.064  -0.346   0.062   0.390   0.346  -0.309   0.118   0.020   0.546  -0.180   0.337   0.041   0.227   0.151   0.169   0.096  -0.039   0.124   0.035  -0.070   0.086  -0.019   0.035   0.002   0.000
  1991  -5.416   0.023  -0.497  -1.205   1.817  -1.365  -0.939  -2.166   1.804   0.263  -0.334  -0.180   0.306   0.462  -0.336  -0.007   0.401   0.510  -0.858  -0.545  -0.641  -0.052   0.214  -0.640  -0.278  -0.009   0.749  -0.019   0.017   0.287   0.296   0.075  -0.133   0.273  -0.233   0.523  -0.518  -0.447  -0.105  -0.235   0.099  -0.127  -0.103  -0.060  -0.017   0.100  -0.013   0.160   0.021  -0.022   0.000
  1992   0.205   0.921  -0.098  -0.274   2.129  -1.195   0.128  -0.953   2.307   0.573  -0.432   0.039   1.192  -0.302  -0.373   0.392   0.740   1.051   0.293  -0.836   0.346  -0.140   0.934  -0.083  -0.264   0.436  -0.120  -0.458   0.370  -0.225  -0.048   0.300  -0.029  -0.431  -0.031   0.321   0.375   0.138  -0.204  -0.098  -0.006   0.040  -0.081  -0.127  -0.033   0.122  -0.044  -0.186  -0.017   0.052   0.000
  1993   1.487   1.524   0.388   2.261   1.213   0.414   0.311   0.209   1.353  -0.452  -1.728  -0.578   1.481  -1.548   0.014   0.641  -0.051  -0.015   0.266   0.318  -0.331  -0.437   0.796   0.412   0.221   0.067  -0.266  -0.228  -0.625  -0.553  -0.336   0.000  -0.141   0.172  -0.221  -0.318  -0.041   0.133  -0.245   0.082   0.085  -0.066   0.082  -0.263   0.215  -0.082   0.159   0.082  -0.063  -0.041   0.000
  1994   4.115   1.538   0.710   3.443   1.101   1.253  -1.233  -0.338   0.128  -1.862  -0.925  -0.855   0.736  -1.346  -0.045  -0.140  -0.488  -0.416   0.116  -0.338  -1.036  -0.365  -0.775   0.029  -0.254   0.315  -0.604   0.648  -0.189   0.250  -0.129  -0.605  -0.274  -0.656   0.054   0.102  -0.108   0.076   0.068  -0.066  -0.111  -0.133  -0.103   0.088  -0.223   0.118   0.042   0.003   0.080   0.003   0.000
  1995   0.998   0.098   1.420   2.275   0.683   1.468  -1.313  -1.629  -0.905  -1.418   0.577  -1.322   0.714  -1.109  -0.410  -0.204   0.385  -0.920  -0.328   0.474   1.006  -0.069   0.006  -0.208  -0.431  -0.787   0.703   0.135   0.269   0.116   0.037   0.178   0.281  -0.083   0.070  -0.127   0.299  -0.459  -0.574   0.017   0.249   0.281  -0.143   0.063  -0.007  -0.136  -0.067  -0.015   0.016   0.002   0.000
  1996  -2.077   0.612   1.160   1.529   1.908   1.881  -0.166  -1.158   0.420  -2.278   0.752  -0.799   0.916   0.067  -1.016   0.241   0.393  -0.541   0.107   0.624   0.652   0.647   0.753  -0.114  -0.220   0.181  -0.241  -0.281   0.370   0.251   0.385   0.120   0.174   0.410   0.170   0.062  -0.264   0.108   0.392   0.186  -0.379  -0.080   0.408   0.132   0.053   0.086  -0.060  -0.001  -0.008   0.003   0.000
  1997  -7.880   0.164  -0.899  -0.743   0.837   1.625  -1.522  -0.353  -0.238  -0.554   1.284  -1.023  -0.465   0.292   0.035   0.662  -0.684  -0.454  -0.902  -0.723  -0.151   0.848  -0.337   0.172   0.838  -0.080  -0.389   0.080   0.037  -0.892  -0.353   0.267  -0.563   0.069   0.251   0.399  -0.340   0.462  -0.170   0.001   0.063   0.290  -0.120   0.104  -0.020  -0.040   0.026  -0.013  -0.065   0.006   0.000
  1998  -2.435  -1.057   0.279  -0.862   1.256   1.256  -0.222   0.254  -2.463  -0.939   0.287  -0.720   0.533   1.804   0.821   0.496  -0.840   0.124  -0.540  -0.589   0.596  -0.815   0.005   0.352  -0.055   0.553  -0.231  -1.132  -0.433  -0.222   0.092   0.479  -0.150  -0.407  -0.263  -0.160   0.021  -0.300   0.160   0.021   0.110  -0.198  -0.008  -0.026   0.000  -0.024  -0.042  -0.032   0.093  -0.049   0.000
  1999  -4.422   0.171  -1.082  -2.517   1.921   0.570  -1.135  -0.970  -1.551   0.420  -0.526  -0.647  -0.721   0.530   0.440   0.337  -0.013  -0.091   1.323  -0.381  -0.320  -0.032   0.369  -0.189  -0.144  -0.273   0.250   0.577   0.743  -0.141   0.495   0.240   0.344  -0.494   0.392  -0.335   0.301   0.146  -0.025  -0.349  -0.339  -0.219  -0.034  -0.004   0.047  -0.056   0.171   0.047  -0.037  -0.020   0.000
  2000  -3.923  -0.824  -0.517  -2.192   1.279   1.883   0.367  -0.597  -2.303  -1.293  -2.076   0.340  -0.057   0.980  -0.369   0.972  -0.599   1.316   0.786   0.180   0.096  -0.120  -0.421   0.008  -0.266  -0.303   0.222   0.462  -0.563   0.382  -0.740  -0.137   0.282   0.570  -0.308   0.227   0.228  -0.017  -0.044   0.147  -0.021   0.185   0.056  -0.112  -0.094   0.078   0.066  -0.010  -0.008   0.046   0.000
