litu_drop_dead.rwl -- no data title --                    1st itrdb line missing     
litu_drop_dead.rwl -- no data title --                    2nd itrdb line missing     
litu_drop_dead.rwl -- no data title --                    3rd itrdb line missing     
12369   1953   846   795   978  1284   946  1422  1076
12369   1960   434   949   801  1044   686  1000   946   973  1571  1262  ind
12369   1970   577  1460  1262  1304   988   892  1024  1119  1009  1127  ind
12369   1980  1373   714   841   535   526   605   490  1196  1289   937  ind
12369   1990  1173  1037  1307  1310  1071   985   979  1031  1136   648  ind
12369   2000   863  1032   927  1018   888   881  1083  1196  1014  1007  ind
12369   2010  1078  1030   969   889 -9999
20804   1913   793   534   475   549   715   524   813
20804   1920   564   918   979  1136  1205  1004  1048  1494  1506  1348  ind
20804   1930  1197  1299  1230  1181  1119  1192  1316  1398  1266  1001  ind
20804   1940  1112   989  1016   838  1104  1064  1270  1589  1380  1372  ind
20804   1950  1202   831   864   838   474   437   531   433   547   762  ind
20804   1960   103   229   241   421   452   562   525   946   964  1013  ind
20804   1970  1185  1243  1207  1521  1422  1156  1024  1176  1052  1067  ind
20804   1980   976   865   837   732   839  1139  1293  1372  1536  1271  ind
20804   1990   972  1181  1224  1204  1191  1176  1204  1276  1189   379  ind
20804   2000   540   573   797   710   776   623 -9999
42250   1924   518   967  1040  1080  1226  1356
42250   1930   879   729   289   728   863   932  1204  1332  1311   949  ind
42250   1940   879   967  1071   539  1158  1165  1006  1231  1547  1324  ind
42250   1950  1190  1397  1065  1018  1071   939   916   934  1032  1088  ind
42250   1960  1269  1043   967  1167   874   476   451   747   787   675  ind
42250   1970   729   687   936  1099   864   600   844  1408  1140   972  ind
42250   1980  1953  1989  1755  1304   685   587   563   423   823   715  ind
42250   1990   516   644  1081  1415  1228  1089  1123  1041   995   921  ind
42250   2000   921   899   985  1245  1125   988   794  1034  1010  1323  ind
42250   2010  1347  1030   789   770   747 -9999
72212   1946   472  1364  1392  1426
72212   1950  1502  1259   911   815   706   828   487   315   997   907  ind
72212   1960  1413  1006  1224  1391   458    24  -117   299  1036   771  ind
72212   1970  1018   641   744  1503  1252  1197  1006  1032   868  1146  ind
72212   1980   775  1986  2561  3263  2149   867   872   577   117   511  ind
72212   1990   389   589   376  1002  1106   749   321   924   898   468  ind
72212   2000   630   936   827  1205   779  1047   810   952  1241  1073  ind
72212   2010  1276   995  1083  1216 -9999
72345   1933   468   684   686   877   643  1232   -81
72345   1940  1076  1051  1409   750  1094  1025   838  1434  1370  2047  ind
72345   1950  2117  1833  1560  1574  1097  1255   507   469  1108   504  ind
72345   1960  1411  1162  1171   956   292   514  -311   578    68   571  ind
72345   1970   923   569   529   609   801   953   971   849   950   679  ind
72345   1980  2542  3456  2386  1560   649   610   510   618   907   424  ind
72345   1990   544   594  1381  1283   601   388   764  1645   699   655  ind
72345   2000   600  1037   857   895  1212  1046  1285  1040  1357  1112  ind
72345   2010  1063   776   935 -9999
82403   1922  1237   846   869   658   870  1217  1128  1119
82403   1930   457   972  1003   739   737  1060   686   921  1419   714  ind
82403   1940   938   858  1154  1144  1050  1590  1821  1670  1669  1782  ind
82403   1950  1051   956  1222  1154  1049  1118   707   409   641   351  ind
82403   1960   759   472   595   756   696   283   567   656   868  1049  ind
82403   1970  1346  1073  1029  1175   998   942  1344   924  1561  1378  ind
82403   1980  1195  1375  1430  1501   989   914   898   727   995   839  ind
82403   1990   730   744  1141  1095   734   744   885  1164   816   551  ind
82403   2000   732  1272   922  1002  1005  1008  1233  1114  1049  1179  ind
82403   2010  1051  1119   899   899 -9999
92360   1922  1067   561   260  1456  1049   552  1503  1798
92360   1930  1927  2209  1666   819   653   759   834   556   559   469  ind
92360   1940   502   183  1155   703   592   841   916   622  1267  1268  ind
92360   1950   863   624   466   814  1019  1174  1334   874  1142  1017  ind
92360   1960  1076  1444  1522   949   800   338   686  1392  1386   909  ind
92360   1970  1198  1066   854  1422  1587  1294   489  1196   842   762  ind
92360   1980   873  1931  2222  1973  1408  1065   677   605   577   481  ind
92360   1990   572   599   838  1223   976   814   325   911  1311   847  ind
92360   2000   673   691   903   725   662   890  1069  1175   989  1106  ind
92360   2010   889  1078   763  1614  1375   944 -9999
92442   1940   453   608   576   517   748  1289  1556  1417  1566  1434  ind
92442   1950  1510  1241  1110   970  1329   622   661  1018  1326  1155  ind
92442   1960  1008  1017  1006   998   734   581   442   832   839   783  ind
92442   1970   994   821  1097   937   798   819  1331  1237  1144   708  ind
92442   1980  1202  1093  1163  1258  1007   985   854   661  1060  1224  ind
92442   1990   913   772   867  1714  1395  1255   688   770  1143   432  ind
92442   2000   385   858  1160  1279  1174  1083   946  1078  1100  1009  ind
92442   2010   839 -9999
102470  1931   658   455   603   449  1161   679   569   968   924
102470  1940  1014   971  1707  1199  1575  1692  1740  1446   996  1835  ind
102470  1950  1583  1008  1423   842   441   323   685   440   586   628  ind
102470  1960  1187  1021  1117   388   652   674   524   467   657   930  ind
102470  1970   724  1437  1369  1562  2061  1303  1387  1078  1224  1033  ind
102470  1980   870  1332  1619  1463    53   324   448  1187   628   791  ind
102470  1990   897   623  1008  1061   906   832   944  1502   829   701  ind
102470  2000   832   438   720   757   679  1016  1397  1237  1338  1056  ind
102470  2010  1088  1019   937  1271 -9999
122554  1935   918   466   492   748   630
122554  1940   997  1341  1495  1113  1040  1485  1487  1505  1471  1302  ind
122554  1950   687   217  1018  1373  1137  1403  1263  1332  1327   511  ind
122554  1960   561   504   587   458   482   785   640   674   787   734  ind
122554  1970   727  1208  1874  1628  1182  1180  1156   674  1237  1028  ind
122554  1980   831   787   814   567   833  1084  1041   727   960  1369  ind
122554  1990  1332  1272   956  1355  1168  1055  1144  1215  1423   707  ind
122554  2000   770   494   998   924  1010   987   958   882   914   984  ind
122554  2010 -9999
190075  1957    69   841  1336
190075  1960  1707  1616  1799  1583   887   677   500   565   538   790  ind
190075  1970   944   643   865   823   764   608   810   790   547   516  ind
190075  1980   858   989   486  1601  1392  3199  2550  1531   534   -76  ind
190075  1990   -85    36   306   547   487  2014  2099  1255  1099   398  ind
190075  2000  1226  1368  1483  1650   871   722   297   451  1138   857  ind
190075  2010   772  1394  1070   929   811   758 -9999
42232   1943   571   508   386   859  1116  1082  1536
42232   1950  1389  1557  1435  1273  1216  1455  1047   893   827   624  ind
42232   1960   963   857  1497  1393   963   594   545   623   469   814  ind
42232   1970   860   649   753   896   750   607   620   656  1138   887  ind
42232   1980  1669  1849  1828  1699  1183   905  1030   898   722   893  ind
42232   1990   976  1178   798  1011  1307   717   798  1107  1115   580  ind
42232   2000   537   719  1456  1124   671   968  1000  1032  1114  1039  ind
42232   2010  1070 -9999
42565   1933   169   538  1118   891  1159  1460  1178
42565   1940  1562  1151  1158   936   831  1119   682   918   878  1069  ind
42565   1950  1101  1201  1297  1485  1340  1347   945   950   733   755  ind
42565   1960  1305   805  1375   848   495   264   213   193   306   445  ind
42565   1970  1015  1625  1566  1639  1448  1699  1052   878  1140  1124  ind
42565   1980   874  1053   736  1105   702   662   927  1128  1256  1005  ind
42565   1990   809  1081  1212  1980  1160  1080   858   599   308   403  ind
42565   2000   677   665  1131  1240  1228  1359  1161   799   946   565  ind
42565   2010   598  1162  1424  1388 -9999
90285   1926 -1048  -752  -463  -319
90285   1930 -1002  -723   -37  2220  1045  2478  2936  2241  1545  1908  ind
90285   1940  2234  2410  1348  1225  2143  1544   708   890  1364  2050  ind
90285   1950  1942  1610   710   494   220   246  1066  1178  1910   272  ind
90285   1960  -217   167  -137  -506 -1705  -471  -147   897  1285  1414  ind
90285   1970  2369  2446  1790   201   242   103   475   139  1600   724  ind
90285   1980   829  1810   948   662   861  1146  1494  1230   191   434  ind
90285   1990   511    57   495  1588   258   318   -81   620   264    70  ind
90285   2000   570  2456  1334  1065   738  1307  1496  1226  1090  1467  ind
90285   2010   765  1019   330 -9999
92501   1932  1001  1250  1070  1143  1289  1151  1059  1065
92501   1940   760  1196   555   236   537   883   874   860  1011   990  ind
92501   1950   821  1168  1178  1367  1240  1404  1370  1295  1502  1004  ind
92501   1960  1346   753   914  1040   777   833   365   699   554   569  ind
92501   1970   607   667   599   680   812   687   776   834  1064   952  ind
92501   1980   870  1148  1431  1709  1475  1316  1393  1413  1437  1179  ind
92501   1990  1065  1117   879  1183  1089   966   878   962  1186   796  ind
92501   2000   669   906  1038   870   867   948   674   890  1302   917  ind
92501   2010  1010   874   978  1077   840   962 -9999
111166  1918  1367   903
111166  1920   680  1165  1201  1096  1206   963   793   860   856  1559  ind
111166  1930   849  1222  1032   571   258   677   418   698   877   786  ind
111166  1940  1029   812   845   741   944  1119   951  1059  1133  1467  ind
111166  1950  1232  1273  1300  1060  1329  1279  1185  1323  1397  1345  ind
111166  1960  1254  1207  1154   961   865   580   469   746   984   663  ind
111166  1970   784   907   956  1095  1358  1230  1227  1084  1057  1207  ind
111166  1980  1273  1435  1255  1102  1247   890  1129   995   834   571  ind
111166  1990   495   538   867   791   777   662   975   732   831   594  ind
111166  2000   714   891   981   946   903   998  1085  1268  1133  1156  ind
111166  2010   970  1106  1129  1186  1271 -9999
121017  1956   558   963   972   673
121017  1960  1223   998   820  1367  1528   761   595   892   867   489  ind
121017  1970   864  1218  1337  1040  1120   809  1238  1358  1541  1313  ind
121017  1980  1116  1244   786  1089   762   288   380   512  1122  1161  ind
121017  1990  1570  1309  1509  1271   849   717  1069   955   760   597  ind
121017  2000   907   754   901   951   706   922   874   457   995   506  ind
121017  2010   584   798   607  1614  1225   715  1651  1706 -9999
131192  1949  1621
131192  1950   851  1050   982   948  1228   902  1107   672   767   108  ind
131192  1960   599   888   941  1084   878  1055   777  1097  1092  1090  ind
131192  1970   686  1671  1436  1357  1456   946  1138   838  1387  1019  ind
131192  1980   657  1091  1126  1159  1188   767   239   612   691   667  ind
131192  1990   932   881  1006   945   742  1063  1113  1158   993   750  ind
131192  2000  1393  1248 -9999
151051  1923   613   563    51    86  1398  1214  1541
151051  1930  1194  1102   978   959  1234  1453  1102  1262  1447  1195  ind
151051  1940  1132  1169  1172  1059   748   957  1106   949  1099  1171  ind
151051  1950  1400  1170  1283  1121   945  1043  1033  1079  1138   767  ind
151051  1960   765   705   542   470   377   285   444   352   366   557  ind
151051  1970   776   875   836   792  1108  1077   996   830  1174  1421  ind
151051  1980  1784  1633  1576  1316  1224  1013  1116   964  1054  1040  ind
151051  1990   828   940   782  1158   922   956   718  1153   906   866  ind
151051  2000   984   888  1245  1476  1437  1083   710   833   917   887  ind
151051  2010   817   844  1391   900   892   690   822 -9999
160962  1920   587   970  1722  1140   992   476   704  1147  1107   932  ind
160962  1930  1335  1262  1159  1347  1383  1269  1139  1169  1317   -90  ind
160962  1940  -141   474   695   237   232   118   219  1218  1634  2129  ind
160962  1950  1684  1614  1117  1102  1181  1087  1147   961   877   580  ind
160962  1960  1106   834  1007  1004  1146   759   543   608  1010   526  ind
160962  1970  1040   936  1677  1214  2349  2179  1822  1205  1485  1333  ind
160962  1980  1128  1114   399   452   797   350   859   596   500   547  ind
160962  1990   669   551   755   926   758   795   745  1072  1163  1007  ind
160962  2000  1170   995  1232   971  1087  1323  1061  1177 -9999
172220  1959  1006
172220  1960   803  1268  1234  1052   649   726   665   785  1027   957  ind
172220  1970  1247  1126  1324  1303  1119  1107  1116   503   587   336  ind
172220  1980  1927  1566  1711  1536   885   762   687   449   509   269  ind
172220  1990   366   420   626  1374  1115  1321  1244  1547  1730  1038  ind
172220  2000   991  1163  1664   579   701   815   924  1124  1277  1076  ind
172220  2010   573   773   984  1037   930   915  1094 -9999
200188  1990  1094   818   970  1053  1025   742  1334   925  1373  1063  ind
200188  2000   738   860  1122   563   908  1384  1121   408  1833   677  ind
200188  2010  1055   986  1179   824   842   872  1113  1087 -9999
121423  1935  1242  1277   861  1101   605
121423  1940  1168  1148   707   313   758  1072  1219  1326  1348   993  ind
121423  1950  1046   718  1103   877  1217   874  1173   965   778   471  ind
121423  1960  1063  1040  1318  1236  1299   928   626   717   920  1005  ind
121423  1970  1295  1393  1186  1631  1018  1094   883   978   673   464  ind
121423  1980   703   734   745   673   856   725   791   815   899   802  ind
121423  1990  1403  1710  1459  1517  1643  1267  1252  1080   808   762  ind
121423  2000   635   714  1003  1046   727   849  1028  1190   857 -9999  ind
52237   1937   365  1242  1152
52237   1940  1489  1524  1229   252   680  1118  1264  1161  1133   787  ind
52237   1950   927   723  1220  1353   485  1028   751   776   820  1116  ind
52237   1960  1453  1204   918   813   549   532   327   573   785   769  ind
52237   1970  1188  1424  1837  1559  1452  1492  1542  1277  1129   819  ind
52237   1980  1453   225   448   923   493   699   990  1129   331   482  ind
52237   1990   771   884  1474  1656   966  1095  1238  1669  1558   920  ind
52237   2000   921  1161  1724   925   526  1405   471   470   421   556  ind
52237   2010   870   889  1048  1188  1476 -9999
70469   1953  1891  1378   938   618   591   678   467
70469   1960  1054  1158   889  1167   861   821   362   -69   318   157  ind
70469   1970  1453  1409  1758  1797  1543  1128  1474  1500  1548  1202  ind
70469   1980  1345   800   835   714  1025   796   854   738   464   482  ind
70469   1990   838   734   821   727   657   832  1053  1201  1379   800  ind
70469   2000  1236   913   824  1126  1095  1172  1243   743 -9999
80641   1937  1471  1100  1034
80641   1940   908   777   912   963   689   828   996  1055  1065  1075  ind
80641   1950  1028   924   413   817  1059  1017  1179   976  1176  1044  ind
80641   1960  1259  1329  1215   704   777   605   716   900  1440  1487  ind
80641   1970  1001   928  1018   946   998  1021   987  1065  1302   773  ind
80641   1980  1347  1240  1384  1188  1002   771   615   747   821   978  ind
80641   1990   763   820  1206  1260  1023   990   997  1309   918   616  ind
80641   2000   907   936  1099   909   938   859  1081   915  1051   971  ind
80641   2010  1000  1084  1112   935  1167  1138   781 -9999
90607   1919  2369
90607   1920  1485  1357  1020   439   519   215   215  1093  1438  1808  ind
90607   1930  1486   782   313   475   575   640   970   958   892   849  ind
90607   1940   898   918   530   628   619   472   614  1037  1144  1591  ind
90607   1950  1492  1402  1417   830  1083  1601  1349  1655  1553  1387  ind
90607   1960  1301  1247  1041   882   858   781   420   535   585   618  ind
90607   1970   949   715   849  1324   970   962   912  1002  1156  1030  ind
90607   1980   386  1033  1257  1136  1106  1173  1254  1040   892  1067  ind
90607   1990  1246  1114  1033  1494   562  1133   890  1219   851   646  ind
90607   2000   797   683   867  1002   881  1072  1058   985  1075 -9999  ind
110899  1933   686  1068  1205  1511  1035  1287   301
110899  1940  1166   897  1122  1086   856  1024  1070   996  1167  1314  ind
110899  1950  1202   719   589  -276   448  1441  1934  1817  1503   507  ind
110899  1960   726   458   537   745  1511  1387   891  1000   770   640  ind
110899  1970   572   374   750  1658  1564  1368   963   788  1157  1160  ind
110899  1980  1143  1271  1357  1151   881   935  1014  1343  1251   836  ind
110899  1990   861   553   636  1004   917   808  1037   898   711   844  ind
110899  2000   535   885  1045  1313  1518  1540  1435  1339  1135   814  ind
110899  2010   552  1000   887   912   855   786   904  1258 -9999
112421  1950  1401  1096  1037  1222  1304  1204   675   880   718   666  ind
112421  1960   725   879   840  1075   879   807   797   867   765   668  ind
112421  1970   643   573   322   573  1170  1497  1982  1814  1878  1643  ind
112421  1980  1290  1328  1200  1147   568   382   570   317   677   641  ind
112421  1990   580   381  1050  1489  1358  1224  1415  1223  1389   827  ind
112421  2000   995   650  1335  1245   908   903   539   533   770  1081  ind
112421  2010  1278 -9999
171403  1950   894   707   542   459   892  1620   967  1088  1267  1321  ind
171403  1960  1406  1223  1594  1325  1238  1000   868   619   819   850  ind
171403  1970   917   760   763   579   832   829   799   816   610   982  ind
171403  1980   756  1465  1394  1334  1430  1404  1260  1148  1016   789  ind
171403  1990   937   773   799   925   773   564  1087  1052  1312   759  ind
171403  2000   911  1077   994  1087   958  1097  1155  1027  1091   882  ind
171403  2010   906   930  1146  1081   807 -9999
52246   1945   881   718   626   234   362
52246   1950   599   929   917  1203  1153  2355  1720   907   782   841  ind
52246   1960  1168  1220  1340  1211   711   985   802   995   948  1007  ind
52246   1970  1041  1479   985  1148  1084   799  1053  1126  1022  1024  ind
52246   1980   864   890   889   856   809   573   436   396   800   823  ind
52246   1990   710   725  1074  1238   756   894  1341  1103  1075   862  ind
52246   2000   942  1134   903  1186   976   939  1073  1072  1157   900  ind
52246   2010   767 -9999
82239   1930  1026  1069  1155  1315  1170  1286  1389  1365  1384  -132  ind
82239   1940   142   333   684   520   284  1159  1322  1048  1015  1132  ind
82239   1950  1073  1243  1318  1764  1360  1404  1010   918  1136   873  ind
82239   1960   982   997   968  1124  1043   772   754   889   662   664  ind
82239   1970   621   720   851   618   675   755   978   863   972   994  ind
82239   1980  1084  1335  1369  1246  1113  1114  1175  1299  1273  1295  ind
82239   1990  1111   826  1002  1019   838  1281  1095  1199  1032   866  ind
82239   2000   862  1034  1025  1014  1027   919   849   869   865   833  ind
82239   2010   846 -9999
82381   1942  1189   983   573   513   981  1555  1419  1194
82381   1950  1161   553   288   652   778   814  1211  1133  1218  1010  ind
82381   1960   807   944   966   965   992  1502   836  1073  1092  1038  ind
82381   1970  1114   987  1331  1357  1198  1243  1424  1579  1323  1238  ind
82381   1980   395   662   772   846   575   817   629   711   816  1023  ind
82381   1990  1029  1075  1235  1092   864   863  1072   932   768   733  ind
82381   2000   602   712  1023  1086  1017   985  1002  1197  1035  1190  ind
82381   2010  1245  1178   906   994 -9999
110902  1924   619  1084   750  1209  1362  1267
110902  1930   953  1162  1048   671   699   764   938   933   843   665  ind
110902  1940   893  1192  1212  1158  1117  1034  1230  1174  1209  1047  ind
110902  1950   809  1000  1076  1056   989  1071  1046   965  1070   973  ind
110902  1960   833   905   831   897   985   905   734   742   665   869  ind
110902  1970  1014  1101   981  1372  1284  1015  1100   984  1271  1024  ind
110902  1980   640   815  1079  1090   889  1070   879   752   884   986  ind
110902  1990  1080  1030  1166  1175  1234  1386  1344  1135  1141   921  ind
110902  2000   899   944  1057  1287   969   804   783   655   882  1002  ind
110902  2010   901   737 -9999
