 % variance  0.254   0.134   0.137
 cumulative  0.254   0.388   0.525
 series_id   #  1       2       3
  12490      0.496   0.036   0.171
  22545      0.720  -0.076   0.192
  32189      0.684  -0.125   0.275
  42544      0.080   0.490   0.620
  50406      0.519   0.197   0.123
  50474     -0.033   0.650   0.074
  50555      0.180   0.761  -0.174
  60287      0.308  -0.258   0.514
  70433      0.318   0.003   0.653
  80711      0.370  -0.188   0.656
  80719     -0.122   0.102   0.521
  82218      0.632   0.309  -0.178
  90287      0.602  -0.116   0.315
  91377      0.115   0.208   0.672
  92493      0.248   0.615   0.094
  102412     0.739   0.020  -0.305
  110791     0.789   0.052  -0.065
  110798     0.747   0.060   0.065
  110914     0.809   0.409  -0.101
  110950     0.240  -0.282   0.338
  111014     0.810   0.024   0.350
  111030     0.859   0.133  -0.019
  111051     0.747  -0.027   0.119
  111134     0.751   0.241   0.088
  121212     0.718   0.090   0.379
  121284     0.775   0.206  -0.079
  131017    -0.047   0.311   0.785
  131080    -0.059  -0.144   0.732
  131304     0.758   0.007   0.328
  140735     0.173   0.710   0.286
  160777     0.669  -0.097   0.321
  160930     0.827   0.094  -0.016
  172229     0.804   0.262   0.088
  180751     0.111   0.454   0.533
  180794     0.459  -0.265  -0.072
  190438     0.734  -0.078   0.053
  200168     0.253  -0.043   0.531
  200389     0.576  -0.042   0.237
  80248      0.102   0.481   0.512
  92389     -0.024   0.699   0.152
  110952     0.090   0.071   0.669
  120924    -0.030   0.371   0.668
  82317     -0.202   0.724   0.084
  190497     0.099   0.648   0.064
  131047     0.281  -0.156   0.592
  91491     -0.001   0.273   0.403
  60125      0.029   0.670  -0.107
  52388     -0.160   0.432   0.080
  82368      0.117   0.731   0.039
  130579     0.545  -0.096   0.332
  92486      0.316   0.672  -0.107
