 eigenvalue 14.481   6.803   5.510   3.286   2.902   2.352   1.914   1.708   1.089   1.067   1.027   0.902   0.848   0.759   0.674   0.660   0.609   0.520   0.420   0.405   0.348   0.316   0.286   0.258   0.233   0.215   0.185   0.174   0.148   0.141   0.106   0.099   0.086   0.073   0.063   0.057   0.048   0.045   0.042   0.035   0.029   0.023   0.016   0.014   0.010   0.007   0.005   0.003   0.003   0.001   0.000
 eval sderr  2.868   1.347   1.091   0.651   0.575   0.466   0.379   0.338   0.216   0.211   0.203   0.179   0.168   0.150   0.134   0.131   0.121   0.103   0.083   0.080   0.069   0.062   0.057   0.051   0.046   0.043   0.037   0.034   0.029   0.028   0.021   0.020   0.017   0.014   0.013   0.011   0.009   0.009   0.008   0.007   0.006   0.005   0.003   0.003   0.002   0.001   0.001   0.001   0.001   0.000   0.000
 % variance  0.284   0.133   0.108   0.064   0.057   0.046   0.038   0.033   0.021   0.021   0.020   0.018   0.017   0.015   0.013   0.013   0.012   0.010   0.008   0.008   0.007   0.006   0.006   0.005   0.005   0.004   0.004   0.003   0.003   0.003   0.002   0.002   0.002   0.001   0.001   0.001   0.001   0.001   0.001   0.001   0.001   0.000   0.000   0.000   0.000   0.000   0.000   0.000   0.000   0.000   0.000
 cumulative  0.284   0.417   0.525   0.590   0.647   0.693   0.730   0.764   0.785   0.806   0.826   0.844   0.861   0.875   0.889   0.902   0.914   0.924   0.932   0.940   0.947   0.953   0.959   0.964   0.968   0.972   0.976   0.979   0.982   0.985   0.987   0.989   0.991   0.992   0.993   0.995   0.995   0.996   0.997   0.998   0.998   0.999   0.999   0.999   1.000   1.000   1.000   1.000   1.000   1.000   1.000
 brokn stck  4.519   3.519   3.019   2.685   2.435   2.235   2.069   1.926   1.801   1.690   1.590   1.499   1.416   1.339   1.267   1.201   1.138   1.079   1.024   0.971   0.921   0.873   0.828   0.785   0.743   0.703   0.664   0.627   0.592   0.557   0.524   0.492   0.460   0.430   0.401   0.372   0.344   0.317   0.291   0.265   0.240   0.216   0.192   0.169   0.146   0.124   0.102   0.081   0.060   0.040   0.020
 series_id   #  1       2       3       4       5       6       7       8       9      10      11      12      13      14      15      16      17      18      19      20      21      22      23      24      25      26      27      28      29      30      31      32      33      34      35      36      37      38      39      40      41      42      43      44      45      46      47      48      49      50      51
  12490      0.136  -0.035   0.007   0.318   0.259   0.064  -0.051  -0.058  -0.103  -0.006  -0.044   0.117   0.095  -0.158  -0.166   0.200  -0.072   0.027  -0.217  -0.034   0.102   0.042   0.022  -0.023   0.192   0.364  -0.032  -0.062   0.072   0.003  -0.003  -0.247   0.114  -0.048  -0.024   0.041   0.160   0.014   0.213  -0.212  -0.109   0.024   0.085  -0.057  -0.089   0.153  -0.153   0.026  -0.157  -0.331   0.142
  22545      0.184  -0.100   0.019  -0.096  -0.064   0.151  -0.025   0.060  -0.026   0.222   0.001  -0.107   0.265   0.240  -0.093   0.265   0.233  -0.159  -0.029  -0.203   0.093  -0.006  -0.040   0.242  -0.225   0.089  -0.050  -0.029   0.201  -0.248  -0.052  -0.035  -0.174  -0.011  -0.103   0.128  -0.014  -0.008   0.081   0.131  -0.072  -0.039  -0.182  -0.002  -0.173  -0.125   0.063  -0.119   0.273  -0.167  -0.043
  32189      0.181  -0.096   0.062   0.160   0.005   0.009   0.051   0.138   0.188   0.012  -0.209   0.012   0.132  -0.013   0.252  -0.003  -0.375  -0.161  -0.073  -0.212   0.179   0.210  -0.046   0.081  -0.095  -0.127  -0.065   0.194  -0.114  -0.025   0.144   0.217   0.059   0.060  -0.052  -0.022   0.309  -0.186  -0.042   0.014   0.151  -0.225  -0.119  -0.027  -0.114  -0.052  -0.060   0.149  -0.144   0.050   0.022
  42544      0.110   0.242   0.102   0.050  -0.127   0.014   0.039   0.021  -0.094  -0.116  -0.035   0.032  -0.085   0.307   0.378   0.039  -0.092   0.276  -0.060   0.110  -0.053   0.138   0.018  -0.085  -0.244   0.269  -0.124  -0.108  -0.041  -0.010  -0.011  -0.210  -0.121  -0.180  -0.099   0.226  -0.100   0.022  -0.146   0.042  -0.121  -0.170  -0.127   0.076   0.150   0.089  -0.164   0.133  -0.001   0.050   0.095
  50406      0.146   0.005  -0.048  -0.114  -0.065  -0.129   0.339   0.155   0.204   0.200  -0.162   0.122  -0.177  -0.099  -0.259   0.088   0.083   0.197  -0.104  -0.209  -0.132   0.158   0.183  -0.086   0.209  -0.008   0.032  -0.247  -0.103  -0.160  -0.057  -0.106  -0.077   0.143   0.114   0.162  -0.018  -0.183  -0.220   0.157   0.055  -0.084   0.001   0.065  -0.067   0.047  -0.030  -0.108  -0.128   0.042  -0.005
  50474      0.039   0.222  -0.115   0.156   0.068  -0.238  -0.002  -0.008  -0.028   0.321   0.119  -0.026   0.192   0.199  -0.001  -0.161  -0.261   0.090   0.145   0.024  -0.057  -0.103   0.070   0.423   0.192   0.122   0.089  -0.250   0.040   0.074   0.071   0.024  -0.102   0.210   0.012  -0.109   0.031  -0.018  -0.083  -0.132  -0.098   0.139  -0.054  -0.051  -0.062  -0.033  -0.091   0.139   0.086   0.177  -0.037
  50555      0.071   0.185  -0.246   0.152   0.135  -0.020   0.029   0.103  -0.113  -0.138   0.181  -0.105   0.137  -0.137   0.037   0.100  -0.024  -0.221   0.085  -0.116  -0.106  -0.189  -0.052  -0.188   0.120   0.142   0.059   0.125  -0.055   0.113  -0.118  -0.018  -0.272  -0.019   0.252   0.112   0.079   0.017  -0.205   0.250   0.287   0.005  -0.190  -0.053   0.198  -0.158  -0.133   0.011   0.048  -0.126  -0.013
  60287      0.108  -0.045   0.210   0.179   0.220  -0.192  -0.069  -0.033  -0.050  -0.172  -0.177   0.005   0.139  -0.066  -0.040  -0.039   0.117   0.036   0.303  -0.193  -0.268   0.090   0.107  -0.039  -0.088  -0.128   0.173   0.014   0.346   0.137   0.259  -0.057  -0.227  -0.020  -0.195   0.144  -0.022   0.071  -0.129  -0.107   0.054  -0.095   0.089   0.048   0.012   0.105   0.202  -0.054  -0.074   0.021  -0.039
  70433      0.140   0.059   0.200  -0.126   0.202  -0.059  -0.132   0.257  -0.038   0.285  -0.007  -0.021  -0.070   0.016  -0.021   0.041   0.063  -0.032   0.063  -0.041  -0.057  -0.053  -0.100  -0.006   0.069   0.051  -0.296   0.086   0.127   0.126  -0.161   0.017   0.024  -0.083   0.243   0.035  -0.168  -0.231   0.294  -0.215   0.106  -0.191  -0.046  -0.056   0.260  -0.015   0.157   0.050  -0.085   0.248   0.131
  80711      0.141  -0.009   0.239  -0.219   0.016   0.032  -0.079  -0.044   0.165   0.113   0.137  -0.029  -0.030  -0.166   0.125   0.064   0.034   0.080   0.058   0.175  -0.228   0.242  -0.161   0.115   0.146   0.193   0.058   0.377  -0.056  -0.161   0.282  -0.074  -0.129   0.070   0.004  -0.101   0.087  -0.151  -0.103   0.058  -0.070   0.172   0.197  -0.117   0.150  -0.050  -0.140  -0.079   0.156  -0.089   0.040
  80719      0.029   0.134   0.172   0.227  -0.061   0.222  -0.178   0.052   0.051   0.307  -0.141   0.060   0.287  -0.033  -0.167  -0.161   0.114   0.054  -0.221   0.316   0.012   0.126   0.112  -0.089   0.086  -0.234   0.114   0.100  -0.124   0.088   0.041   0.006   0.049  -0.042   0.124   0.128  -0.135   0.140  -0.161  -0.079   0.010  -0.135  -0.141   0.076   0.112  -0.092  -0.017   0.072   0.094  -0.141  -0.198
  82218      0.150  -0.025  -0.189  -0.156   0.179  -0.045  -0.077   0.181   0.319  -0.130   0.049  -0.077  -0.089   0.001   0.031   0.182   0.078   0.081  -0.002   0.187   0.169   0.040   0.109   0.023   0.185  -0.025  -0.091   0.035  -0.079   0.143  -0.049  -0.054  -0.249  -0.146  -0.078   0.061   0.178   0.227   0.084  -0.032  -0.056  -0.055   0.035  -0.106  -0.143   0.184   0.138   0.242   0.132   0.117  -0.377
  90287      0.166  -0.075   0.082   0.124  -0.219  -0.092   0.018   0.053  -0.043  -0.045   0.003  -0.209  -0.161  -0.066   0.253  -0.200   0.370  -0.076  -0.078  -0.194   0.109   0.024   0.061   0.120   0.313   0.013   0.374   0.019   0.068   0.082  -0.117  -0.014   0.023  -0.235  -0.048  -0.101  -0.040  -0.045   0.111  -0.005  -0.193  -0.095  -0.083  -0.061  -0.007  -0.165  -0.207   0.028  -0.089   0.067  -0.013
  91377      0.106   0.156   0.180   0.008  -0.210  -0.183   0.118  -0.220   0.013  -0.158   0.062  -0.227   0.101   0.025   0.002   0.071  -0.164   0.025   0.004  -0.075   0.055  -0.155   0.030   0.069   0.306  -0.015  -0.259   0.005  -0.083  -0.167   0.236   0.017   0.149   0.000   0.035   0.252  -0.193   0.182   0.179   0.078   0.058  -0.142   0.178  -0.037   0.043  -0.211   0.165  -0.034  -0.087  -0.121  -0.172
  92493      0.105   0.172  -0.126  -0.095   0.144   0.099  -0.030  -0.326   0.094   0.015  -0.142  -0.078  -0.137   0.354  -0.061  -0.174  -0.099   0.033  -0.156  -0.095   0.083   0.034  -0.092  -0.206   0.270  -0.032   0.036   0.219   0.234  -0.112  -0.072   0.245  -0.204  -0.057  -0.029   0.079   0.033  -0.077   0.028  -0.100  -0.010   0.225  -0.077   0.293   0.025   0.056   0.025  -0.052  -0.052  -0.042   0.028
  102412     0.145  -0.152  -0.179   0.203   0.062  -0.029   0.157  -0.034  -0.098   0.099   0.048   0.059   0.105   0.027   0.197   0.128   0.088   0.154   0.015  -0.092   0.041  -0.038  -0.197   0.024   0.132  -0.247  -0.169   0.116  -0.052  -0.170  -0.008  -0.279   0.199  -0.299  -0.008  -0.180  -0.093  -0.016  -0.337  -0.118   0.054   0.255  -0.050   0.023   0.021   0.025   0.263   0.029   0.022   0.078   0.007
  110791     0.183  -0.111  -0.106   0.152   0.035   0.084   0.125  -0.198  -0.015  -0.143   0.209  -0.093  -0.007   0.053   0.111  -0.005   0.039   0.075   0.092   0.115  -0.048   0.261   0.225  -0.207   0.010   0.062  -0.052  -0.151   0.186  -0.002   0.033   0.245   0.161   0.096   0.308  -0.158  -0.096  -0.254   0.000  -0.097   0.006  -0.196  -0.040  -0.140  -0.111   0.066   0.081  -0.028   0.341  -0.084  -0.074
  110798     0.186  -0.081  -0.059   0.218   0.001   0.134  -0.206  -0.023   0.185   0.084   0.056   0.083  -0.034   0.182  -0.038  -0.064   0.043   0.004   0.248   0.056  -0.045  -0.031   0.101  -0.028   0.055  -0.047  -0.150  -0.134   0.071   0.122  -0.176  -0.009   0.271  -0.040  -0.226   0.091   0.280  -0.129   0.013   0.401  -0.048   0.055   0.278   0.075   0.269  -0.145  -0.023  -0.072  -0.014   0.005  -0.030
  110914     0.205  -0.007  -0.200  -0.049   0.015  -0.001  -0.075  -0.019   0.034  -0.100   0.048  -0.069   0.011  -0.118  -0.049  -0.184   0.137  -0.008  -0.186   0.153  -0.140  -0.196   0.042  -0.138  -0.020   0.167  -0.145  -0.017  -0.122  -0.060   0.140  -0.117  -0.026   0.233  -0.335  -0.152   0.144  -0.057  -0.051  -0.217  -0.057  -0.220  -0.217   0.147  -0.014  -0.340   0.208  -0.108  -0.033   0.126   0.106
  110950     0.073  -0.070   0.160   0.127   0.157   0.308   0.281  -0.108   0.106  -0.073   0.287   0.061   0.037   0.261  -0.128   0.142   0.117  -0.055   0.153  -0.061  -0.119  -0.032  -0.049   0.028  -0.030  -0.034   0.011   0.189  -0.178   0.037  -0.108  -0.020  -0.047   0.159   0.044  -0.086  -0.109   0.174  -0.016  -0.148  -0.057  -0.161   0.124   0.158  -0.135  -0.077  -0.272   0.038  -0.233   0.236  -0.061
  111014     0.227  -0.056   0.044   0.066  -0.110  -0.018   0.010  -0.020  -0.109   0.084  -0.159  -0.174  -0.104   0.120  -0.001  -0.095  -0.019   0.044  -0.143  -0.110   0.035  -0.043  -0.201  -0.115  -0.079  -0.103   0.002  -0.085  -0.231   0.318  -0.065  -0.117  -0.212   0.104   0.071  -0.020   0.053   0.074   0.006  -0.109   0.164   0.010   0.471  -0.034  -0.147  -0.078   0.026  -0.011   0.345  -0.068   0.214
  111030     0.209  -0.088  -0.114   0.083  -0.037  -0.025  -0.011  -0.101  -0.260   0.157  -0.069  -0.062  -0.163   0.074   0.012  -0.189   0.084   0.008  -0.007   0.055   0.035   0.024  -0.107  -0.041  -0.087  -0.100  -0.124   0.117   0.059  -0.102   0.080  -0.103  -0.021   0.307   0.133   0.034   0.172   0.291   0.068   0.131  -0.055  -0.036  -0.146  -0.369   0.108   0.281  -0.089  -0.235  -0.199   0.114  -0.168
  111051     0.186  -0.100  -0.020  -0.226  -0.145   0.058  -0.065  -0.012  -0.007  -0.168   0.169  -0.070   0.182   0.153  -0.137  -0.054  -0.036  -0.017  -0.063  -0.040   0.005   0.105  -0.159   0.212  -0.022   0.061   0.276  -0.196  -0.125   0.013  -0.045  -0.014   0.009  -0.022   0.170  -0.165   0.139   0.019  -0.077  -0.046   0.049  -0.160   0.036   0.147   0.366   0.267   0.291   0.064  -0.226  -0.175   0.002
  111134     0.200  -0.021  -0.091  -0.098  -0.120   0.022  -0.024   0.007  -0.286   0.088  -0.184   0.014  -0.023   0.012  -0.026   0.176  -0.166  -0.064   0.148   0.099  -0.313  -0.380   0.080  -0.058  -0.009  -0.077   0.124   0.121  -0.209   0.001   0.065   0.127   0.037  -0.247   0.079   0.049   0.114  -0.240   0.025  -0.065  -0.320  -0.104   0.045   0.091  -0.150   0.156  -0.055  -0.057   0.000  -0.048  -0.171
  121212     0.212  -0.017   0.048   0.065   0.132   0.020  -0.061  -0.029  -0.215  -0.057  -0.138  -0.049   0.029  -0.276  -0.035  -0.025  -0.057   0.401  -0.014  -0.049  -0.077   0.026   0.056   0.140  -0.087   0.020  -0.030   0.021  -0.076  -0.176  -0.164   0.149  -0.068   0.001  -0.046  -0.322  -0.103   0.134   0.272   0.282   0.196   0.024  -0.038   0.319   0.027   0.008  -0.100   0.094   0.099   0.075  -0.122
  121284     0.187  -0.062  -0.144  -0.025   0.003  -0.233  -0.147   0.074  -0.097  -0.047   0.152   0.062   0.074   0.060  -0.105   0.112  -0.155  -0.077   0.006   0.113  -0.063   0.394   0.089   0.034   0.080  -0.136  -0.072   0.048  -0.206   0.163  -0.114   0.209  -0.089  -0.135  -0.146   0.001  -0.261   0.163   0.022   0.066  -0.137   0.064  -0.094  -0.077  -0.097  -0.068  -0.004  -0.321  -0.130  -0.033   0.313
  131017     0.085   0.231   0.212   0.015   0.189  -0.081  -0.028  -0.081   0.089  -0.129   0.024  -0.081   0.180  -0.098  -0.065  -0.083  -0.054  -0.010   0.060   0.006   0.270   0.071  -0.087  -0.173  -0.187  -0.070   0.099  -0.115  -0.128  -0.021   0.014  -0.250  -0.035  -0.072   0.320  -0.033   0.115  -0.152   0.103   0.182  -0.360   0.163  -0.056   0.076  -0.134  -0.119   0.123  -0.186  -0.025   0.240  -0.025
  131080     0.050   0.081   0.295   0.146   0.107  -0.142   0.058   0.105  -0.224  -0.047   0.179  -0.089  -0.222   0.107  -0.205   0.015   0.150  -0.205  -0.119  -0.101  -0.124   0.131  -0.028  -0.106  -0.055   0.002  -0.026  -0.093  -0.291  -0.101   0.063   0.217   0.130   0.043  -0.203   0.102   0.129  -0.058  -0.001  -0.030  -0.026   0.307  -0.145  -0.041   0.085   0.074   0.092   0.296   0.132   0.008  -0.123
  131304     0.212  -0.057   0.045  -0.002  -0.001  -0.061   0.101   0.131   0.041   0.174   0.141  -0.088  -0.139  -0.171   0.075  -0.028  -0.174  -0.251  -0.151  -0.013   0.167  -0.098   0.387  -0.057  -0.285   0.048  -0.092   0.013   0.206  -0.075  -0.008   0.069  -0.099  -0.039   0.073  -0.128  -0.106   0.186  -0.210  -0.126  -0.161   0.166   0.251   0.172   0.204  -0.042  -0.021  -0.015  -0.099  -0.071  -0.098
  140735     0.112   0.244  -0.072  -0.040  -0.111   0.046   0.192  -0.199  -0.010   0.164  -0.193  -0.024  -0.021  -0.020   0.001   0.272   0.008  -0.049   0.242   0.201  -0.003   0.110   0.120  -0.153  -0.095  -0.081   0.258  -0.004   0.034  -0.126  -0.141  -0.040  -0.041   0.040  -0.084  -0.146   0.081   0.099   0.177  -0.044   0.062   0.061   0.007  -0.250   0.084  -0.231   0.190   0.322  -0.170  -0.039   0.190
  160777     0.184  -0.078   0.074  -0.182   0.100   0.183   0.046  -0.149   0.049  -0.162  -0.209   0.090  -0.067   0.034  -0.134  -0.129  -0.008   0.145   0.112  -0.096   0.126  -0.097   0.113   0.175  -0.145   0.088  -0.099  -0.073  -0.162   0.253   0.035   0.022  -0.030  -0.122  -0.022  -0.026  -0.147  -0.158  -0.103  -0.152   0.117   0.249  -0.185  -0.345   0.099  -0.217  -0.110  -0.072  -0.110  -0.168  -0.213
  160930     0.199  -0.095  -0.102  -0.111  -0.031   0.053  -0.144  -0.154  -0.011  -0.196  -0.134   0.151   0.072  -0.093  -0.201  -0.064   0.121  -0.181  -0.020  -0.004   0.053  -0.076  -0.005   0.068   0.072  -0.112  -0.180  -0.091   0.084  -0.109   0.222   0.044  -0.034  -0.023   0.158   0.060  -0.125   0.044  -0.138   0.140  -0.171  -0.014   0.039  -0.046   0.043   0.050  -0.214   0.459   0.092   0.208   0.348
  172229     0.214  -0.022  -0.100  -0.051  -0.015   0.027   0.013   0.127   0.106  -0.062   0.030   0.141   0.226  -0.110   0.091  -0.174  -0.078  -0.008  -0.177   0.057  -0.275   0.011  -0.368  -0.137  -0.113   0.119   0.152  -0.169   0.163  -0.167  -0.190   0.178   0.112  -0.067  -0.033   0.225  -0.124   0.071   0.048  -0.085   0.036   0.150   0.192  -0.206  -0.142  -0.113  -0.028   0.036  -0.102   0.151  -0.210
  180751     0.106   0.212   0.077   0.075  -0.232  -0.044  -0.198   0.067   0.203  -0.213  -0.081  -0.124   0.116  -0.090  -0.028   0.280  -0.044   0.008   0.043  -0.094   0.072  -0.119  -0.087  -0.110   0.043  -0.211  -0.032  -0.035   0.041  -0.055  -0.244  -0.027   0.034   0.319  -0.197  -0.145  -0.155  -0.135  -0.073  -0.219  -0.085   0.066  -0.063  -0.074   0.185   0.251  -0.226  -0.119   0.112   0.013  -0.054
  180794     0.085  -0.163  -0.008   0.072   0.100   0.081   0.464   0.247   0.186  -0.002  -0.035  -0.068  -0.026   0.014  -0.106  -0.076  -0.185   0.007   0.107   0.170   0.055  -0.143  -0.197  -0.075   0.043  -0.081   0.153  -0.110   0.053   0.027   0.259   0.010   0.018  -0.116  -0.132   0.009  -0.082   0.124   0.247   0.028  -0.069   0.000  -0.191   0.035   0.274   0.070  -0.095  -0.121   0.247  -0.039   0.170
  190438     0.174  -0.125  -0.031  -0.022   0.087  -0.190  -0.116  -0.194   0.250   0.040  -0.119  -0.183  -0.176  -0.060   0.112  -0.043   0.006  -0.246   0.189   0.161  -0.100   0.017   0.005   0.159  -0.124   0.081   0.106   0.017  -0.122  -0.015  -0.135  -0.209   0.292   0.093   0.128   0.262  -0.124   0.092   0.012  -0.087   0.211   0.102  -0.198   0.278  -0.138   0.107  -0.066   0.021   0.052  -0.075   0.058
  200168     0.110   0.034   0.174  -0.025  -0.070  -0.121   0.094   0.280  -0.109  -0.269  -0.206   0.344   0.123   0.330   0.060  -0.124   0.072  -0.260  -0.009   0.265   0.036  -0.061   0.205  -0.005   0.174   0.082  -0.007   0.089   0.041  -0.137  -0.034  -0.154  -0.014   0.084   0.067  -0.218  -0.008  -0.044   0.084   0.059   0.239   0.141   0.074   0.036  -0.100   0.043   0.023  -0.099   0.039  -0.003  -0.034
  200389     0.157  -0.061   0.040  -0.203  -0.070  -0.052   0.210  -0.022  -0.233   0.087   0.208   0.156   0.260  -0.201   0.142  -0.098   0.163   0.165   0.192   0.088   0.386  -0.061   0.024  -0.085   0.040   0.009   0.017   0.122  -0.034   0.160  -0.087   0.136   0.005   0.236  -0.157   0.336   0.043  -0.126   0.009  -0.043   0.009   0.089   0.013   0.161  -0.028   0.134   0.004   0.079  -0.027  -0.046   0.076
  80248      0.104   0.219   0.064  -0.008  -0.071  -0.095   0.104  -0.182   0.043  -0.013   0.051   0.527  -0.202  -0.143  -0.098  -0.107  -0.135  -0.108   0.035  -0.210   0.006   0.016  -0.114   0.122  -0.011   0.069   0.030   0.197   0.052   0.078  -0.227  -0.033   0.094  -0.037  -0.031  -0.037   0.058   0.191  -0.048  -0.016  -0.159  -0.235  -0.089  -0.028   0.053  -0.022   0.169  -0.038   0.348  -0.039  -0.068
  92389      0.052   0.248  -0.099   0.072  -0.087   0.245   0.136   0.134  -0.090  -0.123  -0.140   0.058  -0.168  -0.159   0.182   0.153   0.150  -0.115  -0.002   0.106  -0.115   0.170  -0.225   0.283   0.055  -0.125  -0.207  -0.176   0.140   0.258   0.125   0.094  -0.036   0.176   0.143   0.023   0.048   0.012   0.051  -0.027  -0.143   0.173  -0.026   0.265  -0.035  -0.101   0.091  -0.050  -0.114  -0.124  -0.080
  110952     0.092   0.116   0.212   0.000   0.221   0.049   0.054  -0.290   0.039   0.012   0.175   0.109  -0.056  -0.084   0.203   0.151   0.050  -0.069  -0.367   0.199  -0.043  -0.250   0.103   0.229  -0.010  -0.286   0.102  -0.210   0.017  -0.016  -0.034   0.088  -0.105  -0.099  -0.083   0.073   0.102  -0.098  -0.010   0.078   0.226  -0.069  -0.008  -0.128   0.008   0.137  -0.002  -0.197  -0.004   0.103   0.147
  120924     0.081   0.229   0.156  -0.142   0.131   0.213   0.109   0.079   0.017   0.091   0.008  -0.272   0.027  -0.059  -0.012  -0.239  -0.070  -0.112   0.032   0.010  -0.084  -0.075  -0.055  -0.043   0.085   0.053  -0.117   0.029   0.087   0.148  -0.103  -0.066   0.132  -0.002  -0.211  -0.210  -0.188  -0.004  -0.199   0.315  -0.061  -0.086  -0.023  -0.126  -0.319   0.264   0.127   0.119  -0.117  -0.191   0.087
  82317      0.004   0.271  -0.113   0.045   0.013   0.327  -0.003   0.092  -0.117  -0.042  -0.157  -0.156  -0.012  -0.111  -0.084  -0.007   0.056  -0.086   0.158  -0.031   0.195   0.110   0.115   0.143   0.050   0.264   0.089   0.015  -0.136  -0.158   0.056   0.156   0.152  -0.145  -0.064   0.127   0.034   0.104  -0.158  -0.138   0.150  -0.024   0.184  -0.040   0.033   0.135   0.074  -0.281   0.120   0.364   0.105
  190497     0.069   0.200  -0.130   0.092  -0.301   0.057  -0.056  -0.088   0.105   0.160   0.273   0.138  -0.017  -0.117  -0.082  -0.202   0.054  -0.170   0.166  -0.078   0.000   0.105  -0.028  -0.096  -0.094  -0.071  -0.147  -0.115  -0.073  -0.061   0.224  -0.152  -0.224  -0.273  -0.107  -0.098  -0.050  -0.149   0.263  -0.090   0.271   0.017   0.002   0.079  -0.112   0.200  -0.136  -0.003  -0.076  -0.039  -0.099
  131047     0.116   0.004   0.217  -0.057  -0.323  -0.046   0.001   0.076  -0.050  -0.080   0.167  -0.140  -0.078  -0.014  -0.325   0.100  -0.114   0.211   0.000   0.154  -0.008  -0.027  -0.032   0.008  -0.020  -0.017  -0.049   0.071   0.364   0.134  -0.015  -0.007   0.139  -0.183   0.095  -0.006   0.343   0.110  -0.159  -0.073   0.210   0.088  -0.177   0.043  -0.216  -0.096  -0.123  -0.011  -0.024   0.128   0.093
  91491      0.056   0.151   0.082  -0.319   0.262  -0.059  -0.173   0.107  -0.064   0.099   0.022   0.109  -0.028   0.072   0.189   0.020   0.104   0.035   0.215  -0.125   0.082  -0.008  -0.087  -0.204   0.097  -0.144  -0.010  -0.312  -0.039  -0.162   0.123   0.107   0.178  -0.052   0.038  -0.148   0.166   0.293  -0.105  -0.138   0.051  -0.135  -0.012   0.060  -0.062  -0.131  -0.260  -0.080   0.018  -0.227   0.014
  60125      0.037   0.190  -0.189  -0.203   0.027  -0.207   0.152  -0.135   0.053   0.096  -0.087  -0.013   0.253   0.098  -0.005   0.183   0.185  -0.051  -0.273  -0.142  -0.080   0.070   0.068  -0.088  -0.141   0.099   0.034   0.123   0.049   0.390   0.240  -0.006   0.339  -0.036  -0.049  -0.151  -0.009   0.044   0.098   0.109   0.069   0.054   0.046   0.061   0.108   0.081  -0.158  -0.030   0.045   0.161  -0.099
  52388     -0.004   0.173  -0.053   0.262   0.011  -0.337   0.084   0.049   0.270  -0.016  -0.083  -0.004  -0.002   0.053  -0.104  -0.058   0.368   0.164   0.061   0.159   0.086  -0.191  -0.167   0.116  -0.236   0.119  -0.102   0.132  -0.073  -0.099  -0.015   0.360  -0.035  -0.111   0.113  -0.088   0.043  -0.019  -0.085   0.007  -0.049  -0.080   0.103  -0.046  -0.052   0.079   0.008  -0.034  -0.124  -0.222   0.141
  82368      0.075   0.220  -0.159  -0.038   0.029   0.167  -0.055   0.269   0.111  -0.146   0.196   0.011   0.001   0.067   0.062  -0.172   0.021   0.249  -0.073  -0.255  -0.188  -0.089   0.317   0.117  -0.131  -0.253   0.086   0.228  -0.025  -0.084   0.055  -0.102   0.158   0.086   0.136   0.157   0.062   0.050   0.213  -0.072  -0.048   0.146   0.004  -0.098  -0.041   0.023   0.057   0.048   0.039  -0.145   0.239
  130579     0.156  -0.058   0.088   0.146  -0.137   0.132  -0.291   0.062   0.136   0.114   0.081   0.226  -0.191   0.063   0.102   0.234  -0.017   0.106   0.002  -0.108   0.130  -0.228  -0.043  -0.174   0.037   0.228   0.243  -0.028  -0.038   0.124   0.299   0.149   0.021   0.143   0.069  -0.066  -0.225   0.107  -0.007   0.176   0.064   0.126  -0.124   0.008  -0.135   0.048   0.246   0.000  -0.090   0.089   0.056
  92486      0.104   0.148  -0.216   0.000   0.194  -0.095  -0.087   0.132  -0.205  -0.070   0.124   0.003  -0.279   0.084  -0.201   0.072  -0.077   0.028  -0.053   0.154   0.272   0.056  -0.167   0.119  -0.122  -0.155   0.248   0.117   0.141  -0.063   0.144  -0.152   0.117   0.081  -0.117   0.051  -0.239  -0.271  -0.071   0.073   0.098  -0.207   0.166   0.018  -0.035  -0.151  -0.089   0.067  -0.040  -0.060  -0.152
