  year  #   1
  1950   0.809
  1951   0.827
  1952   1.914
  1953   0.818
  1954   1.481
  1955   1.150
  1956   1.146
  1957   1.118
  1958   1.247
  1959  -0.731
  1960  -0.786
  1961  -1.218
  1962  -0.939
  1963  -0.655
  1964  -0.409
  1965  -0.597
  1966  -1.628
  1967  -0.599
  1968   1.634
  1969   1.448
  1970   0.554
  1971  -0.535
  1972  -1.580
  1973  -1.698
  1974  -1.897
  1975  -0.538
  1976   0.227
  1977  -0.933
  1978   0.394
  1979   0.217
  1980  -0.254
  1981   0.170
  1982   0.121
  1983  -0.452
  1984   0.345
  1985  -0.685
  1986   1.224
  1987   0.368
  1988  -0.047
  1989   0.401
  1990   1.608
  1991  -0.450
  1992   0.064
  1993   0.222
  1994   0.451
  1995   0.072
  1996  -0.521
  1997  -2.553
  1998  -0.420
  1999  -0.567
  2000   0.663
