  year  #   1       2       3       4       5       6       7       8       9      10      11      12      13      14      15      16      17      18      19      20      21      22      23      24      25      26      27      28      29      30      31      32      33      34      35      36      37      38      39      40      41      42      43      44      45      46      47      48      49      50      51
  1950  15.901   7.340  -3.132  -3.778  -4.246  -2.233  -1.479   0.327   2.419   0.054   0.635  -0.808   0.746   0.576   1.599   0.130   1.720   0.735   0.885   0.121  -0.473   0.661   0.564   0.155  -0.491  -0.109   0.458  -0.154  -0.449  -0.157   0.041  -0.083  -0.025  -0.208   0.098   0.038  -0.264   0.138  -0.010  -0.003  -0.084   0.101   0.004   0.004  -0.031   0.014  -0.002  -0.053  -0.010   0.015   0.000
  1951  13.100   6.800  -2.341  -2.965  -1.524  -1.442  -0.576   0.739   0.225   0.698   0.204  -0.700   0.170  -1.273  -0.543  -0.011  -2.082  -1.505  -0.812  -0.607   0.719  -0.109  -0.842  -0.465   0.533   0.347  -0.504   0.964   0.610  -0.140  -0.316   0.032   0.070   0.188  -0.094  -0.295   0.207  -0.051  -0.258  -0.157   0.043  -0.122  -0.072   0.051   0.029  -0.058   0.014   0.027   0.105   0.013   0.000
  1952  10.675   4.506  -2.193  -2.702   0.483   1.511   0.926   0.166  -1.053  -0.300  -0.636  -0.249  -1.485  -0.128  -1.358   0.333  -0.665   0.019  -0.303  -0.219  -0.232  -0.942   0.973   0.516   0.190  -0.272  -0.978  -1.376   0.059   0.508   0.562   0.165  -0.015   0.063  -0.078   0.386   0.079  -0.073   0.454   0.367   0.094  -0.033   0.127   0.030   0.033   0.125   0.007   0.048  -0.124  -0.031   0.000
  1953   8.566   2.018  -3.646  -2.596   2.445   3.581   1.104  -0.227  -2.045  -1.549  -1.566   2.586  -1.001   0.474  -0.587  -0.004   1.004   1.172  -0.166   1.575   0.404   0.336  -1.201  -0.028   0.107  -0.574   0.138   0.466  -0.379   0.009  -0.393   0.171  -0.179  -0.069   0.277  -0.362   0.092  -0.020  -0.116  -0.196   0.048   0.005  -0.008  -0.012  -0.030  -0.098   0.010  -0.047   0.015  -0.047   0.000
  1954   7.375  -3.150  -2.692  -1.481   3.205   2.956   0.592   0.693  -1.045  -0.187   0.245   1.463   0.353  -0.012  -0.264  -2.537   0.133  -0.850   0.393  -1.444  -0.677  -0.142   0.886  -0.389  -0.440   0.915   1.269  -0.129   0.349  -0.328  -0.069  -0.264   0.096   0.274  -0.248   0.237  -0.182   0.168  -0.085  -0.023  -0.114   0.051   0.005  -0.070   0.045   0.003   0.014   0.056   0.050   0.030   0.000
  1955   8.599  -5.492  -1.300   0.520   5.883   2.687   1.600   0.218  -0.242   0.296   2.272  -1.212   2.450   0.396   1.468   1.809  -0.669  -0.376  -0.578  -0.045   0.420   0.714  -0.090   0.830  -0.070  -0.034  -0.377  -0.124  -0.287  -0.314   0.269   0.257   0.027  -0.141   0.015   0.013  -0.014   0.009  -0.110   0.010  -0.001   0.098  -0.002   0.021  -0.126  -0.064  -0.074  -0.008  -0.045   0.021   0.000
  1956   7.348  -5.408   1.658   1.437   3.881  -1.023  -0.133   0.874   2.873   0.444   1.222  -0.868  -0.266  -1.655  -0.437  -0.164   0.068   1.560   0.463   0.858  -1.032  -0.583  -0.098  -1.140   0.442  -0.299   0.050   0.189   0.279   0.142  -0.271  -0.014  -0.121   0.025   0.401   0.102   0.189  -0.187   0.135   0.072   0.049  -0.160  -0.063  -0.217   0.111   0.409   0.120  -0.069   0.081  -0.033   0.000
  1957   4.893  -5.271   1.816   1.668   2.851  -2.155  -0.443  -0.063   3.299   0.954  -0.957   0.312  -1.514  -0.091  -0.988   0.010   0.683  -0.139  -0.132  -0.807  -0.135  -0.119  -0.128  -0.186  -0.560   0.220  -0.562  -0.120  -0.499   0.162  -0.088   0.178   0.236  -0.126  -0.211  -0.552  -0.275   0.313  -0.022  -0.162   0.120  -0.037   0.268   0.480   0.111  -0.485  -0.011   0.042  -0.059  -0.017   0.000
  1958   7.230  -4.423   2.323   1.821   0.577  -2.132  -0.779  -1.794   2.170   1.283  -2.836   1.525  -0.155   0.900   0.044  -0.398  -0.280  -0.802   0.255   0.040   0.469   0.410  -0.333   0.905  -0.114  -0.295  -0.141   0.514   0.308   0.216   0.418  -0.317  -0.327   0.019  -0.190   0.352   0.251  -0.273  -0.070   0.302  -0.208   0.258  -0.198  -0.470  -0.153   0.060  -0.090  -0.046  -0.084   0.063   0.000
  1959   1.872  -3.839   0.771  -0.211  -0.050  -1.450  -2.231  -2.006  -0.590  -0.269  -2.270  -0.720  -0.205   0.714   1.307   0.242  -1.108  -1.047  -0.571   0.760   0.226  -0.245  -0.147  -0.082  -0.077  -0.578   0.936  -1.062   0.299  -0.742  -0.716   0.521   0.329  -0.054  -0.049  -0.088  -0.297  -0.059   0.142  -0.063   0.014  -0.011  -0.008   0.251   0.164   0.268   0.046  -0.054   0.043  -0.104   0.000
  1960   4.979  -4.366   1.239   0.712  -0.390  -2.812  -1.368  -1.779  -2.646  -0.841  -0.509   0.392   1.234   0.171   0.690   0.119   0.998  -0.499  -0.859   0.602   0.011  -0.682   0.840   0.038   0.890   0.466  -0.170   0.343  -0.264   0.876   0.359  -0.684   0.417  -0.159   0.404   0.109   0.211   0.425   0.055  -0.205   0.031  -0.269   0.125   0.083   0.003   0.019  -0.082   0.116   0.189  -0.007   0.000
  1961   3.288  -3.676   2.096  -0.089  -1.397  -2.457  -1.616  -1.532  -3.030  -0.969   0.603  -0.344   0.993  -0.367  -0.118  -0.715  -0.636   0.570   1.191   0.567  -0.195  -0.446  -0.159  -1.116  -0.278   0.235  -0.403  -0.220   0.194  -0.058   0.312   0.487  -0.450   0.211   0.110  -0.173  -0.434  -0.077  -0.048  -0.096   0.330   0.178  -0.274  -0.107  -0.325  -0.295   0.012   0.057  -0.236   0.049   0.000
  1962   2.033  -4.245   0.678  -0.011  -1.621  -2.296  -0.433  -0.402  -3.115  -0.629   0.842  -0.814   0.108   0.820  -1.351  -0.264   0.038   1.024  -0.326  -1.199  -0.588   0.841  -0.333   0.089  -1.132  -0.857  -0.426   0.395  -0.143  -0.183  -0.332   0.338  -0.354  -0.231  -0.445   0.200   0.412   0.148   0.044   0.274  -0.450  -0.255   0.051   0.098   0.142   0.087  -0.032  -0.077   0.140   0.030   0.000
  1963  -0.286  -4.396  -1.014  -1.464  -0.944  -1.111  -0.235   0.361  -1.351  -0.432   1.158  -0.906  -0.733   0.248  -0.834   0.885   0.378  -0.304   0.425  -0.710   1.080  -0.195   0.607   0.753   0.269   0.325   0.681   0.544  -0.061   0.329  -0.796  -0.426   0.077  -0.207   0.420  -0.172  -0.161  -0.617   0.061   0.284   0.124   0.119   0.102  -0.230   0.279  -0.195   0.256  -0.113  -0.174  -0.105   0.000
  1964  -2.499  -4.385  -1.636  -3.014  -0.856  -0.848  -0.253   0.028   0.270  -0.852   1.033  -0.701  -1.719   0.208  -0.958   0.249   0.764   0.753  -0.539  -0.154   0.129  -0.629  -0.620   0.402   0.913   0.165   0.415  -0.308   0.265  -0.682   0.314  -0.466   0.312  -0.509  -0.438  -0.014   0.089  -0.325  -0.241  -0.102   0.187   0.275  -0.088   0.271  -0.375   0.155  -0.143   0.001   0.059   0.202   0.000
  1965  -4.296  -4.487  -1.089  -3.775  -1.109  -0.445   0.125   0.517   1.192  -0.321   0.964  -0.753  -0.905   0.567  -0.531   0.352   0.450  -0.257   0.267   0.995   0.428   0.901  -0.535   0.399   0.405   0.798   0.120  -0.334   0.439  -0.111  -0.019   0.133  -0.333   0.938  -0.138   0.456   0.330   0.696   0.409  -0.181   0.112  -0.082  -0.266  -0.145   0.204  -0.217  -0.142  -0.018   0.032  -0.080   0.000
  1966  -6.407  -4.057  -2.451  -4.231  -0.945   0.551   0.058   0.027   0.803  -0.259   0.431  -0.274  -0.680  -0.088  -0.394   0.137   0.146  -0.916  -0.003   0.261   0.001   0.220   0.343  -0.474  -0.884  -0.349  -0.722   0.124  -0.400   0.191   0.229  -0.188   0.209  -0.003  -0.121   0.085  -0.245  -0.244  -0.540  -0.379  -0.318   0.065  -0.094  -0.154  -0.170   0.287  -0.010   0.308  -0.016  -0.262   0.000
  1967  -4.942  -3.784  -1.526  -3.053  -1.432   0.840   0.892   1.212   0.885   0.460   0.064   0.087   0.284   0.127   0.880  -0.610   0.296  -0.977  -0.222   1.236   0.247   0.377   0.065  -0.176  -0.186   0.061   0.099   0.147   0.139   0.404  -0.017   0.185  -0.496   0.274  -0.079  -0.499  -0.084  -0.399   0.316   0.623  -0.108  -0.461   0.333   0.234  -0.247   0.013   0.167   0.193   0.037   0.173   0.000
  1968  -3.180  -3.360   0.915  -2.203  -2.665  -0.445   0.830   1.575  -0.392   0.630   0.342   1.313   0.855  -0.840   1.129  -1.329  -0.446   0.711  -0.075   0.382  -0.392   0.151  -0.307  -0.076   0.601  -0.043  -0.605  -0.185   0.005  -0.101   0.260   0.208   0.783   0.327   0.047  -0.097   0.301  -0.148  -0.191   0.343  -0.192   0.571   0.486   0.065   0.220  -0.112  -0.125  -0.200  -0.004  -0.091   0.000
  1969  -2.994  -3.178   0.804  -1.986  -1.963  -0.310   0.996   2.867   0.125   1.799  -1.136   1.473   0.694   0.112   1.054  -0.641  -1.134   1.743  -0.777  -0.862  -0.002   0.056   0.512   0.801   0.148  -0.136  -0.505   0.233  -0.472  -0.249  -0.481  -0.197  -0.176  -0.024  -0.042   0.273  -0.154  -0.006   0.264  -0.473   0.551  -0.211  -0.243   0.055  -0.054   0.109   0.157   0.067  -0.053   0.012   0.000
  1970  -1.126  -0.831   2.934  -1.012  -1.758  -1.081   1.967   1.870  -0.082   1.144   0.304   1.732  -0.264  -0.935   0.398   1.410  -0.383   0.363   0.003  -0.956   0.575  -0.945  -0.407  -0.034   0.204   0.081   1.068  -0.856   0.060   0.476   0.188   0.592  -0.601  -0.496   0.303  -0.257  -0.024   0.278  -0.233  -0.088  -0.533  -0.112  -0.037  -0.243  -0.041  -0.070  -0.136   0.070   0.057  -0.010   0.000
  1971  -1.027  -0.278   3.570  -1.954  -0.998   0.952   3.056   1.127  -0.605   0.111  -0.376   0.365   0.119  -0.464   0.324   1.795  -0.044  -1.313   0.938   0.264  -0.953  -0.547   0.111  -0.738  -0.651  -1.445   0.571   0.705   0.289   0.044   0.405  -0.570   0.002  -0.079  -0.396   0.257   0.038   0.076   0.175  -0.004   0.458   0.145  -0.045   0.190   0.196  -0.145  -0.069  -0.064   0.024   0.023   0.000
  1972   0.654   1.465   6.121   0.179  -0.396  -0.032   2.434   1.256  -0.922  -0.333  -0.703   0.455   0.242   0.013  -0.757   0.649   0.256  -0.613   2.155   0.262  -0.361   0.820  -0.571   0.533  -0.171   1.114  -0.586  -0.156   0.295  -0.126  -0.359  -0.012   0.922  -0.179   0.252  -0.103  -0.182   0.136  -0.058  -0.069  -0.175  -0.293  -0.055   0.087  -0.025   0.358   0.019  -0.031  -0.115   0.093   0.000
  1973   1.532   1.460   5.648   1.584  -0.571   1.161   3.329   1.551   0.318  -0.624  -1.482  -2.436   0.019   2.750  -0.593  -0.618  -0.417   0.251   0.196  -0.067   0.380   0.095   0.389  -0.632   0.916   0.129  -0.106  -0.039  -0.363  -0.263   0.214  -0.204  -0.688   0.201   0.363   0.045  -0.268   0.001  -0.432   0.086  -0.032   0.168   0.105   0.105   0.028  -0.029   0.050   0.000   0.162  -0.038   0.000
  1974   1.832   1.826   6.173   1.470  -2.393   1.795   1.825   0.212   0.907  -0.509   0.252  -1.150   0.975  -0.151  -1.301  -0.939   0.538  -0.293  -1.962   0.993  -0.140  -0.477   0.564   0.223  -0.324   0.205   0.517   0.442  -0.350  -0.116   0.009   0.639   0.501  -0.315  -0.429  -0.362   0.112  -0.119   0.456  -0.236  -0.071   0.059  -0.120  -0.375  -0.047  -0.058  -0.100  -0.003  -0.076  -0.009   0.000
  1975   1.287   2.287   6.852   1.337  -1.848   2.270  -0.789  -1.905   0.307  -0.459   0.582  -0.014   0.322  -1.799   0.067  -0.201   0.810  -0.130  -1.428  -0.127  -0.843   0.261  -1.229   0.727  -0.412  -0.002   0.049  -0.656   0.289  -0.243  -0.308  -0.631  -0.405   0.165   0.403   0.508   0.035  -0.059  -0.370   0.154   0.146  -0.043   0.142   0.089  -0.012  -0.158   0.178   0.172  -0.044  -0.045   0.000
  1976   0.294   0.442   5.849   0.824  -0.783   3.458  -2.671  -1.054   0.041   0.214   1.218   1.093  -0.359  -1.270   0.212  -0.261   0.887  -0.364   0.579  -0.479   1.564   0.373   0.996   0.033   0.210  -0.220  -0.565  -0.052   0.042   0.252  -0.002   0.062  -0.389   0.196  -0.208  -0.298  -0.181  -0.164   0.171  -0.063  -0.073   0.129  -0.383   0.367  -0.063   0.162  -0.042  -0.270   0.173  -0.042   0.000
  1977  -2.625  -0.965   1.076  -0.234  -0.884   3.367  -2.456  -0.249   0.264  -0.077  -0.071  -0.804  -1.129   0.462   1.172  -0.353   0.847  -0.694   0.710  -1.301   0.970  -0.672  -0.335  -0.634   0.114  -0.567  -0.447   0.357  -0.221  -0.517  -0.054   0.490   0.234  -0.213   0.434   0.127   0.520   0.507   0.084   0.009   0.304  -0.073   0.377  -0.388  -0.060   0.110   0.005   0.083  -0.089   0.084   0.000
  1978   0.108   1.478   2.456   0.592  -0.606   3.263  -3.301  -1.165   0.222   0.686   1.320   0.159  -1.581   1.534   0.929   0.213  -1.969   1.195   0.653   0.514  -0.658  -0.774  -0.425   0.241   0.048   0.354   0.187   0.623  -0.121  -0.129   0.497  -0.419   0.354  -0.060  -0.122   0.063  -0.237  -0.136   0.242  -0.008  -0.527  -0.277  -0.049   0.067   0.112  -0.231   0.011   0.074  -0.005  -0.024   0.000
  1979  -2.211   0.741   0.902   0.029  -0.786   2.149  -2.708  -0.872   0.610   0.206   0.051   0.029   0.058   0.820  -0.684   0.705  -1.184   0.682  -0.233  -0.060  -0.614   1.620   0.638  -0.342   0.276  -0.040   0.791  -0.219   0.143   1.354  -0.131   0.366   0.252   0.059  -0.341  -0.072   0.280   0.106  -0.573  -0.122   0.431   0.020   0.177  -0.033  -0.004   0.096   0.023  -0.026  -0.070   0.084   0.000
  1980  -0.832  -0.298  -2.604   5.369  -0.935   0.434  -3.857   4.635   0.060  -2.600  -1.353   0.779   0.011  -0.920  -0.238   1.571  -0.255  -0.225  -0.086   0.668  -0.339   0.031   1.084  -0.202  -0.150   0.668  -0.129   0.069  -0.108  -0.736  -0.147  -0.092  -0.300  -0.050  -0.172   0.172   0.369   0.008  -0.105   0.122  -0.160   0.047   0.082   0.012  -0.170  -0.109   0.005  -0.014  -0.016  -0.023   0.000
  1981   0.659  -1.169  -4.765   6.352  -2.324   0.026  -1.152   2.667   0.047  -1.054   0.825   0.411   0.152   0.577  -0.632  -0.260   0.043  -0.709  -0.638  -0.750  -0.093   0.379  -1.491   0.081  -0.049  -0.681   0.248  -0.178  -0.256   0.421   0.743  -0.100   0.330   0.469   0.464  -0.257  -0.630   0.023   0.290   0.014   0.147   0.087  -0.198  -0.032   0.129   0.214   0.012   0.008   0.022   0.028   0.000
  1982   1.612  -0.896  -6.311   6.815  -2.690   1.449   1.940   0.146  -0.351   2.335   0.449  -1.036   0.203   0.284   0.293  -1.126   0.339   0.047   1.148   0.955   0.556  -0.933  -0.189   0.543  -0.462  -0.079  -0.172  -0.482   0.602   0.308  -0.221  -0.157  -0.049  -0.374  -0.428  -0.016   0.343  -0.020  -0.369  -0.198   0.208  -0.255   0.031   0.041  -0.025  -0.098  -0.019  -0.092   0.034  -0.081   0.000
  1983  -0.087  -0.600  -4.685   3.844  -2.033   1.276   2.610  -2.398  -0.805   2.411  -0.827  -0.820  -1.016  -1.428   0.116   0.722   0.185   0.217  -0.116  -0.154  -0.196   0.514   0.245  -0.631   0.551   0.317   0.246   0.577  -0.556   0.104  -0.582   0.340   0.122   0.244   0.238   0.642  -0.143   0.019   0.216   0.083  -0.338   0.334  -0.138   0.288  -0.094   0.012  -0.111   0.148  -0.072   0.072   0.000
  1984  -3.142  -0.307  -3.193   1.200  -1.583   0.353   1.917  -3.510  -0.028   0.724  -0.217   0.629  -0.257  -0.888  -0.437   0.766  -0.397   0.519  -0.321  -0.198  -0.371   0.964   0.729  -0.213   0.379   0.106  -0.206  -0.064   0.206  -0.973   0.483  -0.563  -0.158  -0.128  -0.135  -0.856  -0.405   0.443   0.049   0.232   0.163  -0.213   0.191  -0.410   0.011   0.074   0.037  -0.092   0.030  -0.051   0.000
  1985  -3.804   0.215  -2.469  -0.370  -0.358  -0.239   1.257  -2.001   0.700  -0.781  -0.611   0.110   0.805  -0.176  -0.067   0.222  -0.114  -0.257   0.142  -0.321   0.245   0.182  -0.247  -0.546  -0.271   0.456   0.041  -0.444  -0.338  -0.098   0.854   0.007  -0.120  -0.055   0.126   0.109   0.698  -0.391   0.205  -0.681  -0.300   0.047   0.036   0.109   0.182  -0.040   0.511  -0.167  -0.012   0.091   0.000
  1986  -2.642   2.235  -0.948   0.884  -0.020  -0.537   0.715  -2.239   0.986  -1.778  -0.126   0.402   1.051   0.132   0.003   0.701   0.009   0.693   0.562  -0.614  -0.016  -1.284   0.126   0.615  -0.506   0.381   0.103   0.284  -0.276  -0.139  -0.193   0.130  -0.358   1.082  -0.021  -0.303   0.139  -0.488  -0.125  -0.176   0.171  -0.108   0.276   0.064   0.237   0.243  -0.403   0.078  -0.023   0.041   0.000
  1987  -4.189   2.170  -1.268   0.449   0.259  -0.637   1.217  -1.301   1.258  -1.538   0.426   1.205   0.970   0.895   0.197   0.747   0.708  -0.082   0.001  -0.534  -0.512  -1.292  -0.224   0.046   0.788  -0.214  -0.338   0.159  -0.066   0.153  -0.467   0.551   0.458   0.440  -0.698   0.318  -0.303   0.253  -0.249   0.373  -0.062  -0.075  -0.233  -0.124  -0.240  -0.109   0.385  -0.086   0.091  -0.034   0.000
  1988  -4.327   2.102  -1.811   0.864   0.109  -0.099   1.310  -0.782   1.838  -2.235   0.877   1.203   0.937   1.483   0.490  -0.586  -0.010  -0.138  -0.527  -0.567  -0.147   0.400   0.244  -0.938   0.615  -0.332  -0.414  -0.199   0.831   0.079  -0.515  -0.343  -0.129  -0.720   0.275  -0.107   0.325  -0.063   0.208   0.096  -0.173  -0.076  -0.322   0.247   0.132  -0.065  -0.234   0.085  -0.241  -0.045   0.000
  1989  -4.247   2.453  -0.857   0.666   0.501  -0.894   0.953  -1.003   0.990  -1.426   0.836   0.890  -0.487   0.292  -0.064  -0.019  -1.092   0.054   0.167   0.269   0.320   0.334   0.076  -0.001  -1.036   0.453  -0.404  -0.091   0.372   0.260  -0.455   0.174   0.095  -0.575   0.421   0.520  -0.421  -0.171   0.382  -0.120   0.272   0.321   0.338  -0.230  -0.167  -0.141  -0.077  -0.004   0.355   0.046   0.000
  1990  -2.778   3.653   0.668   1.715   2.008  -2.551   0.545  -0.198   0.393  -1.908   0.849   0.190   0.082  -1.741  -0.413  -1.369  -0.823   0.104   1.212   0.700   1.394   0.667   0.357   0.736   0.769  -1.053   0.569   0.133  -0.547  -0.262   0.326   0.140   0.073  -0.244  -0.368   0.356  -0.115   0.203  -0.122   0.028  -0.016  -0.118   0.121   0.085   0.205  -0.034   0.052   0.249  -0.048   0.025   0.000
  1991  -5.144   2.161  -0.416  -0.701   1.797  -0.858   1.378  -0.057   0.225  -1.559  -0.918  -1.761  -0.873  -0.944   0.730  -0.768  -0.991   0.353   0.155  -0.637  -0.211   0.085   0.133   0.546  -0.648  -0.383   0.606   0.075  -0.223   0.343   0.058  -0.331   0.385   0.380   0.569  -0.354   0.484   0.243   0.069   0.163  -0.043  -0.126  -0.221   0.117  -0.602  -0.115  -0.056  -0.210  -0.007  -0.092   0.000
  1992  -3.779   2.202  -0.161  -0.023   1.826  -0.669   0.848   0.624  -0.610  -1.255  -0.521  -0.967  -1.292  -0.495   1.792  -0.176   0.260   0.874  -1.446   0.390   0.987  -0.412  -0.200  -0.258  -1.005   0.906  -0.217   0.507   0.443   0.476   0.293  -0.108  -0.198  -0.155  -0.386   0.100  -0.403   0.458  -0.255   0.180  -0.030   0.166  -0.070   0.028   0.325   0.260   0.076  -0.116  -0.147   0.070   0.000
  1993  -0.729   4.978   2.191   2.516   2.899  -2.387   0.512   1.080  -2.110   0.281   0.489  -0.403  -1.932   0.167   1.947  -0.104   0.881  -0.647   0.029  -0.541  -1.038   0.861  -0.410  -0.152   0.797   0.043  -0.151  -0.289  -0.083   0.204  -0.229  -0.103  -0.273   0.196  -0.733  -0.240   0.078  -0.486   0.277  -0.384  -0.013   0.022   0.206  -0.294  -0.100  -0.018  -0.031   0.047  -0.001  -0.054   0.000
  1994  -4.237   3.179  -0.233   0.798   1.506  -1.986   0.023   0.238  -0.724   1.804   1.179   0.855  -1.663   0.800   0.042  -0.154   0.620  -0.633  -0.712   0.592  -0.904  -0.020   1.381   0.714  -0.209  -0.442  -0.148   0.353   0.599  -0.550   0.402   0.764   0.076   0.238   0.861  -0.051   0.115  -0.125  -0.453  -0.088   0.057  -0.054  -0.252   0.064   0.152  -0.080   0.067  -0.003   0.021   0.084   0.000
  1995  -3.567   4.835   0.905   0.082   1.521  -1.941  -0.555  -0.289  -0.464   2.430   1.232   1.377   0.197   0.876  -0.519  -0.052  -0.177  -0.593  -0.195   0.381   0.406  -0.088  -0.606  -0.795  -0.441   1.006   0.391  -0.214  -1.298  -0.282   0.157  -0.105  -0.051  -0.265  -0.050   0.168   0.436  -0.064  -0.006   0.562   0.470  -0.055  -0.178   0.111  -0.034   0.174  -0.059  -0.043  -0.004  -0.107   0.000
  1996  -3.764   4.460   0.786   0.021   2.130  -1.401  -1.287   0.806  -0.435   2.527   0.744   0.365   1.233   0.857  -1.365   0.344   0.260   0.419  -0.574   0.465   1.097  -0.356   0.182  -0.485  -0.257  -0.803   0.159  -0.161   0.466  -0.139  -0.372  -0.683   0.102   0.591   0.038   0.167  -0.213   0.301   0.175  -0.309  -0.406   0.095   0.442   0.014  -0.290   0.053   0.024  -0.093  -0.149   0.043   0.000
  1997  -4.698   2.315  -0.470  -0.994   1.853   0.658  -1.278   0.655  -0.532   1.011  -1.543  -1.114   0.902  -0.471   0.071   0.310   0.548   0.938   0.160  -0.111   0.624   0.124   0.122  -0.488  -0.391  -0.290  -0.330  -0.854  -0.091  -0.017  -0.268  -0.441   0.659   0.198  -0.067  -0.321   0.125  -0.276  -0.078   0.250  -0.059   0.029  -0.492  -0.331   0.311  -0.296  -0.050   0.221   0.179   0.143   0.000
  1998  -4.993   2.974  -0.772  -0.651   1.817   0.261  -1.683   0.372  -0.344   1.109  -1.821  -0.831   1.626  -0.157  -0.520   0.311   1.194   1.102   0.364  -0.838   0.071   0.320  -0.440   0.255   0.235   0.399   0.388   0.676   1.103  -0.038   0.831   0.614   0.048  -0.327  -0.009   0.128  -0.099  -0.227   0.275   0.102   0.160  -0.010   0.108   0.218  -0.083   0.004   0.013   0.142   0.047  -0.204   0.000
  1999  -8.016   0.664  -2.610  -2.751   1.199   0.870  -1.729   0.162   0.220   0.338  -1.057  -0.953   0.758  -0.879  -0.434  -0.597   0.235  -0.957  -0.209   0.068  -0.760  -0.079  -0.319  -0.029   0.558  -0.101  -0.235  -0.044  -0.549   0.110   0.025   0.079  -0.274  -0.389   0.131   0.552  -0.641  -0.251  -0.204  -0.114  -0.090  -0.487   0.046  -0.137   0.097  -0.153  -0.281  -0.388  -0.052   0.063   0.000
  2000  -7.268   1.903  -1.837  -1.499   1.354   0.602  -1.948  -0.180  -0.123   0.797  -0.113  -0.760   0.964  -0.086  -0.565  -0.475  -0.422  -0.780   0.755   0.385  -1.443  -0.724  -0.281   1.069   0.257   0.049  -0.258   0.133  -0.288   0.273  -0.449  -0.122  -0.699  -0.421   0.045  -0.635   0.113   0.563   0.172  -0.032  -0.116   0.627  -0.071   0.052   0.110   0.161   0.110   0.092   0.030   0.038   0.000
