litu_drop.rwl -- no data title --                         1st itrdb line missing     
litu_drop.rwl -- no data title --                         2nd itrdb line missing     
litu_drop.rwl -- no data title --                         3rd itrdb line missing     
12490   1940  1093  1211  1118   985   860  1260  1152  1187   957  1155  ind
12490   1950   732  1000   986   712   602   929   749  1112  1142   983  ind
12490   1960  1163   933   834   858   576   528   401   681   841   801  ind
12490   1970  1221  1505  1734  1751  1618  1051   698   447   296   305  ind
12490   1980   353   766  1373  1044   896   814   896  1100  1206  1426  ind
12490   1990  1448  1191  1513  1670  1566  1481  1332   948   862   518  ind
12490   2000   637   939   919   990  1015   483   589   571  1044  1157  ind
12490   2010 -9999
22545   1922   877   850  1456   892  1325  1212  1297  1123
22545   1930   629   517   488   540   704   870   995  1199  1188  1009  ind
22545   1940  1447  1502   905   678   754  1013   880  1178  1367  1503  ind
22545   1950  1184  1018  1199  1159   715  1190  1152   977   964   904  ind
22545   1960   961  1050   742   895   860   586   420   470   620   521  ind
22545   1970  1105  1029  1262  1117  1240  1667  1551  1118  1737  1060  ind
22545   1980   596   638   876   778  1002   625  1213  1181  1074  1215  ind
22545   1990   945   627   957  1136  1167  1178  1184   735   898   506  ind
22545   2000  1114  1129  1128  1304  1256   962   766   722   960  1015  ind
22545   2010 -9999
22604   1964   738   867   255   777  1225  1228
22604   1970  1441  1235  1201  1033  1278  1460  1430  1127  1229  1298  ind
22604   1980   746   929  1170  1079   763   876   563   725   661   382  ind
22604   1990   371   263   462   587   914  1237  1409  1521  1488   921  ind
22604   2000   720   877  1000  1313   934  1168   994  1064  1203  1073  ind
22604   2010 -9999
32189   1936  1271  1266  1288   958
32189   1940   861   788   806   715   485   727   949   969  1215  1416  ind
32189   1950   889  1090  1197  1196   877   755   739   880  1235   993  ind
32189   1960  1224  1339  1278   882   453   613   209   637  1124  1052  ind
32189   1970  1271  1196  1527  1283  1319  1160  1367   455  1039  1217  ind
32189   1980  1020   799   711   625  1118   631   958   988  1010  1018  ind
32189   1990  1482   729   529  1388  1346  1414  1426  1071  1004   293  ind
32189   2000   931  1248  1122  1356  1391   846   655   702   691   749  ind
32189   2010 -9999
42544   1944   656   990   953  1250  1248  1110
42544   1950   919   916   532   702   701  1156  1287  1071  1524  1591  ind
42544   1960  1620  1396   824  1066   728   329    69   498   946   944  ind
42544   1970  1181  1089   900   938   637   715   817   816  1472  1209  ind
42544   1980  1734  1573  1660  1549  1081  1076  1187   763   851   760  ind
42544   1990  1056   625   759   985   891   816   860   878   655   421  ind
42544   2000   545   802   785   799  1111  1752  1230  1348  1152  1106  ind
42544   2010 -9999
50406   1939   587
50406   1940   922  1024   863   834   788   761  1027  1245  1344  1471  ind
50406   1950  1487  1367  1263  1219  1015  1085   902   883  1001   764  ind
50406   1960  1072   883  1179   794   831   561   564   746   807  1020  ind
50406   1970   757   720  1102  1445  1096  1076  1084  1073  1413  1213  ind
50406   1980  1092  1272  1197   836   611   694   731   856  1037   392  ind
50406   1990   414   503   982  1426  1279  1385  1530  1224  1254   843  ind
50406   2000   835  1281  1048   943   825  1062   641   889  1010  1232  ind
50406   2010 -9999
50474   1923   610   868  1238  1775  1711  1773  1738
50474   1930  1048   605   861   550   506   268   830  1305  1053   535  ind
50474   1940   483   588   599   717   645   781   998  1126   918   842  ind
50474   1950  1245  1546  1308  1170   964  1025  1573  1382   970   692  ind
50474   1960   990   741   985  1107  1089  1134   833  1058   923   820  ind
50474   1970  1345   679  1043   820   989   389   306   420   873   767  ind
50474   1980  1857  1902  1749  1437   899   776   591  1235  1172  1200  ind
50474   1990  1420   603  1000  1451  1432  1154   961   127   459   724  ind
50474   2000   614   762   838  1097  1128   916  1026   775  1716  1073  ind
50474   2010 -9999
50555   1919   281
50555   1920   863   995  1101   785  1045   902   980  1217  1224  1182  ind
50555   1930   670   834   704   843   722  1150  1182  1254  1195  1275  ind
50555   1940  1089   847  1261  1043  1006  1148   860   796  1099  1727  ind
50555   1950  1457  1268  1083  1118   892  1016  1013   969   871   704  ind
50555   1960   813   739   897   899   781   821   526   786   863   775  ind
50555   1970   798   961  1078   567   853   742   218   192   521   464  ind
50555   1980   948  1535  1790  1608  1075  1170  1442  1391   986  1092  ind
50555   1990  1388  1075   889  1245  1268  1237  1256   957  1030   827  ind
50555   2000   986  1102  1169   610   431   612   668  1160   920   912  ind
50555   2010 -9999
60083   1960   939   809  1100  1020   797   593   489   799  1071  1169  ind
60083   1970  1529  1331  1470  1280  1076   588  1228  1003  1355  1109  ind
60083   1980  1694  1050  1464  1029   686   709   574   297   617   527  ind
60083   1990   692   816  1504  1797  1070   950   774   936   536   255  ind
60083   2000   624   506  1336  1525  1306  1033   670  1209  1491  1163  ind
60083   2010 -9999
60287   1947  1303  1052   805
60287   1950   347   822   790   792  1042   947  1356  1281  1159   989  ind
60287   1960   942  1130  1241  1076  1047   845   496   760  1114  1248  ind
60287   1970  1373  1201  1391  1339  1170  1116   939   824   930   772  ind
60287   1980   892  1040   832   684   532   668  1027   971   876   875  ind
60287   1990  1276  1357  1110  1416  1080   886  1041   942  1159   711  ind
60287   2000   942  1063   891   907   820   792   768  1001  1244  1306  ind
60287   2010 -9999
62248   1952   498   630   592   648  1058  1078  1291  1403
62248   1960  1330  1366  1203  1502  1295  1065   803   490   853  1114  ind
62248   1970  1072  1087  1227  1509  1785  1514  1487   158   244   412  ind
62248   1980   468   687   982   935   654   595   572   463   471   871  ind
62248   1990  1023   768  1025  1233  1165  1411  1211  1597  1522   964  ind
62248   2000  1056  1018  1319   967  1160   759   645   396  1123  1261  ind
62248   2010 -9999
70433   1914   772   934   971  1068   724  1287
70433   1920  1182  1430  1529  1065  1176   773   649  1155  1087  1108  ind
70433   1930   744   613   864   518   781   865   628  1080  1242   955  ind
70433   1940  1436  1457  1411  1086   968  1172   438   176   207   339  ind
70433   1950   689   984  1144  1021  1480  1909  1753  1569  1298  1218  ind
70433   1960  1378  1201  1027   923   736   645   405   581   855   778  ind
70433   1970  1002   776  1051   979  1058  1249  1325  1119  1319  1004  ind
70433   1980   786  1160   854   673   652   822   812   842   761   983  ind
70433   1990  1294  1018  1200  1632  1456  1377  1152  1000   856   746  ind
70433   2000   812   520   573   849  1021  1194   974  1144  1010  1143  ind
70433   2010 -9999
80282   1955   309  1329  1679  1137   959
80282   1960  1654  1485  1509   454   179   194   -85   320   470   112  ind
80282   1970  1071  1217  1764  1589  1359  1623  1731  1628  1725  1835  ind
80282   1980   601   349   765   916   899  1305  1162   766   712  1016  ind
80282   1990   886   583   717   583   598   911   880   893  1279   840  ind
80282   2000   961  1422  1182   994   814  1331  1043   669  1320   971  ind
80282   2010 -9999
80711   1906   284   735   937   718
80711   1910   901   685  1113   985  1068  1654  1541  1364  1037  1427  ind
80711   1920  1065  1343  1304   928  1452  1138  1112   980   897   786  ind
80711   1930   624  1092   515   736   663  1000   763  1051  1164   498  ind
80711   1940  1054   787  1004   652   660   841   842   730   844  1082  ind
80711   1950   742   873   804   830  1505  1649  1719  1459  1524  1229  ind
80711   1960  1321  1421   891   910   571   372   269   382   903   337  ind
80711   1970   646   838  1412  1367  1316  1798  2065  1624  1338   957  ind
80711   1980   938   966  1031   673   383   577   693   680   933   518  ind
80711   1990  1617   728   386  1360   444  1113   883  1303   856  1107  ind
80711   2000   943  1257  1391  1049  1060   756   768  1206  1300   758  ind
80711   2010 -9999
80719   1915   617  1169   790  1245  1241
80719   1920  1521  1434  1241   579   711   613   691   884   834  1187  ind
80719   1930  1155   855   905   713   917   887  1195  1458  1389  1129  ind
80719   1940  1419  1061   935   561   525  1028  1041  1188   965   782  ind
80719   1950   484   729   870   590   976   836  1095  1403  1403   815  ind
80719   1960  1359  1373  1479  1268  1016   883  1135   646   930   756  ind
80719   1970  1001  1003  1107  1060  1044   829  1206  1110   870   732  ind
80719   1980   606  1179  1221  1203  1194  1080  1138  1092   926  1096  ind
80719   1990   964   691   958   964  1336  1079   948   599   472   420  ind
80719   2000   645  1020   924  1163  1017  1322  1181  1189  1262   971  ind
80719   2010 -9999
82218   1919   -94
82218   1920  1712  1502  1336   642   914   637   915  1313  1487  1101  ind
82218   1930   739   820   557   800   779   766   829   851  1038   363  ind
82218   1940   777  1177  1281   600   750  1464  1374  1468  1579  1612  ind
82218   1950  1444  1406  1372  1460  1336  1142   939   488   932   636  ind
82218   1960  1338   932   446   713   863   584   486   671   891   781  ind
82218   1970   804  1063  1118   917   976  1103  1196   901   817   858  ind
82218   1980   818   928   942   841   719  1046  1164  1075  1082   701  ind
82218   1990  1288   786  1103  1400   877  1083  1172   982  1246   909  ind
82218   2000   704  1204  1241   979  1591  1027   527   859  1079   616  ind
82218   2010 -9999
90287   1920  1760   921  1104   672   904   777   715  1106  1177  1159  ind
90287   1930   445   640   654   702   723   826  1106  1287  1332   970  ind
90287   1940  1182   959  1590  1468  1020  1682  1133   799  1182  1391  ind
90287   1950  1253  1045   759   381   581   420  1270   936   943   751  ind
90287   1960  1083  1421  1220  1020   811   863   441   381   971   713  ind
90287   1970  1207   907  1347   927  1151  1477  1304   778  1244  1467  ind
90287   1980  1114   931   887   838   667   883   977   664   761  1116  ind
90287   1990  1108   827  1068  1196   815  1328  1281  1231  1333   570  ind
90287   2000   688  1018   983   874  1229  1177   993  1122   761   841  ind
90287   2010 -9999
90645   1954   761  1181  1352  1232  1185  1143
90645   1960  1390  1378  1225   681   521   497   393   355   530   667  ind
90645   1970   815   847  1276  1080   912  1075   914   855   675  1405  ind
90645   1980  1120  1044   931   926   707   974   915  1021  1415  1765  ind
90645   1990  1377  1109  1257  1205  1121  1085  1302  1248  1020   504  ind
90645   2000   689  1195  1197   864   883   632   366  1182   909   780  ind
90645   2010 -9999
91377   1927   512   431   825
91377   1930   326  1085  1039  1317  1371  1430  1332  1529  1677  1193  ind
91377   1940  1291  1299  1298  1171  1269  1732   135   479   443   613  ind
91377   1950   519   449   384   697   742   784  1103  1224  1280  1058  ind
91377   1960  1176   924  1129  1070   863   676   261   282   629   556  ind
91377   1970   883   904  1039  1265  1240  1281  1095  1030  1123  1261  ind
91377   1980  2456  1926  1262  1048   791   694   910   779   704   836  ind
91377   1990  1254   566   783  1103   927   858   895   858  1235   922  ind
91377   2000  1000  1197   811  1181  1209   855   752   558  1031  1064  ind
91377   2010 -9999
92493   1917  1001   -56   685
92493   1920   899  1153  1264  1191  1318  1166  1158  1164  1215  1601  ind
92493   1930   908  1159   907   704   632   685   715   869  1029   600  ind
92493   1940  1141   889  1045   915  1384  1225   976  1031  1169  1369  ind
92493   1950  1013  1045  1210  1735  1257  1311   926   814  1053   828  ind
92493   1960   889   485   802   650   619   516   523   745   727   817  ind
92493   1970  1051   912   933  1156  1168  1181   925  1023   879   818  ind
92493   1980  1295  1532  1654  1458  1178  1207  1075   791  1030  1038  ind
92493   1990  1160  1073  1334   899   366   888   844  1014   695    85  ind
92493   2000    37   197   644   944  1104  1450  1364  1591  1525  1339  ind
92493   2010 -9999
102412  1929  1058
102412  1930   295   782   593   469   709   926   807  1087  1209  1140  ind
102412  1940  1633  1639  1550  1158   787  1308   739  1444  1679  1827  ind
102412  1950  1660  1824  1232   600   396   741   163   697   757   554  ind
102412  1960   488   847   392   651   504   845   465   620  1015   963  ind
102412  1970  1521  1230  1719  1319  1217  1205   968   682   958   837  ind
102412  1980   835   691   978   914   742   923  1020  1073   988  1037  ind
102412  1990  1197   980   961  1475  1340  1761  1162   896   916   337  ind
102412  2000  1027   983  1021   672   861  1023   896   839   943  1105  ind
102412  2010 -9999
110128  1953   560   528  1396   814   731  1105   918
110128  1960  1566  1719  1314  1027   877   837   321   740  1349  1164  ind
110128  1970  1117  1159  1078  1269  1226  1228  1204   628  1010  1046  ind
110128  1980   978   699   587   525   741   768   902  1113   991   879  ind
110128  1990  1437  1161   812  1309  1199  1294  1235   798   731   796  ind
110128  2000  1143  1235  1172   524   309   833   950   983  1463  1367  ind
110128  2010 -9999
110379  1970  1063   782  1104  1100  1155  1128   997   295  1161  1131  ind
110379  1980   881   853   905   537   797  1199  1000   949  1018  1240  ind
110379  1990  1507  1042  1153  1398   945  1354  1366   700   670   500  ind
110379  2000  1097  1358   945   932  1151   961   767   774  1001   963  ind
110379  2010 -9999
110791  1925   302   394   928   869  1136
110791  1930   605   710   791   928  1181  1268  1434  1366  1341  1143  ind
110791  1940  1346  1380  1555  1217  1005  1422  1174   891   973  1298  ind
110791  1950  1484  1466  1114   577   377   461   860   733  1053   738  ind
110791  1960   788   625   542   542   333   416   293   645   989   745  ind
110791  1970  1462  1578  1384  1281  1546  1503  1170   828   842   746  ind
110791  1980   836   965  1141   809  1013  1141  1084  1050  1020   869  ind
110791  1990  1210  1044   742  1182   914   996  1283  1102  1082   683  ind
110791  2000   531   964   864   900   780  1287  1123   995  1044   903  ind
110791  2010 -9999
110798  1933   877  1132  1241  1179  1028   821   743
110798  1940   899   641   862   959   938  1344  1083  1000  1052  1081  ind
110798  1950  1509  1278  1206   832   748   720   906   976  1212   714  ind
110798  1960  1431  1154  1007   665   785   570   446   627  1127   821  ind
110798  1970  1338  1150  1251  1149  1526  1607  1196   637   929   800  ind
110798  1980   622   993   725   948  1070  1054  1112  1229  1240  1111  ind
110798  1990  1213  1024  1085  1353  1050  1231   873   628   713   478  ind
110798  2000   555   718   748  1080   874  1154  1131  1178  1320  1177  ind
110798  2010 -9999
110914  1925   579   671  1694  1497  1559
110914  1930   743   928   714   634   567   671   763   877   905   920  ind
110914  1940  1074  1269  1225   924   791  1247   862   921  1206  1285  ind
110914  1950  1764  1656  1492  1044  1095  1006   988   745   875   860  ind
110914  1960  1004  1007  1036   919   762   415   474   360   681   650  ind
110914  1970   898  1120  1122  1215  1408  1286  1010   885   903   806  ind
110914  1980  1058   976  1059  1204   853  1016  1356  1123   872  1051  ind
110914  1990  1265   927  1069  1156   804  1172  1234  1037  1055   886  ind
110914  2000   628  1044   914   866   983  1095   825   863  1147   996  ind
110914  2010 -9999
110950  1938   940   773
110950  1940   960  1257  1373  1147  1257  1459  1100   937   995   860  ind
110950  1950   680   439   522   593   911  1142  1102  1269  1691   855  ind
110950  1960   749   440   518   446   434   690   706   965  1169  1383  ind
110950  1970  1432  1410  1396  1311  1402  1614  1354   978   968   846  ind
110950  1980   443   767  1089  1143  1112   972  1186  1318  1064   931  ind
110950  1990   727   520   824  1075   997  1253  1041   984  1061   841  ind
110950  2000  1012  1037   840   922   864   972   752   969  1125  1108  ind
110950  2010 -9999
111014  1926   554   813   992  1200
111014  1930   841  1200   988  1080   930  1157  1095  1053  1082   752  ind
111014  1940  1055  1096   874  1145  1030  1066  1140  1090  1195  1181  ind
111014  1950  1181  1310   995   921   665   692   993   943  1245  1036  ind
111014  1960   984  1283  1270   695   573   368   334   333   540   925  ind
111014  1970  1181  1060  1329  1170  1214  1478  1414   944  1402  1142  ind
111014  1980  1214  1003   813   979   914   674  1080   650   773  1205  ind
111014  1990  1139   936  1132  1437  1098  1417  1260   951   911   527  ind
111014  2000   520   551   702   719  1230  1259  1003  1091  1284 -9999  ind
111030  1923   322   555   590   660  1117  1580  1745
111030  1930  1187  1246   876   872   965  1131  1277  1072  1047   939  ind
111030  1940   855   907  1002   944  1142   761   708   961  1292  1690  ind
111030  1950  1574  1704  1432   727   394   810   846   889  1027   824  ind
111030  1960   762   898  1013   851   675   541   442   412   685   967  ind
111030  1970  1118  1003  1265  1231  1347  1527  1165   892  1342   908  ind
111030  1980   992   866   885  1091   968   896   913   571   774  1196  ind
111030  1990  1375  1142  1172  1297  1003  1254  1229   930   782   433  ind
111030  2000   525   902  1222   978  1236  1173  1010   805  1034   936  ind
111030  2010 -9999
111051  1923   668  1029   810   723  1106  1245  1529
111051  1930   956  1464   959   648   655   735   574   930   944   800  ind
111051  1940   801   912  1286  1097  1009  1381  1216  1114  1387  1534  ind
111051  1950  1432  1286  1135  1232   882   726  1195  1035  1193   984  ind
111051  1960   878  1078   788   618   669   428   424   455   278   439  ind
111051  1970   822  1110  1234  1226  1347  1374  1400  1200  1551  1397  ind
111051  1980   974   751   585   794   826   860  1225  1152  1192  1087  ind
111051  1990  1236   684   799   917   578   923   972   966  1192   967  ind
111051  2000   905  1114  1332  1224  1070  1295   765  1068   733   816  ind
111051  2010 -9999
111134  1918   407   806
111134  1920   786  1234  1367  1088  1366  1267  1349  1375  1175   948  ind
111134  1930   597   582   600   677   712  1033  1221  1041   904   661  ind
111134  1940   715   958   896   939  1032  1295  1134  1034  1219  1501  ind
111134  1950  1522  1395  1476  1221   864   618  1006   899  1159  1192  ind
111134  1960   938  1099  1006   787   580   461   333   335   674   648  ind
111134  1970   633   908  1075  1258  1390  1405  1072   967  1614  1167  ind
111134  1980  1083   903  1143  1142   911   781  1253   772   537   963  ind
111134  1990  1101  1209  1025  1391  1313  1199   797   951   636   742  ind
111134  2000  1160  1063  1112   819   979   879 -9999
121212  1908  1089  1091
121212  1910   956   380   611   993   918  1093  1350  1002   803  1025  ind
121212  1920   655  1271  1793  1043  1276   932   897  1189  1028  1298  ind
121212  1930   982  1065   904  1093   784   900   759   977   961   790  ind
121212  1940   969  1201  1065   966   728   807   937   955  1086   942  ind
121212  1950   886  1369  1360   913   759  1062  1183  1154  1258  1162  ind
121212  1960  1056  1274  1051   887   628   614   393   442   667   669  ind
121212  1970  1113  1260  1593  1599  1179  1255  1000   890   904   783  ind
121212  1980   920   972   926  1172   878   919   909   823   691   961  ind
121212  1990  1121  1176  1020  1679  1010  1017  1119  1089  1043   662  ind
121212  2000   831   858   887   808  1151  1173  1085   988  1167   780  ind
121212  2010 -9999
121284  1922  1046   741  1254   892   873   972   881  1191
121284  1930   668   998   784   705   748   919   872  1172  1153   959  ind
121284  1940   986  1131  1169   689   804  1151  1077  1130  1473  1680  ind
121284  1950  1863  1662  1325  1103   691   664  1136   810  1196   837  ind
121284  1960  1033   886   638   806   705   442   516   451   700   568  ind
121284  1970   780   899  1090  1420  1072   959  1083   944  1039  1136  ind
121284  1980  1139  1054   684   552   656   675  1003  1282  1224  1018  ind
121284  1990  1827  1274  1014  1634  1145  1006  1317   826   921   672  ind
121284  2000   819  1013   892   597  1063   894   731  1184  1269   718  ind
121284  2010 -9999
121442  1952   589   519  1560  1253   833   986  1139   804
121442  1960   896  1165  1366  1261   869   394   252   600   966  1308  ind
121442  1970  1435  1231  1439  1396  1033  1036  1187   643   655   604  ind
121442  1980  1324  1567  1670  1570   892   682   857   868   431   558  ind
121442  1990   891   945  1211  1138  1102   983   528   712   948   684  ind
121442  2000   758  1019  1343  1660  1407  1306  1068   706   778   716  ind
121442  2010 -9999
131017  1950     4   716   740   936  1328  1369  1627  1640  1447  1014  ind
131017  1960  1277  1160  1151   938   786   507   416   604   755   947  ind
131017  1970   989   831  1097  1119  1000   777  1029   898   703   425  ind
131017  1980  1618  1495  1401  1114   905  1022  1121   982  1218  1012  ind
131017  1990  1305   914  1013  1123  1033   812   983  1025  1275   651  ind
131017  2000   835   811   828   968  1072  1192   841   793  1008  1061  ind
131017  2010 -9999
131080  1930   709  1001   748  1078   887  1311   973  1570  1588  1204  ind
131080  1940  1196  1344  1187   400   721   456    49  1093  1584  1291  ind
131080  1950   646   130   229   220   848  1233  1793  1839  1522  1245  ind
131080  1960  1166   854  1057  1081   980   756   745   835   816  1274  ind
131080  1970  1204   862   882  1139  1103   902  1090   844   943   874  ind
131080  1980  1249  1112   862   918   897   551   908   889   729   910  ind
131080  1990  1137  1143  1344  1414  1203  1296  1417  1332  1124   751  ind
131080  2000   796   766   837   911  1111   955   908   788   971   835  ind
131080  2010 -9999
131304  1930   907   656   771   830  1179  1362  1328   849   889   609  ind
131304  1940   706   936   965  1086   695  1169  1028  1257  1288  1388  ind
131304  1950  1251  1451  1256   885   806  1069  1309  1029  1209  1000  ind
131304  1960  1231  1155   951   704   442   612   374   534   806   806  ind
131304  1970   991   927  1059  1094  1549  1606  1492   632   971  1095  ind
131304  1980  1154   945   948   744   664   590   916   791   746   942  ind
131304  1990  1210   726   843  1168  1497  1147  1836  1170  1011   674  ind
131304  2000   952  1099  1024  1059  1107   951   795   756  1012   861  ind
131304  2010 -9999
140735  1939   627
140735  1940   524   640  1056   925  1307  1410  1273  1411  1256  1410  ind
140735  1950  1148  1037  1256  1031   935   824   988   760  1149   796  ind
140735  1960  1030   873  1065   757   858   383   193   712   720   830  ind
140735  1970   708   609   762  1076   956  1120  1018  1302  1246   777  ind
140735  1980  1510  1634  2353  1598  1261  1056  1058   671  1035   786  ind
140735  1990   769   655   790  1260  1164   694   909   900   729   353  ind
140735  2000  1149   859   992   679   803   939   878  1382  1203  1313  ind
140735  2010 -9999
160665  1954   779  1060   861   653  1000   959
160665  1960  1254  1244  1172   918   901   747   408   518  1367  1420  ind
160665  1970  1785  1741  1730  1553  1114  1030   641   780  1075  1053  ind
160665  1980   392   649   369   321   518   865   709   547   485  1185  ind
160665  1990  1594  1213  1253  1337  1337  1551  1361   926   786   510  ind
160665  2000   640   909  1236   957   957   807   784   751  1472  1347  ind
160665  2010 -9999
160777  1949   802
160777  1950   780  1251  1319  1243  1218  1194  1051  1001  1205  1058  ind
160777  1960   995  1101   879   435   435   233   211   490   768  1057  ind
160777  1970  1031  1145  1296  1555  1442  1501  1410  1139  1276  1276  ind
160777  1980   848   772   942  1084  1071   883  1046  1000   851   846  ind
160777  1990   883   976  1155  1136   701   771   857  1047  1215   904  ind
160777  2000   687   781  1234  1196   912  1083   939  1001  1231   907  ind
160777  2010 -9999
160930  1925   875   690   898   697   913
160930  1930   736   711   930  1007  1219  1270  1330  1421  1097   942  ind
160930  1940  1148  1177  1100   970   919  1160   789  1020  1150  1285  ind
160930  1950  1427  1413  1377  1170   943   914   776   711   881   665  ind
160930  1960  1040  1033  1040   841   611   477   308   278   488   705  ind
160930  1970   711   870  1317  1677  1644  1487  1200  1066  1176  1066  ind
160930  1980   772   725   771   876   964   939  1342  1061  1027  1036  ind
160930  1990  1312  1278  1156   984   826   765   887   935  1178   768  ind
160930  2000   754   982  1179  1159   772   889   735   837  1334  1150  ind
160930  2010 -9999
170994  1960  1308   864  1227   824   490   997   774   951  1259  1511  ind
170994  1970  1224  1132   799  1266  1254   787   205   631  1019  1102  ind
170994  1980  1011   499  1134   967   987  1285   880   868  1147  1393  ind
170994  1990  1524  1002   958  1133   896   982  1158   979  1448   938  ind
170994  2000   615   939   944   909   683   793   559  1032  1434  1235  ind
170994  2010 -9999
172229  1880   793   824   973   888   702   619   681   649   691  1119  ind
172229  1890  1247  1238  1013  1066  1351  1381  1225  1280  1234   910  ind
172229  1900  1010  1266   992  1266  1178  1089  1174  1197  1283  1022  ind
172229  1910  1078   538   779   905   813   739  1384  1122   699   978  ind
172229  1920   717   922  1079   855  1139   675   563  1077  1128  1207  ind
172229  1930   699   687   678   620  1003   871   817   997   957   862  ind
172229  1940   920  1159  1072  1012   623   942   889  1090  1266  1436  ind
172229  1950  1723  1637  1314  1212  1076   924   889  1019  1111   855  ind
172229  1960  1159  1282  1137   950   351   309   252   284   524   764  ind
172229  1970  1176  1072  1362  1432  1343  1101   947   820  1173  1038  ind
172229  1980   771  1038  1070   735   733  1053  1207  1139  1004  1031  ind
172229  1990  1199   786   482  1006   690  1388  1376   897   858   705  ind
172229  2000  1015  1487  1199  1305  1263  1137   878   769   766   565  ind
172229  2010 -9999
180751  1943   299   562  1511  1281  1361  1315  1356
180751  1950  1084   499   663  1044   819   875  1060   884  1285  1134  ind
180751  1960  1572  1612  1525  1021  1043   649   371   444   577   487  ind
180751  1970   732   714   929   836   898  1079   906   893   847   881  ind
180751  1980  1585  1507  1309   974  1070  1131  1410  1185  1011   889  ind
180751  1990  1247   683   889  1323  1104   913   737   708  1256   567  ind
180751  2000   997  1214  1366  1194  1007   910   692   974  1131   632  ind
180751  2010 -9999
180794  1948   639  1187
180794  1950  1129  1360  1317  1362  1183   494   553  1146  1436   676  ind
180794  1960   875   550   731   639   551   630   487   968  1158  1701  ind
180794  1970  1647  1258  1304  1160  1385  1265  1155   937  1007  1074  ind
180794  1980   479   625   698   915   836   784   762   879   604   734  ind
180794  1990   689   372   596  1160  1564  2000  1848  1198  1706  1226  ind
180794  2000  1237  1245  1477  1137   378   509   579   963   853   508  ind
180794  2010 -9999
190018  1953   690   755  1113  1107   926  1445  1019
190018  1960  1556  1287  1117   942   762   715   351   797  1060  1073  ind
190018  1970  1061   985   976  1040  1079  1044   879   641  1388  1335  ind
190018  1980   906   955  1056   892   909   938  1135  1039   951  1193  ind
190018  1990  1069   780  1032  1158  1160  1263  1078   487   645   514  ind
190018  2000  1055  1320  1122  1329  1132   930   967   805   973  1047  ind
190018  2010 -9999
190438  1936   822   525   621   625
190438  1940   709   866   991   922  1177  1497  1468  1396  1438  1454  ind
190438  1950  1366  1287  1222  1241  1036   854  1173   761   647   547  ind
190438  1960   896  1169  1015   787   697   327   341   565  1148  1047  ind
190438  1970  1180  1000  1193  1201  1504  1480  1570   920   834   798  ind
190438  1980  1197   973   672   650   614   813   739   596  1033  1020  ind
190438  1990  1609  1024  1283  1496   795   898  1025  1086   842   903  ind
190438  2000   937   939   969  1043  1151   918   812   827  1271   990  ind
190438  2010 -9999
200038  1955   954   974  1194  1160   392
200038  1960   858  1281  1172   983  1064   951   712  1054  1214  1046  ind
200038  1970  1111  1184   904  1037  1199  1063   599   697  1207  1023  ind
200038  1980  1075  1071  1067  1054  1134   812   720   878   860   927  ind
200038  1990  1102  1015  1017  1123  1073  1292  1317   869   875   490  ind
200038  2000  1004  1106   813  1026  1017   970   969  1056  1145  1079  ind
200038  2010 -9999
200168  1950   818   781   777   805  1046  1036  1277  1250  1592   972  ind
200168  1960  1668   973  1153  1048  1035   446   220   432  1088  1346  ind
200168  1970   971   673  1180  1164  1299   513   714  1076  1645  1735  ind
200168  1980  1176   645   859   768   569   941  1288  1134   582  1066  ind
200168  1990  1203   869   883  1040  1268   891  1215  1124  1087   723  ind
200168  2000   950  1063   802  1155   915   922   955  1100   908  1135  ind
200168  2010 -9999
200389  1950   841  2088  1560   422   871  1221  1200   922  1311  1017  ind
200389  1960   829   658   763   638   506   537   352   376   630   537  ind
200389  1970   797   744  1297  1192  1329  1226  1442  1388  1626  1466  ind
200389  1980  1177  1095  1222   850   686   894  1060  1135   944  1039  ind
200389  1990  1088   998   829  1022   829  1345  1283  1064  1403  1025  ind
200389  2000  1548  1217  1418   984   565   474   389   559   894   996  ind
200389  2010 -9999
200988  1954   946   622   798   990  1148  1413
200988  1960  1150  1420   863  1006   770   538   656   349   663  1244  ind
200988  1970  1506  1469  1393  1677  1665  1339  1349  1239   902  1295  ind
200988  1980   968   336   385   450   370   574   470   513   371   441  ind
200988  1990   722   768   817  1497  1456  1354  1365  1133  1420   869  ind
200988  2000  1448  1345  1301  1131  1286  1103  1015   568   773   539  ind
200988  2010 -9999
202162  1980  1060   912   949  1157   967   804   908   978  1105  1287  ind
202162  1990  1060   859   911  1344   937  1270  1308   736  1158   643  ind
202162  2000   618   772   804   812  1056  1247   990   858  1391  1086  ind
202162  2010 -9999
12369A  1953   793   749   941  1261   921  1414  1066
12369A  1960   415   947   803  1055   692  1020   971  1003  1619  1303  ind
12369A  1970   601  1508  1304  1344  1019   913  1044  1137  1020  1133  ind
12369A  1980  1380   703   824   510   494   569   461  1183  1279   924  ind
12369A  1990  1164  1035  1311  1309  1062   983   975  1024  1134   643  ind
12369A  2000   842  1038   907  1008   885   894  1093  1198  1014  1020  ind
12369A  2010  1091  1031   942   906 -9999
20804A  1913   968   682   587   641   804   579   866
20804A  1920   578   934   979  1124  1181   952   985  1439  1441  1264  ind
20804A  1930  1098  1199  1122  1068  1002  1078  1210  1300  1167   894  ind
20804A  1940  1017   896   934   759  1050  1019  1247  1597  1392  1397  ind
20804A  1950  1234   860   911   893   519   495   613   513   633   866  ind
20804A  1960   195   313   337   509   529   637   597  1019  1022  1063  ind
20804A  1970  1231  1278  1228  1543  1430  1137   991  1145  1008  1017  ind
20804A  1980   908   793   752   641   747  1065  1223  1307  1481  1205  ind
20804A  1990   896  1126  1178  1160  1155  1156  1196  1283  1204   370  ind
20804A  2000   570   604   854   765   863   713 -9999
42250A  1924   573  1012  1078  1117  1257  1382
42250A  1930   900   751   309   742   867   930  1197  1321  1297   933  ind
42250A  1940   858   942  1042   516  1124  1131   971  1191  1508  1287  ind
42250A  1950  1154  1361  1032   988  1045   921   900   922  1024  1083  ind
42250A  1960  1269  1051   977  1181   892   506   476   777   817   700  ind
42250A  1970   757   706   959  1117   879   622   850  1409  1137   970  ind
42250A  1980  1944  1981  1747  1299   684   594   574   420   826   719  ind
42250A  1990   519   657  1075  1411  1226  1089  1125  1034   993   920  ind
42250A  2000   909   905   977  1243  1116   982   798  1027  1022  1324  ind
42250A  2010  1348  1028   821   776   745 -9999
72212A  1946   621  1325  1344  1363
72212A  1950  1418  1224   937   855   763   853   570   430   983   905  ind
72212A  1960  1310   984  1156  1291   537   176    43   412  1021   806  ind
72212A  1970  1024   716   812  1435  1241  1198  1057  1078   952  1181  ind
72212A  1980   878  1866  2329  2879  2003   945   939   682   267   619  ind
72212A  1990   494   670   476  1010  1090   786   371   917   905   517  ind
72212A  2000   631   917   846  1177   808  1023   834   963  1213  1071  ind
72212A  2010  1262  1042  1084  1234 -9999
72345A  1933   677   812   813   932   775  1163   284
72345A  1940  1050  1035  1264   829  1055  1005   883  1272  1232  1673  ind
72345A  1950  1717  1537  1363  1378  1063  1172   669   640  1079   667  ind
72345A  1960  1296  1127  1140   996   532   693    94   736   356   712  ind
72345A  1970   966   706   692   745   869   980  1004   911   972   780  ind
72345A  1980  2079  2690  1980  1410   761   715   647   720   938   601  ind
72345A  1990   680   709  1294  1223   711   559   846  1495   770   753  ind
72345A  2000   709  1060   874   940  1157  1024  1205  1021  1301  1062  ind
72345A  2010  1041   827   951 -9999
82403A  1922  1269   950   966   786   963  1256  1181  1174
82403A  1930   585  1039  1061   813   799  1074   709   897  1323   649  ind
82403A  1940   826   718   972   935   824  1306  1512  1383  1404  1543  ind
82403A  1950   887   842  1159  1146  1097  1228   845   544   859   554  ind
82403A  1960  1050   745   883  1071   965   427   745   813  1017  1193  ind
82403A  1970  1470  1106  1014  1139   885   802  1234   735  1435  1235  ind
82403A  1980  1039  1238  1325  1443   880   831   843   612  1005   854  ind
82403A  1990   727   741  1299  1239   785   768   974  1336   895   515  ind
82403A  2000   745  1405   946  1023  1017  1002  1294  1127  1043  1172  ind
82403A  2010  1034  1080   790   797 -9999
92360A  1922  1002   505   218  1401  1001   524  1464  1759
92360A  1930  1894  2180  1655   822   681   775   865   601   615   538  ind
92360A  1940   543   255  1227   757   678   892   974   674  1319  1310  ind
92360A  1950   909   680   530   853  1049  1186  1337   893  1130   998  ind
92360A  1960  1049  1420  1492   921   778   290   627  1336  1325   850  ind
92360A  1970  1127  1001   791  1352  1509  1215   432  1128   789   694  ind
92360A  1980   821  1872  2165  1924  1377  1049   669   628   600   495  ind
92360A  1990   569   608   880  1272  1020   864   382   968  1369   882  ind
92360A  2000   724   754   962   757   722   940  1066  1178  1013  1104  ind
92360A  2010   855  1033   749  1554  1338   904 -9999
92442A  1940   433   591   563   507   746  1292  1563  1427  1577  1447  ind
92442A  1950  1525  1254  1126   983  1342   631   670  1026  1333  1158  ind
92442A  1960  1013  1016  1008   994   731   574   436   826   827   774  ind
92442A  1970   983   811  1087   926   789   816  1328  1233  1146   710  ind
92442A  1980  1200  1093  1166  1261  1012   990   860   666  1064  1227  ind
92442A  1990   917   776   873  1720  1401  1262   695   769  1141   420  ind
92442A  2000   388   853  1157  1281  1178  1084   942  1079  1098  1015  ind
92442A  2010   839 -9999
102470A 1931   850   730   811   720  1105   841   773   989   963
102470A 1940  1007   982  1362  1099  1294  1354  1378  1229   991  1435  ind
102470A 1950  1309  1006  1234   914   678   609   830   683   773   794  ind
102470A 1960  1125  1033  1087   637   805   819   715   682   798   967  ind
102470A 1970   839  1278  1237  1355  1646  1206  1256  1064  1159  1046  ind
102470A 1980   931  1242  1433  1339   310   539   631  1160   769   890  ind
102470A 1990   979   740  1026  1097   951   930   981  1412   912   817  ind
102470A 2000   910   552   761   778   732  1012  1325  1193  1264  1000  ind
102470A 2010  1053   991   965  1189 -9999
122554A 1935   931   557   581   797   700
122554A 1940  1003  1273  1392  1099  1042  1394  1396  1414  1390  1263  ind
122554A 1950   751   311  1038  1325  1135  1354  1243  1298  1298   573  ind
122554A 1960   617   562   644   507   521   824   675   711   819   769  ind
122554A 1970   763  1199  1751  1556  1171  1173  1150   693  1219  1030  ind
122554A 1980   842   804   827   568   848  1084  1051   744   973  1347  ind
122554A 1990  1314  1265   967  1341  1175  1063  1148  1226  1419   716  ind
122554A 2000   778   431  1007   932  1008   998   954   891   919   992  ind
122554A 2010 -9999
190075A 1957   257   917  1349
190075A 1960  1675  1623  1782  1598   948   719   495   573   519   762  ind
190075A 1970   904   580   769   754   660   566   728   726   496   471  ind
190075A 1980   879  1031   539  1637  1454  3019  2492  1598   598   -48  ind
190075A 1990   -40   145   373   649   568  2043  2116  1350  1211   468  ind
190075A 2000  1314  1439  1548  1695   940   754   328   472  1135   868  ind
190075A 2010   723  1343  1016   821   722   661 -9999
42232A  1943   680   638   550   905  1083  1070  1364
42232A  1950  1281  1391  1320  1221  1189  1349  1071   956   905   737  ind
42232A  1960  1000   917  1391  1318   985   654   610   679   504   841  ind
42232A  1970   874   687   780   906   773   640   643   692  1143   931  ind
42232A  1980  1582  1721  1711  1623  1214   961  1072   951   762   942  ind
42232A  1990  1015  1216   842  1053  1336   733   829  1145  1149   495  ind
42232A  2000   432   669  1504  1179   561   991  1006  1020  1111  1046  ind
42232A  2010  1101 -9999
042565A 1933   277   611  1099   911  1133  1374  1150
042565A 1940  1457  1127  1134   945   851  1103   717   930   896  1065  ind
042565A 1950  1096  1183  1269  1430  1313  1323   968   976   770   793  ind
042565A 1960  1306   844  1373   889   528   270   203   183   312   459  ind
042565A 1970  1044  1587  1535  1594  1427  1638  1066   895  1144  1126  ind
042565A 1980   891  1058   751  1107   717   674   940  1129  1247  1014  ind
042565A 1990   826  1087  1209  1857  1162  1089   881   624   311   415  ind
042565A 2000   709   694  1137  1233  1222  1333  1157   822   961   594  ind
042565A 2010   627  1147  1365  1331 -9999
90285A  1926   308   413   521   563
90285A  1930   235   339   620  1552  1045  1618  1783  1490  1193  1332  ind
90285A  1940  1457  1524  1086  1031  1411  1166   820   903  1110  1401  ind
90285A  1950  1367  1239   865   775   662   691  1053  1110  1442   720  ind
90285A  1960   513   683   547   372  -181   382   533  1030  1198  1266  ind
90285A  1970  1693  1727  1432   695   693   612   800   628  1338   910  ind
90285A  1980   960  1426  1036   914   986  1133  1278  1163   685   766  ind
90285A  1990   773   601   811  1344   646   696   511   864   668   551  ind
90285A  2000   807  1762  1182  1066   877  1141  1257  1125  1054  1249  ind
90285A  2010   927   967   618 -9999
092501A 1932   979  1226  1051  1125  1274  1140  1051  1059
092501A 1940   759  1191   563   250   546   885   876   864  1013   989  ind
092501A 1950   826  1164  1173  1361  1236  1399  1367  1296  1502  1016  ind
092501A 1960  1350   768   931  1064   805   857   405   745   598   599  ind
092501A 1970   639   710   640   707   838   716   791   838  1063   947  ind
092501A 1980   865  1128  1400  1671  1437  1273  1348  1373  1391  1140  ind
092501A 1990  1030  1077   856  1155  1064   930   861   940  1171   800  ind
092501A 2000   672   915  1020   881   881   943   683   908  1297   933  ind
092501A 2010  1031   888   993  1097   851  1018 -9999
111166A 1918  1309   888
111166A 1920   683  1149  1185  1095  1205   988   831   901   907  1539  ind
111166A 1930   904  1249  1082   653   347   752   503   774   937   848  ind
111166A 1940  1063   859   882   779   957  1105   948  1036  1094  1372  ind
111166A 1950  1167  1195  1210  1002  1230  1186  1102  1223  1286  1244  ind
111166A 1960  1168  1134  1090   924   839   572   467   733   960   659  ind
111166A 1970   777   897   945  1071  1314  1203  1202  1075  1054  1203  ind
111166A 1980  1270  1432  1274  1133  1286   935  1183  1059   899   608  ind
111166A 1990   532   562   951   859   844   694  1065   785   900   620  ind
111166A 2000   758   943  1018   958   915  1016  1090  1279  1133  1129  ind
111166A 2010   906  1058  1051  1107  1196 -9999
121017A 1956   470   885   901   614
121017A 1960  1183   963   794  1357  1532   761   603   909   895   526  ind
121017A 1970   904  1274  1397  1100  1188   871  1310  1429  1615  1379  ind
121017A 1980  1175  1295   825  1126   782   314   396   522  1118  1149  ind
121017A 1990  1557  1288  1474  1234   800   661  1000   885   680   517  ind
121017A 2000   824   658   814   861   616   848   798   404   948   480  ind
121017A 2010   583   800   631  1665  1299   815  1786  1869 -9999
131192A 1949  1644
131192A 1950   907  1074   992   946  1192   871  1053   635   727   103  ind
131192A 1960   567   847   910  1056   880  1065   824  1139  1151  1166  ind
131192A 1970   799  1731  1516  1448  1536  1053  1223   931  1433  1064  ind
131192A 1980   704  1100  1113  1121  1135   711   168   528   607   599  ind
131192A 1990   849   804   927   893   707  1057  1118  1179  1051   859  ind
131192A 2000  1480  1379 -9999
151051A 1923   735   672   164   176  1408  1223  1510
151051A 1930  1177  1077   951   922  1171  1369  1035  1182  1350  1112  ind
151051A 1940  1055  1090  1096   989   697   902  1046   904  1057  1132  ind
151051A 1950  1358  1148  1269  1121   964  1069  1067  1126  1195   840  ind
151051A 1960   845   788   638   565   467   366   534   445   454   639  ind
151051A 1970   852   930   887   830  1142  1095  1000   826  1162  1391  ind
151051A 1980  1731  1583  1523  1261  1173   965  1065   914  1000   994  ind
151051A 1990   778   895   730  1117   884   921   679  1116   873   842  ind
151051A 2000   958   861  1222  1459  1430  1080   705   843   920   893  ind
151051A 2010   821   870  1422   938   939   705   888 -9999
160962A 1920   610   953  1610  1111   991   505   726  1132  1106   947  ind
160962A 1930  1308  1247  1161  1332  1372  1279  1159  1190  1333    11  ind
160962A 1940   -62   549   764   318   314   188   294  1229  1582  1988  ind
160962A 1950  1612  1547  1111  1098  1159  1076  1127   952   875   606  ind
160962A 1960  1079   826   990   980  1107   758   550   600   981   522  ind
160962A 1970  1005   910  1577  1167  2152  2021  1727  1189  1456  1324  ind
160962A 1980  1137  1135   451   447   860   354   928   639   560   617  ind
160962A 1990   735   608   789   970   813   847   747  1106  1195  1012  ind
160962A 2000  1154  1013  1236   920  1094  1307   990  1111 -9999
172220A 1959   977
172220A 1960   806  1209  1187  1037   682   754   705   822  1040   984  ind
172220A 1970  1242  1142  1317  1301  1143  1134  1141   568   641   384  ind
172220A 1980  1834  1525  1647  1490   883   759   679   429   483   236  ind
172220A 1990   338   407   618  1361  1127  1338  1274  1566  1742  1102  ind
172220A 2000  1054  1223  1699   634   736   840   966  1152  1297  1105  ind
172220A 2010   541   722   955  1012   889   868  1058 -9999
200188A 1990  1048   860   975  1038  1021   830  1240   973  1307  1096  ind
200188A 2000   817   892  1115   497   876  1383  1138   345  1875   666  ind
200188A 2010  1106  1026  1276   752   742   786  1171  1149 -9999
80248   1940   853   651   610   638   784  1082  1194  1214  1292  1724  ind
80248   1950  1162   980   852   567  1103  1404  1068  1229  1590  1214  ind
80248   1960  1187  1017  1368   853   413   724   232   785   870  1254  ind
80248   1970   408    54   984  1709  1320   907   756   630   879  1258  ind
80248   1980  1526  1761  1763  1215   817   848   766   786  1331  1007  ind
80248   1990   906   785   968   998   718   623   847   892   937   584  ind
80248   2000   873  1039  1225  1356  1198  1060   831   867  1147  1146  ind
80248   2010 -9999
192129  1971   992  1380  1053   947   916  1146   732   802   681
192129  1980  1155  1152  1209  1273   469   685   690   605   847  1165  ind
192129  1990  1203   968   964  1209   769  1504  1604  1612  1104   748  ind
192129  2000   936   741  1391  1201  1292   572   750   303   879  1279  ind
192129  2010 -9999
92389   1928   836  1584
92389   1930  1329  1724   492   408   247   825   859  1080   667   380  ind
92389   1940   948  1004   867   478  1289  1533  1514  1544  1681  1650  ind
92389   1950  1441   811   827   692  1067  1156   826   657  1180   915  ind
92389   1960  1407  1188  1091  1337   671   675   445   794   472  1069  ind
92389   1970   886   682   818   745   651   718   751   600  1090  1037  ind
92389   1980   658  1296  2091  1960  1708  1334  1086   845   769   816  ind
92389   1990   808   835   484  1173  1354   948   748  1127  1291   676  ind
92389   2000   793   639  1325  1221  1157   953   842   530  1152  1138  ind
92389   2010 -9999
90369   1954   338  1527  1383  1437  1139   878
90369   1960   913  1234  1348   962   485   596   482   825   468   732  ind
90369   1970   610   408   991  1278  1400  1267  1264   731  1334  1859  ind
90369   1980   -27   659  1609  1457  1428  1000  1005  1395  1247  1393  ind
90369   1990  1081   713   981  1096   831   891  1051   839   749   668  ind
90369   2000   779   827   907   870   868  1123   994  1109  1095  1069  ind
90369   2010 -9999
110952  1931  1255   785   672   773   889   879  1367  1738  1357
110952  1940  1450   800  1185   996  1180   989   779  1152   426    -4  ind
110952  1950   392   548   749   506  1382  1670  1492  1406  1399   800  ind
110952  1960  1338  1018   577  1170    -9   638   610  1203   725   957  ind
110952  1970  1069  1239  1317  1396  1504  1166  1501   945   570   738  ind
110952  1980  1441  1115  1614  1258   589   818  1170   663   821   937  ind
110952  1990  1009  1025  1178  1196   753   799   960   916   809   632  ind
110952  2000  1048   805  1279   983   834   933   975   926  1248  1217  ind
110952  2010 -9999
192128  1965  1055   712   493   501   689
192128  1970  1247  1215  1378   537  1065   998   960   399   699   388  ind
192128  1980  1800  1820  2025  1769  1128  1407  1030   831   870   748  ind
192128  1990   909   640  1421  1699   884  1114   617  1118   432   183  ind
192128  2000   253   205   564   644   961   949  1202  1325  1564  1465  ind
192128  2010 -9999
120924  1938   609   400
120924  1940   828  1165  1333  1279  1154  1449   642   798   737   644  ind
120924  1950   327   606  1113  1211  1716  1731  1682  1634  1560  1071  ind
120924  1960  1085  1093  1256   873   625   515   371   319   651   710  ind
120924  1970  1015  1010   727   570  1023  1210  1250  1073   977   975  ind
120924  1980  1114  1392  1633  1814  1184  1099   702   937   642   758  ind
120924  1990   775   732   483   852  1131  1121  1174  1066  1071   752  ind
120924  2000   638   682   894  1248  1134   974   993  1048  1111  1244  ind
120924  2010 -9999
12366   1981  1309  1097   595   153    61   475  1701  1270  1347
12366   1990  1478  1181  1113  1391  1448  1078  1134  1362  1297   762  ind
12366   2000   754   967   526   658   670   793   789  1153  1220  1064  ind
12366   2010 -9999
82317   1922  1480  1003  1146   887   793   942  1225  1214
82317   1930  1181   627   474   248   429   745   659  1027   780   568  ind
82317   1940  1311  1289  1469  1303  1173  1340  1528  1583  1027   788  ind
82317   1950   699   792  1182  1273  1085  1135  1152  1089  1118  1003  ind
82317   1960  1226  1124  1211  1066  1405   910   610   441   629   393  ind
82317   1970   719   801   443   449   774   644   393   387   681   869  ind
82317   1980   231  1377  2413  2526  2439  1633  1263   977  1078   783  ind
82317   1990   719   548   895  1036  1312   713   810  1184  1047   449  ind
82317   2000   620   609   773   987   987   992  1045  1057  1276  1152  ind
82317   2010 -9999
50281   1955    37   694  1082  1006  1124
50281   1960  1764  1479  1607  1310   960  1229   838  1075  1118   996  ind
50281   1970  1455   845   975   765   293   451   909   599   740   614  ind
50281   1980  1526  1055   462   304   290   670   979  1007  1063   987  ind
50281   1990   882   867  1293  1111   822   958  1549  1436  1020   628  ind
50281   2000  1091  1517  1607  1151  1442   783   547   845  1045   440  ind
50281   2010 -9999
22603   1962  1919  1332   617   373   759   986  1752  1804
22603   1970  1650  1060   -94   280   -21   307   408   397   404   206  ind
22603   1980  1548  1952  1618  1597  1428  1458  1230  1174   748   954  ind
22603   1990  1112  1241  1102  1337  1139  1063  1095  1182  1164   632  ind
22603   2000   565   560   630   516   616   961  1143  1263  1258  1156  ind
22603   2010 -9999
100997  1954   309   320  1554  1354  1348  1442
100997  1960  1107  1128  1108  1143   957   969   591   586   194   601  ind
100997  1970   282   941   900   976  1508  1620  1598  1635  2349  1336  ind
100997  1980  1520  1149   632  1247   893   688   474   360   300   359  ind
100997  1990   378   405  1105  1248  1237  1107  1084  1000   920   685  ind
100997  2000   956  1103  1136  1085  1091  1237  1228  1083  1018   906  ind
100997  2010 -9999
190497  1950  1962  1680   802   391   701   707  1048  1050   915   764  ind
190497  1960  1156  1246  1296   963   876   917   556   584   741   597  ind
190497  1970   299   173   361   978  1240  1362   866   903   922  1034  ind
190497  1980  1453  2023  1704  1641  1640  1229  1428  1304  1627  1257  ind
190497  1990   950   606   369   783   924   966   902   456   780   447  ind
190497  2000   563   952   939  1181  1067   759  1128   802  1194  1397  ind
190497  2010   936 -9999
131047  1950  1048   634   379   501   347   293  1080  1764  2020  1895  ind
131047  1960  1665  1321  1281  1032  1028   720   359   230   173   612  ind
131047  1970   580   960  1050   924  1404  1877  1706  1656  1569  1474  ind
131047  1980  1494  1499   628   561   541   549   707   914   547   761  ind
131047  1990   802   377   774  1104  1015   722   936   933  1374  1036  ind
131047  2000   934  1107  1071  1036   904   777   958  1034  1223  1150  ind
131047  2010 -9999
91491   1928  1451  1656
91491   1930  1221   746   832   529   287   285   366   229   843   798  ind
91491   1940  1494  1660  1572  1270  1276  1256   878  1091   872   486  ind
91491   1950   610  1116  1120  1111  1807  1863  1639  1184  1098  1096  ind
91491   1960  1155  1047   718   816   884   797   546   928   724   663  ind
91491   1970   820   656   889   842   870   810   817  1127  1360   885  ind
91491   1980  1141  1047  1006   902   902  1137   948   757  1097   530  ind
91491   1990  1194  1287  1205  1139   788   916   916   972   878   703  ind
91491   2000  1039  1151  1354  1082  1074  1020   885  1034   971   958  ind
91491   2010 -9999
60125   1929  1506
60125   1930   701   752   591   797   764   884   775   988  1244   596  ind
60125   1940   840   845  1233  1339  1271  1432   781  1110  1342  1494  ind
60125   1950  1368  1210  1448  1378  1568  1476   807   447   626   552  ind
60125   1960   484   794   774   995   957   748   690   801   693   652  ind
60125   1970   761   805   566  1016   744   252   753  1211  1570   707  ind
60125   1980  1728  1854  2087  1087   750   514  1132  1290  1194  1128  ind
60125   1990   898   747  1195  1002   864   668  1173  1128   987   757  ind
60125   2000  1032   853  1010   859   960   920   906  1071  1041   923  ind
60125   2010 -9999
111033  1915  1013   887  1068  1081  1158
111033  1920  1390  1388  1295   838   952   882  1019  1082   891   673  ind
111033  1930   812   886   918   762   791   582   882   810  1027   820  ind
111033  1940   853   609   628   663   989  1567  1263  1392  1587  1595  ind
111033  1950  1174  1290   945   983  1194   911   939   829  1012   571  ind
111033  1960   875   915   907   811   906  1046   816   662   962   864  ind
111033  1970   805  1045  1153  1386  1359  1204   971   919  1158  1047  ind
111033  1980  1244   926  1057  1078   962   936   993  1125  1050  1109  ind
111033  1990   834   908   944   738   746  1054  1053 -9999
52388   1950  1111   984   972   810   837   899   964  1033   951   659  ind
52388   1960  1193  1038  1145  1391  1332  1222   698   844  1210  1432  ind
52388   1970  1415   497   998   969   748   508   692   745   640   489  ind
52388   1980  1495  1626  1312   948   881  1001  1240  1188   979  1075  ind
52388   1990   964   525  1343  1461  1046  1074  1074   981  1045  1007  ind
52388   2000   709   876   635   592   945  1125  1061  1091  1049  1146  ind
52388   2010 -9999
80746   1953   653   143   928  1401  1856  2090  1549
80746   1960   322   301   586   931   725   603  1145  1188  1465  1468  ind
80746   1970  1442  1552  1308  1530  1040   699   855   408   412   659  ind
80746   1980   543   836   704   640   696   925   244   173  1457  1476  ind
80746   1990   969   503   642   931  1352  1558  1439  1273  1583   813  ind
80746   2000   979 -9999
82368   1870   988   681   789   876   612   464   981  1425  1709  1553  ind
82368   1880  1383  1316  1092  1018  1099   798   839   560   626   642  ind
82368   1890   995  1228   954   944  1179  1203  1304  1158   827  1020  ind
82368   1900   753  1081  1260  1350  1169   995   832   478   480   678  ind
82368   1910   856   724   767  1055  1122  1423  1668  1349   748   837  ind
82368   1920   510   973  1224  1099  1370  1200   966   926  1036   849  ind
82368   1930   654  1002  1102   758   806   714   432   656   951   932  ind
82368   1940  1002  1106   980   713  1172  1650  1411  1368  1274  1336  ind
82368   1950  1316  1119   942  1025  1063  1248  1082   993  1165   781  ind
82368   1960  1143  1071   838   784   883   909   882   633   881   740  ind
82368   1970   730  1260   878   825   821   903   667   416  1094  1002  ind
82368   1980   983  1395  1370  1426  1268  1342  1397  1300   926   805  ind
82368   1990   923   628   761  1093   869   901   931   902  1178   555  ind
82368   2000   628   651   576  1037  1034  1099  1272  1203  1413  1212  ind
82368   2010 -9999
130579  1924  1205   938   841   979   805   906
130579  1930   559  1035  1182  1316  1189  1100  1122   797   799  1176  ind
130579  1940   953  1083  1050   852   688  1238  1221   906   862  1444  ind
130579  1950  1265  1056   555   702   654   750   952   843  1454  1315  ind
130579  1960  1693  1704  1139   712   622   873   362   921  1077   467  ind
130579  1970   865   851  1224  1260  1482  1644  1329   623  1300   793  ind
130579  1980   627   795   784   704   977  1047  1169   977   964  1012  ind
130579  1990  1252   796  1250  1298   904  1346  1002   567   634   583  ind
130579  2000   684  1275  1101   981  1044  1036  1081  1091  1096  1068  ind
130579  2010 -9999
92486A  1921  1478  1369  1169  1143  1012   601   912   969   522
92486A  1930   624  1243   866   989   676   755   410    67   535   574  ind
92486A  1940  1050  1093   799   835  1127  1513  1426  1539  1579  1427  ind
92486A  1950  1609  1604  1161  1355   866  1282  1098  1183  1331   900  ind
92486A  1960  1060   623   695   941   880   819   401   960   602   792  ind
92486A  1970   825   817   667   926   834   594   624   690   670   591  ind
92486A  1980  1063  1015  1408  1378  1113  1015  1055   773  1000  1050  ind
92486A  1990  1438  1074  1518  1390  1118   956  1003   979  1216   555  ind
92486A  2000   637   909  1009  1118  1082   812   821  1022   963   938  ind
92486A  2010 -9999
121423A 1935  1214  1246   875  1093   639
121423A 1940  1153  1137   734   360   778  1064  1198  1299  1323   996  ind
121423A 1950  1041   741  1097   886  1202   880  1159   972   795   499  ind
121423A 1960  1065  1044  1299  1224  1291   933   643   726   926  1003  ind
121423A 1970  1290  1380  1189  1604  1015  1096   889   978   674   465  ind
121423A 1980   692   723   742   675   854   729   797   810   909   802  ind
121423A 1990  1416  1719  1478  1537  1651  1276  1275  1086   817   739  ind
121423A 2000   606   695  1002  1061   685   852  1034  1207   838 -9999  ind
52237A  1937   430  1221  1140
52237A  1940  1439  1472  1210   297   707  1112  1248  1154  1126   805  ind
52237A  1950   937   741  1211  1335   504  1032   768   792   833  1120  ind
52237A  1960  1434  1206   932   831   565   548   337   588   797   785  ind
52237A  1970  1187  1407  1781  1530  1431  1469  1515  1265  1127   829  ind
52237A  1980  1435   224   460   934   510   717  1001  1135   335   495  ind
52237A  1990   783   893  1454  1623   974  1098  1233  1641  1535   930  ind
52237A  2000   929  1167  1700   937   531  1406   468   466   405   555  ind
52237A  2010   880   903  1061  1201  1481 -9999
70469A  1953  2011  1418   927   583   542   617   386
70469A  1960   983  1095   817  1108   797   771   322   -67   326   193  ind
70469A  1970  1542  1518  1918  1977  1715  1279  1642  1659  1697  1311  ind
70469A  1980  1440   858   865   727  1008   756   786   673   398   391  ind
70469A  1990   735   629   721   632   561   751   980  1142  1313   779  ind
70469A  2000  1218   949   888  1179  1170  1249  1351   884 -9999
80641A  1937  1590  1117  1037
80641A  1940   886   731   896   954   631   789  1000  1066  1081  1096  ind
80641A  1950  1037   913   315   777  1070  1022  1223   970  1213  1053  ind
80641A  1960  1317  1407  1263   644   722   519   650   865  1545  1606  ind
80641A  1970   993   903  1005   923   982  1016   967  1068  1352   726  ind
80641A  1980  1412  1278  1453  1213   994   722   556   721   795   969  ind
80641A  1990   721   805  1229  1287  1028   982   990  1347   893   588  ind
80641A  2000   909   925  1112   896   910   829  1071   919  1075   981  ind
80641A  2010  1027  1104  1105   888  1171  1122   860 -9999
90607A  1919  2267
90607A  1920  1407  1296   982   409   511   209   227  1108  1458  1832  ind
90607A  1930  1516   828   365   524   632   693  1030  1012   941   907  ind
90607A  1940   945   956   573   667   646   486   622  1030  1129  1565  ind
90607A  1950  1460  1369  1378   786  1034  1550  1294  1606  1502  1344  ind
90607A  1960  1260  1210  1013   852   838   770   418   539   586   628  ind
90607A  1970   950   715   850  1335   983   965   918  1004  1157  1031  ind
90607A  1980   376  1032  1251  1131  1103  1160  1241  1036   883  1056  ind
90607A  1990  1230  1108  1023  1483   552  1124   892  1217   861   655  ind
90607A  2000   798   695   881  1006   889  1097  1074  1007  1098 -9999  ind
110899A 1933   696  1044  1170  1439  1024  1254   338
110899A 1940  1155   907  1119  1090   873  1032  1082  1010  1175  1309  ind
110899A 1950  1213   757   621  -277   483  1439  1888  1783  1502   532  ind
110899A 1960   757   484   553   759  1514  1399   915  1012   781   650  ind
110899A 1970   569   341   741  1643  1554  1359   957   791  1147  1156  ind
110899A 1980  1132  1260  1360  1144   861   930  1022  1356  1271   851  ind
110899A 1990   862   509   589   997   919   817  1050   912   703   858  ind
110899A 2000   506   888  1036  1321  1544  1564  1465  1369  1126   815  ind
110899A 2010   542   991   838   892   875   719   939  1283 -9999
112421A 1950  1496  1180  1107  1266  1329  1216   670   860   691   624  ind
112421A 1960   669   819   785  1016   808   752   734   821   726   625  ind
112421A 1970   627   554   320   600  1204  1527  1996  1847  1909  1691  ind
112421A 1980  1352  1384  1257  1198   607   424   598   348   704   658  ind
112421A 1990   603   385  1069  1504  1382  1247  1440  1250  1406   838  ind
112421A 2000  1007   651  1343  1240   903   895   526   485   734  1036  ind
112421A 2010  1241 -9999
140820A 1924   572  1587  1628  3465  1529  1492
140820A 1930  1771  1573  3080  1946  3565  2424  1660  1511  1334  -114  ind
140820A 1940  1028  1195  1388    61   371   793   808   308  1192  1789  ind
140820A 1950   955  1364   909  1973  2501  2575  2101  1935   819   797  ind
140820A 1960  1117  1637   698  -356  -757 -1066 -1340 -2032 -2111 -1853  ind
140820A 1970  -493 -1149  -457  -396    43  -653   -81   117    80    56  ind
140820A 1980  1212  1714  1711  1842   822   425    87   -16  -226   -61  ind
140820A 1990  -809   205  2043  2090  -126   142   -63   581    15   225  ind
140820A 2000  1149  1014  1407  2037  2381  2056  1110  2742  2841  2290  ind
140820A 2010  1486  2435  3243  3553  3333  2115  1106 -9999
171403A 1950   898   742   607   536   926  1474   991  1087  1230  1279  ind
171403A 1960  1342  1204  1482  1284  1219  1022   911   688   860   887  ind
171403A 1970   938   797   776   602   845   842   819   828   644   982  ind
171403A 1980   789  1415  1366  1318  1400  1384  1257  1168  1026   800  ind
171403A 1990   949   775   807   936   764   513  1098  1059  1316   736  ind
171403A 2000   930  1103  1018  1113   957  1106  1193  1036  1120   883  ind
171403A 2010   916   929  1147  1068   723 -9999
052246A 1945   846   663   638   164   416
052246A 1950   654   984   988  1230  1192  1985  1586  1005   914   964  ind
052246A 1960  1198  1232  1308  1214   848  1050   909  1049  1010  1051  ind
052246A 1970  1074  1375  1028  1145  1094   872  1065  1117  1039  1028  ind
052246A 1980   902   914   895   856   821   584   428   438   781   824  ind
052246A 1990   707   722  1046  1193   781   889  1289  1094  1071   889  ind
052246A 2000   945  1144   915  1175   992   957  1090  1090  1176   947  ind
052246A 2010   808 -9999
82239A  1930  1012  1057  1143  1301  1163  1277  1380  1360  1380  -128  ind
82239A  1940   154   347   700   533   295  1163  1323  1050  1019  1132  ind
82239A  1950  1072  1236  1310  1742  1353  1395  1009   920  1136   875  ind
82239A  1960   986  1005   974  1133  1053   784   767   903   676   680  ind
82239A  1970   632   735   865   626   688   767   981   861   975   994  ind
82239A  1980  1077  1326  1357  1230  1099  1095  1157  1280  1254  1275  ind
82239A  1990  1088   801   988  1005   819  1271  1086  1189  1020   863  ind
82239A  2000   862  1036  1032  1027  1031   921   863   888   887   837  ind
82239A  2010   870 -9999
82381A  1942  1179   971   555   495   969  1567  1425  1192
82381A  1950  1156   541   281   644   770   808  1217  1139  1229  1013  ind
82381A  1960   808   948   973   973  1001  1533   842  1086  1107  1048  ind
82381A  1970  1123   992  1346  1373  1206  1247  1433  1589  1321  1228  ind
82381A  1980   409   653   765   830   582   798   637   696   807   993  ind
82381A  1990  1016  1060  1201  1065   843   861  1054   906   793   773  ind
82381A  2000   602   750  1031  1072  1001   977  1015  1198  1031  1178  ind
82381A  2010  1250  1188   927   985 -9999
110902r 1924   579  1107   717  1256  1445  1324
110902r 1930   946  1197  1061   620   659   730   927   919   810   609  ind
110902r 1940   868  1224  1249  1182  1129  1028  1268  1201  1247  1047  ind
110902r 1950   771   991  1084  1063   985  1085  1056   964  1094   977  ind
110902r 1960   822   898   814   899  1000   904   707   724   629   865  ind
110902r 1970  1028  1127   989  1450  1343  1017  1119   977  1313  1025  ind
110902r 1980   601   779  1082  1090   853  1062   840   714   850   951  ind
110902r 1990  1057  1005  1146  1159  1224  1389  1345  1118  1111   902  ind
110902r 2000   886   926  1031  1291   959   817   770   727   924  1006  ind
110902r 2010   961   852 -9999
