litu_drop.rwl -- no data title --                         1st itrdb line missing     
litu_drop.rwl -- no data title --                         2nd itrdb line missing     
litu_drop.rwl -- no data title --                         3rd itrdb line missing     
12490   1940   677   661   395  1000   739   650   109   251    99   300  res
12490   1950   378   465   567    98   644   370   539   596     0   316  res
12490   1960    64   650    64    31    90   629   527    95   311   503  res
12490   1970   211    31  1000   322   421    72   257   127   771   502  res
12490   1980   456   154   270   723   379   237   364   725   220   155  res
12490   1990   114   588   431   583    62   625   133   228   585   544  res
12490   2000   569   594   558   189   135   452   156   302   477   255  res
12490   2010 -9999
22545   1922   626   702   458   588   837   431    47   572
22545   1930   703   677   161   600   662   188   741   428   588  1000  res
22545   1940   722   784   642     0   750   652   472   437   151   668  res
22545   1950   415   599   590   207   651   471   722   652   716   363  res
22545   1960   360   664   474   166   403   730   600   633   538   564  res
22545   1970   543   380   523   475   523   432   338   517   836   502  res
22545   1980   525   520   438   733   385   491   389   800   299   362  res
22545   1990   795   668   502   671   391   670   232   621   607   636  res
22545   2000   647   646   738   479   391   464   187   328   561   405  res
22545   2010 -9999
22604   1964   556   755   673   792   585   565
22604   1970   577   423   631   585   747   437   423   519   843   728  res
22604   1980   678   657   545   752   675   521   689   807   613   524  res
22604   1990   831   669   577   695   398   744   277   715   741   661  res
22604   2000   665   705   759   577   460   632   554   497   613   521  res
22604   2010 -9999
32189   1936   797   573   793  1000
32189   1940   829   855   696    66   786   693   480   636   473   820  res
32189   1950   600   603   780   639   686   550   776   691   757   514  res
32189   1960   466   713   497   717   581   762   725   796   603   696  res
32189   1970   634   584   647   800   756   455   699   607   862   750  res
32189   1980   714   717   637   753   711   705   726   811   653   603  res
32189   1990   836   802   633   781   629   796   296   750   791   722  res
32189   2000   727   714   784   632   501   734   615   591   613   558  res
32189   2010 -9999
42544   1944   793   735   565   729   711   842
42544   1950   617   605   801   671   846   701   782   700   790   515  res
42544   1960   788   730   589   727   652   796   732   828   683   753  res
42544   1970   746   635   698   818   810   652   736   689   869   751  res
42544   1980   730   743   643   783   775   722   783   815   685   651  res
42544   1990   871   807   638   804   647   853   307   811   808   730  res
42544   2000   765   715   850   728   573   777   699   667   744   588  res
42544   2010 -9999
50406   1939  1000
50406   1940   846   862   713   422   823   787   768   755   747   844  res
50406   1950   753   744   830   678   872   702   810   731   814   573  res
50406   1960   808   746   602   736   658   804   739   836   741   809  res
50406   1970   783   693   702   850   811   701   743   760   872   752  res
50406   1980   739   753   734   855   799   736   808   838   747   737  res
50406   1990   881   815   668   824   686   863   436   813   880   804  res
50406   2000   782   793   862   784   603   814   729   697   775   605  res
50406   2010 -9999
50474   1923   746   739   778   838   661   848   785
50474   1930   837   706   682   815   676   485   819   708   819   109  res
50474   1940   851   884   826   475   825   792   779   808   765   862  res
50474   1950   763   760   852   715   882   775   831   761   815   580  res
50474   1960   844   765   620   751   792   820   768   873   750   843  res
50474   1970   805   753   757   851   828   723   765   764   873   801  res
50474   1980   786   765   793   864   815   761   808   842   766   761  res
50474   1990   882   815   703   843   696   865   529   815   888   817  res
50474   2000   790   831   867   788   726   827   731   706   778   608  res
50474   2010 -9999
50555   1919    98
50555   1920   912  1000   816   825   797   782   895   841   882   862  res
50555   1930   861   757   694   894   752   735   832   733   842   117  res
50555   1940   881   908   849   478   868   895   852   808   786   870  res
50555   1950   767   806   894   760   886   805   842   779   825   670  res
50555   1960   872   765   777   804   797   835   771   874   755   861  res
50555   1970   810   782   796   874   843   815   780   775   878   810  res
50555   1980   846   820   811   887   848   777   831   842   787   798  res
50555   1990   889   819   721   864   824   882   599   825   894   835  res
50555   2000   818   831   882   809   731   829   748   712   837   616  res
50555   2010 -9999
60083   1960   872   850   788   850   800   844   779   901   813   863  res
60083   1970   812   798   799   876   868   833   785   809   885   813  res
60083   1980   856   848   818   890   849   788   841   842   809   815  res
60083   1990   889   839   724   883   826   895   630   832   905   846  res
60083   2000   819   845   898   856   748   838   761   744   849   706  res
60083   2010 -9999
60287   1947   855   788   885
60287   1950   768   829   916   789   894   838   856   861   896   820  res
60287   1960   876   867   808   866   815   856   839   903   857   872  res
60287   1970   868   829   800   879   872   843   789   812   894   818  res
60287   1980   862   893   833   894   864   817   861   847   825   841  res
60287   1990   894   861   756   893   834   895   670   849   906   854  res
60287   2000   827   854   901   873   770   843   808   792   877   778  res
60287   2010 -9999
62248   1952   927   833   896   885   867   862   900   854
62248   1960   882   875   819   867   816   882   845   907   879   884  res
62248   1970   888   834   836   885   880   847   858   813   897   833  res
62248   1980   875   898   836   899   866   822   873   867   861   842  res
62248   1990   894   863   840   905   866   902   692   854   921   862  res
62248   2000   832   869   902   874   779   881   817   803   882   790  res
62248   2010 -9999
70433   1914   851   900   897   679    35   664
70433   1920   927   766   948   867   896   884   927   900   911   866  res
70433   1930   876   780   697   898   856   812   862   744   857   399  res
70433   1940   922   910   868   533   880   910   874   866   824   904  res
70433   1950   789   851   932   860   898   892   894   883   901   858  res
70433   1960   882   881   845   871   844   901   881   913   883   891  res
70433   1970   901   853   844   910   887   869   892   829   902   842  res
70433   1980   899   909   842   905   887   877   885   869   864   865  res
70433   1990   899   867   845   908   867   911   742   858   923   876  res
70433   2000   843   888   908   875   780   908   831   804   883   796  res
70433   2010 -9999
80282   1955   895   896   885   909   867
80282   1960   893   888   865   880   848   901   889   917   886   898  res
80282   1970   902   879   867   919   890   902   921   880   918   855  res
80282   1980   900   910   851   908   908   884   887   873   865   873  res
80282   1990   901   894   850   922   895   914   755   870   925   890  res
80282   2000   852   894   917   878   806   914   853   815   891   826  res
80282   2010 -9999
80711   1906  1000  1000  1000  1000
80711   1910  1000  1000  1000  1000   991   957   942   913   822   792  res
80711   1920   932   824   955   948   903   921   928   915   929   875  res
80711   1930   884   871   874   908   879   885   892   751   868   518  res
80711   1940   934   918   875   537   911   915   905   867   849   920  res
80711   1950   872   872   932   863   909   900   906   888   911   880  res
80711   1960   903   888   869   881   872   916   893   919   890   905  res
80711   1970   907   889   875   932   901   903   922   897   919   865  res
80711   1980   915   911   862   926   916   897   901   884   866   897  res
80711   1990   906   907   868   923   902   918   785   870   926   892  res
80711   2000   854   897   926   896   814   926   881   860   897   840  res
80711   2010 -9999
80719   1915   964   963   967   931   971
80719   1920   946   850   972   958   920   929   938   949   953   899  res
80719   1930   932   871   911   911   908   895   914   820   893   631  res
80719   1940   938   929   890   570   913   917   911   881   857   923  res
80719   1950   877   882   933   873   928   905   908   890   919   887  res
80719   1960   905   903   887   888   901   925   916   919   896   914  res
80719   1970   912   892   898   934   903   905   925   921   932   866  res
80719   1980   930   917   867   929   928   902   904   892   904   916  res
80719   1990   909   924   879   929   914   928   807   873   929   918  res
80719   2000   871   903   931   907   826   932   892   896   903   842  res
80719   2010 -9999
82218   1919   997
82218   1920   962   934   976   970   951   936   963   970   957   902  res
82218   1930   937   916   923   923   927   921   929   832   915   682  res
82218   1940   941   930   910   606   914   922   918   891   860   927  res
82218   1950   898   890   935   898   931   912   909   897   919   896  res
82218   1960   915   903   898   891   911   934   918   924   908   917  res
82218   1970   926   900   924   936   905   909   926   923   940   899  res
82218   1980   934   938   896   932   932   902   929   893   908   920  res
82218   1990   911   925   886   929   915   938   820   875   933   918  res
82218   2000   873   906   941   909   875   933   898   913   924   875  res
82218   2010 -9999
90287   1920   966   955   983   973   955   950   971   971   961   940  res
90287   1930   939   926   945   923   938   942   941   878   916   768  res
90287   1940   946   942   916   703   915   928   942   938   864   931  res
90287   1950   907   907   940   920   935   917   919   903   922   913  res
90287   1960   920   904   906   900   922   934   926   924   910   920  res
90287   1970   928   907   932   938   916   917   936   930   943   931  res
90287   1980   934   938   905   939   933   919   929   913   913   922  res
90287   1990   918   929   914   930   917   944   827   877   940   929  res
90287   2000   891   911   942   912   923   936   904   920   924   891  res
90287   2010 -9999
90645   1954   936   919   927   907   926   923
90645   1960   927   905   908   920   935   937   928   929   911   924  res
90645   1970   930   915   932   940   917   917   942   932   944   937  res
90645   1980   935   938   912   939   934   928   930   916   916   944  res
90645   1990   921   940   921   934   917   944   849   888   941   931  res
90645   2000   897   919   944   941   924   940   910   936   928   923  res
90645   2010 -9999
91377   1927   971   962   946
91377   1930   946   939   952   933   938   954   951   898   917   775  res
91377   1940   947   944   932   729   954   936   943   940   884   938  res
91377   1950   910   929   941   923   938   930   938   936   931   924  res
91377   1960   945   915   918   921   943   940   943   929   923   940  res
91377   1970   932   916   943   942   925   927   945   934   947   940  res
91377   1980   942   946   913   940   946   933   931   916   936   945  res
91377   1990   922   943   936   939   922   952   867   915   949   931  res
91377   2000   903   943   946   941   936   943   937   936   929   923  res
91377   2010 -9999
92493   1917   986   956   998
92493   1920   973   987   993   982   980   977   977   972   965   955  res
92493   1930   958   948   956   947   954   955   952   920   921   808  res
92493   1940   948   944   936   798   954   940   944   944   917   944  res
92493   1950   913   929   945   929   944   932   943   937   932   931  res
92493   1960   956   921   920   932   951   945   944   930   939   943  res
92493   1970   935   923   950   948   933   930   947   935   950   945  res
92493   1980   945   950   913   942   953   937   932   918   946   945  res
92493   1990   933   952   945   942   922   954   869   932   950   934  res
92493   2000   916   944   947   948   946   944   938   937   929   926  res
92493   2010 -9999
102412  1929   963
102412  1930   961   951   959   947   964   955   958   929   935   816  res
102412  1940   959   955   956   815   958   946   950   953   928   944  res
102412  1950   924   932   947   937   948   939   953   942   939   932  res
102412  1960   957   933   920   943   962   946   950   931   952   944  res
102412  1970   936   924   952   951   945   935   948   939   952   946  res
102412  1980   945   950   914   950   954   942   938   924   947   946  res
102412  1990   935   953   951   949   932   954   886   943   954   940  res
102412  2000   930   949   949   954   949   951   942   939   933   930  res
102412  2010 -9999
110128  1953   939   963   942   954   949   947   932
110128  1960   957   940   933   947   962   949   952   937   953   944  res
110128  1970   946   949   954   952   950   935   949   941   952   950  res
110128  1980   946   951   914   951   959   948   939   938   950   947  res
110128  1990   937   954   954   949   936   962   898   947   956   941  res
110128  2000   932   949   954   956   950   958   949   941   939   943  res
110128  2010 -9999
110379  1970   952   956   959   952   954   937   954   945   955   957  res
110379  1980   946   953   950   952   961   950   940   939   951   953  res
110379  1990   939   956   957   953   936   967   924   947   957   945  res
110379  2000   940   951   955   958   952   960   955   947   942   949  res
110379  2010 -9999
110791  1925   992   977   979   969   984
110791  1930   965   955   962   956   967   955   960   948   950   922  res
110791  1940   960   959   958   864   961   948   957   961   954   949  res
110791  1950   927   952   950   945   966   947   957   951   947   938  res
110791  1960   959   945   941   947   963   954   957   939   953   957  res
110791  1970   960   956   960   955   957   937   956   952   957   959  res
110791  1980   953   956   960   956   962   951   940   939   952   956  res
110791  1990   953   958   957   957   954   968   926   950   961   955  res
110791  2000   946   951   956   961   953   960   956   948   948   949  res
110791  2010 -9999
110798  1933   969   969   958   974   949   956   931
110798  1940   960   966   962   912   964   950   963   966   958   951  res
110798  1950   929   956   952   945   969   951   959   959   951   947  res
110798  1960   960   948   955   953   965   955   961   947   962   958  res
110798  1970   961   958   962   956   963   938   960   956   959   964  res
110798  1980   954   959   966   961   962   962   948   941   952   959  res
110798  1990   953   960   960   958   958   968   933   961   962   963  res
110798  2000   951   951   959   961   956   961   958   955   952   955  res
110798  2010 -9999
110914  1925   993   981   981   972   984
110914  1930   967   967   966   982   972   960   975   954   963   946  res
110914  1940   962   972   967   917   967   953   972   971   970   957  res
110914  1950   945   967   960   947   969   958   959   965   955   949  res
110914  1960   961   952   955   953   977   958   963   949   964   960  res
110914  1970   963   959   962   957   963   946   962   961   961   964  res
110914  1980   960   959   967   961   964   966   958   944   953   960  res
110914  1990   955   963   960   963   961   969   939   969   963   964  res
110914  2000   953   953   959   963   958   962   960   958   963   958  res
110914  2010 -9999
110950  1938   967   951
110950  1940   965   975   984   919   970   965   984   974   973   960  res
110950  1950   947   974   962   957   970   959   963   965   957   951  res
110950  1960   961   959   956   957   979   960   964   949   964   962  res
110950  1970   970   961   964   958   965   949   962   962   964   967  res
110950  1980   961   961   969   964   966   970   959   953   970   961  res
110950  1990   958   966   963   966   970   973   944   978   966   967  res
110950  2000   962   954   963   965   966   965   963   963   964   960  res
110950  2010 -9999
111014  1926   991   981   977   985
111014  1930   973   974   967   982   977   969   976   966   975   964  res
111014  1940   972   976   985   944   971   975   986   975   983   964  res
111014  1950   960   976   965   960   971   961   968   967   958   953  res
111014  1960   961   962   964   960   979   961   968   951   964   963  res
111014  1970   971   968   964   958   967   949   963   965   976   969  res
111014  1980   968   963   971   966   967   971   965   967   971   961  res
111014  1990   965   980   964   968   971   973   947   981   968   968  res
111014  2000   968   958   970   966   968   969   965   968   967 -9999  res
111030  1923   986   988   998   991   982   984   987
111030  1930   975   978   971   982   981   975   978   973   975   969  res
111030  1940   976   979   987   979   975   978   989   976   983   981  res
111030  1950   961   983   969   964   972   962   973   968   961   955  res
111030  1960   965   970   966   960   981   963   969   951   966   968  res
111030  1970   975   968   965   966   967   953   963   968   976   970  res
111030  1980   968   963   971   968   967   973   966   969   974   962  res
111030  1990   968   981   965   970   975   974   950   983   971   969  res
111030  2000   974   960   974   969   970   971   969   970   968   968  res
111030  2010 -9999
111051  1923   996   993  1000   993   989   985   989
111051  1930   982   981   983   986   981   975   980   984   979   977  res
111051  1940   983   984   988   979   977   981   989   986   987   985  res
111051  1950   963   983   970   969   976   962   977   969   966   955  res
111051  1960   967   970   967   963   981   970   972   954   976   969  res
111051  1970   978   969   966   967   968   956   967   977   978   970  res
111051  1980   975   974   973   971   971   974   967   969   974   963  res
111051  1990   968   981   969   976   979   974   975   984   973   973  res
111051  2000   979   965   976   971   972   973   970   974   975   973  res
111051  2010 -9999
111134  1918   961   998
111134  1920   991   995  1000   997   996  1000   997   996   987   996  res
111134  1930   984   981   986   988   982   980   991   987   980   980  res
111134  1940   984   988   990   979   978   984   990   989   987   988  res
111134  1950   969   984   983   974   976   971   978   969   973   961  res
111134  1960   970   971   971   968   982   973   975   957   978   976  res
111134  1970   979   974   971   976   971   969   969   979   980   971  res
111134  1980   977   977   980   972   971   974   968   971   978   964  res
111134  1990   969   982   974   976   979   975   977   984   975   974  res
111134  2000   979   969   978   972   974   974 -9999
121212  1908  1000  1000
121212  1910  1000  1000  1000  1000   993   998  1000   998   991  1000  res
121212  1920   998   997  1000   997   997  1000   998   998   997   997  res
121212  1930   986   991   991   991   991   987   991   990   980   980  res
121212  1940   988   996   990   986   983   989   990   989   988   988  res
121212  1950   983   989   987   978   978   974   983   972   974   963  res
121212  1960   975   974   974   969   983   976   979   973   979   978  res
121212  1970   981   979   971   978   974   979   971   982   981   976  res
121212  1980   979   977   981   972   973   976   978   973   978   973  res
121212  1990   969   982   976   979   980   976   978   984   976   974  res
121212  2000   981   975   979   973   977   974   973   976   984   981  res
121212  2010 -9999
121284  1922  1000  1000   998  1000   998  1000   998  1000
121284  1930   994   994   991   991   991   992   994   991   981   985  res
121284  1940   988   998   994   992   986   991   991   992   989   990  res
121284  1950   986   989   988   991   978   974   984   973   977   973  res
121284  1960   976   978   976   974   984   977   980   975   981   979  res
121284  1970   983   979   972   979   985   979   972   984   983   979  res
121284  1980   980   980   982   973   974   978   984   974   978   976  res
121284  1990   973   983   977   981   982   980   979   984   982   976  res
121284  2000   983   977   979   976   978   976   979   977   985   982  res
121284  2010 -9999
121442  1952   989   992   981   974   987   974   977   978
121442  1960   978   985   981   976   986   980   981   981   982   980  res
121442  1970   984   988   981   982   985   980   974   987   983   982  res
121442  1980   981   982   983   978   976   983   985   978   979   977  res
121442  1990   973   984   980   981   982   983   980   988   985   978  res
121442  2000   989   978   980   979   983   979   980   978   985   983  res
121442  2010 -9999
131017  1950   987   990   993   992   983   976   989   976   987   979  res
131017  1960   979   986   983   976   986   980   981   986   985   981  res
131017  1970   987   988   981   989   987   982   975   992   984   983  res
131017  1980   983   983   985   981   984   984   985   978   979   978  res
131017  1990   975   989   980   982   983   985   982   988   988   986  res
131017  2000   989   982   981   980   983   980   983   978   985   985  res
131017  2010 -9999
131080  1930   994   996   993   992   992   995   994   994   986   992  res
131080  1940   990  1000   995   993   988   996   992   994   994   995  res
131080  1950   989   991   993   993   987   981   991   978   989   982  res
131080  1960   979   988   984   980   989   984   982   989   989   982  res
131080  1970   988   988   983   989   987   988   978   994   987   984  res
131080  1980   985   985   986   982   984   986   986   981   983   979  res
131080  1990   979   989   986   982   984   986   983   990   989   988  res
131080  2000   990   983   983   980   988   981   984   981   987   987  res
131080  2010 -9999
131304  1930   998   998  1000   994   998   995   995   996   989   993  res
131304  1940   992  1000   997   996   988   997   995   996   994   996  res
131304  1950   992   993   997   994   988   982   993   978   989   984  res
131304  1960   980   990   984   987   991   984   986   991   990   983  res
131304  1970   990   990   984   991   989   989   979   995   988   985  res
131304  1980   986   987   987   982   986   986   987   986   984   979  res
131304  1990   980   990   987   983   984   987   984   992   989   989  res
131304  2000   991   985   984   983   991   985   990   983   988   990  res
131304  2010 -9999
140735  1939   996
140735  1940   994  1000   998   997   993   998   997   996   996   998  res
140735  1950   992   993   998   994   988   983   993   978   993   985  res
140735  1960   981   991   989   991   992   986   988   992   991   984  res
140735  1970   992   992   988   992   990   989   980   995   989   988  res
140735  1980   986   987   989   983   987   988   991   987   984   981  res
140735  1990   980   994   987   990   985   988   986   992   990   990  res
140735  2000   992   986   986   983   992   987   991   985   990   990  res
140735  2010 -9999
160665  1954   989   984   995   983   993   987
160665  1960   984   994   989   991   995   990   990   992   991   985  res
160665  1970   993   992   988   993   993   990   984   995   990   989  res
160665  1980   987   988   989   986   989   988   991   987   985   981  res
160665  1990   982   994   987   990   986   990   989   992   990   991  res
160665  2000   993   988   986   985   994   989   992   988   992   990  res
160665  2010 -9999
160777  1949   998
160777  1950   994   995   998   996   990   985   995   983   996   988  res
160777  1960   984   997   991   992   996   991   993   992   991   986  res
160777  1970   994   993   989   993   994   993   986   996   992   991  res
160777  1980   988   988   990   990   991   990   991   987   985   985  res
160777  1990   984   995   987   990   990   990   992   994   992   991  res
160777  2000   993   990   987   985   994   991   994   992   993   991  res
160777  2010 -9999
160930  1925  1000  1000  1000  1000  1000
160930  1930  1000  1000  1000   995   998   996   996   997  1000   998  res
160930  1940   995  1000  1000  1000   996  1000   997   996   998   998  res
160930  1950   996   997   998   997   990   986   996   985   997   992  res
160930  1960   990   997   992   992   996   991   995   994   994   986  res
160930  1970   995   995   989   994   994   995   990   996   992   993  res
160930  1980   990   989   990   990   992   992   993   994   988   987  res
160930  1990   985   995   989   990   990   990   993   994   992   992  res
160930  2000   994   991   988   988   996   993   994   992   993   995  res
160930  2010 -9999
170994  1960   991   997   993   994   996   994  1000   995   995   986  res
170994  1970   996   995   993   995   994   995   991   997   993   993  res
170994  1980   990   989   990   992   994   993   994   996   989   988  res
170994  1990   990   997   989   991   991   991   995   995   992   994  res
170994  2000   995   991   988   990   996   994   994   993   994   996  res
170994  2010 -9999
172229  1880  1000  1000  1000  1000  1000  1000  1000  1000  1000  1000  res
172229  1890  1000  1000  1000  1000  1000  1000  1000  1000  1000  1000  res
172229  1900  1000  1000  1000  1000  1000  1000  1000  1000  1000  1000  res
172229  1910  1000  1000  1000  1000  1000  1000   991   954  1000  1000  res
172229  1920  1000   990  1000  1000  1000   997  1000   995  1000  1000  res
172229  1930  1000  1000  1000   996   998   996  1000   998  1000  1000  res
172229  1940   995  1000  1000  1000   997  1000   998   997  1000   998  res
172229  1950   997   998  1000   998   991   988   997   989   997   993  res
172229  1960   992   998   993   995   998   995  1000   996   995   988  res
172229  1970   997   995   996   996   995   996   991   997   993   993  res
172229  1980   991   989   992   992   994   994   995  1000   989   994  res
172229  1990   991   997   989   993   992   992   996   995   993   994  res
172229  2000   995   991   988   992   997   994   994   995   995   996  res
172229  2010 -9999
180751  1943  1000  1000  1000   998  1000  1000  1000
180751  1950   998  1000  1000   998   992   989   997   989   997   993  res
180751  1960   993   998   994   995   998   995  1000   996   996   991  res
180751  1970   997   996   996   996   996   996   991   998   994   996  res
180751  1980   993   990   992   994   995   995   996  1000   992   995  res
180751  1990   994   997   990   993   992   992   996   995   993   995  res
180751  2000   996   992   989   993   998   995   997   996   998   997  res
180751  2010 -9999
180794  1948  1000  1000
180794  1950  1000  1000  1000   998   992   990   997   991   998   993  res
180794  1960   994   998   997   995   998   995  1000   996   996   992  res
180794  1970   997   996   996   997   996   996   994   998   996   997  res
180794  1980   993   991   992   996   996   995   998  1000   995   997  res
180794  1990   994   997   992   993   994   993   996   995   994   995  res
180794  2000   996   992   991   993   998   997   997   997  1000   998  res
180794  2010 -9999
190018  1953  1000   994   994   998   995   998   993
190018  1960   996  1000   997   996  1000   996  1000   997   998   994  res
190018  1970  1000   997   998   998   996   998   995   998   996   998  res
190018  1980   993   992   992   996   997   996   998  1000   996   997  res
190018  1990   994   998   992   995   995   994   997   996   995   995  res
190018  2000   998   996   994   994  1000   998   997   998  1000  1000  res
190018  2010 -9999
190438  1936  1000   998  1000  1000
190438  1940   997  1000  1000  1000  1000  1000   998  1000  1000  1000  res
190438  1950  1000  1000  1000  1000   994   996   998   996   998   996  res
190438  1960   997  1000  1000   997  1000   996  1000   998   998   996  res
190438  1970  1000  1000  1000   998   997  1000   996  1000   996  1000  res
190438  1980   994   992   994   997  1000   996   998  1000   997   998  res
190438  1990   996  1000   992   996   996   994  1000   996   998   997  res
190438  2000   998   997   995   994  1000   998   998  1000  1000  1000  res
190438  2010 -9999
200038  1955   997   998   996   998   998
200038  1960   997  1000  1000   998  1000   997  1000   998   998  1000  res
200038  1970  1000  1000  1000   998   997  1000   997  1000   997  1000  res
200038  1980   995   993   998   997  1000   996  1000  1000   998  1000  res
200038  1990   997  1000   993   996   997   995  1000   997   998   998  res
200038  2000   998   998   995   996  1000   998   998  1000  1000  1000  res
200038  2010 -9999
200168  1950  1000  1000  1000  1000   995   997  1000   996  1000  1000  res
200168  1960  1000  1000  1000  1000  1000   997  1000  1000  1000  1000  res
200168  1970  1000  1000  1000  1000   997  1000   998  1000   997  1000  res
200168  1980   995   998  1000   998  1000   997  1000  1000  1000  1000  res
200168  1990   997  1000   995   997   997   996  1000   997   998   998  res
200168  2000   998  1000   997   997  1000   998   998  1000  1000  1000  res
200168  2010 -9999
200389  1950  1000  1000  1000  1000   995  1000  1000  1000  1000  1000  res
200389  1960  1000  1000  1000  1000  1000   998  1000  1000  1000  1000  res
200389  1970  1000  1000  1000  1000   997  1000  1000  1000   998  1000  res
200389  1980   996   998  1000  1000  1000  1000  1000  1000  1000  1000  res
200389  1990   998  1000   997  1000   998   996  1000   998  1000  1000  res
200389  2000   998  1000   998   998  1000  1000  1000  1000  1000  1000  res
200389  2010 -9999
200988  1954   996  1000  1000  1000  1000  1000
200988  1960  1000  1000  1000  1000  1000   998  1000  1000  1000  1000  res
200988  1970  1000  1000  1000  1000  1000  1000  1000  1000   998  1000  res
200988  1980   996  1000  1000  1000  1000  1000  1000  1000  1000  1000  res
200988  1990  1000  1000  1000  1000   998   998  1000   998  1000  1000  res
200988  2000  1000  1000   998  1000  1000  1000  1000  1000  1000  1000  res
200988  2010 -9999
202162  1980   996  1000  1000  1000  1000  1000  1000  1000  1000  1000  res
202162  1990  1000  1000  1000  1000  1000  1000  1000   998  1000  1000  res
202162  2000  1000  1000  1000  1000  1000  1000  1000  1000  1000  1000  res
202162  2010 -9999
12369A  1953  1000   997  1000  1000  1000  1000  1000
12369A  1960  1000  1000  1000  1000  1000  1000  1000  1000  1000  1000  res
12369A  1970  1000  1000  1000  1000  1000  1000  1000  1000  1000  1000  res
12369A  1980   997  1000  1000  1000  1000  1000  1000  1000  1000  1000  res
12369A  1990  1000  1000  1000  1000  1000  1000  1000   998  1000  1000  res
12369A  2000  1000  1000  1000  1000  1000  1000  1000  1000  1000  1000  res
12369A  2010   493   820   900   796 -9999
20804A  1913  1000   924   996   978   954   991  1000
20804A  1920   987   988  1000   993  1000   993  1000   994  1000  1000  res
20804A  1930  1000  1000  1000   996  1000   997  1000  1000  1000  1000  res
20804A  1940   998  1000  1000  1000  1000  1000  1000  1000  1000  1000  res
20804A  1950  1000  1000  1000  1000   998  1000  1000  1000  1000  1000  res
20804A  1960  1000  1000  1000  1000  1000  1000  1000  1000  1000  1000  res
20804A  1970  1000  1000  1000  1000  1000  1000  1000  1000  1000  1000  res
20804A  1980   998  1000  1000  1000  1000  1000  1000  1000  1000  1000  res
20804A  1990  1000  1000  1000  1000  1000  1000  1000  1000  1000  1000  res
20804A  2000  1000   998  1000  1000  1000  1000 -9999
42250A  1924   997   991  1000   988  1000   997
42250A  1930  1000  1000   998  1000  1000  1000  1000  1000  1000  1000  res
42250A  1940   998  1000  1000  1000  1000  1000  1000  1000  1000  1000  res
42250A  1950  1000  1000  1000  1000  1000  1000  1000  1000  1000  1000  res
42250A  1960  1000  1000  1000  1000  1000  1000  1000  1000  1000  1000  res
42250A  1970  1000  1000  1000  1000  1000  1000  1000  1000  1000  1000  res
42250A  1980   998  1000  1000  1000  1000  1000  1000  1000  1000  1000  res
42250A  1990  1000  1000  1000  1000  1000  1000  1000  1000  1000  1000  res
42250A  2000  1000   998  1000  1000  1000  1000  1000   998  1000  1000  res
42250A  2010   550   829   940   926   794 -9999
72212A  1946  1000  1000  1000  1000
72212A  1950  1000  1000  1000  1000  1000  1000  1000  1000  1000  1000  res
72212A  1960  1000  1000  1000  1000  1000  1000  1000  1000  1000  1000  res
72212A  1970  1000  1000  1000  1000  1000  1000  1000  1000  1000  1000  res
72212A  1980  1000  1000  1000  1000  1000  1000  1000  1000  1000  1000  res
72212A  1990  1000  1000  1000  1000  1000  1000   998  1000  1000  1000  res
72212A  2000  1000   996  1000  1000  1000  1000  1000   998  1000  1000  res
72212A  2010   784   905   942   946 -9999
72345A  1933  1000  1000  1000  1000  1000  1000  1000
72345A  1940  1000  1000  1000   998  1000  1000  1000  1000  1000  1000  res
72345A  1950  1000  1000  1000  1000  1000  1000  1000  1000  1000  1000  res
72345A  1960  1000  1000  1000  1000  1000  1000  1000  1000  1000  1000  res
72345A  1970  1000  1000  1000  1000  1000  1000  1000  1000  1000  1000  res
72345A  1980  1000  1000  1000  1000  1000  1000  1000  1000  1000  1000  res
72345A  1990  1000  1000  1000  1000  1000  1000   998  1000  1000  1000  res
72345A  2000  1000   996  1000  1000   998  1000  1000   997  1000  1000  res
72345A  2010   825   914   955 -9999
82403A  1922   989   991   994   989  1000   988  1000   993
82403A  1930   995   998   991   996  1000   998   996   997   998  1000  res
82403A  1940  1000   998  1000   997  1000  1000  1000  1000  1000  1000  res
82403A  1950   997  1000  1000   997  1000  1000  1000  1000  1000   998  res
82403A  1960  1000  1000  1000  1000  1000  1000  1000  1000  1000  1000  res
82403A  1970  1000  1000  1000  1000  1000  1000  1000  1000  1000  1000  res
82403A  1980  1000  1000  1000  1000   998  1000  1000  1000  1000  1000  res
82403A  1990  1000  1000  1000  1000  1000  1000   997  1000  1000  1000  res
82403A  2000  1000   995  1000  1000   998  1000  1000   997  1000  1000  res
82403A  2010   942   916   965   951 -9999
92360A  1922   982   978   993   978   978   982   998   993
92360A  1930   995   992   984   995  1000   997   995   997   998   998  res
92360A  1940  1000   998  1000   997  1000  1000  1000   998  1000   998  res
92360A  1950   997  1000  1000   997  1000   998  1000   998  1000   997  res
92360A  1960  1000  1000  1000  1000  1000  1000  1000   998   998  1000  res
92360A  1970  1000  1000  1000  1000  1000  1000   998  1000  1000  1000  res
92360A  1980  1000  1000  1000  1000   998   998   998   998  1000  1000  res
92360A  1990  1000  1000  1000  1000  1000  1000   997  1000  1000  1000  res
92360A  2000  1000   994  1000  1000   998  1000  1000   997  1000   998  res
92360A  2010   957   986   968   959   846    85 -9999
92442A  1940  1000   998  1000   996  1000  1000  1000   995  1000   996  res
92442A  1950   996   994   998   995  1000   997  1000   997  1000   996  res
92442A  1960   998  1000  1000   996  1000  1000  1000   998   998  1000  res
92442A  1970   998  1000  1000  1000   998  1000   997  1000  1000  1000  res
92442A  1980  1000  1000   997   998   998   998   998   998  1000  1000  res
92442A  1990  1000  1000  1000  1000  1000  1000   996  1000  1000  1000  res
92442A  2000  1000   993  1000  1000   998  1000  1000   995  1000   996  res
92442A  2010   962 -9999
102470A 1931   989   983   994  1000   995   992   993   997   997
102470A 1940   998   998   998   996  1000   998   997   993  1000   996  res
102470A 1950   996   994   998   993  1000   996  1000   997   998   996  res
102470A 1960   998   998  1000   996   998   997   998   996   996  1000  res
102470A 1970   998  1000  1000  1000   998  1000   996  1000  1000  1000  res
102470A 1980  1000  1000   996   996   998   998   997   998   998  1000  res
102470A 1990  1000  1000  1000  1000  1000  1000   996  1000  1000  1000  res
102470A 2000   998   992  1000  1000   997  1000  1000   994  1000   994  res
102470A 2010   971   992   973   967 -9999
122554A 1935   994   992   992   996   994
122554A 1940   994   994   997   995  1000   997   996   992   998   994  res
122554A 1950   996   994   998   993   997   995  1000   997   998   995  res
122554A 1960   996   996  1000   996   997   997   998   996   996   998  res
122554A 1970   997  1000   998  1000   996  1000   996   998   998  1000  res
122554A 1980  1000  1000   996   994   998   997   997   997   998   998  res
122554A 1990   998   998   998  1000  1000  1000   996  1000  1000  1000  res
122554A 2000   997   992  1000   998   997  1000  1000   993  1000   994  res
122554A 2010 -9999
190075A 1957   995   998   995
190075A 1960   995   995   995   992   997   996   997   995   996   998  res
190075A 1970   996  1000   998   997   996  1000   994   998   998   997  res
190075A 1980  1000  1000   995   994   997   997   996   995   998   998  res
190075A 1990   997   998   997  1000  1000  1000   996  1000  1000  1000  res
190075A 2000   997   991  1000   998   997   997   998   992   998   991  res
190075A 2010   973   995   978   982   937   908 -9999
42232A  1943   995   995   994   996   989   996   993
42232A  1950   996   993   996   993   995   992   997   995   996   994  res
42232A  1960   994   994   993   992   997   995   997   995   994   998  res
42232A  1970   996   998   997   997   994  1000   993   997   998   996  res
42232A  1980  1000  1000   993   993   997   996   994   995   996   997  res
42232A  1990   997   997   996   998  1000  1000   995   998   998   998  res
42232A  2000   996   990  1000   997   995   997   998   992   998   990  res
42232A  2010   978 -9999
042565A 1933   994   997   988   989   988   995   993
042565A 1940   994   994   994   987   995   992   996   988   994   992  res
042565A 1950   993   993   995   991   994   990   996   992   996   994  res
042565A 1960   994   994   992   991   996   993   995   993   991   990  res
042565A 1970   996   998   997   997   993   997   992   997   997   993  res
042565A 1980  1000  1000   993   993   996   995   993   992   995   997  res
042565A 1990   995   996   996   998   998  1000   995   998   998   997  res
042565A 2000   996   989  1000   996   993   994   997   990   997   990  res
042565A 2010   981   996   997   995 -9999
90285A  1926   974   974   998   984
90285A  1930   992   983   978   993   996   988   988   983   989   992  res
90285A  1940   993   993   993   987   994   991   995   986   993   988  res
90285A  1950   992   991   994   991   993   986   996   991   995   994  res
90285A  1960   993   994   992   991   996   993   994   991   991   990  res
90285A  1970   996   997   997   996   993   996   991   997   994   991  res
90285A  1980   998  1000   992   993   996   994   990   991   993   994  res
90285A  1990   995   996   996   996   996  1000   995   998   998   997  res
90285A  2000   994   989  1000   995   993   993   997   987   996   986  res
90285A  2010   994  1000  1000 -9999
092501A 1932   976   993   992   984   985   981   986   988
092501A 1940   992   988   992   987   991   991   989   985   992   986  res
092501A 1950   992   989   992   991   993   983   995   990   995   992  res
092501A 1960   993   994   992   991   994   992   991   990   991   989  res
092501A 1970   995   997   996   996   992   996   989   995   994   990  res
092501A 1980   998   995   991   992   995   992   990   990   992   992  res
092501A 1990   993   996   992   994   995  1000   995   998   997   995  res
092501A 2000   991   988  1000   995   992   991   996   987   996   985  res
092501A 2010   996  1000  1000   997   968   917 -9999
111166A 1918   856   958
111166A 1920   924   977   961   972   988   978   970   957   997   982  res
111166A 1930   988   976   973   987   981   983   975   980   985   988  res
111166A 1940   991   984   991   985   981   988   986   978   991   985  res
111166A 1950   989   985   990   990   993   982   993   987   994   991  res
111166A 1960   992   992   992   990   993   991   988   990   991   989  res
111166A 1970   994   996   994   996   992   994   988   995   993   988  res
111166A 1980   998   994   990   990   995   991   989   988   990   991  res
111166A 1990   993   996   988   994   994  1000   992   997   997   992  res
111166A 2000   988   988  1000   994   990   990   993   984   995   982  res
111166A 2010  1000  1000   998  1000   984 -9999
121017A 1956   990   985   994   989
121017A 1960   992   992   990   990   992   989   988   989   991   989  res
121017A 1970   994   995   994   993   989   993   987   994   991   987  res
121017A 1980   996   991   988   990   991   990   988   986   988   988  res
121017A 1990   992   995   987   991   993  1000   991   996   996   992  res
121017A 2000   986   988  1000   994   989   990   991   979   993   982  res
121017A 2010   998   998   997  1000   985   969  1000  1000 -9999
131192A 1949   980
131192A 1950   987   984   988   985   992   981   986   983   992   987  res
131192A 1960   992   992   989   989   990   985   988   988   990   988  res
131192A 1970   991   989   993   992   984   993   985   994   989   983  res
131192A 1980   994   990   987   988   990   987   988   985   983   987  res
131192A 1990   991   994   987   989   992   998   990   995   995   991  res
131192A 2000   985   984 -9999
151051A 1923   959   983   968   970   956   993   981
151051A 1930   979   975   972   987   974   983   973   979   982   986  res
151051A 1940   990   984   990   980   975   985   981   976   988   978  res
151051A 1950   986   983   987   984   990   979   985   979   988   987  res
151051A 1960   992   991   984   987   980   985   987   988   984   988  res
151051A 1970   991   986   992   990   983   992   985   994   989   983  res
151051A 1980   987   989   985   985   990   986   987   984   981   985  res
151051A 1990   990   992   986   987   990   997   989   993   993   990  res
151051A 2000   982   983   996   993   989   987   990   977   992   979  res
151051A 2010   997   993   996   995   996   979   208 -9999
160962A 1920   911   974   951   930   979   961   968   955   985   977  res
160962A 1930   978   963   971   978   970   980   973   975   978   985  res
160962A 1940   975   984   989   980   975   976   978   975   980   978  res
160962A 1950   985   979   987   982   984   979   984   978   987   985  res
160962A 1960   987   989   984   985   980   984   986   988   983   984  res
160962A 1970   988   984   992   990   982   989   980   993   985   981  res
160962A 1980   986   987   985   982   990   978   982   982   980   985  res
160962A 1990   990   989   982   985   985   994   988   991   988   989  res
160962A 2000   982   983   994   993   988   982   987   976 -9999
172220A 1959   984
172220A 1960   984   984   983   984   979   984   980   987   981   984  res
172220A 1970   988   984   988   985   981   986   980   993   982   979  res
172220A 1980   985   986   983   982   990   977   980   982   978   984  res
172220A 1990   990   989   979   984   985   989   988   991   987   989  res
172220A 2000   976   982   989   993   986   979   982   976   986   976  res
172220A 2010   995   981   996   994  1000   994  1000 -9999
200188A 1990   983   984   979   983   984   983   988   990   986   980  res
200188A 2000   975   980   985   993   985   976   981   976   985   976  res
200188A 2010   994   980   991   990  1000   997  1000  1000 -9999
80248   1940   971   983   987   978   969   973   973   972   973   977  res
80248   1950   983   970   983   982   980   975   982   977   987   984  res
80248   1960   981   982   976   981   979   978   978   985   980   983  res
80248   1970   983   980   986   984   981   979   977   989   982   978  res
80248   1980   985   984   983   980   987   975   980   982   974   984  res
80248   1990   983   983   979   981   984   977   986   989   985   978  res
80248   2000   975   977   982   987   983   976   980   975   979   974  res
80248   2010 -9999
192129  1971   978   984   984   981   977   976   985   978   977
192129  1980   977   984   981   980   986   974   978   981   971   980  res
192129  1990   982   983   978   979   982   973   978   987   984   978  res
192129  2000   970   976   976   980   981   971   979   974   977   974  res
192129  2010 -9999
92389   1928   983   974
92389   1930   952   961   971   973   966   977   968   971   978   983  res
92389   1940   970   983   985   975   968   967   972   968   973   976  res
92389   1950   983   965   983   980   974   974   974   977   986   982  res
92389   1960   980   979   972   981   974   977   977   980   980   983  res
92389   1970   981   977   981   981   977   974   973   984   978   973  res
92389   1980   971   982   975   972   983   974   977   980   970   977  res
92389   1990   982   980   977   973   982   969   975   978   983   971  res
92389   2000   967   976   976   972   979   969   977   973   974   972  res
92389   2010 -9999
90369   1954   974   973   974   976   986   982
90369   1960   980   978   969   981   971   975   977   978   977   982  res
90369   1970   979   976   977   980   976   974   972   984   977   971  res
90369   1980   971   979   974   971   979   971   973   978   969   975  res
90369   1990   981   977   974   972   982   966   973   975   970   969  res
90369   2000   966   974   974   965   976   962   977   970   972   972  res
90369   2010 -9999
110952  1931   961   965   963   962   973   960   970   975   979
110952  1940   967   976   975   972   960   962   969   964   965   976  res
110952  1950   980   964   981   978   971   973   969   974   985   981  res
110952  1960   979   975   969   980   971   974   976   976   977   980  res
110952  1970   978   972   973   978   976   973   972   980   976   967  res
110952  1980   961   973   969   971   975   968   971   977   963   974  res
110952  1990   980   973   973   972   977   965   969   975   967   966  res
110952  2000   966   974   971   959   975   961   974   969   972   971  res
110952  2010 -9999
192128  1965   974   972   975   970   979
192128  1970   975   971   969   977   973   972   971   974   972   966  res
192128  1980   961   970   963   970   974   964   971   977   963   973  res
192128  1990   979   969   971   970   969   965   967   970   962   965  res
192128  2000   962   970   965   955   975   957   972   969   971   970  res
192128  2010 -9999
120924  1938   975   977
120924  1940   954   958   974   971   941   962   968   964   963   975  res
120924  1950   978   963   979   978   970   972   969   965   984   973  res
120924  1960   977   967   968   978   964   973   971   970   966   975  res
120924  1970   967   968   969   973   971   969   970   973   971   952  res
120924  1980   960   962   962   967   970   963   969   977   962   970  res
120924  1990   975   966   965   970   967   964   966   968   961   965  res
120924  2000   962   964   952   944   969   954   967   965   966   968  res
120924  2010 -9999
12366   1981   962   958   965   970   961   968   974   962   968
12366   1990   970   966   958   969   965   964   963   968   954   960  res
12366   2000   962   962   945   932   969   952   958   964   965   963  res
12366   2010 -9999
82317   1922   936   899   963   947   967   953   982   946
82317   1930   937   960   963   956   951   970   956   965   971   976  res
82317   1940   949   956   962   968   941   962   959   959   961   969  res
82317   1950   977   962   974   978   963   972   966   958   983   971  res
82317   1960   974   967   968   977   961   971   969   968   965   958  res
82317   1970   966   961   966   971   965   967   968   969   965   950  res
82317   1980   955   961   954   965   970   960   967   969   958   968  res
82317   1990   963   963   947   968   962   961   960   966   952   955  res
82317   2000   958   961   933   931   968   951   953   959   963   933  res
82317   2010 -9999
50281   1955   970   965   957   982   967
50281   1960   970   964   968   971   961   961   960   967   961   955  res
50281   1970   966   958   964   971   964   966   966   965   964   948  res
50281   1980   950   951   945   953   969   949   967   961   954   966  res
50281   1990   960   962   945   967   962   941   955   962   951   938  res
50281   2000   944   960   933   929   964   951   952   957   961   929  res
50281   2010 -9999
22603   1962   964   970   958   958   957   967   960   954
22603   1970   965   953   959   966   964   963   965   962   964   946  res
22603   1980   942   949   943   948   967   949   959   958   953   961  res
22603   1990   960   961   940   964   959   939   953   954   948   937  res
22603   2000   938   957   930   923   952   949   945   956   936   921  res
22603   2010 -9999
100997  1954   962   962   964   946   967   967
100997  1960   967   963   961   967   955   946   956   963   959   950  res
100997  1970   960   946   959   965   953   963   963   957   964   935  res
100997  1980   932   938   941   947   960   945   957   953   948   961  res
100997  1990   958   957   932   963   958   932   953   950   948   931  res
100997  2000   938   957   927   916   951   942   944   953   932   910  res
100997  2010 -9999
190497  1950   973   961   967   968   960   961   963   945   964   964  res
190497  1960   962   957   952   960   953   946   953   958   958   950  res
190497  1970   952   943   953   957   945   960   960   955   961   932  res
190497  1980   922   931   932   946   959   944   956   941   948   957  res
190497  1990   946   957   922   960   955   931   950   947   948   930  res
190497  2000   927   948   926   908   942   937   937   949   926   908  res
190497  2010   988 -9999
131047  1950   973   959   962   966   953   953   959   942   959   957  res
131047  1960   961   955   948   951   952   938   945   956   955   943  res
131047  1970   952   940   951   957   943   953   959   952   961   931  res
131047  1980   903   923   931   945   954   941   956   940   943   952  res
131047  1990   940   947   913   959   945   926   940   916   942   929  res
131047  2000   909   948   911   898   939   936   935   949   917   900  res
131047  2010 -9999
91491   1928   955   945
91491   1930   935   959   939   952   922   966   947   958   967   976  res
91491   1940   942   953   951   949   940   961   957   958   948   966  res
91491   1950   963   957   958   966   952   952   958   940   958   955  res
91491   1960   957   951   948   944   947   932   942   955   954   940  res
91491   1970   947   934   950   948   938   952   958   945   954   929  res
91491   1980   891   916   911   945   953   937   955   927   936   934  res
91491   1990   934   947   912   957   943   925   930   908   941   928  res
91491   2000   908   947   905   896   936   935   931   941   875   893  res
91491   2010 -9999
60125   1929   938
60125   1930   883   958   939   951   883   957   943   957   949   965  res
60125   1940   929   952   938   949   927   959   950   956   935   941  res
60125   1950   961   956   954   960   949   940   957   934   957   943  res
60125   1960   950   939   948   938   936   926   938   953   945   930  res
60125   1970   936   925   949   943   933   943   948   939   950   923  res
60125   1980   882   914   908   943   949   932   955   919   929   926  res
60125   1990   930   947   895   942   939   924   884   897   940   926  res
60125   2000   873   943   905   893   919   931   913   941   859   887  res
60125   2010 -9999
111033  1915   933   967   947   616   934
111033  1920   870   962   934   886   959   947   965   923   947   936  res
111033  1930   880   926   937   922   857   947   942   956   934   949  res
111033  1940   928   952   934   944   922   958   948   956   931   934  res
111033  1950   953   955   953   956   947   930   956   932   951   925  res
111033  1960   941   938   940   937   929   914   935   952   937   926  res
111033  1970   935   912   942   925   927   934   946   931   934   921  res
111033  1980   870   910   905   942   948   919   955   918   928   924  res
111033  1990   929   943   894   933   937   920   879 -9999
52388   1950   944   952   951   944   945   910   954   913   945   919  res
52388   1960   941   937   937   935   927   907   927   944   936   922  res
52388   1970   926   911   927   922   925   932   945   931   931   919  res
52388   1980   865   901   894   941   934   914   942   904   927   923  res
52388   1990   928   940   891   930   936   915   877   892   934   924  res
52388   2000   871   933   897   893   917   928   894   938   844   871  res
52388   2010 -9999
80746   1953   943   944   909   952   910   943   918
80746   1960   940   910   920   933   927   902   894   938   926   918  res
80746   1970   921   908   904   921   901   887   941   929   930   912  res
80746   1980   850   895   891   932   930   912   941   903   927   914  res
80746   1990   927   924   880   923   936   913   871   878   932   924  res
80746   2000   869 -9999
82368   1870  1000  1000  1000  1000  1000  1000  1000  1000  1000  1000  res
82368   1880  1000  1000  1000  1000  1000  1000  1000  1000  1000  1000  res
82368   1890  1000  1000  1000  1000  1000  1000  1000  1000  1000  1000  res
82368   1900  1000  1000  1000  1000  1000  1000  1000  1000  1000  1000  res
82368   1910  1000  1000  1000  1000   916   749   896   896   369   894  res
82368   1920   674   940   924   847   950   897   955   922   919   932  res
82368   1930   874   924   907   902   845   940   934   951   931   938  res
82368   1940   921   939   934   928   919   955   945   953   916   932  res
82368   1950   943   948   946   939   937   905   951   908   926   911  res
82368   1960   915   903   918   929   919   898   891   935   923   918  res
82368   1970   907   900   903   917   894   881   920   927   928   908  res
82368   1980   831   892   890   929   928   904   936   901   920   911  res
82368   1990   910   922   871   917   920   912   868   875   930   916  res
82368   2000   843   919   885   875   913   900   894   928   837   870  res
82368   2010 -9999
130579  1924   917   548   942   875   886   874
130579  1930   871   915   896   869   840   939   929   927   929   932  res
130579  1940   916   937   923   921   906   955   944   943   916   931  res
130579  1950   929   937   944   937   932   902   943   904   925   905  res
130579  1960   906   896   918   928   916   891   881   932   914   905  res
130579  1970   890   866   885   907   891   879   904   922   928   900  res
130579  1980   823   891   880   928   923   895   932   901   904   909  res
130579  1990   902   916   847   915   900   902   863   870   926   916  res
130579  2000   836   910   882   860   906   895   888   927   835   867  res
130579  2010 -9999
92486A  1921   876   151   803   917   483   898   759   863   826
92486A  1930   867   767   887   859   823   918   927   924   926   928  res
92486A  1940   900   935   909   918   882   936   933   934   895   929  res
92486A  1950   927   928   940   923   932   894   930   898   919   888  res
92486A  1960   903   892   881   926   914   869   874   927   911   892  res
92486A  1970   874   838   882   906   888   865   877   900   921   864  res
92486A  1980   819   871   879   922   921   891   922   900   904   908  res
92486A  1990   895   911   846   913   877   873   861   844   917   895  res
92486A  2000   824   899   872   857   892   884   879   923   828   863  res
92486A  2010 -9999
121423A 1935   905   917   905   913   910
121423A 1940   867   928   907   909   870   929   929   931   889   927  res
121423A 1950   900   925   939   917   910   887   923   890   915   877  res
121423A 1960   896   882   864   909   913   857   871   925   903   863  res
121423A 1970   854   837   880   886   885   861   875   892   918   851  res
121423A 1980   815   854   835   916   919   891   916   892   886   903  res
121423A 1990   868   911   845   899   871   869   856   839   915   892  res
121423A 2000   816   895   871   854   889   877   879   908   808 -9999  res
52237A  1937   852   893   882
52237A  1940   861   928   906   884   868   924   913   931   841   897  res
52237A  1950   883   920   932   893   877   878   901   861   909   871  res
52237A  1960   896   881   860   901   910   856   868   923   899   856  res
52237A  1970   841   823   851   884   883   849   874   870   904   851  res
52237A  1980   793   846   808   879   909   886   899   887   869   892  res
52237A  1990   857   910   804   899   848   860   846   827   909   882  res
52237A  2000   811   893   862   852   865   874   870   901   792   863  res
52237A  2010   976   964   990   966   986 -9999
70469A  1953   881   869   873   892   808   895   869
70469A  1960   895   866   854   872   907   852   840   918   898   843  res
70469A  1970   841   810   820   884   870   829   869   861   901   844  res
70469A  1980   761   844   784   877   905   879   894   875   864   883  res
70469A  1990   851   894   802   889   836   844   821   826   891   868  res
70469A  2000   748   887   843   834   841   867   839   892 -9999
80641A  1937   846   881   866
80641A  1940   850   927   881   877   867   922   908   875   833   896  res
80641A  1950   882   919   927   872   857   856   888   799   879   827  res
80641A  1960   888   856   850   872   902   848   838   895   868   810  res
80641A  1970   836   804   816   874   853   829   867   858   898   829  res
80641A  1980   651   839   686   856   887   876   870   872   861   855  res
80641A  1990   813   856   799   876   815   844   816   826   889   852  res
80641A  2000   688   876   839   833   839   864   827   878   775   861  res
80641A  2010   967   948   970   962   948   948  1000 -9999
90607A  1919   581
90607A  1920   306   753    99   596   837   476   884   355   858   786  res
90607A  1930   844   763   864   857   807   903   911   828   812   857  res
90607A  1940   824   919   858   876   752   855   905   860   817   896  res
90607A  1950   879   895   915   872   851   812   867   782   870   815  res
90607A  1960   874   838   843   872   886   846   832   886   837   801  res
90607A  1970   824   790   783   840   853   805   856   826   897   819  res
90607A  1980   622   797   684   828   843   856   862   870   844   851  res
90607A  1990   811   836   681   862   797   835   805   817   881   847  res
90607A  2000   618   846   812   828   832   862   823   833   747 -9999  res
110899A 1933   850   799   836   910   777   798   836
110899A 1940   772   917   834   834   749   845   900   783   815   892  res
110899A 1950   830   892   915   868   836   748   849   762   851   795  res
110899A 1960   859   830   842   871   877   826   824   882   812   794  res
110899A 1970   801   788   764   836   790   802   824   808   873   717  res
110899A 1980   593   794   667   807   836   841   841   826   835   851  res
110899A 1990   795   813   649   812   783   832   762   804   863   781  res
110899A 2000   578   800   807   825   828   832   818   779   731   849  res
110899A 2010   956   947   942   945   882   776   962  1000 -9999
112421A 1950   820   840   905   858   767   742   828   738   820   790  res
112421A 1960   826   829   754   860   872   824   808   834   773   775  res
112421A 1970   783   787   754   831   781   774   791   777   865   671  res
112421A 1980   592   764   563   799   833   827   840   758   827   787  res
112421A 1990   788   803   620   782   753   831   709   773   844   770  res
112421A 2000   489   790   704   818   793   792   806   771   711   823  res
112421A 2010   953 -9999
140820A 1924   733  1000   647   270   766   756
140820A 1930   516   761   856   849   792   812   910   758   792   664  res
140820A 1940   699   915   814   748   684   828   891   540   785   861  res
140820A 1950   817   830   904   820   679   722   760   732   815   740  res
140820A 1960   813   828   742   798   814   818   785   826   759   767  res
140820A 1970   727   761   677   817   758   746   729   750   822   588  res
140820A 1980   570   764   495   761   831   800   837   713   793   777  res
140820A 1990   788   773   611   745   738   792   677   756   830   745  res
140820A 2000   322   771   656   812   782   766   786   736   684   778  res
140820A 2010   952   787   930   395   814   657  1000 -9999
171403A 1950   691   820   849   776   647   688   683   620   813   725  res
171403A 1960   796   740   725   756   761   806   733   800   725   731  res
171403A 1970   716   680   644   808   756   712   725   737   814   578  res
171403A 1980   466   624   481   730   824   768   834   689   718   767  res
171403A 1990   760   770   589   736   686   668   668   745   819   742  res
171403A 2000   319   725   571   809   647   694   749   716   624   767  res
171403A 2010   946   439   789   306   688 -9999
052246A 1945   828   882   526   785   846
052246A 1950   689   813   840   595   639   651   672   611   786   724  res
052246A 1960   781   733   722   697   731   794   720   800   539   728  res
052246A 1970   636   673   628   777   718   690   698   675   798   572  res
052246A 1980   433   380   447   639   821   742   794   678   649   762  res
052246A 1990   743   761   552   701   672   639   575   742   816   742  res
052246A 2000   286   681   523   788   634   610   655   691   605   745  res
052246A 2010   893 -9999
82239A  1930   474   703   830   800   742   773   838   661   636   538  res
82239A  1940   688   886   802   518   659   805   865   491   705   806  res
82239A  1950   650   805   830   525   509   525   668   565   779   687  res
82239A  1960   707   712   641   682   474   792   383   788   516   668  res
82239A  1970   605   502   579   706   700   554   698   669   784   370  res
82239A  1980   420   364   206   613   754   672   790   611   630   743  res
82239A  1990   675   749   448   696   612   636   538   714   815   703  res
82239A  2000   282   671   516   784   615   606   644   595   484   697  res
82239A  2010   892 -9999
82381A  1942   473   496   639   731   759   390   653   796
82381A  1950   633   805   784   462   488   516   571   338   762   557  res
82381A  1960   706   646   595   663   469   661   350   767   409   575  res
82381A  1970   410   413   569   514   689   533   505   560   750   216  res
82381A  1980   395   340   162    90   735   629   784   502   597   524  res
82381A  1990   405   360   401   648   600   573   250   616   794   455  res
82381A  2000   108   669   504   633   348   326   633   396   416   620  res
82381A  2010   820   131   242   183 -9999
110902r 1924   681  1000   281  1000   514   673
110902r 1930   300   512  1000   232  1000   427   782   525   453   468  res
110902r 1940   364   875   454   409   460   665   731   378   305   761  res
110902r 1950   518    13   740    10   369   318   289   218   686   396  res
110902r 1960   663   544   594   517    84   270    71   565   306   437  res
110902r 1970    28   120   567   440    43   411   408   458   525    34  res
110902r 1980   315   212    27    59   690  1000   773  1000     2   495  res
110902r 1990   357   133  1000   544   519  1000    15   551   673   381  res
110902r 2000    14    98   387   260   248   235   611  1000    91   605  res
110902r 2010   815  1000 -9999
