  year  #   1       2       3       4       5       6       7       8       9      10      11      12      13      14      15      16      17      18      19      20      21      22      23      24      25      26      27      28      29      30      31      32      33      34      35      36      37      38      39      40      41      42      43      44      45      46      47      48      49      50      51
  1950   0.853  -1.884  -1.261   1.315  -6.090   1.370   0.245  -0.041  -3.009   3.479   1.049   0.598   1.411   0.476  -1.630   0.250   1.025   0.806  -1.825  -0.222   1.064   1.127  -0.078  -0.306  -0.766   0.748   1.228  -0.160  -0.379   0.634  -0.034   0.183   1.047  -0.745   0.213   0.446  -0.590   0.182  -0.672   0.373  -0.241  -0.035  -0.149   0.020   0.231  -0.328   0.260   0.065   0.539   0.249   0.000
  1951   2.618  -0.875  -0.297   3.225  -1.906   4.459   0.370  -1.917  -0.343  -1.868  -1.909   3.329  -1.592  -0.380   0.425  -2.646  -1.305   0.301   2.071  -1.644   1.851  -0.579   0.680  -0.057   0.711  -0.110  -0.199  -1.639  -0.429  -0.028   0.468  -0.390  -0.398   0.209  -0.023   0.399   0.076  -0.472   0.307  -0.471  -0.072   0.010  -0.381   0.024   0.345  -0.093   0.470   0.313  -0.137  -0.035   0.000
  1952  -0.261  -0.113   1.911   3.192  -0.679   0.340  -0.332   0.966  -0.569  -4.142   0.399   0.789   0.498  -0.121  -0.717   0.103   1.703  -2.112  -0.418  -0.735  -1.635   0.283  -1.052   0.646  -0.493  -1.087   1.122  -1.033  -0.486  -0.163  -0.504  -0.037   0.091  -0.668  -0.348  -0.973  -0.233   1.335   0.528   0.436  -0.474   0.644  -0.877  -0.310   0.023   0.489  -0.573   0.073   0.068   0.274   0.000
  1953  -1.805   2.219   0.265   4.912  -1.211  -2.878   1.690   4.033   2.250  -1.623   1.172  -1.439  -1.456   1.607  -0.334  -0.174  -0.863  -0.630   0.571   1.130   0.597  -2.236   0.879  -0.027   0.527  -0.330   1.187   1.160  -0.258  -0.218  -1.044   0.000   0.548  -0.014  -0.567   0.659  -0.591  -0.668  -0.318  -0.354  -0.622  -0.038   0.259   0.129   0.019  -0.061   0.460   0.368   0.152   0.025   0.000
  1954  -0.409   3.365   0.347  -0.879   4.007   1.258   4.251  -2.582   0.120  -1.453  -1.287  -0.286  -0.633   1.979  -1.312  -0.967   0.511  -0.759  -0.348  -1.229   0.123   1.400  -0.119  -0.603  -1.710   1.590   0.919   1.238   0.636   0.064  -1.184  -0.466   0.241  -0.109  -0.102   0.251  -0.055   0.862  -0.567   0.265   0.726   0.014   0.327   0.249   0.314  -0.110   0.423   0.141  -0.235   0.292   0.000
  1955   2.710   3.118   2.082   1.650   2.665   2.718   2.589   0.154   0.278   0.297  -2.608  -1.760   0.652  -4.771  -0.498   1.570  -0.219   0.274  -1.182   0.601   1.208  -0.883   0.094   0.015  -1.162  -1.117  -1.028   0.020  -0.199  -0.629  -0.385   0.641   1.163  -0.409   0.474  -0.126  -0.253  -0.744   0.161   0.133  -0.144   0.137  -0.300   0.498   0.246  -0.169  -0.235  -0.155   0.341  -0.120   0.000
  1956   2.100  -1.727  -3.092  -3.821   2.785  -0.977   0.090  -0.869  -0.210  -0.454   0.093  -2.171   3.056   0.835   0.665   0.636  -0.224  -0.584   2.329  -1.286   1.364  -1.137   0.286  -0.486   1.306   0.130   0.536  -0.524  -0.308   1.020  -0.482   1.455   0.956   0.726   0.232   0.382   0.561   0.009   0.226   0.562  -0.603   0.331  -0.645  -0.700   0.347  -0.107   0.080   0.344   0.245   0.170   0.000
  1957  -0.376  -0.151   0.002  -3.954   1.449  -0.082  -0.616  -0.281   2.509   0.684  -0.114  -0.156  -1.232  -1.894  -2.461  -0.654   1.597  -1.569   0.915  -0.359  -0.574  -0.604   0.253  -0.991  -0.071  -0.237   0.078  -0.133  -0.255   0.993   1.062  -1.533  -0.497  -1.089  -0.475   0.356  -0.301  -0.036  -1.185  -1.177  -0.811  -0.560  -0.605  -0.292  -0.397  -0.278  -0.110  -0.054   0.239   0.165   0.000
  1958   5.082  -0.134   1.699  -1.559  -0.060  -0.914  -0.843   1.047   0.502   1.789  -1.698  -1.621  -0.237   1.166  -0.713  -1.143  -0.330   1.036   1.071  -0.625  -1.018  -0.316   0.451  -2.101   0.372  -1.359   0.750  -1.340   0.644  -0.616   0.950   0.088  -0.103  -0.640  -0.456   0.059  -0.071   0.070   0.907   0.581   0.465  -0.102   0.744   1.237  -0.118   0.285  -0.209   0.305   0.206   0.599   0.000
  1959  -5.661  -0.380  -2.183   1.117  -0.091  -0.738  -0.465  -1.477  -2.165   0.959  -1.608  -0.492  -2.968  -1.389   0.439   1.568   0.665   1.262   1.715   2.066   0.757  -0.367   0.507  -0.535  -0.026  -1.886   0.753   0.486   0.339   0.357  -0.293  -0.945  -0.372  -0.303   0.795  -0.661   1.074   0.787  -0.385   0.146   0.393   0.266   0.643  -0.880   0.366   0.497   0.116   0.233   0.206   0.078   0.000
  1960   5.209   1.924  -0.671  -1.355  -1.153  -0.319   3.696   0.362  -1.747  -1.922   1.529   0.431  -0.475   0.504  -1.828   0.593  -1.678   1.890  -2.084   0.916  -1.394  -0.679   1.848  -1.272   0.356   0.383  -0.964  -0.369   1.487   1.057   0.728   0.762  -0.119  -0.225   0.135  -0.218   0.290  -0.344   0.351  -0.649   0.208   0.124  -0.587  -0.681  -0.227   0.619   0.110  -0.213  -0.127   0.152   0.000
  1961  -0.188  -1.912  -1.388   0.430   0.017  -1.250   0.295  -2.708  -0.754   0.429  -0.291   0.004  -2.127   1.068   1.585   1.554  -1.274   0.711   0.894   1.921  -0.587  -0.065  -2.304  -0.550  -0.157   1.023   0.132  -0.428  -0.619   1.184  -1.535   0.728  -0.899  -0.328   0.273  -0.396  -0.288  -0.390  -0.209  -0.508  -0.151  -0.008  -1.083   1.273  -0.307  -0.083  -0.318   0.034   0.005   0.074   0.000
  1962  -0.522   2.260   0.269  -2.980   0.119  -1.747  -0.454  -0.034  -1.661  -1.337   1.635   1.274  -1.483  -0.827  -0.604  -0.619  -1.189  -0.529  -0.916   0.890   1.160  -1.618  -1.497   0.547   0.433   0.691   0.613   0.233   0.180  -1.746   1.270   0.709   0.338   0.100   0.863  -0.883   0.264   1.380   0.659  -0.250   0.008  -1.094  -0.034   0.190   0.172  -0.784   0.193   0.207   0.180  -0.009   0.000
  1963  -3.755   2.089  -0.396  -0.314  -0.095   1.896  -0.130   1.309   0.945  -0.049  -0.718   0.122   0.278   0.434  -0.579   2.586   1.334   1.817  -0.771  -0.409  -0.152   1.113   0.922   0.487   1.868   1.278  -0.984   0.720  -0.550  -1.662   0.592  -0.158  -0.846   0.232  -0.085   0.050   0.973   0.295  -0.363   0.058  -0.249   0.920  -0.502   0.395  -0.646  -0.132   0.037   0.971   0.035   0.058   0.000
  1964  -6.337   0.104  -0.555  -1.502  -0.004  -0.426   1.230   1.965  -1.679  -0.069   0.800   0.198   1.078   0.254   0.132   1.925  -1.864  -2.383   1.788  -0.552   0.187   1.098   0.153   2.241  -0.655  -0.662  -1.553  -0.782   0.081   0.165   0.612  -0.315  -0.270  -0.090  -0.089   0.764   0.045   0.639  -0.102  -0.360   0.286  -0.054   0.026   0.843   0.007   0.662   0.737  -0.386   0.428  -0.005   0.000
  1965  -7.359  -1.146   0.988  -1.688   0.867   2.329  -0.295   0.324   2.519   2.203   0.450  -0.321   1.205  -0.504   0.515  -0.062   0.396   1.341  -1.565   1.464   0.337  -1.326  -0.503   1.292  -0.176   1.570   0.226  -1.435   0.695   0.131  -0.834  -0.130  -0.819  -0.058  -0.575   0.393  -0.984   0.485   0.814  -0.560  -0.358  -0.392   0.294  -0.308   0.884   0.637  -0.038   0.386  -0.216   0.118   0.000
  1966 -10.329  -0.259   0.340   0.361  -1.382  -0.792   0.325  -0.936   0.739  -0.385   0.314   0.216   0.477  -0.406   0.613  -0.115  -0.100  -0.727  -0.514  -1.186  -0.426   0.936  -1.599  -1.906  -0.398   0.032  -1.265   0.544  -0.429  -0.343   0.366  -0.480   1.018   0.517   0.708  -0.839   0.253  -1.557   0.217   0.664  -0.552  -1.305  -0.046  -0.199  -0.175   0.605   0.260   0.290  -0.228   0.373   0.000
  1967  -1.867   2.089   0.917   0.329   1.350   1.536  -1.110   1.097   1.632   2.857   1.013  -0.900  -0.185   1.729   2.157  -1.473   0.226   0.984  -0.939  -0.849   0.634  -0.583   2.309   0.340  -0.395  -0.816   0.995  -0.200  -0.637  -0.586  -0.766  -0.149  -0.260  -0.224   0.854  -0.945   0.864   0.411  -0.038   0.182   0.051  -0.462  -1.167   0.063  -0.413   0.064   0.412  -0.825  -0.116   0.091   0.000
  1968   1.058  -1.883  -0.496  -2.271   0.328  -0.673   0.248  -2.011   0.089  -0.262   1.768   0.229  -0.852   0.675   2.241  -0.631  -2.284   1.156  -0.927   0.098  -0.098   2.182   0.446  -0.397  -0.634  -1.832  -0.419   0.192   0.342  -1.901  -0.961  -1.461   1.123   0.347  -0.470   1.133  -0.545   0.277   0.407  -0.590  -0.710   0.456  -0.136  -0.373  -0.120  -0.189  -0.445   0.095   0.284  -0.022   0.000
  1969  -1.356   0.639   0.909  -0.498   2.038  -1.013  -3.317   0.890   1.348   0.119   0.890   0.901   0.668  -0.182  -1.984  -1.717  -2.746   0.774  -1.381  -0.561   1.419   0.923  -0.654  -1.028  -1.112  -0.585   0.830   0.956  -1.159   0.960   0.861   0.484  -0.501   0.741   0.327  -0.682  -0.412  -0.116  -0.561  -0.194   0.469   1.049  -0.149   0.188   0.367   0.583  -0.056   0.311   0.162  -0.439   0.000
  1970   3.743  -2.182  -0.211   0.393  -0.562   1.111  -0.814  -1.551   2.349  -1.024   2.760  -0.830  -1.294  -1.731   1.515   1.744   1.058  -0.236   0.164  -1.621   0.826   1.975   0.612   0.514   2.118  -0.541   0.448   1.103   1.006   0.035  -0.010   1.372  -0.249  -0.046  -0.743  -1.196  -1.184  -0.265  -0.192  -0.510   0.767  -0.336   0.298   0.059   0.259   0.055   0.208  -0.149   0.144   0.263   0.000
  1971  -0.029  -3.170   2.285   2.156  -0.297  -1.158  -0.435   0.813   0.142  -2.371   1.333  -1.588   1.981  -0.453   3.252  -1.407   1.738   0.552   0.065   1.106   0.576  -0.432  -0.365  -2.673  -0.138   1.681  -1.471  -0.541   0.658  -0.228   0.740  -0.779   0.182  -0.274  -0.267   0.172   0.699   0.597  -0.842  -0.211   0.704   0.290  -0.176   0.248   0.520  -0.101   0.056  -0.202   0.230  -0.197   0.000
  1972   5.040  -3.772  -1.464  -0.203   1.809   0.851  -1.652  -0.562   0.364  -0.027   0.325   0.531  -1.394  -0.003  -1.047  -1.467  -1.011  -0.739  -0.907   1.709  -2.220  -0.245   0.907   1.768   0.685   0.690  -0.855  -1.313   0.285  -0.608  -0.474   0.115   1.045   0.650  -0.242  -0.900   0.429  -0.302  -1.688   1.089  -0.581   0.009   0.482   0.264   0.283   0.173   0.153   0.001   0.086   0.051   0.000
  1973   3.400  -0.394   1.120   0.576   3.891   0.603  -2.484   0.652  -5.411   1.599   1.671   1.123   1.015  -0.219  -0.037  -0.330   0.750  -1.067   0.104  -0.322  -1.178  -1.011   0.111  -1.121   0.576   0.169  -1.126   1.042  -0.569  -0.508  -1.335  -0.505  -0.888  -0.939  -0.184  -0.394  -0.849  -0.668   0.662  -0.255  -0.077   0.367   0.306  -0.227  -0.093  -0.126   0.608   0.161  -0.027   0.003   0.000
  1974   3.788  -3.029   0.204  -0.982  -0.679  -2.517   2.410  -0.958   0.133   0.497   0.067   1.797   1.635  -1.410   2.027  -1.525   1.346   0.788   0.618  -1.377  -0.982  -0.949   0.971   2.300  -0.576   0.676   1.053   1.335   0.256   0.581   0.308  -0.454   0.866  -0.784   1.137  -0.543   0.437  -0.229   0.232  -0.665  -0.316   0.280   0.466   0.606  -0.336   0.456  -0.193   0.380  -0.053  -0.302   0.000
  1975   1.856  -4.857  -0.395  -0.146  -0.504  -2.575   1.831  -1.019  -0.745   1.207   0.078  -1.447  -1.081   0.159   0.216   0.350   1.684  -0.258  -0.822  -1.004   0.235  -1.627  -0.520   1.040  -2.868  -1.178  -0.171  -0.778   0.008  -1.282   0.979   0.636  -1.222   1.152  -1.031   0.073  -0.394  -0.593  -0.368   0.290   0.626   0.290  -0.473  -0.402  -0.243  -0.159   0.314   0.310  -0.269  -0.071   0.000
  1976   0.270  -1.508  -0.924   2.618   3.191  -1.809   2.236   0.148   1.738   0.588  -1.016   1.745  -0.351   1.852  -1.106   1.232   1.658   1.277  -0.421  -1.130  -1.091   0.935  -1.241  -0.669   1.294   0.217   0.493  -1.679  -0.136  -0.498   0.206  -0.024  -0.337   0.276   1.053   0.072  -0.440  -0.210   0.399  -0.021  -0.127  -0.357   0.425  -0.394  -0.008  -0.047   0.174  -0.421   0.626  -0.685   0.000
  1977  -4.439   2.607  -0.920   1.249   1.341  -0.297  -0.639  -0.566  -2.118   1.781   0.042   0.128  -0.674   1.453  -0.697  -0.106   1.412  -0.674   2.338   1.136   0.805   0.683   1.022  -0.237   0.391   0.723   0.318   0.045   0.628  -1.464   1.608   0.959   1.471  -0.355  -0.043   0.230  -1.145  -0.257  -0.286  -0.261  -0.202   0.250  -0.441   0.105   0.243   0.407  -0.605  -0.280  -0.637  -0.277   0.000
  1978   5.681  -2.439   1.727   1.847  -0.719  -2.209  -1.174  -0.486   0.548   0.918  -4.075   0.844   2.888   1.392  -0.392   1.940  -2.310  -2.122  -0.763   0.304   2.422   0.116   0.647   0.014   0.380   0.518  -0.105   0.057   1.414  -0.450  -0.480  -0.929  -0.373  -0.293  -0.242  -0.933  -0.108   0.247  -0.324  -0.276   0.131  -0.605  -0.047  -0.420  -0.443   0.018  -0.263   0.077  -0.166  -0.029   0.000
  1979  -2.352  -1.106   0.746  -0.975  -0.597  -2.009   1.051   0.706  -1.181   0.713  -1.676   0.640   0.383  -1.498  -1.117  -2.020   0.581   1.131  -0.636   0.055  -0.507   0.133  -0.966   0.727   3.059  -1.572  -0.203   1.291   0.621   0.684  -0.779  -0.651   0.182   0.491  -1.034   0.822  -0.181   0.393  -0.011   0.889   0.671  -0.555  -1.061   0.317   0.257   0.029   0.080  -0.091  -0.265  -0.320   0.000
  1980   3.249   8.647 -10.093   0.586  -1.830  -1.238  -2.347  -0.221   1.250  -0.391  -1.061  -0.191   0.878  -0.862   1.020  -1.247   0.541  -0.101  -0.701  -0.945  -0.330  -0.420  -0.841  -0.055  -0.715   0.064  -0.980  -0.099   0.834  -0.329  -0.476   0.069  -0.553  -0.554  -0.232   0.091  -0.353   0.211  -0.012   0.199  -0.020   0.035   0.154   0.053  -0.089   0.144   0.026  -0.079   0.021  -0.142   0.000
  1981   4.574   7.003   3.184  -2.486  -2.357   0.335   2.599  -1.865   0.178   1.462   1.456  -0.353   0.191  -0.070   1.046  -0.459  -0.393  -1.845   0.517   1.216   0.525   0.016  -1.426   0.464   1.370   0.907   1.173  -0.254  -1.065  -0.688   0.233  -0.862  -0.861   0.018  -0.843  -0.170   0.647  -1.081  -0.014   0.626   0.237   0.589   0.232  -0.425   0.034   0.352  -0.194  -0.269   0.249  -0.147   0.000
  1982   3.008   6.554   5.366   0.131  -1.221   1.223  -2.302  -1.218  -0.236   0.153  -0.744   0.506   1.180   1.123   1.300   1.202   0.086   1.529   1.599  -0.062  -2.757  -0.241  -0.277   0.235  -1.070  -0.921  -0.239   0.007  -0.087   0.667  -0.077   1.068   0.735   0.745  -0.533   0.246  -0.136   0.551  -0.769  -0.449   0.124  -0.983   0.115  -0.407  -0.135  -0.074   0.186   0.378   0.075  -0.336   0.000
  1983  -0.037   1.677   3.583  -0.041  -1.895  -2.077  -0.336  -1.423  -0.548  -0.783   0.891  -0.700  -0.439  -0.701  -1.457   0.362   0.131   2.062   1.348  -1.823   1.291  -0.942   0.610   0.113  -0.070   0.725  -1.370   0.242   0.282   0.311  -0.482  -0.470  -1.178   1.255   0.777  -0.080  -0.937   0.714  -0.220   0.813  -1.324   0.407   0.557   0.235  -0.018  -0.082  -0.247  -0.606  -0.156   0.161   0.000
  1984  -3.881  -1.530   1.476  -2.339  -1.776   0.081   0.716   0.998  -0.448   0.205  -1.912  -2.064  -2.596  -0.108   2.079   0.152  -1.519  -1.533  -1.892  -1.967  -0.507   0.209   0.294  -0.903   0.853   0.172  -0.359  -0.619  -0.883   0.665   0.015   1.147   0.103  -1.764   0.014   0.142  -0.168   0.650  -0.245   0.338  -0.432   0.386   0.641  -0.265  -0.034  -0.194   0.066   0.059  -0.452  -0.569   0.000
  1985  -1.881  -0.853  -0.079   0.098  -0.783   2.703  -0.454   1.187   0.519   0.500   0.066  -2.428   0.063   0.345  -0.802  -0.306  -0.486   0.190   1.409   0.692  -0.668   1.040  -1.585   0.309  -0.770   0.036   0.638   0.241   2.623   0.927   0.578  -0.831   0.403   0.342  -0.496  -1.317   0.325  -0.332   0.958   0.089  -0.716   0.818  -0.103   0.025  -0.282  -0.646   0.537  -0.092  -0.124  -0.405   0.000
  1986   3.111  -1.726  -0.956  -1.137  -2.474  -0.412  -1.010   1.871  -0.842  -0.105  -2.138  -0.998  -0.443  -1.989  -0.554   0.398   0.377  -1.600   0.278   0.043  -1.978   1.498   1.666  -1.215  -0.734   1.394   1.341   0.585  -0.730  -0.869  -0.796   0.239  -0.710   1.979   0.182   0.343   0.732  -0.109   0.618  -0.822  -0.217  -0.367  -0.112   0.179   0.724   0.077  -0.033  -0.274  -0.082  -0.133   0.000
  1987  -2.206  -0.290   0.374  -1.664  -1.550   1.436   1.122   1.374   1.081  -0.503   1.331   0.378   1.659  -0.850  -0.310  -1.590   0.460  -1.609   0.991   1.982  -0.234   0.824   0.312  -0.472   0.261  -1.155   0.042  -1.001   0.764  -0.215  -1.131   0.643  -0.799   0.417   2.522   0.468  -0.860  -0.132  -0.485   0.178   0.847   0.195   0.258  -0.152  -0.724  -0.362  -0.163   0.305  -0.240  -0.022   0.000
  1988  -1.018   1.265  -0.857   1.447   0.386   2.032   0.277   1.706  -0.998   2.232  -0.016   0.010  -1.197   1.472   1.088   0.443   0.007  -1.645  -1.549  -2.016  -0.610  -1.928  -1.393   0.286   1.082  -0.353  -0.609   0.221   0.482   1.037   0.386  -0.800   0.792   1.832   0.653   0.029   0.237   0.037  -0.275  -0.958   0.616   0.517   0.310   0.036   0.184  -0.239  -0.777  -0.102   0.000   0.377   0.000
  1989  -0.238  -2.043  -0.140  -0.672  -1.015  -0.317  -2.873  -1.183   2.121  -0.866   0.056   0.380  -0.104  -1.521  -1.541   2.136  -0.805   0.935   0.506  -0.286  -0.710  -1.579  -0.906  -0.024   0.102   1.268   0.745  -0.385  -1.018  -0.603  -0.433  -0.728   1.867  -0.250   0.115   0.810  -0.144   0.090   0.379  -0.014   1.267   0.766   0.099  -0.213  -0.642   0.071   0.478  -0.491  -0.379   0.135   0.000
  1990   3.910  -2.708  -2.979  -0.438   0.515   3.711   0.327   1.552  -1.553  -2.837   0.336  -2.912   1.042   1.286   0.374   1.022  -1.257   1.665   0.504   0.079  -0.476  -0.432  -0.262   0.891  -0.172  -0.001   0.821   0.970  -1.321  -0.099   1.145  -1.514  -0.725  -0.422   0.514   0.087  -0.886  -0.273  -0.297   0.621   0.267  -1.100   0.117  -0.074   0.104   0.037  -0.472  -0.053  -0.149  -0.179   0.000
  1991  -5.316   0.126   1.139   1.673   1.674   0.617  -3.220  -1.927  -2.223  -1.860   0.687  -1.308  -1.214  -0.579  -0.221  -0.732   0.529  -0.788  -1.625  -0.386   1.080  -0.044   1.091   0.755  -0.202   1.036   1.079  -0.277   1.267   0.865  -0.105   0.430  -0.280   0.270  -0.365   1.469   0.746  -0.682   0.439   0.392   0.175  -0.585   0.244   0.114  -1.021   0.179  -0.412   0.048   0.427  -0.219   0.000
  1992   2.314   1.556  -1.067   2.969   1.925  -1.588   0.948   1.453   1.231   2.319   3.503   2.326  -0.610  -2.169   0.659   1.811  -1.257  -0.455   0.937  -0.248  -0.359   1.045   1.475  -0.474  -0.931   0.712  -0.041  -0.808  -0.267   1.355   0.395  -0.735  -0.012  -0.016  -0.550   0.203   0.360   0.393   0.490   1.145   0.323  -0.436  -0.109  -0.047   0.182  -0.544  -0.380   0.365  -0.358  -0.058   0.000
  1993   9.347  -0.525  -0.345  -0.496  -0.416   0.807  -0.657  -0.987   1.051  -0.366   1.629  -0.669  -0.524   1.885  -1.435   0.740   2.818  -0.998  -1.231   1.662   2.319   0.576  -0.478  -0.137  -0.003  -1.581  -1.314  -0.036  -1.238   0.970  -0.185  -0.240   0.593   0.274   0.168   0.375   0.887   0.435   0.718  -0.328  -0.394  -0.331   0.471   0.518  -0.032   0.290   0.191   0.090  -0.487  -0.289   0.000
  1994  -3.892   0.831   0.949  -4.425  -0.821  -0.490  -1.912   1.197   0.466  -2.555  -0.591   3.662  -0.084   2.025   0.338   2.102   1.293   0.310  -0.576  -0.118   0.372  -0.615   0.823   0.306  -0.930  -0.973   0.228   0.033   0.870   0.171  -0.427  -0.147  -0.189  -0.881   0.001   0.059   0.463  -1.594  -0.060   0.456   0.175   0.272   0.030   0.290   0.971  -0.548  -0.218  -0.238  -0.031  -0.012   0.000
  1995   1.872  -4.247   0.492   2.063  -0.661   2.035  -0.111  -0.417   2.521   1.743   0.966   0.916  -0.206   0.728  -1.349  -0.526  -1.102  -0.570   1.297  -0.360  -0.877  -0.734  -1.459   0.002  -0.627  -0.039  -1.106   2.425   0.754  -0.920   0.031   1.581  -0.874  -1.170   0.307   1.193   1.273   0.295   0.162   0.361  -0.151  -0.069  -0.052  -0.387   0.254   0.139  -0.355  -0.250   0.131   0.036   0.000
  1996   1.428  -0.720  -0.735  -0.170   2.275   0.517   0.872   3.250  -1.377  -0.586  -0.657   2.632   1.123  -1.551   1.662  -0.009   0.020   1.570  -0.247   0.574   1.179   0.934  -2.001  -0.427  -0.054  -0.522   1.507  -0.135  -0.037  -0.036   0.311   1.030  -0.304   0.335  -1.014   0.507   0.646   0.047  -0.787  -0.266  -0.875  -0.010   0.759  -0.089  -0.646   0.043   0.101  -0.476  -0.431   0.421   0.000
  1997  -0.839   1.994   1.224   3.188   0.838  -3.407  -1.162  -1.463  -0.436  -0.279  -0.281  -2.866   1.307  -0.076  -0.970  -1.180  -0.669   0.925  -0.555   0.073  -0.846   2.064  -0.396   2.338   0.613  -0.406  -0.233  -0.829  -0.664   0.212   0.553   0.096  -0.457  -0.956   0.766   0.447   0.798  -0.718   0.043  -0.843   0.081   0.129   0.125  -0.303   0.609  -0.613   0.066  -0.040  -0.344   0.472   0.000
  1998   0.684  -0.632   0.338  -1.874  -0.384  -0.706   0.156   3.892  -0.075  -0.054  -1.529  -0.023  -2.033   0.726  -0.472  -2.116   0.871   1.318   1.729   0.223   1.424   1.345  -0.158   1.358  -0.939   1.495  -1.967   0.046  -1.117   0.446  -0.939   0.480   0.706  -0.145  -0.672  -0.868  -0.133  -0.210   0.540  -0.131   0.777  -0.219   0.113  -0.701  -0.392  -0.075  -0.464  -0.023   0.341   0.140   0.000
  1999 -10.507  -1.436  -2.536   0.839  -0.854   0.837   2.028  -2.861   0.186  -0.304   0.509   0.434   2.898   0.441  -1.573  -0.714  -0.418   0.062   0.141   0.602  -0.678  -1.032   1.590  -0.674   0.214  -0.921  -0.289   0.079  -1.479   0.007  -0.213   0.574  -0.160   0.256  -1.677  -1.092   0.376   0.277   0.229  -0.473   0.240  -0.040   0.799   0.293  -0.243  -0.530  -0.404  -0.306   0.042  -0.151   0.000
  2000  -0.045  -0.436   0.104   0.506   0.592  -0.189  -0.457  -1.383   1.518  -0.256  -2.889   1.379  -0.080   0.648   2.392  -0.483   0.486  -1.134  -1.101   2.779  -0.862   0.170   1.120   0.354  -0.014   0.259  -0.408   1.525  -0.837   1.191   1.967   0.246  -0.211   0.589   0.276   0.482  -1.214   0.313   0.831   0.713  -0.217   0.492  -0.059  -0.200  -0.163  -0.236   0.367  -0.233   0.246   0.396   0.000
