 % variance  0.087   0.072
 cumulative  0.087   0.159
 series_id   #  1       2
  12490      0.338   0.016
  22545      0.471   0.011
  32189      0.458   0.006
  42544      0.098   0.458
  50406      0.346   0.186
  50474     -0.058   0.352
  50555     -0.013   0.360
  60287      0.261  -0.077
  70433      0.307   0.165
  80711      0.358   0.093
  80719      0.007   0.180
  82218      0.341   0.130
  90287      0.410   0.019
  91377      0.162   0.297
  92493      0.156   0.382
  102412     0.404  -0.078
  110791     0.469   0.009
  110798     0.447   0.050
  110914     0.435   0.220
  110950     0.239  -0.083
  111014     0.542   0.125
  111030     0.507   0.076
  111051     0.464   0.039
  111134     0.456   0.190
  121212     0.490   0.147
  121284     0.436   0.074
  131017     0.056   0.356
  131080     0.090   0.059
  131304     0.501   0.094
  140735     0.114   0.507
  160777     0.479   0.112
  160930     0.491   0.058
  172229     0.465   0.170
  180751     0.090   0.401
  180794     0.300  -0.160
  190438     0.470  -0.024
  200168     0.230   0.109
  200389     0.385   0.115
  20804A     0.317  -0.175
  42250A     0.090   0.422
  72212A     0.092   0.432
  72345A     0.089   0.479
  82403A     0.154   0.230
  92360A    -0.027   0.363
  92442A     0.255   0.299
  102470A    0.368   0.083
  122554A    0.336  -0.063
  42232A    -0.016   0.532
  042565A    0.454   0.154
  90285A     0.189   0.123
  092501A   -0.038   0.463
  111166A    0.200   0.426
  131192A    0.177  -0.121
  151051A    0.218   0.446
  160962A    0.401  -0.058
  80248      0.102   0.416
  92389     -0.056   0.456
  110952     0.179   0.192
  120924     0.065   0.409
  82317     -0.179   0.437
  190497     0.014   0.413
  131047     0.251   0.081
  91491      0.043   0.260
  60125     -0.040   0.367
  52388     -0.129   0.230
  82368      0.005   0.440
  130579     0.372   0.025
  92486A     0.100   0.363
  121423A    0.237  -0.132
  52237A     0.434  -0.106
  80641A     0.097   0.239
  90607A     0.258   0.304
  110899A    0.033   0.137
  112421A    0.201   0.138
  140820A    0.082   0.462
  171403A   -0.236   0.339
  052246A    0.069   0.019
  82239A    -0.059   0.395
  82381A     0.182  -0.270
  110902r    0.380  -0.020
