 % variance  0.126   0.086
 cumulative  0.126   0.212
 series_id   #  1       2
  12490     -0.307   0.287
  22545     -0.045   0.414
  32189     -0.131   0.215
  42544      0.562   0.097
  50406      0.016   0.405
  50474     -0.177   0.148
  50555      0.034   0.350
  60287     -0.165  -0.102
  70433      0.267   0.232
  80711      0.170   0.171
  80719      0.396  -0.127
  82218      0.267   0.406
  90287      0.293   0.309
  91377     -0.289   0.087
  92493      0.164   0.399
  102412    -0.141   0.483
  110791     0.115   0.490
  110798     0.133   0.398
  110914     0.274   0.516
  110950     0.203  -0.008
  111014     0.290   0.459
  111030     0.096   0.539
  111051     0.306   0.426
  111134     0.003   0.541
  121212    -0.017   0.444
  121284     0.025   0.534
  131017     0.231   0.012
  131080     0.028  -0.103
  131304     0.198   0.433
  140735     0.271   0.400
  160777     0.108   0.488
  160930    -0.157   0.528
  172229    -0.072   0.542
  180751     0.349   0.311
  180794    -0.093   0.334
  190438     0.386   0.317
  200168     0.562   0.045
  200389    -0.511   0.176
  20804A    -0.158   0.307
  42250A     0.473   0.174
  72212A     0.511   0.131
  72345A     0.534   0.207
  82403A     0.470   0.271
  92360A     0.333  -0.096
  92442A     0.419   0.332
  102470A    0.549   0.125
  122554A    0.246   0.292
  42232A     0.529   0.190
  042565A    0.121   0.479
  90285A     0.547   0.136
  092501A    0.371   0.257
  111166A    0.608   0.059
  131192A    0.507   0.013
  151051A    0.266   0.433
  160962A    0.490   0.090
  80248      0.367   0.148
  92389      0.413   0.193
  110952     0.374   0.022
  120924     0.547   0.085
  82317      0.380   0.093
  190497    -0.297   0.143
  131047     0.344  -0.012
  91491      0.417   0.178
  60125      0.176   0.267
  52388      0.506  -0.023
  82368      0.519   0.188
  130579     0.314   0.189
  92486A     0.096   0.382
  121423A    0.483   0.104
  52237A     0.026   0.299
  80641A     0.502  -0.048
  90607A     0.532   0.209
  110899A    0.443   0.028
  112421A    0.044   0.247
  140820A    0.534   0.213
  171403A    0.531  -0.099
  052246A    0.450  -0.201
  82239A     0.366   0.261
  82381A     0.504  -0.120
  110902r    0.469   0.176
