caco_drop.rwl -- no data title --                         1st itrdb line missing     
caco_drop.rwl -- no data title --                         2nd itrdb line missing     
caco_drop.rwl -- no data title --                         3rd itrdb line missing     
caco_d18899990  09990  09990  09990  09990  09990  09990  09990  09990  0   0  1  err
caco_d1890   0  1   0  1   0  1   0  1 203  2 103  2 146  2 177  2 142  2  54  2  err
caco_d1900 243  2  77  2   7  2  14  2 190  3 116  3   8  3 110  3 142  4  87  5  err
caco_d1910 124  5  72  5  69  5  27  5  42  5  38  5  77  6  48  7  85  7  60  7  err
caco_d1920 112  7  29  7 163  8 169  9  72  9  68  9  52  9  99  9  73  9  69  9  err
caco_d1930  94  9  32  9  31  9 131 10  98 10  44 10  64 11  67 11  65 12  88 12  err
caco_d1940  67 13  63 13  65 14  64 14  69 15  63 15  65 15  83 15  67 15  46 15  err
caco_d1950  65 15  73 15  86 15  96 15  80 16  65 16  65 16  70 16  70 16  65 16  err
caco_d1960  49 16  71 17  68 17  51 17  49 17  71 17  67 17  56 18  57 18  51 18  err
caco_d1970  60 18  46 18  55 18  43 18  39 18  46 18  67 18  67 18  66 18  30 18  err
caco_d1980  72 18  75 18  70 18  52 18  61 18  76 18  74 18  48 18  63 18  74 18  err
caco_d1990  62 18  45 18  61 18  64 18  73 18  57 18  48 18  81 18  93 18  86 18  err
caco_d2000  89 18  77 18  62 18  59 18  71 18  69 18  59 18  48 17  57 17  69 15  err
caco_d2010  46 14  53 13  48 13  65 11  94  8  84  6 121  4 263  29990  09990  0  err
cagl_drop.rwl -- no data title --                         1st itrdb line missing     
cagl_drop.rwl -- no data title --                         2nd itrdb line missing     
cagl_drop.rwl -- no data title --                         3rd itrdb line missing     
cagl_d18689990  09990  09990  09990  09990  09990  09990  09990  0   0  1   0  1  err
cagl_d1870   0  1 168  2 229  2 216  2 229  2  94  2 105  2  99  2 171  3  12  3  err
cagl_d1880 116  5  79  6  58  6  31  6  66  6  78  6  74  6 114  6  50  6  64  6  err
cagl_d1890  88  8 111  9 160  9 148  9 114  9 123  9  98  9  78  9  93  9  79  9  err
cagl_d1900 103 10 138 12  88 15  85 15  70 15  73 16  76 18  76 20  58 20  82 20  err
cagl_d1910  81 20  68 20  78 20  83 20  86 20  83 20  87 21  93 22  67 22  84 22  err
cagl_d1920  88 22  86 23  77 23  58 24  48 24  64 24  71 24  53 24  49 24  64 25  err
cagl_d1930  42 27  44 29  47 30  41 30  34 30  35 31  39 33  43 33  44 35  37 35  err
cagl_d1940  42 35  40 35  37 35  36 35  40 35  35 35  43 35  56 35  46 35  48 35  err
cagl_d1950  45 35  54 35  43 37  38 37  42 37  51 38  48 39  40 39  50 39  42 39  err
cagl_d1960  40 39  37 39  38 39  42 39  36 39  30 40  40 40  36 40  31 40  32 41  err
cagl_d1970  28 41  34 41  32 41  37 41  37 41  53 41  55 41  40 41  40 41  37 41  err
cagl_d1980  42 41  52 41  46 41  33 41  29 41  34 41  32 41  37 41  40 41  40 41  err
cagl_d1990  38 41  27 41  31 41  36 40  33 40  37 40  28 40  32 39  33 38  38 38  err
cagl_d2000  28 38  32 38  35 37  33 35  41 35  34 33  36 32  32 30  33 27  34 22  err
cagl_d2010  19  9 102  7  87  6  19  6  27  4 133  3   0  19990  09990  09990  0  err
caovl_drop.rwl -- no data title --                        1st itrdb line missing     
caovl_drop.rwl -- no data title --                        2nd itrdb line missing     
caovl_drop.rwl -- no data title --                        3rd itrdb line missing     
caovl_18849990  09990  09990  09990  0   0  1   0  1   0  1   0  1   0  1   0  1  err
caovl_1890  65  2 125  2 106  4 239  5  27  5 162  6  44  7  48  7  46  7  56  8  err
caovl_1900  58  9  57  9  62  9  60  9 101  9  93  9 101  9  54 10  47 10  91 10  err
caovl_1910  52 10  84 10  83 10  66 10  81 10 125 11 111 11  95 13  81 14  56 14  err
caovl_1920  96 15  93 16  86 16  78 17  77 17  82 18  59 19  36 19  54 20  73 20  err
caovl_1930  66 21  66 22  62 22  50 22  33 22  36 22  45 22  36 22  31 22  37 22  err
caovl_1940  23 23  36 23  37 23  33 24  48 24  43 24  46 24  65 24  48 24  55 24  err
caovl_1950  58 24  67 25  64 25  40 25  30 25  66 25  68 25  61 25  52 25  49 25  err
caovl_1960  39 25  51 25  39 25  42 25  49 25  48 25  33 25  37 25  33 25  47 25  err
caovl_1970  46 25  32 25  40 25  41 25  49 25  60 25  53 25  38 25  43 25  50 25  err
caovl_1980  68 25  66 25  58 25  59 25  52 25  56 25  42 25  37 25  36 25  37 25  err
caovl_1990  45 25  29 25  33 25  18 25  38 25  36 25  34 24  40 24  49 24  47 24  err
caovl_2000  39 24  45 24  53 24  36 24  36 24  34 23  29 23  31 21  40 20  26 15  err
caovl_2010 202  2   0  1   0  1   0  1   0  1   0  19990  09990  09990  09990  0  err
cato_drop.rwl -- no data title --                         1st itrdb line missing     
cato_drop.rwl -- no data title --                         2nd itrdb line missing     
cato_drop.rwl -- no data title --                         3rd itrdb line missing     
cato_d18689990  09990  09990  09990  09990  09990  09990  09990  0   0  1   0  1  err
cato_d1870   0  1   0  1   0  1   0  1   0  1   0  1   0  1   0  1   0  1   0  1  err
cato_d1880   0  1   0  1   0  1   0  1   0  1   0  1   0  1   0  1   0  1 223  2  err
cato_d1890 207  2 664  2  18  2 234  2 231  2  48  2 166  2  17  2  75  2  17  2  err
cato_d1900 244  2 516  2 370  2 228  2 241  2 227  2 199  3  94  3 110  3   5  3  err
cato_d1910  67  3 145  3 338  3 257  3  28  3  23  3  56  3  79  3  50  3 237  5  err
cato_d1920 203  8 179  8 116  9 123  9 107  9 124  9 129 10 125 10 150 10 135 11  err
cato_d1930 110 12  85 12  56 12  24 12  59 12  76 13  78 13  73 13  82 13  97 13  err
cato_d1940  64 14  32 14  52 14  22 15  66 15  53 15  71 16  78 16  70 17  77 17  err
cato_d1950  93 18  87 18  75 18  77 18  46 18  71 18  72 18  76 18  58 18  77 18  err
cato_d1960  56 18  53 18  48 18  65 18  59 18  56 18  52 18  47 18  59 18  65 18  err
cato_d1970  73 18  59 18  55 18  52 18  72 18  74 18  61 18  69 18  70 18  73 18  err
cato_d1980  46 18  71 18  69 18  45 18  80 18  58 18  70 18  28 18  63 18  34 18  err
cato_d1990  62 18  44 18  67 18  51 18  47 18  55 18  33 18  39 17  49 17  35 17  err
cato_d2000  46 17  67 16  65 16  72 16  42 15  34 14  55 14  48 14  56 13  50 11  err
cato_d2010  81  9  77  8  52  8  70  7  47  6  41  5  74  4   0  19990  09990  0  err
fagr_drop.rwl -- no data title --                         1st itrdb line missing     
fagr_drop.rwl -- no data title --                         2nd itrdb line missing     
fagr_drop.rwl -- no data title --                         3rd itrdb line missing     
fagr_d18879990  09990  09990  09990  09990  09990  09990  0   0  1   0  1   0  1  err
fagr_d1890   0  1   0  1   0  1   0  1   0  1   0  1   0  1   0  1   0  1   0  1  err
fagr_d1900   0  1   0  1 223  2 188  2  44  2 265  2 573  2 392  2 228  2 379  2  err
fagr_d1910  74  2  55  2  38  2 366  2 349  2 344  2 283  2 275  2 163  2 283  2  err
fagr_d1920  11  3  81  4  61  4  86  4 205  4 140  4  49  4  35  4 155  5  72  5  err
fagr_d1930  73  6  75  6  43  7  77  8 118  8  24  8  66  9  77  9  41  9  83  9  err
fagr_d1940  53 11  65 11  70 12  57 12  78 14  82 14  59 15  79 15  59 17  51 17  err
fagr_d1950  63 20  62 23  50 25  49 27  43 34  42 37  49 38  45 38  35 41  32 44  err
fagr_d1960  32 47  28 49  26 52  28 55  29 59  28 59  23 60  31 62  31 64  28 67  err
fagr_d1970  30 68  30 71  24 71  27 72  27 74  25 76  27 76  31 78  28 78  28 80  err
fagr_d1980  34 80  26 80  25 80  25 81  29 81  23 81  21 81  21 81  20 81  22 81  err
fagr_d1990  21 81  19 81  20 81  24 81  23 81  21 81  23 81  25 81  21 81  23 81  err
fagr_d2000  27 81  22 80  24 79  22 78  20 78  25 77  25 75  27 73  24 68  29 63  err
fagr_d20109990  09990  09990  09990  09990  09990  09990  09990  09990  09990  0  err
fram_drop.rwl -- no data title --                         1st itrdb line missing     
fram_drop.rwl -- no data title --                         2nd itrdb line missing     
fram_drop.rwl -- no data title --                         3rd itrdb line missing     
fram_d18699990  09990  09990  09990  09990  09990  09990  09990  09990  0   0  1  err
fram_d1870 216  3  55  3 160  3  77  3  48  3  49  3 111  3  11  3  66  3 171  4  err
fram_d1880 189  4 162  4  61  5  46  5  25  5 111  7  48  7  46  7  72  7  67  7  err
fram_d1890 101  7  93  7  89  8 101  9  54  9  57 10  71 12  66 12  76 12  75 13  err
fram_d1900  72 13  78 13  77 13  75 14  75 14  55 14  65 14  45 14  29 14  35 14  err
fram_d1910  47 15  49 15  65 15  48 15  55 16  67 17  72 18  67 18  59 19  44 19  err
fram_d1920  46 20  49 20  52 22  40 22  43 22  43 23  46 24  34 24  42 25  51 27  err
fram_d1930  52 27  47 28  39 28  38 30  31 34  33 36  34 38  38 42  36 43  35 43  err
fram_d1940  22 45  37 45  34 48  29 49  26 51  39 52  35 53  41 53  37 55  35 57  err
fram_d1950  37 57  34 58  36 58  34 60  30 63  34 63  32 65  28 66  28 68  25 68  err
fram_d1960  26 69  29 70  28 70  26 70  28 70  26 70  30 70  27 70  29 70  28 70  err
fram_d1970  26 70  21 70  26 70  25 70  24 72  26 72  26 72  27 72  24 72  28 72  err
fram_d1980  27 72  29 72  28 72  31 73  27 73  30 73  29 73  21 73  22 73  23 73  err
fram_d1990  21 74  24 74  23 74  27 74  23 74  23 74  22 74  18 74  18 74  18 74  err
fram_d2000  24 73  27 72  27 71  24 71  25 70  22 68  20 68  30 67  23 61  25 61  err
fram_d2010  38 41  27 40  27 36  37 31  46 24  57 21  75 15  45  59990  09990  0  err
frni_drop.rwl -- no data title --                         1st itrdb line missing     
frni_drop.rwl -- no data title --                         2nd itrdb line missing     
frni_drop.rwl -- no data title --                         3rd itrdb line missing     
frni_d18719990  0   0  1   0  1   0  1   0  1   0  1   0  1   0  1   0  1   0  1  err
frni_d1880   0  1   0  1   0  1   0  1   0  1   0  1   0  1   0  1   0  1   0  1  err
frni_d1890   0  1   0  1   0  1   0  1   0  1   0  1   0  1   0  1   0  1   0  1  err
frni_d1900   0  1   0  1   0  1   0  1  38  2 139  3  32  3  76  3  19  3 254  3  err
frni_d1910  21  3 195  3  58  4 139  4  70  4 145  4 119  6 119  7  72  7  79  7  err
frni_d1920  75  7  82  7  68  7  66  7 123  7 119  7 119  7 101  7  39  7  41  7  err
frni_d1930  40  7  64  7  63  7  78  7  51  7  82  7  90  7  94  7  52  7  70  7  err
frni_d1940  75  8  65  8  59  9  73 10  58 10  57 10  52 10  55 10  65 10  64 10  err
frni_d1950  84 10  94 10 105 10  76 10  59 10  43 11  66 11  75 11  59 11  47 11  err
frni_d1960  69 11  67 12  45 12  66 13  81 14  57 14  69 14  61 14  66 15  76 15  err
frni_d1970  83 15  70 15  93 15 100 16  89 16  60 16  62 16  49 17  74 17  70 17  err
frni_d1980  82 17  81 17  52 17  35 17  37 17  57 17  51 17  51 17  54 17  59 17  err
frni_d1990  77 17  58 17  58 17  59 17  60 17  72 17  48 17  45 17  62 17  35 17  err
frni_d2000  43 17  46 17  55 17  47 17  66 17  75 16  66 14  79 14  51 14  48 14  err
frni_d2010  47 13  35 13  31 12  52 12  66 12  98  9  39  49990  09990  09990  0  err
juni_drop.rwl -- no data title --                         1st itrdb line missing     
juni_drop.rwl -- no data title --                         2nd itrdb line missing     
juni_drop.rwl -- no data title --                         3rd itrdb line missing     
juni_d1880   0  1   0  1   0  1   0  1   0  1   0  1   0  1   0  1   0  1   0  1  err
juni_d1890   0  1 263  2 438  2 356  2  14  2  32  2 122  2  76  2  73  3  65  3  err
juni_d1900  86  3  40  3  93  3 229  3  89  4 135  4 148  4  83  5  54  5  47  5  err
juni_d1910  68  6 136  6  56  6  53  7  84  9  85 11 102 12  75 12 104 13  78 13  err
juni_d1920  69 13  78 13  85 13  96 14  61 15  72 16  71 16  84 16  56 17  81 18  err
juni_d1930  75 19  77 19  66 19  99 20  64 21  75 22  65 22  69 22  74 22  71 22  err
juni_d1940  73 22  79 22  73 22  43 23  63 23  75 24  65 25  68 25  90 25  78 25  err
juni_d1950  76 26  66 26  73 26  74 26  67 26  44 27  47 27  51 27  73 28  49 28  err
juni_d1960  40 28  49 28  57 29  43 29  53 29  58 29  52 30  73 30  57 30  59 30  err
juni_d1970  57 30  56 30  49 30  44 30  42 30  59 30  63 30  46 30  65 30  42 30  err
juni_d1980  67 30  55 31  37 31  39 31  37 31  41 31  45 31  38 31  50 31  49 31  err
juni_d1990  33 31  43 31  54 31  49 31  57 31  41 31  41 31  44 31  37 31  41 31  err
juni_d2000  45 31  49 29  48 29  53 27  58 26  37 26  31 26  43 26  40 26  50 25  err
juni_d2010 216  29990  09990  09990  09990  09990  09990  09990  09990  09990  0  err
litu_drop.rwl -- no data title --                         1st itrdb line missing     
litu_drop.rwl -- no data title --                         2nd itrdb line missing     
litu_drop.rwl -- no data title --                         3rd itrdb line missing     
litu_d1870   0  1   0  1   0  1   0  1   0  1   0  1   0  1   0  1   0  1   0  1  err
litu_d1880 508  2 439  2 227  2 213  2 330  2 197  2 166  2  18  2  10  2 221  2  err
litu_d1890 124  2  17  2  60  2 109  2 149  2 165  2  46  2 160  2 316  2  58  2  err
litu_d1900 254  2 221  2   9  2  87  2 136  2 179  2 496  3 203  3 205  4 145  4  err
litu_d1910  34  4   8  4 118  4  20  5  87  6 145  8 135  8  79  9 127 11 133 14  err
litu_d1920 118 16  61 18  49 23  51 27  61 31  56 34  57 36  44 37  50 39  56 42  err
litu_d1930  50 45  46 47  39 48  42 52  39 52  39 54  45 56  44 58  36 60  42 62  err
litu_d1940  35 65  37 65  35 66  37 68  36 69  39 70  37 71  33 72  34 73  41 75  err
litu_d1950  44 83  42 83  35 85  37 90  35 95  37 98  31 99  32100  28100  27101  err
litu_d1960  30103  29103  29104  24104  25105  26106  23106  25106  29106  30106  err
litu_d1970  31107  29108  31108  31108  30108  35108  32108  31108  33108  30108  err
litu_d1980  39109  39110  42110  35110  26110  24110  26110  28110  26110  26110  err
litu_d1990  30111  26111  27111  25111  26111  25111  24111  22110  27110  20110  err
litu_d2000  21110  24109  23108  21108  21108  20108  22106  24106  19104  22101  err
litu_d2010  43 30  32 24  44 23  55 21  69 15  52 11  95  7 236  39990  09990  0  err
pist_drop.rwl -- no data title --                         1st itrdb line missing     
pist_drop.rwl -- no data title --                         2nd itrdb line missing     
pist_drop.rwl -- no data title --                         3rd itrdb line missing     
pist_d19319990  0   0  1   0  1   0  1   0  1   2  3  85  5  84  7  77  9  82 10  err
pist_d1940 100 14  58 14  29 14  59 15 119 16  59 19  63 22  68 23  70 24  63 24  err
pist_d1950  55 27  60 28  45 29  44 30  99 31  75 32  59 32  61 32  51 33  52 33  err
pist_d1960  45 33  44 33  32 34  35 35  25 35  28 35  93 35  42 35  39 35  36 36  err
pist_d1970  42 36  31 36  30 36  34 36  36 36  39 36  38 36  34 36  26 36  29 36  err
pist_d1980  37 37  34 37  30 37  30 37  32 37  31 37  30 37  26 37  27 37  21 37  err
pist_d1990  26 37  31 37  31 37  32 37  37 37  29 37  43 37  35 37  29 37  32 37  err
pist_d2000  32 37  24 37  25 37  29 37  28 36  21 35  20 33  18 32  28 31  23 31  err
pist_d2010 170  3 286  2 184  2   0  1   0  1   0  1   0  19990  09990  09990  0  err
