caco_drop.rwl -- no data title --                         1st itrdb line missing     
caco_drop.rwl -- no data title --                         2nd itrdb line missing     
caco_drop.rwl -- no data title --                         3rd itrdb line missing     
caco_d18899990  09990  09990  09990  09990  09990  09990  09990  09990  0   0  1  err
caco_d1890   0  1   0  1   0  1   0  1  59  2  52  2   3  2  34  2 286  2  28  2  err
caco_d1900 193  2 256  2  47  2  24  2 258  3 100  3  64  3  55  3 118  4 121  5  err
caco_d1910  23  5  42  5  88  5  66  5 110  5  69  5  69  6 110  7  68  7  27  7  err
caco_d1920  78  7  91  7  75  8 100  9  52  9  44  9  39  9  86  9  72  9  54  9  err
caco_d1930  73  9  44  9  27  9  97 10  57 10  37 10  50 11  50 11  57 12  62 12  err
caco_d1940  82 13  42 13  46 14  66 14  61 15  52 15  65 15  65 15  64 15  53 15  err
caco_d1950  55 15  55 15  70 15  59 15  52 16  61 16  54 16  48 16  55 16  45 16  err
caco_d1960  54 16  55 17  53 17  50 17  29 17  58 17  49 17  70 18  51 18  49 18  err
caco_d1970  47 18  30 18  59 18  39 18  38 18  48 18  56 18  55 18  53 18  39 18  err
caco_d1980  63 18  53 18  54 18  47 18  30 18  68 18  48 18  45 18  52 18  51 18  err
caco_d1990  50 18  38 18  44 18  62 18  51 18  40 18  43 18  56 18  55 18  47 18  err
caco_d2000  49 18  63 18  48 18  64 18  62 18  50 18  48 18  41 17  52 17  57 15  err
caco_d2010  40 14  42 13  39 13  66 11 104  8  93  6  80  4 152  29990  09990  0  err
cagl_drop.rwl -- no data title --                         1st itrdb line missing     
cagl_drop.rwl -- no data title --                         2nd itrdb line missing     
cagl_drop.rwl -- no data title --                         3rd itrdb line missing     
cagl_d18689990  09990  09990  09990  09990  09990  09990  09990  0   0  1   0  1  err
cagl_d1870   0  1  14  2  27  2  28  2  72  2  90  2 218  2 117  2  95  3  22  3  err
cagl_d1880 104  5  74  6  66  6  29  6  48  6  76  6  73  6  91  6  59  6  41  6  err
cagl_d1890  83  8  51  9 117  9 107  9  34  9  72  9 101  9  49  9  68  9   8  9  err
cagl_d1900 104 10  69 12  30 15  42 15  54 15  55 16  49 18  52 20  30 20  46 20  err
cagl_d1910  40 20  43 20  48 20  48 20  32 20  67 20  59 21  68 22  53 22  54 22  err
cagl_d1920  57 22  49 23  51 23  51 24  32 24  41 24  44 24  37 24  35 24  48 25  err
cagl_d1930  20 27  36 29  38 30  30 30  32 30  26 31  34 33  34 33  32 35  36 35  err
cagl_d1940  37 35  31 35  26 35  28 35  27 35  32 35  35 35  44 35  40 35  40 35  err
cagl_d1950  27 35  33 35  28 37  30 37  39 37  40 38  35 39  26 39  32 39  29 39  err
cagl_d1960  31 39  25 39  27 39  27 39  26 39  21 40  26 40  44 40  30 40  24 41  err
cagl_d1970  26 41  26 41  30 41  30 41  25 41  38 41  34 41  28 41  32 41  30 41  err
cagl_d1980  39 41  39 41  31 41  25 41  29 41  26 41  23 41  32 41  30 41  33 41  err
cagl_d1990  27 41  31 41  34 41  35 40  27 40  29 40  25 40  29 39  28 38  35 38  err
cagl_d2000  28 38  25 38  26 37  33 35  39 35  33 33  43 32  38 30  30 27  35 22  err
cagl_d2010  32  9 122  7  21  6 161  6  37  4  19  3   0  19990  09990  09990  0  err
caovl_drop.rwl -- no data title --                        1st itrdb line missing     
caovl_drop.rwl -- no data title --                        2nd itrdb line missing     
caovl_drop.rwl -- no data title --                        3rd itrdb line missing     
caovl_18849990  09990  09990  09990  0   0  1   0  1   0  1   0  1   0  1   0  1  err
caovl_1890  32  2 174  2  88  4 107  5  75  5  94  6  55  7  72  7  46  7  41  8  err
caovl_1900  58  9  53  9  55  9  55  9  68  9  44  9  33  9  59 10  35 10  64 10  err
caovl_1910  44 10  57 10  79 10  72 10  48 10 110 11  80 11  42 13  30 14  33 14  err
caovl_1920  89 15  47 16  59 16  58 17  40 17  50 18  51 19  41 19  27 20  29 20  err
caovl_1930  46 21  41 22  37 22  33 22  34 22  32 22  38 22  35 22  30 22  33 22  err
caovl_1940  41 23  28 23  26 23  36 24  28 24  32 24  41 24  55 24  34 24  38 24  err
caovl_1950  40 24  34 25  23 25  40 25  44 25  55 25  40 25  44 25  33 25  31 25  err
caovl_1960  44 25  36 25  43 25  34 25  28 25  26 25  21 25  40 25  26 25  38 25  err
caovl_1970  41 25  26 25  28 25  35 25  36 25  44 25  35 25  31 25  34 25  37 25  err
caovl_1980  77 25  41 25  37 25  36 25  29 25  42 25  39 25  37 25  26 25  31 25  err
caovl_1990  45 25  35 25  31 25  24 25  31 25  23 25  21 24  25 24  47 24  34 24  err
caovl_2000  29 24  55 24  51 24  39 24  41 24  41 23  29 23  28 21  47 20  25 15  err
caovl_2010 203  2   0  1   0  1   0  1   0  1   0  19990  09990  09990  09990  0  err
cato_drop.rwl -- no data title --                         1st itrdb line missing     
cato_drop.rwl -- no data title --                         2nd itrdb line missing     
cato_drop.rwl -- no data title --                         3rd itrdb line missing     
cato_d18689990  09990  09990  09990  09990  09990  09990  09990  0   0  1   0  1  err
cato_d1870   0  1   0  1   0  1   0  1   0  1   0  1   0  1   0  1   0  1   0  1  err
cato_d1880   0  1   0  1   0  1   0  1   0  1   0  1   0  1   0  1   0  1  77  2  err
cato_d1890 318  2 537  2 408  2 259  2 109  2 183  2 139  2 103  2  54  2  72  2  err
cato_d1900 243  2 361  2  52  2  12  2  89  2  73  2  30  3  17  3  84  3 127  3  err
cato_d1910  20  3 147  3  35  3 164  3 167  3  55  3  51  3 209  3   3  3  92  5  err
cato_d1920 137  8  69  8  61  9  81  9 104  9  76  9  68 10 124 10  72 10  57 11  err
cato_d1930  24 12  41 12  59 12  63 12  48 12  65 13  45 13  62 13  60 13  76 13  err
cato_d1940  83 14  45 14  27 14  28 15  61 15  49 15  70 16  76 16  52 17  66 17  err
cato_d1950  73 18  71 18  57 18  66 18  64 18  69 18  61 18  20 18  41 18  44 18  err
cato_d1960  36 18  38 18  41 18  50 18  37 18  32 18  39 18  41 18  59 18  43 18  err
cato_d1970  58 18  62 18  45 18  41 18  57 18  48 18  36 18  71 18  73 18  42 18  err
cato_d1980  54 18  64 18  63 18  38 18  76 18  47 18  49 18  45 18  55 18  30 18  err
cato_d1990  50 18  30 18  36 18  29 18  30 18  47 18  18 18  38 17  41 17  37 17  err
cato_d2000  42 17  57 16  53 16  56 16  53 15  35 14  46 14  55 14  58 13  36 11  err
cato_d2010  51  9  64  8  24  8  56  7  33  6 102  5  49  4   0  19990  09990  0  err
fagr_drop.rwl -- no data title --                         1st itrdb line missing     
fagr_drop.rwl -- no data title --                         2nd itrdb line missing     
fagr_drop.rwl -- no data title --                         3rd itrdb line missing     
fagr_d18879990  09990  09990  09990  09990  09990  09990  0   0  1   0  1   0  1  err
fagr_d1890   0  1   0  1   0  1   0  1   0  1   0  1   0  1   0  1   0  1   0  1  err
fagr_d1900   0  1   0  1 245  2  94  2  36  2 282  2 459  2 149  2  62  2 285  2  err
fagr_d1910 236  2  24  2  65  2 379  2 189  2 194  2 133  2 155  2  45  2 210  2  err
fagr_d1920  59  3  71  4  89  4  92  4 141  4  46  4  10  4  32  4 162  5  11  5  err
fagr_d1930  92  6  31  6  42  7  69  8 124  8  57  8  62  9  53  9  42  9  72  9  err
fagr_d1940  48 11  61 11  65 12  58 12  59 14  75 14  58 15  73 15  42 17  50 17  err
fagr_d1950  54 20  50 23  41 25  48 27  43 34  40 37  42 38  34 38  33 41  29 44  err
fagr_d1960  32 47  24 49  21 52  22 55  28 59  25 59  23 60  30 62  27 64  27 67  err
fagr_d1970  26 68  26 71  19 71  23 72  20 74  21 76  26 76  31 78  27 78  24 80  err
fagr_d1980  34 80  19 80  20 80  19 81  29 81  19 81  18 81  18 81  18 81  20 81  err
fagr_d1990  21 81  18 81  21 81  23 81  20 81  21 81  20 81  23 81  21 81  20 81  err
fagr_d2000  25 81  20 80  25 79  19 78  22 78  23 77  22 75  24 73  26 68  28 63  err
fagr_d20109990  09990  09990  09990  09990  09990  09990  09990  09990  09990  0  err
fram_drop.rwl -- no data title --                         1st itrdb line missing     
fram_drop.rwl -- no data title --                         2nd itrdb line missing     
fram_drop.rwl -- no data title --                         3rd itrdb line missing     
fram_d18699990  09990  09990  09990  09990  09990  09990  09990  09990  0   0  1  err
fram_d1870  84  3 185  3 145  3 105  3   4  3 146  3 100  3 225  3  19  3 100  4  err
fram_d1880  67  4  66  4  82  5  13  5  25  5  92  7  48  7  29  7  28  7  65  7  err
fram_d1890  77  7  68  7  46  8  67  9  47  9  39 10  48 12  56 12  49 12  45 13  err
fram_d1900  50 13  47 13  59 13  24 14  57 14  45 14  39 14  36 14  29 14  35 14  err
fram_d1910  42 15  56 15  53 15  31 15  33 16  82 17  54 18  46 18  31 19  36 19  err
fram_d1920  35 20  38 20  48 22  33 22  32 22  25 23  30 24  31 24  34 25  33 27  err
fram_d1930  37 27  38 28  25 28  28 30  31 34  26 36  29 38  35 42  28 43  36 43  err
fram_d1940  24 45  29 45  25 48  28 49  23 51  34 52  28 53  30 53  26 55  24 57  err
fram_d1950  29 57  25 58  27 58  23 60  23 63  25 63  29 65  24 66  20 68  19 68  err
fram_d1960  23 69  22 70  24 70  24 70  25 70  21 70  21 70  20 70  20 70  20 70  err
fram_d1970  17 70  19 70  21 70  23 70  19 72  22 72  20 72  25 72  20 72  26 72  err
fram_d1980  24 72  22 72  26 72  24 73  20 73  21 73  24 73  17 73  20 73  21 73  err
fram_d1990  18 74  20 74  19 74  21 74  18 74  17 74  22 74  17 74  18 74  16 74  err
fram_d2000  21 73  24 72  23 71  19 71  25 70  20 68  18 68  25 67  23 61  22 61  err
fram_d2010  34 41  21 40  22 36  28 31  32 24  38 21  49 15  97  59990  09990  0  err
frni_drop.rwl -- no data title --                         1st itrdb line missing     
frni_drop.rwl -- no data title --                         2nd itrdb line missing     
frni_drop.rwl -- no data title --                         3rd itrdb line missing     
frni_d18719990  0   0  1   0  1   0  1   0  1   0  1   0  1   0  1   0  1   0  1  err
frni_d1880   0  1   0  1   0  1   0  1   0  1   0  1   0  1   0  1   0  1   0  1  err
frni_d1890   0  1   0  1   0  1   0  1   0  1   0  1   0  1   0  1   0  1   0  1  err
frni_d1900   0  1   0  1   0  1   0  1  40  2  35  3 176  3  74  3   7  3 182  3  err
frni_d1910 134  3 213  3  64  4 110  4 109  4  77  4  82  6  91  7  15  7  59  7  err
frni_d1920  63  7 103  7  77  7  49  7  91  7  61  7  60  7  42  7  22  7  57  7  err
frni_d1930  31  7  29  7  33  7  62  7  39  7  58  7  73  7  43  7  56  7  64  7  err
frni_d1940  55  8  34  8  28  9  64 10  55 10  47 10  38 10  70 10  54 10  40 10  err
frni_d1950  65 10  55 10  75 10  35 10  67 10  26 11  41 11  35 11  36 11  24 11  err
frni_d1960  46 11  48 12  57 12  68 13  65 14  42 14  44 14  43 14  59 15  68 15  err
frni_d1970  39 15  35 15  72 15  75 16  38 16  50 16  57 16  31 17  68 17  41 17  err
frni_d1980  76 17  49 17  22 17  33 17  32 17  28 17  35 17  53 17  46 17  26 17  err
frni_d1990  60 17  52 17  36 17  46 17  42 17  40 17  41 17  44 17  48 17  34 17  err
frni_d2000  31 17  31 17  35 17  36 17  60 17  55 16  26 14  34 14  39 14  32 14  err
frni_d2010  44 13  29 13  43 12  37 12  45 12  65  9  60  49990  09990  09990  0  err
juni_drop.rwl -- no data title --                         1st itrdb line missing     
juni_drop.rwl -- no data title --                         2nd itrdb line missing     
juni_drop.rwl -- no data title --                         3rd itrdb line missing     
juni_d1880   0  1   0  1   0  1   0  1   0  1   0  1   0  1   0  1   0  1   0  1  err
juni_d1890   0  1 162  2 333  2 135  2 179  2  80  2 116  2 107  2  40  3   8  3  err
juni_d1900  94  3  46  3   0  3 121  3  32  4 103  4 131  4  58  5  96  5  52  5  err
juni_d1910  71  6 164  6  33  6  22  7  54  9  96 11  91 12  54 12  81 13  50 13  err
juni_d1920  44 13  66 13  44 13  82 14  47 15  66 16  43 16  59 16  48 17  84 18  err
juni_d1930  49 19  61 19  66 19  99 20  59 21  58 22  57 22  41 22  59 22  63 22  err
juni_d1940  70 22  62 22  37 22  56 23  60 23  64 24  56 25  51 25  48 25  57 25  err
juni_d1950  54 26  45 26  59 26  47 26  50 26  40 27  51 27  34 27  55 28  43 28  err
juni_d1960  41 28  43 28  39 29  30 29  44 29  48 29  40 30  57 30  32 30  44 30  err
juni_d1970  40 30  43 30  44 30  32 30  33 30  53 30  55 30  42 30  60 30  31 30  err
juni_d1980  59 30  47 31  31 31  29 31  28 31  42 31  44 31  37 31  40 31  40 31  err
juni_d1990  36 31  41 31  45 31  50 31  50 31  41 31  33 31  41 31  34 31  40 31  err
juni_d2000  37 31  43 29  35 29  39 27  49 26  43 26  30 26  37 26  36 26  45 25  err
juni_d2010 137  29990  09990  09990  09990  09990  09990  09990  09990  09990  0  err
litu_drop.rwl -- no data title --                         1st itrdb line missing     
litu_drop.rwl -- no data title --                         2nd itrdb line missing     
litu_drop.rwl -- no data title --                         3rd itrdb line missing     
litu_d1870   0  1   0  1   0  1   0  1   0  1   0  1   0  1   0  1   0  1   0  1  err
litu_d1880 145  2  76  2  86  2  49  2 176  2  41  2  20  2 104  2  10  2 234  2  err
litu_d1890  30  2  70  2  46  2  67  2  73  2  58  2  74  2 125  2 201  2 166  2  err
litu_d1900 214  2  43  2 167  2  93  2  71  2  81  2 290  3   4  3  63  4  61  4  err
litu_d1910  11  4 109  4  86  4  81  5  61  6 103  8  86  8  55  9 106 11  99 14  err
litu_d1920  97 16  29 18  23 23  35 27  40 31  34 34  32 36  38 37  32 39  41 42  err
litu_d1930  38 45  43 47  30 48  34 52  26 52  24 54  30 56  33 58  24 60  23 62  err
litu_d1940  32 65  25 65  27 66  23 68  28 69  31 70  28 71  25 72  26 73  30 75  err
litu_d1950  29 83  27 83  24 85  26 90  29 95  28 98  27 99  22100  20100  21101  err
litu_d1960  25103  22103  21104  20104  19105  21106  17106  21106  23106  23106  err
litu_d1970  23107  22108  22108  22108  21108  23108  22108  22108  26108  21108  err
litu_d1980  43109  28110  27110  21110  21110  18110  21110  19110  21110  20110  err
litu_d1990  24111  18111  22111  21111  21111  22111  18111  24110  23110  18110  err
litu_d2000  19110  20109  20108  21108  19108  19108  18106  20106  19104  18101  err
litu_d2010  34 30  33 24  47 23  51 21  53 15  64 11  54  7 120  39990  09990  0  err
pist_drop.rwl -- no data title --                         1st itrdb line missing     
pist_drop.rwl -- no data title --                         2nd itrdb line missing     
pist_drop.rwl -- no data title --                         3rd itrdb line missing     
pist_d19319990  0   0  1   0  1   0  1   0  1   7  3  22  5  45  7  55  9  71 10  err
pist_d1940  71 14  60 14  33 14  54 15 108 16  70 19  49 22  54 23  46 24  40 24  err
pist_d1950  29 27  39 28  29 29  34 30  80 31  57 32  37 32  41 32  37 33  44 33  err
pist_d1960  37 33  41 33  32 34  26 35  22 35  22 35  94 35  47 35  36 35  29 36  err
pist_d1970  40 36  27 36  25 36  29 36  25 36  26 36  31 36  24 36  25 36  31 36  err
pist_d1980  34 37  35 37  28 37  26 37  28 37  29 37  20 37  24 37  26 37  24 37  err
pist_d1990  24 37  30 37  35 37  29 37  35 37  31 37  35 37  24 37  22 37  30 37  err
pist_d2000  31 37  23 37  20 37  27 37  27 36  24 35  20 33  19 32  24 31  22 31  err
pist_d2010 225  3  86  2  43  2   0  1   0  1   0  1   0  19990  09990  09990  0  err
