caco_drop.rwl -- no data title --                         1st itrdb line missing     
caco_drop.rwl -- no data title --                         2nd itrdb line missing     
caco_drop.rwl -- no data title --                         3rd itrdb line missing     
caco_d18899990  09990  09990  09990  09990  09990  09990  09990  09990  0   0  1  err
caco_d1890   0  1   0  1   0  1   0  1 934  21391  21197  21071  21482  21230  2  err
caco_d19001508  21160  21296  21530  2  33  3 190  3  75  3  98  31214  4 573  5  err
caco_d1910 155  5  71  5 627  5 881  5 672  5 480  5 666  6 460  7 144  7 360  7  err
caco_d1920 510  7 421  7 315  8 361  9 152  9  98  9 296  9 211  9 460  9 432  9  err
caco_d1930 399  9 441  9 453  9 419 10 432 10 399 10 337 11 322 11 268 12 282 12  err
caco_d1940 303 13 268 13 254 14 302 14 229 15 273 15 186 15 202 15 178 15 211 15  err
caco_d1950 268 15 269 15 256 15 229 15 263 16 259 16 288 16 325 16 356 16 295 16  err
caco_d1960 253 16 253 17 254 17 253 17 214 17 265 17 232 17 218 18 247 18 198 18  err
caco_d1970 246 18 237 18 227 18 211 18 231 18 206 18 219 18 204 18 204 18 187 18  err
caco_d1980 200 18 185 18 202 18 158 18 173 18 184 18 213 18 156 18 187 18 207 18  err
caco_d1990 209 18 152 18 169 18 193 18 190 18 180 18 182 18 249 18 236 18 184 18  err
caco_d2000 217 18 187 18 184 18 154 18 178 18 193 18 174 18 152 17 117 17 118 15  err
caco_d2010 113 14 132 13 124 13 105 11  99  8 139  6  95  4 118  29990  09990  0  err
cagl_drop.rwl -- no data title --                         1st itrdb line missing     
cagl_drop.rwl -- no data title --                         2nd itrdb line missing     
cagl_drop.rwl -- no data title --                         3rd itrdb line missing     
cagl_d18689990  09990  09990  09990  09990  09990  09990  09990  0   0  1   0  1  err
cagl_d1870   0  1 376  2 605  2 649  2 616  2 440  2 152  2 492  2  35  3 445  3  err
cagl_d1880 445  5 288  6 228  6 226  6 187  6 285  6 308  6  64  6 245  6 158  6  err
cagl_d1890 248  8 199  9 382  9 346  9 326  9 359  9 380  9 360  9 289  9 244  9  err
cagl_d1900 323 10 399 12 311 15 273 15 242 15 192 16 256 18 211 20 196 20 216 20  err
cagl_d1910 197 20 139 20 201 20 222 20 179 20 234 20 265 21 251 22 181 22 234 22  err
cagl_d1920 220 22 224 23 240 23 246 24 219 24 218 24 239 24 221 24 212 24 220 25  err
cagl_d1930 169 27 173 29 165 30 169 30 175 30 161 31 188 33 202 33 201 35 165 35  err
cagl_d1940 163 35 154 35 137 35 138 35 138 35 131 35 138 35 130 35 152 35 137 35  err
cagl_d1950 138 35 153 35 135 37 133 37 161 37 160 38 178 39 161 39 185 39 146 39  err
cagl_d1960 161 39 165 39 141 39 155 39 136 39 135 40 125 40 154 40 157 40 152 41  err
cagl_d1970 139 41 119 41 138 41 150 41 138 41 166 41 158 41 126 41 163 41 129 41  err
cagl_d1980 152 41 153 41 174 41 146 41 142 41 151 41 138 41 131 41 154 41 147 41  err
cagl_d1990 179 41 115 41 133 41 122 40 115 40  94 40  85 40 101 39  90 38 109 38  err
cagl_d2000  93 38 115 38 126 37 115 35 119 35 115 33 127 32 130 30 160 27 155 22  err
cagl_d2010 150  9 161  7 113  6  60  6  56  4 202  3   0  19990  09990  09990  0  err
caovl_drop.rwl -- no data title --                        1st itrdb line missing     
caovl_drop.rwl -- no data title --                        2nd itrdb line missing     
caovl_drop.rwl -- no data title --                        3rd itrdb line missing     
caovl_18849990  09990  09990  09990  0   0  1   0  1   0  1   0  1   0  1   0  1  err
caovl_1890 425  2 516  2 299  4 308  5 145  5 309  6  72  7 209  7 289  7 273  8  err
caovl_1900 196  9 188  9 140  9  96  9 170  9 240  9 274  9 233 10 156 10 175 10  err
caovl_1910 240 10 164 10 227 10 196 10 206 10 294 11 361 11 368 13 325 14 325 14  err
caovl_1920 356 15 334 16 370 16 326 17 362 17 327 18 307 19 282 19 246 20 285 20  err
caovl_1930 221 21 272 22 219 22 237 22 201 22 196 22 217 22 221 22 214 22 186 22  err
caovl_1940 204 23 214 23 197 23 192 24 183 24 204 24 183 24 206 24 230 24 211 24  err
caovl_1950 242 24 213 25 174 25 165 25 201 25 190 25 216 25 202 25 229 25 178 25  err
caovl_1960 197 25 203 25 153 25 152 25 155 25 171 25 147 25 180 25 150 25 154 25  err
caovl_1970 146 25 123 25 148 25 162 25 160 25 184 25 156 25 112 25 146 25 159 25  err
caovl_1980 149 25 131 25 134 25 135 25 137 25 154 25 135 25 152 25 148 25 145 25  err
caovl_1990 188 25 107 25 156 25 160 25 128 25 109 25 150 24 143 24 177 24 169 24  err
caovl_2000 137 24 136 24 164 24 134 24 166 24 157 23 183 23 210 21 153 20 152 15  err
caovl_2010 138  2   0  1   0  1   0  1   0  1   0  19990  09990  09990  09990  0  err
cato_drop.rwl -- no data title --                         1st itrdb line missing     
cato_drop.rwl -- no data title --                         2nd itrdb line missing     
cato_drop.rwl -- no data title --                         3rd itrdb line missing     
cato_d18689990  09990  09990  09990  09990  09990  09990  09990  0   0  1   0  1  err
cato_d1870   0  1   0  1   0  1   0  1   0  1   0  1   0  1   0  1   0  1   0  1  err
cato_d1880   0  1   0  1   0  1   0  1   0  1   0  1   0  1   0  1   0  1 768  2  err
cato_d1890  43  2 783  2 112  2 268  2  93  2 368  2 677  2 405  2 349  2 501  2  err
cato_d1900 118  2 249  2  88  2 264  2 203  2 172  2  61  3 114  3  46  3 259  3  err
cato_d1910 146  3  75  3  60  3 347  3 289  3 212  3 189  3  16  3   0  3 438  5  err
cato_d1920 369  8 471  8 318  9 295  9 341  9 309  9  91 10 225 10 353 10 337 11  err
cato_d1930 277 12 360 12 308 12 271 12 301 12 256 13 284 13 225 13 271 13 256 13  err
cato_d1940 268 14 255 14 240 14 217 15 240 15 229 15 210 16 286 16 214 17 207 17  err
cato_d1950 193 18 162 18 192 18 141 18 165 18 155 18 141 18 148 18 168 18 145 18  err
cato_d1960 166 18 154 18 133 18 174 18 131 18 161 18 164 18 154 18 210 18 198 18  err
cato_d1970 227 18 179 18 171 18 173 18 168 18 186 18 159 18 158 18 146 18 164 18  err
cato_d1980 133 18 152 18 129 18 132 18 138 18 157 18 189 18 167 18 184 18 149 18  err
cato_d1990 140 18 122 18 152 18 151 18 149 18 155 18 109 18 121 17 142 17 118 17  err
cato_d2000 128 17 155 16 155 16 121 16  87 15  58 14 133 14  49 14 117 13 153 11  err
cato_d2010 165  9 106  8  89  8  63  7  44  6 101  5  82  4   0  19990  09990  0  err
fagr_drop.rwl -- no data title --                         1st itrdb line missing     
fagr_drop.rwl -- no data title --                         2nd itrdb line missing     
fagr_drop.rwl -- no data title --                         3rd itrdb line missing     
fagr_d18879990  09990  09990  09990  09990  09990  09990  0   0  1   0  1   0  1  err
fagr_d1890   0  1   0  1   0  1   0  1   0  1   0  1   0  1   0  1   0  1   0  1  err
fagr_d1900   0  1   0  11293  21250  2 997  2 431  2 288  2  43  2 235  2 119  2  err
fagr_d1910 935  2 693  2 507  21283  21375  21285  21307  21242  2 893  21207  2  err
fagr_d1920   4  3 553  4 247  4 356  4 632  4 518  4 393  4 400  4 536  5 326  5  err
fagr_d1930 286  6 393  6 300  7 357  8 324  8 204  8 243  9 297  9 211  9 141  9  err
fagr_d1940 174 11 163 11 257 12 269 12 230 14 283 14 215 15 259 15 188 17 156 17  err
fagr_d1950 185 20 167 23 147 25 126 27 124 34 130 37 134 38 141 38 115 41 119 44  err
fagr_d1960 123 47 114 49 109 52  93 55  82 59  81 59  67 60 100 62 101 64 104 67  err
fagr_d1970 102 68  95 71  95 71  92 72  86 74  81 76  87 76  79 78  93 78  78 80  err
fagr_d1980 103 80 104 80 104 80  99 81 109 81  95 81  90 81  80 81  85 81  87 81  err
fagr_d1990  94 81  69 81  94 81  96 81  92 81  87 81 100 81  80 81  88 81  81 81  err
fagr_d2000 110 81 108 80  87 79 104 78  90 78 107 77 109 75 112 73 104 68 107 63  err
fagr_d20109990  09990  09990  09990  09990  09990  09990  09990  09990  09990  0  err
fram_drop.rwl -- no data title --                         1st itrdb line missing     
fram_drop.rwl -- no data title --                         2nd itrdb line missing     
fram_drop.rwl -- no data title --                         3rd itrdb line missing     
fram_d18699990  09990  09990  09990  09990  09990  09990  09990  09990  0   0  1  err
fram_d1870 875  3 685  31258  3 100  3  48  3 918  3 535  3 123  3 611  3 510  4  err
fram_d1880 313  4 433  4 645  5 944  5 767  5 322  7 541  7 314  7 518  7 552  7  err
fram_d1890 380  7 695  7 547  8 470  9 380  9 381 10 360 12 317 12 349 12 348 13  err
fram_d1900 385 13 386 13 424 13 426 14 423 14 329 14 345 14 269 14 241 14 212 14  err
fram_d1910 245 15 244 15 322 15 301 15 331 16 217 17 311 18 329 18 305 19 255 19  err
fram_d1920 220 20 254 20 211 22 189 22 195 22 254 23 238 24 227 24 253 25 188 27  err
fram_d1930 119 27 130 28 162 28 158 30 167 34 152 36 166 38 155 42 160 43 149 43  err
fram_d1940 121 45 146 45 126 48 140 49 135 51 154 52 147 53 149 53 134 55 147 57  err
fram_d1950 155 57 157 58 152 58 159 60 153 63 163 63 146 65 152 66 153 68 154 68  err
fram_d1960 132 69 132 70 114 70 125 70 110 70 114 70 121 70 122 70 137 70 117 70  err
fram_d1970 130 70 145 70 145 70 148 70 124 72 146 72 132 72 121 72 116 72 124 72  err
fram_d1980 118 72 122 72 124 72 138 73 137 73 137 73 143 73 119 73 118 73 113 73  err
fram_d1990 114 74  95 74 113 74 123 74 136 74 125 74 113 74 107 74 117 74 117 74  err
fram_d2000 138 73 126 72 134 71 137 71 122 70 105 68 112 68 107 67  91 61  91 61  err
fram_d2010  90 41  84 40  73 36  79 31  77 24 101 21  75 15 223  59990  09990  0  err
frni_drop.rwl -- no data title --                         1st itrdb line missing     
frni_drop.rwl -- no data title --                         2nd itrdb line missing     
frni_drop.rwl -- no data title --                         3rd itrdb line missing     
frni_d18719990  0   0  1   0  1   0  1   0  1   0  1   0  1   0  1   0  1   0  1  err
frni_d1880   0  1   0  1   0  1   0  1   0  1   0  1   0  1   0  1   0  1   0  1  err
frni_d1890   0  1   0  1   0  1   0  1   0  1   0  1   0  1   0  1   0  1   0  1  err
frni_d1900   0  1   0  1   0  1   0  1 652  2 445  3 413  3 396  3 224  3 688  3  err
frni_d1910 149  3 254  3 304  4 281  4 253  4 403  4 323  6 242  7 268  7 352  7  err
frni_d1920 351  7 334  7 452  7 416  7 627  7 495  7 532  7 650  7 400  7 351  7  err
frni_d1930 323  7 258  7 267  7 361  7 325  7 292  7 479  7 430  7 309  7 172  7  err
frni_d1940 314  8 289  8 300  9 310 10 317 10 387 10 315 10 259 10 372 10 347 10  err
frni_d1950 472 10 493 10 377 10 366 10 261 10 258 11 267 11 240 11 258 11 256 11  err
frni_d1960 265 11 289 12 273 12 287 13 304 14 302 14 263 14 277 14 235 15 251 15  err
frni_d1970 248 15 245 15 206 15 214 16 191 16 162 16 199 16 151 17 168 17 172 17  err
frni_d1980 205 17 176 17 128 17 111 17 112 17 152 17 136 17 131 17 165 17 174 17  err
frni_d1990 190 17 125 17 126 17 146 17 195 17 209 17 165 17 185 17 187 17 202 17  err
frni_d2000 173 17 172 17 172 17 168 17 188 17 240 16 262 14 292 14 236 14 243 14  err
frni_d2010 304 13 271 13 273 12 296 12 266 12 261  9 206  49990  09990  09990  0  err
juni_drop.rwl -- no data title --                         1st itrdb line missing     
juni_drop.rwl -- no data title --                         2nd itrdb line missing     
juni_drop.rwl -- no data title --                         3rd itrdb line missing     
juni_d1880   0  1   0  1   0  1   0  1   0  1   0  1   0  1   0  1   0  1   0  1  err
juni_d1890   0  11582  2 986  21042  21697  21776  21852  21330  21064  3 701  3  err
juni_d1900 322  3 129  3 118  31068  3 712  4 625  4 634  4 825  5 695  5 512  5  err
juni_d1910 498  6 725  6 382  6 530  7 503  9 399 11 307 12 350 12 269 13 340 13  err
juni_d1920 250 13 365 13 308 13 305 14 215 15 312 16 329 16 317 16 272 17 280 18  err
juni_d1930 253 19 262 19 176 19 280 20 275 21 263 22 302 22 338 22 354 22 339 22  err
juni_d1940 310 22 361 22 310 22 210 23 234 23 314 24 178 25 182 25 283 25 264 25  err
juni_d1950 265 26 248 26 293 26 248 26 189 26 168 27 215 27 154 27 223 28 160 28  err
juni_d1960 188 28 166 28 158 29 131 29 170 29 179 29 138 30 245 30 209 30 237 30  err
juni_d1970 275 30 212 30 190 30 172 30 164 30 221 30 216 30 198 30 234 30 145 30  err
juni_d1980 204 30 222 31 177 31 134 31 173 31 152 31 189 31 141 31 145 31 170 31  err
juni_d1990 130 31 105 31 204 31 205 31 196 31 174 31 155 31 166 31 188 31 138 31  err
juni_d2000 195 31 210 29 218 29 226 27 265 26 255 26 247 26 241 26 264 26 299 25  err
juni_d20102302  29990  09990  09990  09990  09990  09990  09990  09990  09990  0  err
litu_drop.rwl -- no data title --                         1st itrdb line missing     
litu_drop.rwl -- no data title --                         2nd itrdb line missing     
litu_drop.rwl -- no data title --                         3rd itrdb line missing     
litu_d1870   0  1   0  1   0  1   0  1   0  1   0  1   0  1   0  1   0  1   0  1  err
litu_d18801087  2 879  2 332  2 319  2 613  2 403  2 230  2  49  2 163  2 988  2  err
litu_d18901001  2 872  2 795  2 971  21339  21433  21133  21401  21646  2 952  2  err
litu_d19001381  21568  2 950  21358  21357  21342  2 529  3 982  3 619  4 381  4  err
litu_d1910 349  4 306  4 602  4 283  5 471  6 536  8 516  8 430  9 332 11 408 14  err
litu_d1920 386 16 486 18 467 23 284 27 338 31 241 34 274 36 341 37 327 39 330 42  err
litu_d1930 201 45 240 47 237 48 234 52 239 52 256 54 247 56 237 58 232 60 228 62  err
litu_d1940 226 65 241 65 236 66 215 68 197 69 235 70 205 71 194 72 218 73 241 75  err
litu_d1950 235 83 225 83 199 85 171 90 129 95 125 98 149 99 135100 155100 131101  err
litu_d1960 131103 140103 119104  96104  84105  76106  67106  81106 111106 110106  err
litu_d1970 147107 142108 165108 164108 173108 176108 151108 117108 144108 132108  err
litu_d1980 128109 114110 116110 110110 108110 112110 142110 141110 133110 145110  err
litu_d1990 177111 132111 130111 180111 151111 170111 164111 122110 133110  96110  err
litu_d2000 118110 140109 148108 133108 142108 138108 116106 121106 153104 128101  err
litu_d2010  78 30  65 24  79 23 117 21 144 15  60 11 170  7 576  39990  09990  0  err
pist_drop.rwl -- no data title --                         1st itrdb line missing     
pist_drop.rwl -- no data title --                         2nd itrdb line missing     
pist_drop.rwl -- no data title --                         3rd itrdb line missing     
pist_d19319990  0   0  1   0  1   0  1   0  1  48  3 417  5 384  7 351  9 346 10  err
pist_d1940 325 14 313 14 272 14 226 15 294 16 213 19 158 22 174 23 185 24 170 24  err
pist_d1950 140 27 180 28 179 29 208 30 324 31 289 32 231 32 214 32 198 33 212 33  err
pist_d1960 226 33 193 33 177 34 160 35 129 35 147 35 192 35 157 35 210 35 196 36  err
pist_d1970 219 36 173 36 189 36 192 36 193 36 184 36 162 36 123 36 129 36 130 36  err
pist_d1980 168 37 117 37 159 37 114 37 137 37 141 37 136 37 123 37 160 37 177 37  err
pist_d1990 192 37 150 37 124 37 130 37 152 37 185 37 230 37 235 37 170 37  99 37  err
pist_d2000 196 37 192 37 183 37 207 37 179 36 201 35 195 33 222 32 218 31 281 31  err
pist_d2010  12  3  34  2 177  2   0  1   0  1   0  1   0  19990  09990  09990  0  err
