  year  #   1       2       3       4       5       6       7       8
  1950  -2.910   1.802  -1.205   1.844  -1.197   0.769  -0.176   0.080
  1951  -3.443   1.213  -1.023   1.306   0.116   1.385   0.037   0.246
  1952  -3.008   2.503  -0.150   1.121   0.661  -0.131   0.229  -0.356
  1953  -2.065   1.814  -1.087   0.894  -0.373  -0.158   0.282  -0.014
  1954  -1.280   2.099  -0.923   1.123  -0.547   0.374   0.397  -0.104
  1955  -1.151   1.835  -0.518  -0.169  -0.998  -0.313   0.019   0.144
  1956  -2.109   0.818   1.161  -0.291  -1.376  -0.474  -0.491   0.391
  1957  -1.708   0.954   1.082  -0.280  -0.734  -0.557   0.138   0.255
  1958  -2.433  -0.119   3.070  -0.576  -1.927  -0.527  -1.182  -0.123
  1959  -1.507  -1.106   0.389  -1.837  -0.533   0.551   0.027   0.007
  1960  -1.984  -1.292   0.610  -1.663  -0.180   0.341  -0.327  -0.394
  1961  -1.697  -1.954   0.267  -0.749  -0.709   0.432  -0.312  -0.312
  1962  -2.302  -1.787  -0.469  -1.585   0.697   1.169   0.578   0.553
  1963  -1.201  -1.008  -0.632  -0.855  -0.158   0.556   0.274   0.441
  1964  -1.235  -0.865  -0.099  -0.816   0.022  -0.137  -0.178   0.169
  1965  -1.144  -0.913  -0.604  -0.467   0.225  -0.047   0.084   0.260
  1966  -0.717  -0.439  -1.911  -1.254   0.211  -0.733   0.349  -0.004
  1967  -1.210  -0.799  -0.788  -0.474   1.132  -0.458   0.130   0.199
  1968  -1.385   1.304   0.621  -0.355   1.911  -0.597   0.349   0.155
  1969  -1.308   0.043   0.525   0.767   2.521  -0.809  -0.832  -0.071
  1970  -1.559  -0.569   0.131   0.760   1.640  -0.271  -0.738  -0.593
  1971  -1.517  -1.206  -0.350  -0.356   1.370   0.225  -0.179  -0.545
  1972  -1.050  -2.078  -0.985   0.357   0.393  -0.133  -0.395  -0.074
  1973  -0.251  -2.204  -0.710   0.676  -0.429   0.044   0.097   0.014
  1974   0.506  -1.963  -0.598   0.870  -0.775   0.243   1.317  -0.277
  1975   0.495  -1.662   0.906   1.078  -0.473   0.071   0.637  -0.175
  1976   0.830  -1.285   1.719   1.094  -0.279   0.274   0.956   0.241
  1977   1.281  -1.115  -0.758   1.133  -0.550  -1.163  -0.106   0.416
  1978   0.275  -1.417   1.502   1.964   0.183  -0.028  -0.355  -0.540
  1979   0.140  -0.908   1.150   1.508  -0.105  -0.360   0.209   0.278
  1980   2.186  -0.897  -0.266   1.102  -0.188  -0.697  -0.405   0.626
  1981   2.376  -0.646   0.073   1.213   0.534  -0.049  -0.261   0.251
  1982   2.925  -0.027  -0.448   0.270   0.751   1.241  -0.366  -0.446
  1983   2.751  -0.078  -0.827  -0.371  -0.367   0.524  -0.285   0.435
  1984   2.404   0.303  -0.139  -0.082   0.294   0.417  -0.372   0.571
  1985   3.099   0.269  -0.904  -0.082  -0.866   0.791   0.009  -0.758
  1986   2.526   0.326   1.030   0.360   0.615   1.060  -0.929   0.618
  1987   1.251   0.666   0.671  -0.304   0.045   0.286   0.037  -0.137
  1988   1.436  -0.039   1.069   0.285  -0.538   0.273   0.150  -0.685
  1989   1.435   0.959   0.474  -0.178   0.139  -0.257   0.273  -0.118
  1990   1.814   2.110   0.435  -0.707   0.304   1.203  -0.883   0.210
  1991   1.341   0.706  -1.310  -0.451  -0.128  -0.655  -0.568   0.489
  1992   1.537   0.775   0.377  -0.556  -0.030  -0.268   0.290   0.242
  1993   1.347   1.237   0.146  -0.637   0.085  -0.051   0.191  -0.239
  1994   1.031   1.373   1.134  -1.267   0.010  -0.128   0.345  -0.130
  1995   0.770   0.885   0.684  -0.902   0.191  -0.141   0.591   0.153
  1996   0.931   0.450   0.035  -0.254   0.083  -0.534   1.038   0.176
  1997   1.419  -0.255  -2.763  -0.708  -1.254  -0.996  -1.251  -0.670
  1998   1.238   0.078  -0.019  -0.219   0.159  -0.757   0.379   0.443
  1999   1.482   0.503  -0.347  -0.252  -0.467  -0.503   0.565  -0.665
  2000   1.343   1.606   0.571  -1.029   0.891  -0.303   0.616  -0.632
