 eigenvalue  1.859   1.419   1.316   1.044   0.924   0.636   0.483   0.320
 eval sderr  0.368   0.281   0.261   0.207   0.183   0.126   0.096   0.063
 % variance  0.232   0.177   0.164   0.130   0.115   0.079   0.060   0.040
 cumulative  0.232   0.410   0.574   0.705   0.820   0.900   0.960   1.000
 brokn stck  2.718   1.718   1.218   0.885   0.635   0.435   0.268   0.125
 series_id   #  1       2       3       4       5       6       7       8
  30343      0.365   0.504  -0.345  -0.173  -0.236   0.203  -0.231   0.559
  120911    -0.188   0.242   0.645  -0.346  -0.112   0.208   0.488   0.275
  190907     0.439  -0.180  -0.204  -0.222   0.526   0.516   0.349  -0.139
  40617      0.478   0.324   0.006   0.342  -0.015  -0.512   0.527  -0.097
  52343      0.034   0.580   0.339  -0.005   0.520  -0.009  -0.436  -0.295
  82228      0.478  -0.086   0.300  -0.111  -0.575   0.225  -0.200  -0.491
  192112    -0.335   0.355  -0.205   0.533  -0.190   0.539   0.213  -0.252
  202248     0.263  -0.283   0.419   0.622   0.133   0.216  -0.180   0.438
