  year  #   1       2       3       4       5       6       7       8       9      10      11      12      13      14      15      16      17      18      19      20      21      22      23      24      25      26      27
  1950   4.783   0.106  -3.260  -0.573   0.904  -0.751   2.217   1.531  -1.164  -0.491   0.746  -0.799  -0.265   0.709  -0.519   0.371  -0.050   0.664  -0.069  -0.212   0.247   0.088   0.158   0.143  -0.190   0.189   0.062
  1951   4.221   0.028  -3.755   1.475   1.299  -0.054   2.473  -0.463  -0.712   0.087   0.240   0.279   0.746   0.247   0.077  -0.085  -0.497  -0.472  -0.270   0.008   0.001  -0.190  -0.384  -0.185   0.238   0.044   0.000
  1952   3.313  -0.162  -2.492   0.142   0.126  -0.893   2.205  -1.549   0.721   0.525  -1.267   1.089  -0.417  -0.288   0.568  -0.544   0.042  -0.082   0.450  -0.014  -0.079   0.173   0.264  -0.410   0.212   0.091   0.277
  1953   4.550  -0.075  -2.102   1.091  -0.363  -1.214   1.242   0.585  -0.247  -0.210  -0.483  -0.621  -0.283  -1.045   0.425   0.170   0.615   0.031   0.351   0.071  -0.185   0.189   0.072   0.553  -0.049  -0.167  -0.172
  1954   3.422  -0.752  -2.077   1.183  -0.672  -1.758  -1.615   0.422   1.520   0.015   0.769  -0.205  -0.104  -1.010  -0.106  -0.165  -0.516   0.218  -0.573   0.009  -0.023  -0.306  -0.209   0.020   0.053   0.050   0.149
  1955   4.030  -0.911  -1.940   1.007  -0.849  -1.343  -1.405  -0.228   0.552  -0.500   0.816  -0.403  -0.453   0.153  -0.416  -0.485   0.579   0.317  -0.006  -0.348  -0.635  -0.127  -0.126  -0.065   0.200  -0.218  -0.153
  1956   1.865  -4.375  -1.970   0.904  -0.457   0.070  -2.467  -0.425  -3.149   2.276  -0.883   0.197  -0.289   0.349  -0.055  -0.451   0.130  -0.298   0.003   0.178  -0.010  -0.059  -0.035   0.087   0.020  -0.088   0.055
  1957   3.353  -1.083  -1.915   0.327  -0.979   0.468  -1.326   0.896   1.128  -0.135  -0.894   0.900  -0.507   0.455  -0.016   0.263  -0.241   0.145   0.056   0.674   0.385   0.504  -0.018  -0.080   0.129   0.368  -0.493
  1958   4.685  -0.370  -0.485   0.890  -0.178   2.465  -0.887   0.737   0.713   0.049  -0.001  -0.117  -0.204   0.244  -0.524   1.072  -0.094  -0.165   0.350  -0.561  -0.275  -0.386  -0.179  -0.394  -0.171  -0.109   0.076
  1959   2.520  -0.289  -0.881   0.477  -1.061   0.795  -0.114   0.351   0.736   0.205   0.354  -1.292  -0.261   0.415  -0.456  -0.130  -0.384  -0.754   0.065   0.285   0.555  -0.032  -0.066  -0.022  -0.310  -0.073  -0.029
  1960   1.409  -2.986  -0.941  -0.669  -0.387   0.432  -0.069   0.586   0.619  -0.021   1.047   0.229   1.213  -0.213   0.682   0.070   0.422  -0.490   0.352   0.308   0.288  -0.126   0.191   0.405  -0.102   0.227   0.062
  1961   1.288  -2.302  -0.344  -1.218   0.391   1.816   0.146   0.181   0.389   0.245   1.675   0.728   0.668   0.433   1.023   0.179   0.104   0.550  -0.695   0.239  -0.313  -0.131   0.097  -0.021  -0.196  -0.081   0.167
  1962  -0.454  -3.450   0.633  -1.851  -1.191   1.405   0.798  -0.484   0.770   0.340  -0.756   0.358  -0.765  -0.213   0.415  -0.146   0.255  -0.044  -0.073  -0.450   0.096   0.380  -0.014   0.149  -0.273  -0.059   0.086
  1963   0.761  -2.831   0.396  -0.261   0.137   2.217   0.294  -0.083   0.528  -0.003  -0.689  -0.414  -0.365  -0.413  -0.664   0.062  -0.280   0.064  -0.119  -0.114  -0.388   0.111   0.314   0.240   0.232   0.116   0.133
  1964  -0.634  -4.179   1.862  -1.611   0.664   1.049   1.004  -0.725   0.484   0.141   0.317  -0.727  -0.493  -0.418  -0.019  -0.325   0.110   0.547   0.303   0.263  -0.147   0.509  -0.279  -0.083  -0.005  -0.065  -0.010
  1965  -0.192  -4.541   1.352  -1.756   0.429  -0.977   0.388  -0.376  -0.094  -0.503  -0.349  -0.512   0.736   0.069  -0.002   0.956  -0.056  -0.174  -0.233  -0.539   0.049  -0.268  -0.106  -0.355   0.242  -0.068  -0.188
  1966   0.689  -3.627   2.459  -1.750   0.739  -1.249  -0.081  -0.183  -0.041  -0.484  -0.131  -0.349   0.652   0.308  -0.250  -0.398  -0.006   0.193   0.284   0.334   0.430  -0.324   0.180  -0.397   0.197   0.087  -0.022
  1967   2.737  -0.890   3.301  -0.036   1.423  -1.129  -0.988   0.177  -0.179  -0.153   0.357   0.086   0.324  -0.311  -0.949  -0.613   0.472  -0.263  -0.359  -0.132   0.177   0.145  -0.015   0.203   0.274   0.138   0.317
  1968   3.652  -0.672   2.820   0.877   0.090  -0.675  -0.735   0.591   0.519  -0.133  -0.488   1.440   0.598   0.226   0.072  -0.036  -0.321   0.050   0.290  -0.347  -0.398   0.241  -0.068   0.103  -0.131  -0.243  -0.152
  1969   2.159  -0.646   3.780   0.556   0.222  -0.820  -0.363   0.200  -0.622  -1.103   0.723   0.252  -1.229  -0.407   0.547   0.525  -0.336  -0.176   0.237   0.409   0.287   0.068  -0.276   0.161  -0.141  -0.142   0.111
  1970   2.809   0.505   3.113   1.083   0.080   0.308   0.490  -0.349  -0.855  -1.634   0.362   0.103  -0.546   0.080  -0.096  -0.024  -0.343  -0.650   0.533   0.192  -0.192  -0.204   0.295  -0.033  -0.031  -0.015  -0.059
  1971   3.533   1.154   2.798   1.267  -0.057   1.086   1.164  -0.243  -0.860  -0.660  -1.050  -0.333  -0.027  -0.284   0.120  -0.573  -0.067   0.123  -1.185  -0.086   0.018  -0.200  -0.129  -0.010  -0.114   0.041  -0.136
  1972   2.713   2.028   2.706   1.550  -0.752  -0.088   0.964  -0.915  -0.321   0.411  -0.891   0.571   0.208   0.721  -0.493   1.193   0.542   0.311  -0.408   0.297   0.252  -0.180   0.430   0.275   0.152  -0.103   0.009
  1973   2.110   2.311   1.838   0.699  -1.090  -0.523  -0.208  -0.863  -0.247   1.516   1.065  -0.463  -0.173  -0.273  -0.365  -0.126  -0.679   0.563   0.697   0.057  -0.100   0.042   0.202  -0.017  -0.087   0.156   0.078
  1974   0.908   1.600   1.857   1.148  -0.199  -0.785  -0.165   0.014   0.510   1.622   0.002   0.261   0.900  -0.832   0.770  -0.084   0.063   0.513   0.017  -0.244   0.341  -0.363   0.113   0.025  -0.232   0.043  -0.033
  1975   0.552   2.612   2.297   0.399   0.026   0.298   0.275   0.082  -0.115   0.688  -0.290  -0.678   0.534   0.080   0.500  -0.211   0.103  -0.356   0.023   0.045  -0.296   0.463  -0.888  -0.253   0.203   0.287  -0.103
  1976  -0.172   2.372   1.685   0.046  -0.517  -0.446   0.670   0.212   0.406   0.566   0.483  -0.864   0.280   1.481   0.639  -0.458  -0.005  -0.109   0.230  -0.128  -0.414   0.162  -0.241   0.258  -0.012   0.039   0.037
  1977  -2.374   0.346  -0.089  -2.056  -0.858  -2.264  -0.688   0.293   0.385  -0.264  -1.114  -0.595  -1.433   0.879   1.147   0.401  -0.371   0.015  -0.274  -0.066  -0.221  -0.449   0.159  -0.123   0.020   0.146   0.138
  1978  -1.226   0.855   0.153  -1.631  -1.310  -1.251   0.244  -0.029   0.215   0.491   1.061   0.086   0.395   0.490   0.241  -0.048  -0.022  -0.207  -0.208  -0.394   0.343   0.559   0.443  -0.014   0.349  -0.350  -0.281
  1979  -0.544   1.987  -0.054  -1.551  -2.988   0.357   0.516  -1.038   0.511   0.454   0.271  -0.066  -0.078   0.365  -0.477  -0.666   0.199  -0.858  -0.186   0.283  -0.196  -0.402   0.308  -0.070  -0.374   0.041  -0.012
  1980  -0.077   2.994  -0.512  -1.930  -2.654   0.919   0.153   0.319  -0.954  -0.159  -0.059   0.837  -0.190  -0.342  -0.199   0.234   0.466   0.427   0.353  -0.516   0.285  -0.174  -0.489   0.243   0.080  -0.025  -0.010
  1981   0.160   3.155  -0.613  -2.206  -2.466   0.526  -0.399   0.608   0.066  -0.987   0.157   0.945   0.228  -0.115  -0.675  -0.043  -0.047   0.116  -0.156   0.377  -0.036   0.026  -0.199  -0.117   0.488   0.066   0.250
  1982   0.322   2.231  -1.672  -2.539  -0.320  -0.499  -0.492  -1.199  -1.332  -0.946  -0.005  -0.058   0.652  -1.359   0.159   0.406  -0.081  -0.185   0.148   0.100  -0.202   0.228   0.112  -0.478  -0.397  -0.166  -0.061
  1983   0.675   1.965  -0.954  -1.196   1.454   0.019  -1.996  -0.969  -0.866  -1.110  -0.536  -0.288   0.556   0.705   0.304   0.241  -0.082   0.675  -0.024  -0.062  -0.082   0.501   0.086   0.126  -0.345   0.327   0.151
  1984   0.398   2.189  -0.340  -0.774   1.325   1.242  -1.300   0.047   0.168   0.505  -0.277  -0.500   0.640   0.225  -0.347  -0.178   0.205  -0.029  -0.095  -0.122  -0.277   0.136   0.508  -0.096   0.111  -0.031  -0.121
  1985   1.298   2.740  -0.694   0.222   3.084   0.760  -0.406   0.526   0.700  -0.462  -0.608   0.026   0.219   0.298  -0.141  -0.769  -0.060   0.347   0.685   0.201   0.437  -0.166   0.059  -0.269  -0.103  -0.358   0.035
  1986   0.040   2.891  -0.243  -0.322   2.850  -0.255  -0.468   1.013   1.160   0.719  -0.983  -0.125  -0.411  -0.166   0.291   0.423   1.014  -0.670  -0.240   0.096   0.046   0.008  -0.042   0.059  -0.068  -0.126   0.144
  1987  -2.595   0.493  -0.792  -1.265   1.396  -0.918  -0.437  -0.329  -0.133  -0.121   0.668   0.320  -0.458  -0.317  -0.598   0.017   0.528  -0.579  -0.594  -0.120   0.209   0.290  -0.205  -0.053  -0.353   0.094  -0.088
  1988  -2.259   1.185  -0.595  -0.848   1.937   0.993   0.145  -0.749  -0.269  -0.259   0.912   0.429  -1.345   0.191   0.026  -0.975  -0.261   0.148  -0.154  -0.550   0.304  -0.179   0.118   0.251   0.152  -0.026  -0.208
  1989  -2.173   1.830   0.104  -1.089   1.550   0.870  -0.153  -0.166  -0.038   1.030   0.689   0.229  -0.626  -0.674   0.259   0.371  -0.256   0.073  -0.091   0.290   0.230  -0.212  -0.101   0.030   0.383   0.025  -0.014
  1990  -3.606   0.978  -0.588  -1.194   1.805   0.560  -0.151   0.420  -0.618   0.616   0.295  -0.156  -0.074  -0.467   0.376   0.588  -0.579  -0.306   0.260   0.248  -0.590  -0.369   0.152   0.287   0.333   0.041  -0.183
  1991  -4.664  -0.351  -0.782  -0.718   0.197  -0.796   0.323  -0.043   0.777  -0.551  -1.462  -0.035   0.973  -0.423  -0.823  -0.223  -1.169  -0.171   0.013  -0.145  -0.175  -0.013  -0.025   0.687  -0.132   0.023   0.007
  1992  -3.932  -0.172  -0.721   0.700  -0.630   0.262  -0.258  -0.817   0.303   0.026  -0.809  -0.307   0.142   0.109   0.121  -0.312  -0.362   0.757  -0.341   0.300   0.299  -0.426  -0.384  -0.009  -0.177  -0.270  -0.117
  1993  -4.131  -0.704  -0.889   3.147  -0.344   0.880  -0.553  -0.569  -0.282  -2.011   0.365   0.402   0.394  -0.002   0.866  -0.472   0.528  -0.187   0.004   0.075  -0.133  -0.248   0.117   0.087   0.055   0.167  -0.108
  1994  -4.199   0.378  -1.101   3.752  -0.608   0.309  -0.817  -0.371   0.088  -0.703   0.282  -0.042  -0.197   0.117   0.402   0.272  -0.471  -0.179  -0.201  -0.349   0.194   0.625   0.253  -0.150   0.206  -0.153   0.281
  1995  -4.955   0.335   0.174   2.744  -0.375   0.174   0.475  -0.860   0.276   0.768   0.474  -0.738  -0.020  -0.559  -0.352   0.759  -0.129   0.077  -0.228  -0.050   0.188   0.332   0.162  -0.231  -0.059   0.158  -0.063
  1996  -5.387  -0.824  -1.377   0.350  -0.712   0.266  -0.236  -1.224   0.117  -0.512  -0.272  -1.006   0.454   0.416  -0.053   0.339   0.739   0.007   0.683  -0.026   0.383  -0.186  -0.345   0.243   0.264  -0.121   0.147
  1997  -5.850  -0.729  -0.283   0.916   0.400  -1.008   1.064   0.153   0.145   0.079   0.326   0.360  -0.283   0.287  -0.885   0.128   0.611   0.508  -0.154   0.887  -0.670   0.111  -0.058  -0.096  -0.121  -0.208  -0.020
  1998  -5.329  -1.003   0.437   1.348   0.904  -0.836   0.356  -0.015   0.244   0.321   0.279   1.136  -0.343   0.170  -0.626   0.100   0.469   0.083   0.499  -0.548  -0.067  -0.365  -0.055  -0.186  -0.266   0.467  -0.111
  1999  -5.184  -1.205  -0.168   0.199   0.145  -0.490   0.690   1.681  -0.682   0.568   0.181   1.136   0.267   0.639  -0.170   0.070  -0.743  -0.348   0.012  -0.005   0.049   0.196  -0.239  -0.037  -0.218  -0.222   0.143
  2000  -5.018  -0.138   0.863   0.547  -1.561   0.473   0.481   3.639  -0.968  -0.149  -0.621  -0.705   0.062  -0.728   0.246  -0.670   0.312   0.231   0.037  -0.098   0.011  -0.004   0.381  -0.383   0.060   0.058   0.034
