  year  #   1       2       3
  1950   1.935   0.087  -1.460
  1951   1.829   0.049  -1.781
  1952   1.374  -0.056  -1.143
  1953   1.705  -0.011  -0.830
  1954   1.355  -0.354  -0.905
  1955   1.526  -0.432  -0.782
  1956   0.879  -2.177  -0.976
  1957   1.313  -0.521  -0.820
  1958   1.527  -0.167   0.085
  1959   0.907  -0.132  -0.302
  1960   0.586  -1.487  -0.430
  1961   0.462  -1.148  -0.102
  1962  -0.207  -1.735   0.308
  1963   0.200  -1.419   0.270
  1964  -0.427  -2.108   0.980
  1965  -0.217  -2.285   0.727
  1966  -0.101  -1.830   1.417
  1967   0.403  -0.456   2.055
  1968   0.753  -0.340   1.856
  1969   0.156  -0.338   2.280
  1970   0.443   0.246   1.960
  1971   0.707   0.575   1.841
  1972   0.459   1.011   1.730
  1973   0.389   1.155   1.199
  1974   0.017   0.795   1.115
  1975  -0.160   1.299   1.338
  1976  -0.300   1.180   0.939
  1977  -0.729   0.166  -0.230
  1978  -0.408   0.424  -0.005
  1979  -0.174   0.995  -0.065
  1980   0.028   1.504  -0.282
  1981   0.114   1.586  -0.321
  1982   0.316   1.129  -0.904
  1983   0.329   0.993  -0.476
  1984   0.157   1.101  -0.153
  1985   0.482   1.382  -0.280
  1986   0.028   1.451  -0.123
  1987  -0.702   0.243  -0.640
  1988  -0.628   0.590  -0.502
  1989  -0.702   0.910  -0.101
  1990  -1.047   0.481  -0.601
  1991  -1.341  -0.187  -0.795
  1992  -1.123  -0.095  -0.705
  1993  -1.159  -0.362  -0.816
  1994  -1.157   0.181  -0.936
  1995  -1.568   0.150  -0.280
  1996  -1.482  -0.424  -1.186
  1997  -1.777  -0.384  -0.608
  1998  -1.712  -0.523  -0.166
  1999  -1.582  -0.621  -0.494
  2000  -1.679  -0.091   0.099
