 % variance  0.212
 cumulative  0.212
 series_id   #  1
  22371     -0.255
  32368      0.484
  32493      0.450
  32498      0.566
  40533      0.488
  42207      0.335
  42248      0.595
  42283      0.555
  42304      0.584
  50404      0.561
  52276      0.598
  52403      0.529
  62007      0.355
  80046      0.604
  80056      0.581
  80148      0.227
  80156      0.578
  80159      0.536
  80576      0.282
  82120      0.442
  82434      0.489
  90084      0.492
  90104      0.553
  90577      0.456
  90634      0.444
  90650      0.076
  91493      0.104
  91499     -0.059
  100551     0.589
  101123     0.597
  101215     0.530
  102238     0.540
  110819     0.465
  110920     0.580
  111163     0.582
  112206     0.218
  121379     0.543
  130911     0.595
  130991     0.573
  131009     0.515
  132232    -0.352
  132250    -0.131
  132396     0.343
  132542     0.493
  140733     0.600
  140736     0.185
  140756     0.321
  140761     0.497
  140931     0.556
  140934     0.616
  142015     0.068
  142575     0.485
  150951     0.544
  150957     0.561
  152490    -0.041
  152645     0.173
  152656     0.540
  160935     0.479
  162566     0.161
  171167     0.278
  180929     0.332
  182130     0.440
  190830     0.286
  192239     0.530
  70228A     0.603
  32177A     0.465
  182024A    0.432
  82418A     0.571
  142568A    0.281
  190807A    0.427
  112440A    0.526
  152651A    0.321
  160921A    0.598
  180778A    0.502
  90631      0.210
  82059r     0.392
  10517      0.025
  182686     0.532
