  year  #   1       2       3       4       5       6       7       8       9      10      11      12      13      14      15      16      17      18      19      20      21      22      23      24      25      26      27      28      29      30      31      32      33      34      35      36      37      38      39      40      41      42      43      44      45      46      47      48      49      50      51
  1950  10.551  -6.273   1.134   2.017   2.625   1.887   1.361   1.885  -0.230   0.429   0.006  -1.499   0.539  -0.540   0.146   1.031  -0.549  -0.511  -0.060  -0.264  -0.357  -0.008   0.386  -0.692  -0.355   0.889  -0.162  -0.441   0.045   0.189  -0.993   0.099  -0.234   0.043   0.221   0.159  -0.122   0.135  -0.079   0.426   0.126   0.017  -0.088  -0.159   0.094  -0.086   0.025  -0.004   0.046   0.027   0.000
  1951  12.525  -6.358   0.697   2.869   2.788   1.029   1.098   0.321  -0.279   0.566  -0.323  -0.498   1.095  -0.028   0.723   0.193  -0.733  -0.036  -0.344  -0.463   0.661   0.140  -0.247   0.283   0.094  -0.872   0.253   0.532   0.225  -0.527   0.823  -0.296   0.194  -0.206  -0.050  -0.116  -0.264   0.159  -0.111  -0.329   0.061   0.346   0.056   0.269   0.103   0.134  -0.026   0.092  -0.010  -0.045   0.000
  1952   6.232  -6.834   0.065  -1.446   1.556   1.360  -0.139  -0.650  -0.846  -0.182  -0.469   0.211  -0.446   0.160   0.413  -0.497   0.155  -0.184  -0.417   0.614   0.783   0.091  -0.809   0.430   0.043   0.119   0.331  -0.463   0.025   0.153   0.137  -0.173   0.248   0.571  -0.359   0.114   0.480  -0.550   0.234  -0.011  -0.353  -0.359   0.048  -0.073  -0.350  -0.084   0.135  -0.089   0.029   0.031   0.000
  1953   6.447  -6.411  -0.186  -1.196   0.864   0.750  -0.191  -1.048  -0.429  -0.362  -0.641   0.936  -0.556   0.825  -0.681  -0.559   1.185   0.478   0.730   0.832  -1.213  -0.130   0.633   0.096   0.427  -0.045  -0.658   0.364  -0.175  -0.129   0.192   0.020   0.022   0.020   0.243  -0.577   0.102   0.361  -0.037  -0.020   0.071  -0.423  -0.011  -0.111   0.082   0.019  -0.290   0.014   0.041  -0.024   0.000
  1954   3.531  -5.536  -1.458  -2.712  -1.878   0.186  -0.714  -1.366   0.520  -0.601   1.112   0.359  -0.992   1.100  -0.634   0.123   0.566   0.496  -0.086   0.466   0.007  -0.823  -0.513  -0.658  -0.073  -0.322  -0.212  -0.327  -0.041   0.677   0.203   0.204  -0.487  -0.396  -0.093   0.570  -0.278  -0.231  -0.025   0.089   0.178   0.371  -0.055   0.185   0.152  -0.024   0.075  -0.110  -0.158  -0.087   0.000
  1955   3.809  -4.135  -1.303  -3.558  -3.114  -0.397  -0.738  -0.136   2.187   0.539   1.227   0.842  -1.443  -0.397  -0.244   0.061   0.317  -0.266  -0.444  -0.660   0.468   0.484   0.249   0.658   0.226   0.066   0.501   0.484  -0.264   0.361  -0.683   0.290   0.612   0.030   0.106  -0.118  -0.002   0.392  -0.127  -0.034   0.191   0.197  -0.035  -0.006  -0.154   0.182   0.127   0.154   0.091   0.072   0.000
  1956   8.068  -0.939  -1.158  -0.973  -3.509  -1.576  -1.471   0.157   2.397   1.761   2.478  -0.886  -0.539  -0.884   0.244  -0.022  -0.940  -0.245   0.103   0.082  -0.098   0.142   0.477  -0.179  -0.934  -0.028  -0.263  -0.039   0.314  -0.949   0.207  -0.165  -0.134  -0.012   0.079  -0.012   0.156  -0.256   0.153  -0.147  -0.188  -0.272   0.152  -0.046   0.052  -0.140  -0.141  -0.064  -0.068  -0.026   0.000
  1957   9.947   0.559  -1.266   0.986  -3.159  -2.680   0.939   2.309   0.892  -1.693  -2.807   1.163   0.581   0.491  -0.589   1.155   0.251   1.514  -0.412   0.155   0.095   0.638  -0.014  -0.485  -0.633   0.442  -0.253   0.109   0.342  -0.037  -0.043   0.083   0.185  -0.037  -0.247  -0.228  -0.090  -0.179   0.203  -0.097  -0.085   0.049   0.183   0.091   0.021  -0.021   0.073  -0.011   0.029   0.040   0.000
  1958  13.480   1.839  -1.260   3.400  -1.616  -2.630  -0.919   0.822   0.501   0.296  -1.228  -0.401  -0.134  -0.576   0.673  -1.930  -0.171  -0.235   0.153  -1.244  -0.472  -1.289  -0.310  -0.268   0.685  -0.012  -0.387  -0.523  -0.272   0.354   0.442   0.139  -0.008  -0.068   0.140  -0.111  -0.072  -0.088  -0.281   0.061  -0.046  -0.145  -0.242  -0.046  -0.124   0.004   0.102   0.066   0.012   0.057   0.000
  1959   5.447   0.905  -1.033  -1.888  -1.437  -1.977  -0.768   1.370  -1.280  -1.107  -1.617  -0.008   0.164  -1.034   0.145   0.499   0.347  -0.717  -0.106   0.385   0.655   0.058   0.425   0.971   0.715  -0.495   0.671  -0.549   0.180  -0.364  -0.348   0.422  -0.452   0.120   0.330   0.476   0.251   0.157   0.091  -0.023   0.186  -0.035  -0.156   0.173   0.041  -0.025  -0.238  -0.071  -0.030  -0.107   0.000
  1960   6.560   2.013  -1.765  -0.523  -0.065  -0.914  -1.785   1.210  -1.222  -1.055   0.326  -0.623  -0.627  -0.250   1.043   0.350  -0.913  -0.916   0.457   1.308  -0.260   0.108  -0.134   0.359   0.404   0.326   0.140   0.976  -0.356   0.571   0.082  -0.227  -0.429  -0.305  -0.539  -0.181  -0.058   0.089   0.282  -0.096  -0.120   0.031   0.052  -0.345   0.207   0.043   0.165   0.072   0.009  -0.058   0.000
  1961   6.753   2.679  -1.099  -0.885  -1.236  -0.531  -0.735  -0.267  -1.988  -0.078   1.292   0.146   1.673  -0.436   0.345   0.500   0.966  -0.049   0.139   1.101  -0.138  -0.029   0.627  -0.108  -0.411   0.059  -0.334   0.036  -0.003  -0.028   0.356  -0.575   0.125   0.423   0.027   0.339  -0.071   0.450  -0.554   0.224   0.044   0.129   0.082   0.069  -0.295   0.150   0.100  -0.080  -0.070   0.136   0.000
  1962   5.564   2.068  -1.210  -0.691   0.126  -0.326  -0.573   0.014  -2.011  -0.324   1.431   0.346   1.223   0.546   0.690  -0.249   0.944   0.445   1.295  -0.727  -0.228  -0.092  -0.770  -0.449  -0.085  -0.033   0.231   0.442   0.069  -0.199  -0.596  -0.046   0.745  -0.128   0.210   0.134   0.594  -0.312  -0.019  -0.068   0.180   0.143   0.052   0.003   0.101  -0.256   0.008   0.112   0.029  -0.127   0.000
  1963   5.932   2.114  -0.714  -1.059  -0.309   0.745  -0.521  -0.179  -0.897  -0.459   2.051   0.652   1.638   1.154  -0.028  -0.114   0.078   0.199   0.149  -0.838   0.099   0.382  -0.713   0.296  -0.085  -0.332   0.541  -0.378  -0.024  -0.151  -0.193   0.397  -0.393   0.010   0.084  -0.550  -0.502   0.020   0.380   0.136  -0.205  -0.124  -0.194  -0.117   0.121   0.202  -0.029  -0.209   0.048   0.140   0.000
  1964   3.033   2.404  -0.490  -2.630  -0.634   0.776   0.521  -0.915  -0.671  -1.337   0.303  -0.539  -0.290   1.300   0.124  -1.130  -0.220  -0.384  -0.556  -0.572   0.201   1.066   0.110  -0.079   0.075   0.808   0.240  -1.017  -0.360   0.026   0.250  -0.277  -0.178   0.128  -0.216   0.055  -0.301   0.033  -0.195  -0.012   0.160  -0.055   0.452   0.036   0.061  -0.034  -0.185   0.264  -0.033  -0.039   0.000
  1965   2.143   2.088  -0.666  -2.725  -0.108   0.484   1.333  -1.404  -0.360  -1.186  -0.605  -0.997  -0.526   0.825   0.184  -0.261  -0.948   0.101  -0.502  -0.790  -0.634   0.735   0.847   0.711  -0.528  -0.004  -0.368   0.537   0.072   0.283   0.115  -0.495   0.172  -0.028  -0.028  -0.003   0.310  -0.347   0.114   0.230   0.084   0.214  -0.636   0.080  -0.056  -0.043  -0.082  -0.073  -0.087   0.027   0.000
  1966  -1.169   1.240  -0.176  -4.980  -0.305   1.120   1.824  -0.876  -0.518  -1.339  -0.487  -0.536  -0.141   0.044  -0.324   0.303  -0.754   0.378  -0.488  -0.315  -0.107  -0.314  -0.173  -0.287   0.321  -0.578  -0.688   0.174  -0.606  -1.004  -0.369   0.038  -0.561  -0.445   0.376   0.112   0.208  -0.033  -0.233  -0.175  -0.183  -0.017   0.188  -0.197  -0.212   0.119   0.214  -0.004   0.130  -0.037   0.000
  1967   0.560   2.163  -0.338  -2.726  -1.400   1.589   1.859  -1.354  -0.106  -1.123  -0.342  -0.584  -0.309  -0.404  -0.654   0.292  -1.136  -0.878   0.886   0.197  -0.820  -0.732  -0.064  -0.469   0.308  -0.322   0.156  -0.126   0.957   0.156   0.100   0.100   0.727   0.295   0.026   0.249  -0.508   0.342   0.525  -0.194  -0.017  -0.128   0.080   0.150  -0.057  -0.097   0.040   0.014   0.067   0.045   0.000
  1968   8.625   4.083   1.214   1.740  -0.668   1.421   1.414  -1.514  -0.493   2.351  -0.608   0.635  -0.137   0.430  -1.508   0.523  -0.033  -1.533   0.413   0.539  -0.048   0.393   0.005  -0.319  -0.315   0.344   0.232   0.338  -0.446   0.051   0.171   0.861  -0.240   0.115  -0.154  -0.060   0.196  -0.390  -0.425  -0.302  -0.079   0.041  -0.137   0.222   0.035   0.005   0.005   0.008   0.061   0.014   0.000
  1969   5.579   3.038   1.126  -0.249  -0.463   1.496   2.128  -1.345   0.551   1.594  -1.056   0.317  -0.908  -1.153  -0.829   0.153   1.091   0.509   0.751  -0.615  -0.019  -0.807  -0.388   1.027  -0.052   0.165   0.439  -0.082   0.478  -0.101  -0.331  -0.866  -0.424  -0.014  -0.261  -0.233   0.056   0.058  -0.034   0.276  -0.142   0.146   0.210  -0.099   0.137   0.045   0.040  -0.006  -0.119  -0.026   0.000
  1970   7.125   4.357   1.774   2.461   1.561   0.969   1.500   0.305   0.567   0.057   1.055   1.839  -0.290  -0.936  -0.519   0.069  -0.305   0.600  -1.151  -0.017   0.530  -0.134  -0.212  -0.403   0.046  -0.604  -0.231   0.301  -0.455   0.402   0.137  -0.205   0.117   0.050  -0.150   0.690   0.137   0.047   0.237   0.013   0.343  -0.286  -0.027  -0.355   0.108   0.006  -0.209   0.024   0.050   0.064   0.000
  1971   0.424   2.600   1.522  -1.330   0.872   1.739   1.463   0.356  -0.168  -0.923   0.809   0.510  -0.592  -1.681   1.299  -0.988   0.162   0.697  -0.389   0.153   0.790  -0.349   0.962  -0.433  -0.119   0.326   0.071   0.081  -0.436   0.345   0.033   0.320   0.171   0.268   0.133  -0.642  -0.244   0.025  -0.047  -0.130  -0.081   0.126   0.062   0.202   0.010  -0.129   0.043  -0.225   0.001  -0.185   0.000
  1972  -1.792   2.615   2.274  -2.422   0.905   1.174   0.960   2.053  -0.130   0.614   0.220   0.295  -0.946   0.090   0.702   0.043   0.231  -0.274   0.092   1.002   0.634   0.065  -0.687  -0.219  -0.348   0.343  -0.248  -0.688   0.410   0.099   0.345   0.064   0.221  -1.026   0.521  -0.289   0.425   0.274   0.202   0.025  -0.102   0.039  -0.171   0.102  -0.088   0.100  -0.047   0.121  -0.104   0.096   0.000
  1973  -4.135   1.203   3.105  -4.735   0.236   0.796  -0.942   1.570   0.156   1.602  -1.522  -0.097  -1.059   0.332   1.325  -0.040   0.438   0.373   0.655   0.024   0.191   0.830  -0.263  -0.173  -0.297  -0.807   0.116   0.330   0.218  -0.255   0.199   0.176   0.014   0.051  -0.189   0.182  -0.664  -0.109  -0.426   0.425   0.201  -0.316  -0.114  -0.109   0.037  -0.191   0.080   0.007   0.058   0.001   0.000
  1974  -3.024   0.797   4.230  -3.416   0.083   0.271  -0.847   1.726   0.554   2.035  -0.460  -0.863   0.667   0.634   0.387  -0.722   0.603   0.284   0.283  -0.116   0.123  -0.199  -0.056  -0.118   0.483   0.206  -0.899   0.236  -0.004   0.163  -0.297   0.045  -0.310   0.623  -0.212   0.204  -0.043  -0.039   0.439  -0.435  -0.124   0.563   0.032  -0.052  -0.129   0.081  -0.208   0.012   0.038   0.048   0.000
  1975   1.154   2.331   4.814   0.187   1.602  -1.015   0.089   0.927   1.236   0.306   0.428  -1.046   0.374   0.956  -0.554  -0.552  -0.361   0.310  -0.933   0.795  -0.898   0.119  -0.345   1.040   0.576   0.135  -0.112   0.004   0.189   0.048  -0.104   0.238   0.490   0.261   0.499   0.062   0.100  -0.189  -0.183  -0.050   0.258  -0.155   0.257   0.048   0.272   0.098   0.222  -0.128  -0.127  -0.010   0.000
  1976   0.615   2.132   4.687   0.060   0.679  -0.558  -1.472   0.393   0.589   0.568   0.769  -0.503   0.875   1.081  -0.756   0.525   0.275   0.284  -1.245   0.079  -0.471  -0.849   0.558  -0.248   0.308  -0.104   0.686   0.212   0.047   0.005  -0.131  -0.090   0.019  -0.429  -0.516  -0.064   0.019   0.169   0.111   0.409  -0.361  -0.206  -0.076   0.297  -0.256  -0.049  -0.048   0.109   0.086  -0.151   0.000
  1977  -5.611  -1.329   3.236  -4.363   0.941  -0.167  -2.006  -0.960   0.381  -0.109  -0.232  -0.392   1.045  -1.011  -0.498   1.712  -0.184   1.025   0.288  -0.664  -0.229  -0.285   0.340   0.052   0.118   0.613   0.744  -0.485  -0.228   0.313   0.923  -0.020  -0.042  -0.097   0.107  -0.059   0.225  -0.018  -0.157  -0.438   0.141   0.021  -0.124  -0.258   0.102  -0.143   0.039   0.002   0.065   0.075   0.000
  1978   1.959   1.189   2.864   1.379   4.845  -1.561  -2.203  -2.416   1.222  -1.787  -0.291   0.942  -0.428   0.103   0.035  -0.273  -1.066   0.498   1.324   0.103   0.862  -0.221   0.461   0.004  -0.270   0.409  -0.143   0.006   0.304  -0.469  -0.421   0.450   0.165  -0.006  -0.185   0.279  -0.157  -0.043  -0.157   0.063  -0.199   0.044  -0.058  -0.069  -0.057   0.214  -0.033   0.067  -0.125   0.008   0.000
  1979  -1.056   0.786   2.481  -0.206   2.717  -2.389  -1.766  -2.149   1.179  -0.557  -0.877   0.475   0.066   0.009   0.097   0.032   0.937  -1.848  -0.493  -0.184   0.189   0.285   0.250  -0.686  -0.550  -0.872  -0.307  -0.293   0.058   0.180  -0.083  -0.423  -0.242   0.199   0.248  -0.414   0.269   0.074   0.315   0.140   0.168   0.181   0.158   0.059   0.156  -0.102   0.157  -0.003   0.099   0.038   0.000
  1980  -6.980  -1.197  -1.624  -2.987   2.177  -3.600  -0.297  -0.015  -1.050   0.331  -0.480  -0.496  -0.093  -1.179  -1.441  -0.086  -0.826  -0.317  -0.332  -0.235   0.032   0.003  -1.661  -0.206  -0.398   0.362   0.014   0.695  -0.511   0.225  -0.092  -0.138   0.160   0.006   0.166  -0.192  -0.259   0.156  -0.169   0.185  -0.056  -0.011   0.116   0.152  -0.118  -0.054  -0.253  -0.112  -0.063   0.001   0.000
  1981  -5.872  -0.379  -4.232  -1.395   2.706  -2.360   0.562  -0.057  -1.993   2.499   0.527   0.575  -0.721  -0.827   0.140   0.081  -0.440   0.998   0.114  -0.178  -0.709   0.496   0.416  -0.222   0.242  -0.017  -0.321  -0.722  -0.130  -0.161  -0.119  -0.016  -0.017   0.081  -0.500   0.070   0.136   0.016   0.299  -0.045   0.152  -0.164  -0.087   0.379   0.159   0.244   0.175   0.049   0.058  -0.022   0.000
  1982  -4.163   0.977  -5.598   0.395   1.940  -1.383   0.548   1.343  -0.433   1.370   0.303   1.076  -0.675   1.403  -0.634   0.588  -0.683  -0.023  -0.360   0.342   0.209  -0.220   0.656  -0.118   0.397  -0.468   0.279  -0.413   0.437   0.252  -0.028  -0.323   0.213   0.318   0.522  -0.145  -0.226  -0.197  -0.319  -0.072  -0.490   0.299  -0.050  -0.399   0.007  -0.114  -0.042   0.048   0.003  -0.062   0.000
  1983  -3.956   0.109  -4.778   0.458   2.226  -0.333   1.233  -0.266  -0.170   0.588   0.004  -0.312   0.252   0.379   0.150  -0.203   0.669  -0.082  -0.523  -0.709  -0.035  -0.151   0.472   0.299  -0.001   0.082  -0.018   0.489   0.280  -0.234   0.480   1.138  -0.183  -0.105  -0.303   0.048   0.251   0.411   0.264   0.214   0.091   0.092   0.270  -0.224  -0.131  -0.276   0.082  -0.004  -0.188   0.083   0.000
  1984  -5.014   0.560  -4.776   0.720   0.980  -0.648   0.516  -1.294   0.765   0.518  -0.441  -0.779   0.772   0.345  -0.050  -1.166   1.063  -0.104  -0.440   0.931   0.809  -0.762   0.151   0.644  -0.511   0.864   0.040   0.104   0.095  -0.429  -0.072  -0.242   0.169  -0.505   0.051   0.270  -0.448  -0.159   0.098  -0.159   0.255  -0.032  -0.166  -0.045   0.093  -0.043   0.012  -0.043   0.271   0.021   0.000
  1985  -7.055   1.411  -5.157  -0.360   0.207   1.315   0.400   1.016   2.471  -0.266  -0.462  -0.775   0.543   1.383   0.846   0.447  -0.823   0.069   0.633  -0.046   0.505  -0.830  -0.253  -0.375  -0.407  -0.237   0.323   0.091   0.128   0.468  -0.064  -0.087  -0.256   0.409  -0.221  -0.242   0.592   0.205  -0.301  -0.021   0.384  -0.282   0.074   0.114  -0.014   0.242  -0.090  -0.068   0.027  -0.039   0.000
  1986  -1.817   1.614  -3.931   2.638   1.450   1.286   0.193  -0.018   2.899  -1.000   0.382  -1.244   0.083  -0.965   0.083   0.631   0.640   0.510   0.852   0.708  -0.453   0.792  -0.179   0.175   0.889  -0.475   0.005  -0.282  -0.897  -0.009   0.144   0.071   0.182  -0.078   0.024   0.041  -0.003  -0.336   0.048   0.384  -0.290   0.258   0.092   0.215  -0.014  -0.092  -0.100   0.028   0.064   0.100   0.000
  1987  -3.696   0.858  -2.548   1.634   1.641   1.021  -0.359  -0.007   1.329  -0.482  -0.190  -0.205   0.031  -0.440   0.322   0.303   1.778  -0.435  -0.477  -0.592  -0.537   0.878  -0.221  -0.774   0.314   0.299   0.285   0.424   0.252   0.017  -0.230  -0.339  -0.225  -0.008   0.240   0.261  -0.286   0.023   0.014  -0.621  -0.201  -0.398  -0.240   0.015  -0.100   0.109   0.074   0.005  -0.217  -0.065   0.000
  1988  -7.021  -0.318  -1.810  -0.017  -0.418   2.806  -1.824   0.626   0.590  -0.552   0.218   1.740   1.370  -1.337  -0.243  -0.041  -0.297  -0.588  -0.390  -0.389  -0.655   0.313  -0.512   0.759  -0.282   0.314  -0.943  -0.059   0.863   0.235   0.418   0.309  -0.138   0.063   0.037   0.071   0.009  -0.179  -0.121   0.289  -0.084   0.085   0.020  -0.019  -0.013   0.104   0.000   0.084   0.119  -0.184   0.000
  1989  -5.469  -0.339  -0.772   1.726   0.339   2.863  -2.339   1.942  -0.190  -0.373  -0.399   1.359   0.312  -0.041  -0.672  -0.804  -0.913  -0.132  -0.106   0.230  -0.595  -0.363   0.159   0.549  -0.432  -0.466  -0.006  -0.356  -0.446  -0.227  -0.708  -0.303  -0.069  -0.273  -0.386  -0.164  -0.102   0.092  -0.151  -0.445   0.187   0.051  -0.006   0.191  -0.066  -0.323   0.043  -0.005  -0.117   0.137   0.000
  1990  -2.710   0.636  -0.273   4.247  -0.968   2.284  -2.765   1.633  -1.358   0.270  -0.840  -1.190  -1.180   0.474  -1.947  -0.392   0.205   0.102   0.686  -0.657   0.541   0.311   0.446  -0.136  -0.568  -0.043   0.131  -0.045  -0.594  -0.122   0.453  -0.105   0.371  -0.006   0.315   0.218   0.061   0.196   0.394   0.145   0.033   0.039   0.108  -0.113  -0.046   0.191   0.100  -0.113   0.013  -0.109   0.000
  1991  -7.803  -1.207  -0.090   1.084  -1.627   1.245  -1.251  -0.041  -1.985  -0.810   0.213  -0.976  -0.416  -0.775  -0.497  -0.806   0.080   0.693  -0.610   0.035   0.704  -0.339   0.436  -0.505   0.213  -0.143   0.196   0.761   0.772   0.191  -0.134   0.114  -0.350   0.183   0.266  -0.061   0.188  -0.378  -0.155   0.121  -0.243  -0.136   0.086   0.221   0.291   0.050  -0.023   0.168   0.019   0.214   0.000
  1992  -5.408  -0.378   0.625   2.522  -2.347   0.315  -0.215  -1.112  -0.052  -0.035   0.009  -0.467   0.203  -0.637  -0.657  -0.414  -0.278   0.144  -0.507   0.931   0.120   0.406  -0.528  -0.989   0.919   0.069   0.244  -0.256   0.415  -0.816  -0.051  -0.015   0.129   0.194  -0.405  -0.560   0.068  -0.060  -0.021   0.169   0.545   0.295  -0.291  -0.329  -0.110   0.040   0.001   0.003  -0.078  -0.054   0.000
  1993  -3.968  -0.350   0.318   2.824  -2.520   0.805  -1.363  -2.558  -0.580   1.376  -1.256   0.349   0.018   0.430   1.570   0.407  -0.595  -0.146  -0.441  -0.437   0.096   0.528   0.050  -0.230   0.842   0.216  -0.265  -0.101   0.202   0.268  -0.310  -0.095   0.449  -0.633  -0.172   0.207   0.178   0.289  -0.211  -0.012  -0.279   0.006   0.230  -0.025   0.132  -0.011  -0.123  -0.283   0.040   0.034   0.000
  1994  -3.744   0.141   0.506   3.932  -2.407  -0.072  -0.121  -2.970  -0.829   1.352  -0.568  -0.678   0.871   0.006   0.925   1.102  -0.421   0.908  -0.081   0.502   0.378  -0.103  -0.192   0.635  -0.570  -0.407  -0.388  -0.134  -0.483   0.569  -0.328   0.220  -0.126   0.161   0.504  -0.226  -0.325  -0.039   0.304  -0.052   0.120  -0.208  -0.002  -0.032  -0.169  -0.061   0.017   0.223  -0.109  -0.074   0.000
  1995  -4.728   0.297   1.866   4.478  -0.751  -0.611   0.294   0.192  -0.011  -0.992   1.309   0.479  -1.718   1.074   0.324   1.036  -0.076   0.204   0.067  -0.321   0.412  -0.112  -0.837   0.411   0.363   0.683  -0.482   0.129  -0.047  -0.574   0.282  -0.200  -0.367   0.614   0.106   0.086   0.067   0.583  -0.057  -0.008  -0.086   0.003  -0.254   0.248   0.084  -0.272   0.087   0.002   0.106   0.007   0.000
  1996  -5.830  -0.244   2.362   4.056   0.286  -1.221   0.555   0.546  -1.403  -1.322   0.790  -0.691  -2.070  -0.156   1.035   0.961   1.002  -0.295  -0.356  -0.277  -1.228  -0.525  -0.122   0.360  -0.837  -0.334   0.221  -0.279   0.241  -0.036  -0.039   0.308   0.138  -0.087  -0.286  -0.094  -0.116  -0.390  -0.190  -0.251   0.144   0.162   0.163  -0.141  -0.155   0.193  -0.174  -0.042   0.093   0.032   0.000
  1997 -11.269  -2.365   1.557  -1.254  -1.869  -0.601   1.658   1.329  -0.222  -0.493   0.278   0.551   0.930   0.194  -0.074   1.164   0.501  -1.506   0.339  -0.600   0.889  -0.821   0.551   0.141   0.532   0.119  -0.660   0.020  -0.686  -0.317   0.096  -0.150   0.543  -0.036  -0.312  -0.122  -0.190  -0.461   0.052   0.166  -0.020  -0.244  -0.028  -0.013   0.177   0.088   0.006   0.029  -0.161   0.016   0.000
  1998  -5.139  -1.878   3.000   2.947  -0.201  -2.274   2.183   0.677   0.016  -0.198   1.392   0.071   0.497   0.019  -0.981  -0.680  -0.303  -0.011   1.380  -0.228   0.567   0.980   0.524   0.241   0.575  -0.156  -0.106   0.129   0.608   0.706   0.005  -0.253  -0.534  -0.516   0.029  -0.020  -0.027  -0.170  -0.070  -0.111   0.262  -0.151   0.139   0.029  -0.315  -0.099   0.046  -0.087   0.073  -0.012   0.000
  1999  -8.887  -2.730   2.354   0.763  -1.928  -1.491   2.456   0.031   0.423  -0.693  -0.016  -0.689   1.045  -0.372  -0.298  -1.472   0.267   0.082   0.207   0.375  -0.207   0.434  -0.189   0.034  -0.923  -0.581   0.197  -0.379  -0.271   0.201  -0.082   0.208   0.150   0.102  -0.371   0.258   0.258   0.575  -0.218  -0.115  -0.566   0.031  -0.218  -0.207   0.261   0.008   0.038   0.052   0.001  -0.057   0.000
  2000  -8.748  -2.603   1.902   1.203  -1.413  -0.418   1.236   0.161   0.478   0.418  -0.715   2.107   0.368   0.272   1.343  -0.878  -0.781  -0.185   0.254   0.249  -1.138  -0.193   0.200  -0.348  -0.130   0.501   1.167   0.434  -0.490  -0.367   0.255  -0.191  -0.331   0.103   0.546   0.329   0.025  -0.177   0.318   0.284   0.033   0.167   0.104   0.042  -0.065   0.097   0.008   0.010  -0.014   0.035   0.000
