 % variance  0.166
 cumulative  0.166
 series_id   #  1
  22371      0.426
  32368      0.484
  32493      0.491
  32498      0.459
  40533      0.522
  42207      0.332
  42248      0.483
  42283      0.436
  42304      0.419
  50404      0.202
  52276      0.373
  52403      0.342
  62007      0.408
  80046      0.475
  80056      0.400
  80148      0.417
  80156      0.406
  80159      0.277
  80576      0.490
  82120      0.370
  82434      0.419
  90084      0.318
  90104      0.370
  90577      0.368
  90634      0.327
  90650      0.340
  91493      0.233
  91499      0.301
  100551     0.414
  101123     0.392
  101215     0.430
  102238     0.448
  110819     0.494
  110920     0.512
  111163     0.372
  112206     0.390
  121379     0.422
  130911     0.430
  130991     0.438
  131009     0.516
  132232     0.197
  132250     0.430
  132396     0.389
  132542     0.383
  140733     0.431
  140736     0.435
  140756     0.385
  140761     0.425
  140931     0.480
  140934     0.440
  142015     0.374
  142575     0.399
  150951     0.512
  150957     0.502
  152490     0.470
  152645     0.447
  152656     0.460
  160935     0.467
  162566     0.470
  171167     0.443
  180929     0.427
  182130     0.462
  190830     0.402
  192239     0.269
  70228A     0.559
  32177A     0.505
  182024A    0.249
  82418A     0.329
  142568A    0.391
  190807A    0.327
  112440A    0.466
  152651A    0.469
  160921A    0.457
  180778A    0.314
  90631      0.170
  82059r     0.187
  10517      0.130
  182686     0.034
