quve_drop.rwl -- no data title --                         1st itrdb line missing     
quve_drop.rwl -- no data title --                         2nd itrdb line missing     
quve_drop.rwl -- no data title --                         3rd itrdb line missing     
quve_d18249990  09990  09990  09990  02024  11516  1 558  11215  11063  1 991  1  trn
quve_d18301690  11836  12094  12247  11692  11488  11790  11843  11462  11426  1  trn
quve_d18401965  11378  11491  11367  11284  1 965  11607  11278  11275  11498  1  trn
quve_d18501253  11362  11428  11158  1 814  1 975  1 766  11066  1 818  1 928  1  trn
quve_d1860 900  1 958  11008  1 924  1 677  1 965  1 781  1 803  1 774  11209  1  trn
quve_d18701094  11143  1 743  1 833  1 657  1 865  1 641  1 720  1 637  1 673  1  trn
quve_d1880 381  1 928  1 536  1 955  1 851  11008  1 854  1 847  1 665  13966  3  trn
quve_d18904234  34484  34483  32780  42893  42377  52418  62322  62457  62623  6  trn
quve_d19002797  62605  62481  72832  82355  93133 103077 102865 103055 103012 12  trn
quve_d19103586 123207 133416 153707 173570 184168 193916 213920 243088 273762 29  trn
quve_d19203360 303889 313929 333295 383672 403075 443643 453884 473852 473721 47  trn
quve_d19302897 513110 532790 543322 553157 573247 583427 593613 623769 623504 66  trn
quve_d19403667 663620 663530 673178 693119 703503 713190 733099 733260 743490 75  trn
quve_d19503384 783548 782955 782984 782700 782814 783175 783349 783758 803071 80  trn
quve_d19603140 813177 813073 813102 812888 812800 812427 812634 813430 823160 83  trn
quve_d19703272 832660 832422 832174 832302 832713 832644 832069 832799 832510 83  trn
quve_d19802000 832155 832352 832352 832295 832123 832596 832433 832094 832214 83  trn
quve_d19902490 831998 832227 832380 832406 832372 832263 831704 832310 831958 83  trn
quve_d20001999 832603 832452 832455 832260 832398 822221 822028 811982 812134 79  trn
quve_d20101764 111598 111156 11 905 11 877  9 702  8 682  4 389  29990  09990  0  trn
quve_drop.rwl -- no data title --                         1st itrdb line missing     
quve_drop.rwl -- no data title --                         2nd itrdb line missing     
quve_drop.rwl -- no data title --                         3rd itrdb line missing     
quve_d18249990  09990  09990  09990  01142  1 993  1 691  1 903  1 854  1 831  1  std
quve_d18301073  11130  11229  11296  11100  11028  11154  11186  11035  11025  1  std
quve_d18401274  11016  11076  11023  1 987  1 824  11170  1 999  11002  11133  1  std
quve_d1850 998  11066  11109  1 954  1 751  1 850  1 728  1 908  1 766  1 833  1  std
quve_d1860 820  1 854  1 883  1 840  1 713  1 863  1 773  1 786  1 773  1 974  1  std
quve_d1870 920  1 939  1 764  1 802  1 728  1 812  1 720  1 749  1 713  1 724  1  std
quve_d1880 604  1 812  1 652  1 809  1 759  1 813  1 741  1 726  1 636  1 988  3  std
quve_d1890 742  31088  31099  31000  41017  41011  51135  61074  6 984  61009  6  std
quve_d19001110  61000  6 811  71189  81093  9 994 10 869 10 894 10 894 10 973 12  std
quve_d1910 993 12 664 13 939 15 889 17 894 181302 191174 211055 24 858 271229 29  std
quve_d19201075 301177 311257 33 884 381141 40 746 441041 451154 471151 471038 47  std
quve_d1930 652 51 751 53 552 54 911 55 922 57 947 581029 591151 621230 62 953 66  std
quve_d19401145 661061 661075 67 865 69 905 701131 71 963 73 869 73 983 741178 75  std
quve_d19501139 781281 78 893 78 918 78 764 78 795 781078 781181 781423 80 971 80  std
quve_d19601070 811083 811069 811086 81 948 81 919 81 740 81 904 811340 821215 83  std
quve_d19701339 83 973 83 869 83 719 83 780 831074 831052 83 667 831183 83 977 83  std
quve_d1980 678 83 800 83 989 83 986 83 929 83 838 831210 831084 83 848 83 979 83  std
quve_d19901191 83 823 83 994 831098 831116 831090 831013 83 658 831052 83 855 83  std
quve_d2000 864 831238 831172 831164 831024 831120 821008 82 959 81 953 811059 79  std
quve_d20101097 111069 11 856 11 793 11 685  9 653  8 891  4 687  29990  09990  0  std
quve_drop.rwl -- no data title --                         1st itrdb line missing     
quve_drop.rwl -- no data title --                         2nd itrdb line missing     
quve_drop.rwl -- no data title --                         3rd itrdb line missing     
quve_d18249990  09990  09990  09990  01060  1 911  1 707  11069  1 994  1 947  1  res
quve_d18301173  11113  11117  11116  1 886  1 911  11107  11085  1 901  1 966  1  res
quve_d18401226  1 864  1 999  1 985  1 964  1 844  11247  1 953  1 965  11131  1  res
quve_d1850 931  11038  11080  1 881  1 745  11010  1 872  11107  1 872  1 986  1  res
quve_d1860 971  11000  11016  1 930  1 782  11084  1 895  1 928  1 932  11213  1  res
quve_d1870 991  1 992  1 733  1 930  1 852  11022  1 838  1 930  1 887  1 922  1  res
quve_d1880 742  11149  1 784  11073  1 940  1 999  1 873  1 894  1 808  11009  3  res
quve_d18901103  31272  31207  3 940  4 966  41084  51122  61022  6 913  6 873  6  res
quve_d19001075  6 977  6 793  71252  81028  9 930 10 882 10 936 10 990 101052 12  res
quve_d19101012 12 713 131008 15 961 17 940 181251 191126 21 988 24 854 271198 29  res
quve_d19201016 301083 311134 33 842 381130 40 807 441068 451153 471054 471001 47  res
quve_d1930 714 51 911 53 768 541042 551007 57 996 581062 591117 621118 62 896 66  res
quve_d19401130 661037 661030 67 869 69 950 701144 71 947 73 928 731033 741146 75  res
quve_d19501060 781158 78 838 78 944 78 851 78 918 781132 781138 781268 80 852 80  res
quve_d19601036 811048 811017 811045 81 937 81 947 81 825 811000 811304 821071 83  res
quve_d19701175 83 892 83 885 83 834 83 936 831132 831035 83 730 831208 83 991 83  res
quve_d1980 755 83 936 831042 831006 83 946 83 903 831160 831025 83 865 831031 83  res
quve_d19901157 83 827 831030 831099 831060 831044 831003 83 709 831135 83 882 83  res
quve_d2000 922 831257 831096 831075 83 986 831100 82 975 82 957 81 972 811089 79  res
quve_d20101018 111028 11 829 11 845 11 830  9 810  8 954  4 721  29990  09990  0  res
quve_drop.rwl -- no data title --                         1st itrdb line missing     
quve_drop.rwl -- no data title --                         2nd itrdb line missing     
quve_drop.rwl -- no data title --                         3rd itrdb line missing     
quve_d18249990  09990  09990  09990  01071  1 935  1 680  1 971  11022  1 960  1  ars
quve_d18301160  11174  11161  11154  1 923  1 871  11074  11127  1 939  1 934  1  ars
quve_d18401213  1 946  1 960  1 980  1 964  1 836  11199  11041  1 960  11115  1  ars
quve_d1850 977  11020  11092  1 912  1 708  1 923  1 881  11078  1 914  1 952  1  ars
quve_d1860 967  1 996  11021  1 940  1 762  11013  1 928  1 905  1 910  11196  1  ars
quve_d18701069  1 997  1 727  1 841  1 831  1 984  1 854  1 885  1 867  1 892  1  ars
quve_d1880 722  11070  1 841  11014  1 964  1 988  1 876  1 856  1 776  1 952  3  ars
quve_d18901114  31318  31305  31011  4 939  41065  51153  61069  6 923  6 842  6  ars
quve_d19001032  61007  6 795  71184  81115  9 952 10 856 10 895 10 973 101057 12  ars
quve_d19101037 12 722 13 913 15 965 17 940 181238 191215 211037 24 846 271145 29  ars
quve_d19201084 301098 311161 33 888 381077 40 848 441011 451176 471115 471024 47  ars
quve_d1930 712 51 814 53 740 54 977 551031 571011 581065 591140 621161 62 938 66  ars
quve_d19401094 661078 661048 67 879 69 907 701128 711003 73 917 731007 741160 75  ars
quve_d19501116 781182 78 890 78 890 78 829 78 875 781111 781192 781323 80 942 80  ars
quve_d1960 983 811052 811039 811056 81 954 81 928 81 808 81 945 811310 821184 83  ars
quve_d19701206 83 944 83 846 83 791 83 885 831118 831090 83 750 831116 831060 83  ars
quve_d1980 765 83 853 831021 831032 83 957 83 888 831130 831083 83 881 83 984 83  ars
quve_d19901167 83 888 83 977 831106 831101 831069 831018 83 710 831038 83 929 83  ars
quve_d2000 896 831232 831189 831116 831007 831092 821008 82 952 81 958 811083 79  ars
quve_d20101053 111039 11 839 11 789 11 779  9 762  8 900  4 716  29990  09990  0  ars
