 eigenvalue 10.067   3.851   2.449   2.197   1.789   1.217   0.994   0.772   0.665   0.499   0.445   0.381   0.285   0.243   0.188   0.169   0.151   0.137   0.116   0.099   0.077   0.057   0.047   0.040   0.025   0.024   0.014
 eval sderr  1.994   0.763   0.485   0.435   0.354   0.241   0.197   0.153   0.132   0.099   0.088   0.076   0.056   0.048   0.037   0.034   0.030   0.027   0.023   0.020   0.015   0.011   0.009   0.008   0.005   0.005   0.003
 % variance  0.373   0.143   0.091   0.081   0.066   0.045   0.037   0.029   0.025   0.018   0.016   0.014   0.011   0.009   0.007   0.006   0.006   0.005   0.004   0.004   0.003   0.002   0.002   0.001   0.001   0.001   0.001
 cumulative  0.373   0.515   0.606   0.688   0.754   0.799   0.836   0.864   0.889   0.907   0.924   0.938   0.949   0.958   0.965   0.971   0.976   0.982   0.986   0.989   0.992   0.994   0.996   0.998   0.999   0.999   1.000
 brokn stck  3.891   2.891   2.391   2.058   1.808   1.608   1.441   1.299   1.174   1.062   0.962   0.872   0.788   0.711   0.640   0.573   0.511   0.452   0.396   0.344   0.294   0.246   0.201   0.157   0.115   0.075   0.037
 series_id   #  1       2       3       4       5       6       7       8       9      10      11      12      13      14      15      16      17      18      19      20      21      22      23      24      25      26      27
  111172     0.283  -0.019   0.111   0.109   0.062  -0.026   0.089  -0.089  -0.015  -0.046   0.122  -0.317  -0.065  -0.096  -0.078  -0.150  -0.205  -0.045  -0.037  -0.427   0.628  -0.030  -0.153  -0.009  -0.116   0.124  -0.196
  140764     0.253  -0.067   0.076  -0.218  -0.104  -0.002  -0.094   0.270   0.005   0.109  -0.115   0.330   0.154  -0.257   0.010  -0.253  -0.215  -0.414  -0.263  -0.090   0.047   0.008   0.061   0.335   0.146  -0.107   0.226
  70444      0.251  -0.045   0.067  -0.089  -0.334  -0.058   0.082   0.191   0.066   0.012  -0.016  -0.172  -0.079   0.219   0.048   0.325  -0.067  -0.316   0.396  -0.188  -0.093  -0.019   0.183  -0.153  -0.211  -0.399   0.039
  70308      0.270  -0.013  -0.132   0.148  -0.095  -0.151  -0.135  -0.185  -0.049   0.077   0.227  -0.202   0.033  -0.120   0.005  -0.185   0.063   0.022   0.272  -0.083  -0.329  -0.169  -0.038   0.248   0.528  -0.102  -0.279
  50367      0.065   0.153   0.401   0.038   0.053   0.051   0.578  -0.112  -0.133  -0.288   0.136   0.244   0.079   0.073   0.241  -0.101   0.277  -0.177  -0.097   0.004  -0.072  -0.066   0.062   0.031   0.034  -0.083  -0.243
  100942     0.261   0.156   0.050   0.082   0.226  -0.043   0.037   0.076  -0.064  -0.043   0.003  -0.145  -0.077  -0.433   0.246   0.073   0.180   0.118   0.258  -0.008  -0.053   0.109   0.410   0.120  -0.141   0.311   0.353
  70083      0.092  -0.273   0.085   0.142  -0.508  -0.021  -0.012   0.090  -0.200   0.055   0.118   0.000  -0.098   0.088   0.132  -0.413   0.288   0.096   0.075   0.220   0.177   0.064  -0.137  -0.236   0.032   0.093   0.308
  80402A     0.196  -0.198   0.075  -0.092   0.021   0.225  -0.091  -0.373   0.249   0.261   0.531   0.206   0.060  -0.200  -0.170   0.185   0.183  -0.068  -0.132  -0.067  -0.103   0.044  -0.022  -0.194  -0.167  -0.013   0.096
  111173     0.004  -0.284   0.046   0.175   0.465   0.169   0.125   0.358   0.113   0.166  -0.114   0.209  -0.172  -0.015  -0.104   0.052   0.189  -0.050   0.279  -0.083   0.128  -0.230  -0.148  -0.189   0.314  -0.069   0.067
  80230      0.241  -0.171   0.040   0.038  -0.069  -0.242   0.023   0.439   0.046  -0.115  -0.050   0.072  -0.096  -0.196  -0.241  -0.064   0.096   0.283  -0.216  -0.098  -0.355   0.003  -0.101  -0.085  -0.322   0.079  -0.348
  152069    -0.045  -0.301   0.343   0.327  -0.012   0.007  -0.108   0.148  -0.053   0.121   0.220  -0.029  -0.045   0.168  -0.115   0.201  -0.198  -0.001  -0.089   0.343   0.137   0.055   0.428   0.271   0.054   0.090  -0.212
  52323      0.185   0.067  -0.189  -0.430   0.000  -0.014   0.072  -0.043  -0.058   0.118   0.066   0.414  -0.009   0.197  -0.116  -0.193  -0.092   0.336   0.331   0.074   0.226  -0.123   0.311   0.018  -0.072   0.071  -0.199
  151120     0.104  -0.293  -0.233   0.119  -0.092   0.352   0.266  -0.200  -0.092   0.164  -0.387  -0.145   0.115   0.192  -0.142  -0.094   0.060  -0.093  -0.156  -0.220  -0.209  -0.105   0.288   0.017  -0.039   0.288   0.001
  52462      0.060   0.398   0.173  -0.048   0.079   0.198  -0.099   0.135  -0.080   0.394   0.082  -0.112  -0.412   0.351  -0.047  -0.124   0.215   0.106  -0.182  -0.181  -0.109   0.053  -0.065   0.278  -0.074  -0.088   0.087
  62373      0.229   0.041   0.334  -0.028  -0.014  -0.099   0.209  -0.164   0.205  -0.166  -0.133  -0.099   0.027   0.089  -0.325   0.021  -0.235   0.415  -0.124   0.041  -0.068  -0.082   0.041  -0.066   0.266  -0.177   0.421
  101075     0.188   0.341   0.054  -0.037  -0.076   0.156  -0.055  -0.027   0.266   0.037  -0.175  -0.099  -0.321  -0.145  -0.101  -0.134  -0.085  -0.305  -0.056   0.402  -0.011  -0.021   0.107  -0.395   0.146   0.186  -0.238
  60023      0.121   0.086  -0.165   0.402  -0.242   0.071   0.003  -0.035   0.550   0.021  -0.112   0.300  -0.083   0.062   0.432   0.102  -0.057   0.219  -0.075  -0.090   0.101  -0.076  -0.033   0.162  -0.027  -0.005  -0.042
  141031     0.191   0.153  -0.349   0.185   0.159  -0.174  -0.067   0.079  -0.156  -0.001   0.131  -0.092   0.144   0.072   0.013   0.019   0.161  -0.038  -0.368   0.189   0.154  -0.497   0.206  -0.156  -0.107  -0.287   0.110
  202324     0.233  -0.180  -0.135   0.080   0.289  -0.026   0.168  -0.166   0.116  -0.052  -0.013  -0.072  -0.112   0.136  -0.030  -0.219  -0.150  -0.166   0.180   0.430  -0.111   0.047  -0.317   0.316  -0.385  -0.090   0.096
  70198      0.213   0.086  -0.054   0.032  -0.127   0.424   0.174   0.065  -0.456   0.188  -0.055   0.016   0.043  -0.274   0.113   0.323  -0.259   0.237  -0.017   0.206   0.009   0.006  -0.279  -0.010   0.025  -0.142  -0.086
  192108     0.268  -0.048  -0.269  -0.030   0.088  -0.025   0.034   0.005   0.041  -0.098  -0.128  -0.026   0.048   0.086  -0.099   0.131   0.349   0.029  -0.139   0.081   0.224   0.675   0.070   0.036   0.228  -0.229  -0.114
  162030     0.194  -0.040   0.277  -0.116   0.238   0.171  -0.276   0.125   0.145   0.126  -0.090  -0.206   0.549   0.207   0.362  -0.188  -0.024   0.138   0.025   0.052  -0.079   0.058  -0.031  -0.202  -0.053  -0.017  -0.132
  70148      0.240  -0.068   0.112  -0.319  -0.096  -0.164  -0.105  -0.035   0.009  -0.054  -0.148  -0.043   0.023   0.172   0.040   0.445   0.292  -0.080  -0.055   0.137   0.118  -0.289  -0.281   0.219   0.095   0.414   0.001
  101121     0.182  -0.200   0.072   0.023   0.220  -0.327  -0.181  -0.300  -0.315   0.079  -0.154   0.227  -0.358   0.135   0.334   0.061  -0.230  -0.031  -0.157  -0.130  -0.132   0.108   0.031  -0.269   0.058   0.001  -0.006
  32032      0.143   0.069   0.117   0.211  -0.006   0.368  -0.513  -0.123  -0.189  -0.523  -0.142   0.230  -0.023   0.054  -0.220  -0.027   0.103  -0.022   0.147  -0.081   0.007  -0.076   0.010   0.056  -0.114  -0.081   0.010
  202010A   -0.005   0.259   0.207   0.336  -0.058  -0.340  -0.008  -0.193  -0.087   0.434  -0.323   0.199   0.303  -0.084  -0.271   0.023   0.143  -0.074   0.189   0.027   0.079   0.061  -0.082  -0.015  -0.160  -0.026  -0.044
  42389      0.180   0.270  -0.186   0.232   0.042  -0.042   0.080   0.233  -0.079  -0.090   0.325   0.172   0.211   0.342  -0.124   0.084  -0.250  -0.145   0.047  -0.084  -0.151   0.193  -0.140  -0.154   0.122   0.412   0.166
