  year  #   1
  1950  -1.386
  1951  -1.556
  1952  -1.509
  1953  -1.632
  1954  -0.782
  1955   0.573
  1956   1.443
  1957   1.846
  1958   2.658
  1959   1.853
  1960   1.642
  1961   1.865
  1962   0.733
  1963   0.359
  1964   0.529
  1965   0.486
  1966   0.174
  1967   0.580
  1968   0.964
  1969   0.416
  1970   0.493
  1971  -0.304
  1972  -0.300
  1973  -0.601
  1974  -0.856
  1975  -1.032
  1976  -1.213
  1977  -1.980
  1978  -0.687
  1979  -0.865
  1980  -0.866
  1981   0.040
  1982   0.313
  1983   0.952
  1984   0.418
  1985  -0.011
  1986   0.620
  1987   0.250
  1988   0.460
  1989   0.207
  1990   0.137
  1991  -0.983
  1992  -0.762
  1993  -0.062
  1994  -0.232
  1995   0.070
  1996  -0.644
  1997  -0.355
  1998  -0.239
  1999  -0.899
  2000  -0.324
