qupr_drop_subcanopy.rwl -- no data title --               1st itrdb line missing     
qupr_drop_subcanopy.rwl -- no data title --               2nd itrdb line missing     
qupr_drop_subcanopy.rwl -- no data title --               3rd itrdb line missing     
qupr_d18759990  09990  09990  09990  09990  0 834  11341  11235  11356  1 767  1  trn
qupr_d18802136  22100  23562  33729  33596  33235  33346  32913  32992  33001  3  trn
qupr_d18902365  32101  32141  42266  42721  52564  52581  61933  61376  61151  6  trn
qupr_d19001297  72010  71747  71772  81335  81570  81767  91335  9 762  91270  9  trn
qupr_d19101371 101007 101238 101361 101074 102062 102308 102199 111779 112222 13  trn
qupr_d19202114 132125 132077 141791 142309 152069 162429 162440 172306 172149 17  trn
qupr_d19302084 182044 181908 192080 191957 191947 201868 221943 221884 241701 24  trn
qupr_d19401770 251685 251767 251465 261502 261738 261489 26 902 261173 271263 27  trn
qupr_d19501380 271336 271331 271470 271687 271882 272017 272071 282290 292018 31  trn
qupr_d19601939 311983 311908 311786 311820 311832 311803 311879 312008 311863 31  trn
qupr_d19701822 311751 311612 311574 311486 311391 311372 31 981 311359 311313 31  trn
qupr_d19801291 311422 311510 311723 311546 311494 311623 311570 311642 311623 31  trn
qupr_d19901483 311143 311212 311175 311178 311297 311168 311179 311203 311031 31  trn
qupr_d20001103 311286 311194 311283 29 933 291091 291022 271009 261106 261204 26  trn
qupr_d20101048  71055  5 882  4 954  3 488  31027  21047  21652  19990  09990  0  trn
qupr_drop_subcanopy.rwl -- no data title --               1st itrdb line missing     
qupr_drop_subcanopy.rwl -- no data title --               2nd itrdb line missing     
qupr_drop_subcanopy.rwl -- no data title --               3rd itrdb line missing     
qupr_d18759990  09990  09990  09990  09990  0 931  11085  11043  11074  1 879  1  std
qupr_d1880 746  2 716  2 934  3 912  3 980  3 859  31035  3 985  3 930  31059  3  std
qupr_d18901039  3 960  31043  41181  41452  51436  51530  61368  61037  6 893  6  std
qupr_d1900 899  7 959  7 857  71042  8 914  8 911  8 931  9 746  9 636  9 672  9  std
qupr_d1910 746 10 613 10 660 10 710 10 620 10 982 101202 101195 11 940 111062 13  std
qupr_d19201028 131082 131185 141039 141233 15 999 161231 161246 171141 171023 17  std
qupr_d19301039 181028 18 967 191046 191046 191085 201047 221077 221092 24 937 24  std
qupr_d19401028 25 955 251004 25 836 26 843 261004 26 868 26 502 26 625 27 700 27  std
qupr_d1950 807 27 786 27 749 27 714 27 908 271070 271219 271267 281414 291228 31  std
qupr_d19601199 311261 311098 31 971 311033 311066 311020 311121 311193 311101 31  std
qupr_d19701126 311073 31 965 31 923 31 900 31 820 31 843 31 573 31 827 31 845 31  std
qupr_d1980 779 31 894 31 964 311183 311012 31 980 311134 311070 311115 311143 31  std
qupr_d19901117 31 838 31 914 31 933 31 951 311031 31 917 31 933 31 998 31 836 31  std
qupr_d2000 939 311087 311010 311077 29 913 29 959 29 872 27 902 26 969 261064 26  std
qupr_d20101141  71067  51007  4 870  3 866  31008  2 994  21070  19990  09990  0  std
qupr_drop_subcanopy.rwl -- no data title --               1st itrdb line missing     
qupr_drop_subcanopy.rwl -- no data title --               2nd itrdb line missing     
qupr_drop_subcanopy.rwl -- no data title --               3rd itrdb line missing     
qupr_d18759990  09990  09990  09990  09990  0 969  11138  1 969  11033  1 833  1  res
qupr_d1880 890  2 864  21148  3 945  31069  3 932  31123  3 935  3 942  31083  3  res
qupr_d18901031  3 931  3 948  41073  41241  51174  51095  61005  6 799  6 918  6  res
qupr_d19001024  71093  7 936  71206  8 912  8 948  81005  9 862  9 841  9 917  9  res
qupr_d1910 956 10 798 10 934 10 914 10 821 101256 101204 101154 11 814 111106 13  res
qupr_d1920 987 13 991 131121 14 891 141295 15 873 161273 161026 171003 17 946 17  res
qupr_d1930 980 181026 18 930 191060 191000 191041 20 990 221064 221027 24 903 24  res
qupr_d19401068 25 940 251020 25 824 26 953 261107 26 854 26 608 26 983 27 933 27  res
qupr_d19501042 27 905 27 911 27 894 271012 271118 271161 271114 281275 29 948 31  res
qupr_d19601039 311109 31 929 31 959 311049 31 996 31 971 311065 311147 31 970 31  res
qupr_d19701064 31 997 31 931 31 935 31 930 31 869 31 951 31 690 311111 31 955 31  res
qupr_d1980 853 31 998 31 999 311162 31 874 31 990 311144 31 971 311108 311075 31  res
qupr_d19901035 31 776 311020 311001 31 987 311069 31 895 31 985 311018 31 850 31  res
qupr_d20001006 311118 31 950 311040 29 859 291026 29 888 27 983 261040 261079 26  res
qupr_d20101135  7 842  51070  4 973  3 941  31054  2 987  21014  19990  09990  0  res
qupr_drop_subcanopy.rwl -- no data title --               1st itrdb line missing     
qupr_drop_subcanopy.rwl -- no data title --               2nd itrdb line missing     
qupr_drop_subcanopy.rwl -- no data title --               3rd itrdb line missing     
qupr_d18759990  09990  09990  09990  09990  0 949  11106  11047  11070  1 886  1  ars
qupr_d1880 812  2 736  2 948  3 910  31005  3 938  31081  3 994  3 939  31042  3  ars
qupr_d18901064  3 979  3 935  41028  41279  51397  51394  61291  61002  6 921  6  ars
qupr_d1900 968  71074  7 990  71210  81062  8 993  81002  9 867  9 753  9 742  9  ars
qupr_d1910 769 10 648 10 680 10 686 10 611 10 951 101178 101298 111021 111127 13  ars
qupr_d19201081 131052 131167 141009 141323 151100 161371 161298 171220 171104 17  ars
qupr_d19301057 181070 18 981 191049 191037 191071 201043 221100 221102 24 976 24  ars
qupr_d19401054 25 980 251007 25 833 26 834 26 985 26 848 26 542 26 641 27 674 27  ars
qupr_d1950 797 27 763 27 744 27 715 27 801 27 970 271147 271230 281475 291285 31  ars
qupr_d19601250 311301 311143 311063 311098 311069 311022 311085 311220 311129 31  ars
qupr_d19701163 311117 311016 31 948 31 894 31 798 31 807 31 583 31 788 31 802 31  ars
qupr_d1980 720 31 791 31 846 311051 31 912 31 928 311096 311041 311145 311187 31  ars
qupr_d19901175 31 901 31 949 31 966 31 964 311045 31 928 31 934 31 971 31 834 31  ars
qupr_d2000 885 311036 31 977 311026 29 880 29 940 29 848 27 873 26 948 261044 26  ars
qupr_d20101175  7 966  51048  41009  3 949  31019  21002  21017  19990  09990  0  ars
