  year  #   1       2       3       4       5       6       7       8       9      10      11      12      13      14      15      16      17      18      19      20      21      22      23      24      25      26      27
  1950  -1.572   5.194  -1.194  -0.420   2.371  -1.591   0.548  -1.343  -1.131   0.962   0.118  -0.176   0.874   0.295   0.152  -0.030  -0.631   0.050   0.516   0.152   0.212  -0.557  -0.229  -0.068   0.052  -0.006   0.096
  1951  -1.656   5.039  -2.145   0.356   2.270  -0.098  -0.531  -0.657  -0.358  -0.621   0.833   0.129   0.037   0.844   0.311   0.015  -0.098   0.264  -0.420  -0.092  -0.452   0.254   0.136   0.149   0.182  -0.184  -0.040
  1952  -1.812   5.314  -1.015  -0.600   1.561  -0.002  -0.507  -0.688   0.171   0.302  -0.211  -0.865   0.478  -0.403  -0.640   0.691   0.637  -0.744  -0.185   0.064   0.179   0.378  -0.040  -0.024  -0.058   0.009  -0.053
  1953  -1.442   4.989  -2.571   1.534  -0.756   0.199  -0.264   0.344   2.900   0.372  -0.573   0.528  -0.639  -0.348   0.663  -0.437   0.241   0.019   0.026   0.016   0.096  -0.007   0.205   0.013   0.035   0.244  -0.149
  1954   0.308   3.642  -2.272   1.468  -2.010   0.123   0.354   1.643  -0.488  -0.426  -0.359   0.207  -0.273  -0.592  -0.407  -0.923  -0.433   0.106   0.076  -0.457  -0.419   0.050  -0.083  -0.105  -0.171  -0.044   0.074
  1955   2.913   2.023  -1.346  -0.087  -3.747   0.733  -0.507   1.624  -0.450   0.050   0.232   0.071  -0.175  -0.252  -0.275   0.312   0.467  -0.220   0.479   0.239  -0.197  -0.047  -0.285   0.140   0.155  -0.402   0.065
  1956   4.917   1.301  -2.368  -1.174  -3.098   1.279   0.640   0.931  -0.240  -0.301   0.527  -0.443   0.976   0.421   0.200   0.563  -0.012   0.608  -0.237  -0.278   0.623  -0.120   0.137  -0.270   0.189   0.119   0.027
  1957   5.508  -0.046  -0.390  -1.337  -1.538  -1.233   0.275  -0.125  -0.295   0.230  -1.071  -0.526   0.437   0.364   0.065   0.425  -0.793  -0.154  -0.312   0.091   0.250  -0.095  -0.108   0.297  -0.098   0.219  -0.192
  1958   7.427  -0.235   0.516  -0.391  -1.487  -0.296   0.784  -1.748   0.074   0.913   0.821   0.112  -0.448  -0.106   0.100  -0.524  -0.185  -0.785   0.153  -0.378   0.064  -0.010   0.030  -0.077  -0.073  -0.204   0.007
  1959   5.542  -0.690  -0.948  -1.488  -0.960  -1.095  -0.244  -0.994   0.275  -0.792   0.251  -0.439  -0.473   0.023  -0.360   0.447   0.076  -0.385   0.020   0.353  -0.516   0.241  -0.113  -0.053  -0.109   0.295   0.122
  1960   5.003  -1.342  -0.672  -1.309  -0.413  -0.510  -0.185  -1.940   0.611   0.078   0.714   0.009  -0.130  -0.158   0.136  -0.460  -0.238   0.619  -0.289  -0.058  -0.166  -0.130  -0.336  -0.175  -0.012  -0.104  -0.202
  1961   5.680  -1.257  -1.227  -0.527  -0.567  -0.116  -0.845  -1.945   0.144  -1.385  -0.902   0.411   0.308  -0.026   0.245  -0.153   0.087   0.246   0.076   0.428  -0.097   0.262   0.574   0.214  -0.063  -0.225   0.147
  1962   3.301  -1.102  -0.700  -0.401   1.703  -0.438  -0.261   0.150  -0.083   0.421  -1.189   0.736   0.100  -0.218  -0.222  -0.509  -0.152  -0.371   0.003   0.243   0.457   0.082  -0.189   0.296   0.114   0.000   0.128
  1963   2.128  -2.312  -1.410  -1.163   2.467   1.355  -0.028   1.289   1.259  -0.968  -0.227  -1.027  -0.108   0.945  -0.044  -0.399  -0.011   0.130   0.374  -0.181   0.343   0.143  -0.114  -0.012  -0.030  -0.100  -0.018
  1964   2.764  -1.529  -0.976  -0.947   2.186   0.380   0.745   0.752   1.154   1.015   0.092   0.093   0.382   0.796  -0.407  -0.549   0.570   0.037   0.537  -0.282  -0.154  -0.172   0.253   0.065  -0.103   0.119   0.165
  1965   2.868  -1.018  -0.717  -0.234   1.837   0.187  -0.070   0.207   0.102  -0.336  -0.319   0.551  -0.972   0.135  -0.252   0.498   0.305  -0.579  -0.207  -0.305  -0.529  -0.229  -0.273  -0.304   0.187   0.161  -0.149
  1966   2.145  -1.404  -0.966   0.429   2.205   0.031   0.740   0.651   0.260   0.022  -0.831   0.762  -0.870   0.013   0.332   0.442  -0.347  -0.107   0.130   0.020  -0.002  -0.219  -0.167  -0.304  -0.018  -0.247   0.045
  1967   2.932  -0.798  -0.637   0.224   1.953   0.687   0.853   0.241   0.423   0.532   0.222   0.383   0.277  -0.927   0.341   0.437   0.160   0.861  -0.326   0.223   0.145   0.134  -0.015   0.165  -0.073   0.082   0.143
  1968   3.849  -0.731   0.261   1.156   1.301   1.140  -0.053   0.440  -0.807   0.405   0.415   0.321  -0.182  -0.616  -0.497   0.611   0.357   0.555   0.292  -0.002  -0.066  -0.281   0.358  -0.003   0.141   0.113  -0.149
  1969   2.489  -0.583   0.437   1.730   0.569   0.474   0.025   1.048  -1.468   0.217  -0.684  -0.113   0.607  -0.913   0.055  -0.466  -0.123  -0.168   0.028   0.564  -0.299   0.000  -0.028   0.195   0.167   0.196  -0.030
  1970   2.564  -0.425   0.459   2.040   1.513   0.596  -0.071  -0.290  -1.250  -0.039   0.840  -0.604   0.373  -0.390   0.148  -0.275   0.699  -0.051   0.235  -0.176   0.016   0.294  -0.363   0.097  -0.203   0.137  -0.064
  1971   0.758  -0.231   0.362   2.972   1.166  -0.286   1.023   0.217  -1.079  -0.894  -0.538  -0.983   0.048   0.111   0.385  -0.022  -0.053  -0.325  -0.277  -0.350   0.183   0.331   0.184  -0.181  -0.180  -0.143  -0.100
  1972   0.212  -1.556   0.158   1.443   0.480  -0.321   0.576   0.322  -0.680  -0.680   1.183  -0.817  -0.388  -0.076  -0.397  -0.196  -0.034  -0.314  -0.524  -0.237   0.332  -0.299   0.082   0.036   0.423  -0.173   0.099
  1973  -0.298  -1.181  -0.013   2.242  -0.350  -1.022   0.624   0.706   0.091   0.424   0.682  -0.015  -0.089   0.069  -0.077  -0.268  -0.015   0.076  -0.747   0.276   0.138   0.046   0.105  -0.045  -0.287   0.146  -0.050
  1974  -0.891  -1.768   0.550   3.079  -0.440  -0.257  -0.259   0.941   1.471   0.162  -0.086   0.321   0.730   0.563   0.175   0.294  -0.275  -0.271  -0.361   0.172  -0.211   0.017  -0.217   0.215  -0.047  -0.122  -0.094
  1975  -1.720  -2.114   0.112   2.910  -0.235  -1.220   0.091  -0.079   1.168   0.836   0.717  -0.160   0.519  -0.638   0.216   0.273  -0.434  -0.201   0.272  -0.071  -0.167   0.092   0.270  -0.048   0.211  -0.146   0.189
  1976  -1.920  -1.264  -0.032   3.163  -0.691  -0.861  -1.010  -0.326   1.005   0.321   0.170   0.024   0.287   0.729  -0.688   0.706  -0.089   0.106   0.136   0.568   0.222  -0.193  -0.154  -0.166  -0.144  -0.146  -0.088
  1977  -4.938  -2.026  -0.861  -0.338  -0.514  -1.839  -0.880  -0.833   1.081  -0.148   1.057  -1.228  -0.169  -0.503  -0.149  -0.316   0.199  -0.008   0.552  -0.213   0.192   0.111   0.013   0.151   0.115   0.103  -0.009
  1978  -1.211  -1.231  -0.239   2.421  -1.196  -1.453  -2.083  -0.836  -1.216  -0.674  -0.369   1.188  -0.131   0.091   0.086  -0.405   0.240   0.169   0.366  -0.471   0.403  -0.049   0.094  -0.229   0.014   0.209  -0.122
  1979  -1.679   0.057  -0.318   1.141  -0.397  -1.077  -1.476   0.167  -1.360  -0.096  -0.667  -0.890  -0.869   0.737   0.827   0.221   0.611   0.509  -0.055   0.293  -0.209  -0.336   0.067  -0.112  -0.140   0.046   0.239
  1980  -2.084   0.405  -0.161  -2.063   1.064   0.191  -1.646   0.220  -0.290  -0.110   1.249   0.949  -0.493  -0.463  -0.817  -0.068  -0.060   0.221  -0.452   0.032   0.170  -0.401   0.288   0.168  -0.279  -0.098  -0.059
  1981  -0.329  -0.117   1.226  -2.584   0.261   0.912  -2.524   1.457  -0.179  -0.451   0.746   0.409   0.213   0.004   0.923  -0.063   0.004  -1.017  -0.010   0.214   0.437  -0.169   0.075   0.037  -0.088   0.001  -0.055
  1982   0.133  -0.281   2.368  -1.859   0.424  -0.986  -2.588   0.847   0.096   1.112  -0.030   0.281   0.379   0.125   0.801  -0.061  -0.303   0.143  -0.370  -0.343  -0.270   0.371  -0.097  -0.287   0.220   0.046   0.151
  1983   1.567   0.958   3.059  -1.227  -0.074  -1.215  -1.632   1.155  -0.108   0.841  -0.647  -0.376   0.238   0.257  -1.305   0.103  -0.266   0.549   0.284  -0.317  -0.193   0.369   0.136  -0.067  -0.088  -0.101  -0.067
  1984  -0.159   1.046   2.911  -1.986  -0.125  -3.012   1.734   0.881   0.613  -0.540  -0.085  -0.711  -0.698  -0.380   0.239   0.067   0.233   0.094   0.011   0.426  -0.196  -0.300   0.198   0.060   0.194   0.066  -0.087
  1985  -0.877   1.631   3.680  -0.234   0.025  -0.893   1.415   0.176   0.415  -1.705   0.059   0.865   0.436   0.259  -0.359  -0.479   0.146   0.361  -0.130  -0.043   0.203   0.176  -0.349  -0.096   0.185   0.143   0.098
  1986   0.622   1.639   3.793   0.368  -0.161   0.362   0.792  -0.364   0.446  -1.242   0.651   1.072   0.623   0.116   0.622   0.552   0.367   0.160   0.471  -0.354  -0.235  -0.124  -0.151   0.378  -0.161  -0.141  -0.063
  1987  -0.763   1.214   2.435  -0.847  -0.292   0.583   0.895   0.254   0.251   0.420  -0.034  -0.719  -0.713  -0.949   0.591   0.470  -0.263   0.076   0.361  -0.230   0.333   0.054   0.002  -0.220  -0.369  -0.029   0.098
  1988  -0.076   1.580   2.406   0.257  -0.706   1.935   0.327  -0.549   0.551   0.171   0.248   0.116  -0.420   0.213  -0.442  -0.249  -0.003  -0.128  -0.712   0.337   0.229   0.157   0.123  -0.132   0.094   0.084   0.133
  1989  -0.944   1.292   2.789   0.464  -0.010   1.824   0.794  -0.433  -0.444   0.096  -0.342  -0.046  -0.092   0.574  -0.087  -0.572  -0.591  -0.222   0.600   0.552  -0.092  -0.069   0.482  -0.213   0.060  -0.003  -0.165
  1990  -1.458   0.138   1.291   0.351  -0.914   1.583   0.660  -1.139  -0.406   1.894  -0.123   0.286  -0.980   0.625   0.084  -0.090   0.183   0.340  -0.252  -0.060   0.085   0.163  -0.290   0.127   0.004  -0.051   0.045
  1991  -4.391  -0.405   0.335  -0.100  -0.051   1.220  -0.275  -0.956   0.397  -1.092  -1.541  -0.435  -0.627  -0.147  -0.374   0.573  -0.291   0.120   0.082  -0.381   0.229   0.000  -0.016   0.117   0.106  -0.017   0.063
  1992  -3.690  -0.319   0.290   0.688  -0.272   1.899  -1.014  -1.106   0.070  -0.591  -0.081   0.345   0.029  -0.555  -0.377   0.189  -0.438  -0.234   0.017   0.129  -0.053  -0.117  -0.188  -0.008   0.007   0.164   0.209
  1993  -2.911  -1.543   0.421  -1.060  -0.477   2.533  -0.388  -0.641   0.079   0.184   0.159  -1.157   0.711   0.013   0.310  -0.314   0.319   0.114  -0.059   0.368  -0.508  -0.045  -0.007  -0.270   0.054  -0.030  -0.133
  1994  -3.271  -1.681  -0.349  -0.506  -0.525   1.417  -0.531  -0.370   0.408  -0.061  -0.648  -0.715   0.501  -0.463   0.115  -0.273  -0.329   0.283  -0.007  -0.378  -0.234  -0.429  -0.264   0.223   0.052   0.084  -0.080
  1995  -2.652  -0.847   0.036  -0.295  -0.799   0.116   0.429   0.035  -0.966   1.028  -0.153  -0.080  -0.815   0.573   0.261   0.247  -0.014  -0.098  -0.067  -0.452  -0.016   0.186   0.215   0.695   0.155   0.052  -0.097
  1996  -4.374  -0.534  -0.640  -0.981  -1.156  -0.433   0.837   0.568  -0.325  -0.249   0.263  -0.143  -0.153   0.714  -0.240  -0.555   0.262  -0.081  -0.023   0.347  -0.037  -0.189  -0.224   0.179  -0.239   0.041   0.136
  1997  -4.200  -1.381  -0.132  -1.648  -0.658  -0.823   1.223  -0.524  -0.037   0.428  -1.516   0.363   1.201  -0.397  -0.151  -0.117   0.865  -0.376  -0.708  -0.497  -0.169  -0.354   0.248  -0.169  -0.118  -0.216   0.012
  1998  -3.830  -1.902  -1.640  -0.792  -1.035   0.284   1.694   0.020  -0.582   0.120   0.730   1.069   0.450   0.642  -0.030   0.645  -0.183  -0.444   0.389  -0.206  -0.227   0.215   0.209  -0.157  -0.016   0.341   0.077
  1999  -5.700  -1.778  -2.365  -2.059   0.705  -0.267   0.932   0.668  -0.633  -0.621   0.626   0.236  -0.165  -0.406   0.085   0.083  -0.999   0.220  -0.110   0.118  -0.242   0.331   0.021  -0.023  -0.145  -0.101  -0.075
  2000  -4.780  -1.833  -1.589  -1.778  -0.405  -0.698   0.861  -0.068  -0.636   0.468  -0.379   0.832  -0.140  -0.323   0.133  -0.089   0.637   0.246   0.351   0.586   0.415   0.485  -0.208  -0.197   0.191  -0.185  -0.176
