  year  #   1
  1950  -0.470
  1951  -0.489
  1952  -0.599
  1953  -0.472
  1954   0.043
  1955   0.953
  1956   1.700
  1957   1.872
  1958   2.597
  1959   1.922
  1960   1.641
  1961   1.949
  1962   1.023
  1963   0.659
  1964   0.863
  1965   0.829
  1966   0.605
  1967   0.884
  1968   1.186
  1969   0.702
  1970   0.705
  1971   0.097
  1972  -0.089
  1973  -0.221
  1974  -0.419
  1975  -0.615
  1976  -0.700
  1977  -1.340
  1978  -0.391
  1979  -0.611
  1980  -0.687
  1981  -0.159
  1982  -0.015
  1983   0.426
  1984  -0.089
  1985  -0.396
  1986   0.007
  1987  -0.358
  1988  -0.193
  1989  -0.423
  1990  -0.532
  1991  -1.257
  1992  -1.075
  1993  -0.877
  1994  -0.981
  1995  -0.866
  1996  -1.282
  1997  -1.192
  1998  -1.058
  1999  -1.512
  2000  -1.297
