qupr_drop_subcanopy.rwl -- no data title --               1st itrdb line missing     
qupr_drop_subcanopy.rwl -- no data title --               2nd itrdb line missing     
qupr_drop_subcanopy.rwl -- no data title --               3rd itrdb line missing     
qupr_d18759990  09990  09990  09990  09990  0   0  1   0  1   0  1   0  1   0  1  err
qupr_d18801024  21438  2 912  3 653  3 587  3 826  31158  31350  31082  31370  3  err
qupr_d18901006  3  52  3 314  4 542  4 376  5 631  5 572  6 188  6 136  6  72  6  err
qupr_d1900 181  7 522  7 540  7 459  8 358  8 419  8 371  9 358  9 268  9 351  9  err
qupr_d1910 340 10 195 10 271 10 254 10 278 10 335 10 415 10 375 11 392 11 341 13  err
qupr_d1920 364 13 305 13 280 14 238 14 241 15 242 16 241 16 227 17 228 17 213 17  err
qupr_d1930 183 18 188 18 198 19 238 19 226 19 183 20 166 22 200 22 176 24 173 24  err
qupr_d1940 165 25 165 25 177 25 170 26 161 26 176 26 177 26 130 26 149 27 173 27  err
qupr_d1950 175 27 156 27 158 27 178 27 199 27 212 27 231 27 190 28 190 29 171 31  err
qupr_d1960 165 31 168 31 152 31 147 31 167 31 143 31 142 31 146 31 165 31 166 31  err
qupr_d1970 163 31 158 31 165 31 163 31 154 31 165 31 154 31 128 31 158 31 144 31  err
qupr_d1980 138 31 141 31 144 31 157 31 164 31 143 31 136 31 133 31 146 31 149 31  err
qupr_d1990 137 31 108 31 110 31 103 31 103 31 130 31 121 31 125 31 138 31 125 31  err
qupr_d2000 122 31 141 31 146 31 151 29 106 29 136 29 151 27 115 26 132 26 140 26  err
qupr_d2010 221  7 160  5 107  4 184  3  25  3 407  2 642  2   0  19990  09990  0  err
qupr_drop_subcanopy.rwl -- no data title --               1st itrdb line missing     
qupr_drop_subcanopy.rwl -- no data title --               2nd itrdb line missing     
qupr_drop_subcanopy.rwl -- no data title --               3rd itrdb line missing     
qupr_d18759990  09990  09990  09990  09990  0   0  1   0  1   0  1   0  1   0  1  err
qupr_d1880 399  2 170  2  85  3 105  3 126  3   0  3  38  3 211  3 178  3 214  3  err
qupr_d1890  69  3  22  3  92  4 155  4 126  5 334  5 214  6 150  6 111  6  83  6  err
qupr_d1900  62  7  84  7 100  7 110  8 118  8 113  8 146  9 128  9  99  9  99  9  err
qupr_d1910 119 10  70 10  98 10  86 10  83 10  31 10 146 10 135 11 130 11  99 13  err
qupr_d1920 106 13  67 13  65 14  82 14  78 15  53 16  84 16  41 17  84 17  50 17  err
qupr_d1930  57 18  49 18  43 19  42 19  52 19  52 20  44 22  43 22  44 24  39 24  err
qupr_d1940  39 25  32 25  29 25  46 26  39 26  46 26  50 26  37 26  53 27  56 27  err
qupr_d1950  58 27  61 27  56 27  37 27  69 27  75 27  75 27  71 28  68 29  56 31  err
qupr_d1960  51 31  55 31  49 31  48 31  40 31  31 31  30 31  40 31  28 31  31 31  err
qupr_d1970  42 31  46 31  36 31  38 31  41 31  48 31  51 31  46 31  55 31  46 31  err
qupr_d1980  42 31  53 31  62 31  69 31  73 31  41 31  42 31  50 31  43 31  52 31  err
qupr_d1990  36 31  35 31  38 31  28 31  26 31  23 31  28 31  38 31  34 31  37 31  err
qupr_d2000  34 31  32 31  35 31  23 29  25 29  27 29  31 27  29 26  25 26  27 26  err
qupr_d2010 117  7 142  5 202  4   1  3 131  3  28  2 144  2   0  19990  09990  0  err
qupr_drop_subcanopy.rwl -- no data title --               1st itrdb line missing     
qupr_drop_subcanopy.rwl -- no data title --               2nd itrdb line missing     
qupr_drop_subcanopy.rwl -- no data title --               3rd itrdb line missing     
qupr_d18759990  09990  09990  09990  09990  0   0  1   0  1   0  1   0  1   0  1  err
qupr_d1880 349  2  64  2  68  3  27  3  57  3  46  3  10  3  29  3   7  3  17  3  err
qupr_d1890  35  3  59  3  65  4 134  4 163  5 134  5 105  6  59  6  91  6  14  6  err
qupr_d1900  49  7  52  7  70  7  44  8  71  8  58  8  90  9  47  9  60  9  65  9  err
qupr_d1910  45 10  65 10  69 10   4 10  46 10  79 10  54 10  48 11  58 11  50 13  err
qupr_d1920  83 13  36 13  38 14  60 14  60 15  24 16  60 16  55 17  74 17  46 17  err
qupr_d1930  42 18  42 18  37 19  35 19  47 19  33 20  37 22  30 22  30 24  44 24  err
qupr_d1940  36 25  27 25  26 25  42 26  29 26  41 26  44 26  38 26  44 27  39 27  err
qupr_d1950  39 27  36 27  34 27  43 27  51 27  48 27  47 27  52 28  43 29  32 31  err
qupr_d1960  32 31  33 31  34 31  46 31  21 31  24 31  18 31  34 31  21 31  28 31  err
qupr_d1970  34 31  37 31  28 31  28 31  33 31  33 31  34 31  33 31  38 31  36 31  err
qupr_d1980  39 31  32 31  37 31  37 31  45 31  41 31  35 31  34 31  35 31  34 31  err
qupr_d1990  33 31  31 31  29 31  27 31  25 31  28 31  29 31  42 31  37 31  32 31  err
qupr_d2000  21 31  30 31  37 31  29 29  30 29  31 29  39 27  41 26  28 26  27 26  err
qupr_d2010  93  7  75  5  45  4  59  3 158  3  80  2 162  2   0  19990  09990  0  err
qupr_drop_subcanopy.rwl -- no data title --               1st itrdb line missing     
qupr_drop_subcanopy.rwl -- no data title --               2nd itrdb line missing     
qupr_drop_subcanopy.rwl -- no data title --               3rd itrdb line missing     
qupr_d18759990  09990  09990  09990  09990  0   0  1   0  1   0  1   0  1   0  1  err
qupr_d1880 238  2  44  2  46  3  19  3  39  3  31  3   7  3  19  3   5  3  12  3  err
qupr_d1890  24  3  40  3  45  4  92  4 111  5  91  5  72  6  40  6  62  6  10  6  err
qupr_d1900  33  7  35  7  48  7  30  8  48  8  40  8  62  9  32  9  41  9  44  9  err
qupr_d1910  30 10  44 10  47 10   3 10  31 10  54 10  37 10  32 11  40 11  34 13  err
qupr_d1920  57 13  24 13  26 14  41 14  41 15  16 16  41 16  38 17  50 17  31 17  err
qupr_d1930  29 18  29 18  25 19  24 19  32 19  22 20  25 22  21 22  20 24  30 24  err
qupr_d1940  25 25  18 25  18 25  29 26  20 26  28 26  30 26  26 26  30 27  26 27  err
qupr_d1950  26 27  25 27  23 27  29 27  35 27  32 27  32 27  36 28  29 29  22 31  err
qupr_d1960  22 31  22 31  23 31  31 31  14 31  16 31  12 31  23 31  14 31  19 31  err
qupr_d1970  23 31  25 31  19 31  19 31  23 31  23 31  23 31  22 31  26 31  24 31  err
qupr_d1980  27 31  22 31  25 31  25 31  30 31  28 31  24 31  23 31  24 31  24 31  err
qupr_d1990  23 31  21 31  20 31  19 31  17 31  19 31  20 31  28 31  25 31  22 31  err
qupr_d2000  14 31  21 31  25 31  19 29  20 29  21 29  26 27  28 26  19 26  18 26  err
qupr_d2010  64  7  51  5  31  4  40  3 108  3  55  2 111  2   0  19990  09990  0  err
