  year  #   1       2       3       4       5       6       7       8       9      10      11      12      13      14      15      16      17      18      19      20      21      22      23      24      25      26      27
  1950   0.300   1.699   3.037   0.484  -0.951  -1.238   1.349   0.140   0.348   0.008   1.101  -0.401   0.154   0.667   1.637   0.393  -0.930  -1.483  -0.430   0.568  -0.084  -0.084  -0.015   0.188   0.270  -0.031  -0.146
  1951  -2.289   1.952  -0.456  -1.074   0.533  -0.472   1.404  -0.949  -0.085   0.284   1.118   0.148   0.618  -0.848   0.029  -1.336   1.466  -0.439   0.646  -1.059  -0.562  -0.425  -0.110  -0.343  -0.072   0.048   0.217
  1952  -1.946  -1.477   0.183   1.327   2.755  -2.671   0.012  -0.799  -0.163  -1.196   0.614  -0.673   0.616   0.400  -0.711   0.551  -0.698  -0.023   0.605  -0.365   0.601   0.281  -0.505   0.304  -0.246   0.119   0.065
  1953  -1.680   3.308  -1.074  -0.331   0.812  -3.239  -1.418  -0.610   1.502   1.425  -1.428   2.966   0.848  -1.750   0.239  -0.392  -0.085   0.097  -0.192   0.649   0.131  -0.299  -0.128  -0.296  -0.035  -0.232  -0.010
  1954   1.618   1.566  -2.050   0.184  -1.661  -1.083   0.379   1.703  -0.392  -0.725  -3.644  -1.897   0.044  -0.090   0.215   0.155   0.563  -0.295  -0.324  -0.366  -0.579   0.537  -0.517   0.055   0.082   0.318  -0.024
  1955   3.432  -1.356  -2.740  -1.549   0.729  -2.221  -1.958   0.457  -1.383   0.569   0.390  -0.471  -0.426   1.082  -0.423  -0.021  -0.353  -0.343   0.209   0.481  -0.395   0.628   0.310  -0.809   0.117   0.312   0.133
  1956   3.678  -1.820  -0.994  -2.713  -0.602   0.288   2.310  -1.082   2.136   0.008  -0.973  -0.462   0.103   0.385  -0.051   0.587  -0.931  -1.190   0.012   0.229   0.575  -0.762   0.086  -0.147  -0.011  -0.427   0.257
  1957   2.787  -2.420   0.442   2.889  -0.984   2.000  -2.039   1.015  -0.050   2.480   0.799   0.018  -0.036  -0.602   0.483   1.194  -0.228  -0.972  -0.224  -0.807  -0.008   0.005  -0.643  -0.160  -0.268  -0.294  -0.246
  1958   5.496  -0.794   2.660  -0.603  -1.109  -0.358  -2.229  -1.497  -0.171  -0.095  -0.396   0.995   0.216  -1.224  -0.831   0.700   0.761   0.291   0.608  -0.142  -0.103  -0.239  -0.302   0.368   0.284   0.562   0.108
  1959  -0.939  -2.081  -2.839  -0.296  -0.981   0.640   0.491  -0.172  -0.614   1.438   1.137   0.211  -0.402  -0.742  -0.362  -0.957  -0.105   0.084  -0.090  -0.134  -0.279   0.634   0.146   0.806  -0.017  -0.257   0.132
  1960   0.966  -1.171   1.545  -1.391  -1.244   0.354  -1.274   0.289   1.797  -0.445   0.404  -0.282  -0.096  -1.065   0.423   0.591   0.712  -0.176  -0.394   0.738  -0.293  -0.067   0.774  -0.342  -0.309   0.021   0.472
  1961   2.671  -1.369  -2.300  -0.310   0.053   1.617   0.882  -0.931   0.670  -0.346   0.546   1.869  -1.397  -0.530  -0.260  -0.047  -0.678   0.722  -0.456  -1.024  -0.044  -0.168  -0.013  -0.471   0.300   0.258  -0.120
  1962  -1.778   0.640   2.277   0.167   1.660   1.581   0.123   3.600  -0.407   0.099  -0.141   0.982   1.040   0.826  -0.894   0.203   0.721   0.554   0.333  -0.042   0.559   0.499  -0.186  -0.109   0.271  -0.506   0.256
  1963  -1.877  -1.197  -0.131  -2.903   2.148   2.710  -0.386  -0.647   0.509   1.640  -1.530  -0.417   1.745   0.174  -0.003  -0.407   0.750  -0.264   0.097   0.009   0.151  -0.082   0.004   0.248  -0.135   0.005  -0.393
  1964   0.994  -0.550   1.180  -0.368  -0.697  -0.789   0.307   0.685   0.885   0.438   0.040   0.671   0.708   1.108   0.675  -0.815  -0.173   1.238  -0.151  -0.218  -0.417  -0.394  -0.531   0.692   0.129  -0.071  -0.041
  1965  -0.030  -0.322  -0.838   1.232  -0.264  -0.258   0.776   0.181  -0.849  -0.530   0.566   0.673  -0.093  -0.713  -1.469   0.206   0.913  -1.463   0.255   0.269  -0.721   0.386   0.399   1.084  -0.206  -0.036   0.262
  1966  -0.674   0.554   0.851   0.027  -0.049   1.789   0.301   0.565   0.422   0.407  -0.823   1.426   0.825   0.642   0.047   0.618  -0.451  -0.239  -0.311  -0.209  -0.164   0.524   0.475  -0.395  -0.003   0.648  -0.196
  1967   1.310  -1.199   0.718  -0.615  -0.701  -0.720   1.731  -0.802   0.745  -0.941  -0.202  -0.062   0.203  -0.210   1.100  -0.914  -0.614  -0.108   1.345  -0.658   0.408   1.122   0.471  -0.437   0.003  -0.402  -0.228
  1968   2.800   0.729  -0.190  -0.074   0.213   0.145   0.110   0.677  -1.089  -1.004  -0.222  -0.700   0.761  -0.101  -0.729  -0.302  -0.168   0.840   0.994   0.577  -0.441  -0.352   0.648   0.236  -0.181  -0.509  -0.116
  1969  -0.089   1.218  -0.929   1.249   0.433   0.310  -0.183   0.400  -0.606  -1.199  -0.789  -0.133  -1.671  -0.198   1.422   0.867   0.541   0.309   0.215  -0.914   0.284   0.296  -0.186  -0.101   0.168  -0.320   0.473
  1970   1.043  -0.077   1.651  -0.906  -0.601   2.109   0.702  -1.896  -0.847  -1.388   0.711  -0.356   0.438  -0.726  -0.218  -0.249   0.874   0.262   0.330   0.674   1.167   0.393  -0.994  -0.093  -0.362   0.209   0.043
  1971  -1.325   1.969  -0.935   1.887   0.387   1.487   0.854  -1.160   0.690  -0.775  -0.838  -0.680  -0.018   0.308  -0.913   0.556   0.324  -0.400   0.411  -0.066  -0.193  -0.908  -0.036  -0.411  -0.256   0.464  -0.025
  1972  -1.019   0.102  -0.083  -1.344  -1.616  -0.200  -0.944   0.932  -0.526   0.361   0.161  -1.312  -0.426   0.393  -0.768   0.832   0.605   0.256   1.212   0.598  -0.215  -0.442   0.359  -0.389   0.474  -0.215  -0.492
  1973  -0.909   2.360  -0.846   0.646  -1.093  -0.768  -0.279   0.256   0.404   0.844   0.216   0.080   0.343   0.377   0.921  -0.132  -0.278   0.084   0.792  -0.647   0.159   0.087  -0.119   0.125  -0.908   0.016  -0.278
  1974  -1.674   1.955  -0.341   0.229   1.640   1.229  -2.635   0.395   1.076   1.053   0.563  -0.297  -0.480   0.919   0.347  -0.567  -0.536  -0.537   1.121   0.035  -0.358   0.102  -0.208  -0.104   0.304   0.065   0.391
  1975  -1.934   0.779   0.749   0.348  -2.060   0.705  -2.210  -0.779  -0.016  -1.540   0.115  -0.154   0.418  -0.065   0.073  -0.333  -1.317   0.496   1.197  -0.396   0.179  -0.300   0.496   0.135   0.301   0.200   0.064
  1976  -1.396   2.238  -1.174  -0.190  -0.063   0.073  -0.401  -0.553   0.119   1.411   2.067  -1.384   0.099   0.193  -0.210   0.956  -0.755   0.122  -0.048   0.477   0.570  -0.160   0.190   0.116  -0.584   0.047   0.207
  1977  -6.901  -2.888  -0.224  -1.008  -2.449  -1.196  -2.504  -0.803  -0.411  -1.757  -0.179  -0.570  -0.226  -0.017   0.173  -0.405   0.226   0.157  -1.113  -0.510   0.433  -0.600  -0.327   0.012  -0.008  -0.307   0.057
  1978   3.505   2.573  -1.482   1.079  -1.678   0.600   0.842   1.791   0.353  -1.399   0.064   1.025  -0.552  -0.222  -0.690  -0.291   0.316   0.037  -0.586   0.315   0.777  -0.350   0.315   0.199  -0.411  -0.246  -0.161
  1979  -1.015   0.229  -1.121   0.848   0.720   0.434   2.312  -1.339  -2.141  -0.363   1.171   0.191   1.394   0.023   1.348   0.661   0.219   0.398  -0.455   0.833  -0.598  -0.253  -0.044  -0.081   0.709   0.044   0.066
  1980  -2.807  -2.274   2.836  -2.173  -0.246  -2.138   2.160   2.769  -0.661   1.087   0.264   0.320  -1.392  -0.554  -1.017   0.066  -0.576   0.312   0.020  -0.198  -0.625  -0.409  -0.218  -0.309  -0.442   0.267   0.017
  1981   1.464  -1.887  -0.652  -0.331   2.570  -0.686  -0.629   1.045  -2.048  -0.197  -0.429   1.175  -1.286   1.182   0.973  -0.325   0.773  -1.266   0.250   0.046   1.257  -1.005   0.122   0.199   0.007   0.158  -0.078
  1982   1.048  -1.216   0.113   2.192  -0.071  -0.137  -0.642   1.674   0.918   0.243   1.116  -1.098   0.587  -1.021   1.007  -2.085   0.555  -0.242  -0.559   0.231   0.300  -0.396   0.750   0.326   0.329   0.512  -0.172
  1983   3.446  -1.224  -0.029   2.047   0.638  -0.756   0.906   0.124  -0.213   1.955  -1.029  -1.896   1.144  -1.185  -0.650  -0.754  -1.005   1.083  -0.181   0.040   0.602   0.014  -0.322  -0.073   0.110   0.116   0.265
  1984  -1.446  -1.721   1.101   3.060  -2.136  -0.765   0.257  -2.950  -0.898   1.827  -1.373   1.100  -0.375   1.458  -0.396   0.056   0.818  -0.095   0.283   0.439  -0.339   0.329   0.289  -0.104   0.021  -0.457  -0.103
  1985  -0.796   1.157   2.564   0.656   1.076  -0.549   0.271  -0.993   1.898   0.107  -0.850  -1.332  -1.598   0.856  -0.871  -0.955   0.789  -0.443  -0.942  -0.253   0.516   0.682   0.501  -0.038   0.194   0.027   0.014
  1986   2.730  -0.324   1.344   0.330   1.111   0.187  -0.338  -1.249  -1.057  -0.949  -0.041   0.627  -0.857   0.270   0.333  -1.519  -0.572  -0.366   0.023   0.912  -0.847   0.364  -0.619  -0.485  -0.420   0.026   0.026
  1987  -0.826  -1.141   0.280   0.525   1.531  -1.457  -0.211  -0.139  -0.873  -1.489  -1.107   0.421   2.087  -0.734  -0.023   1.290  -0.842  -0.499  -0.362  -0.466   0.105  -0.011   0.516   0.422   0.008   0.050  -0.099
  1988   2.096   1.544   0.829  -0.451   1.777  -1.250   0.716  -1.215   1.144   1.119   1.189  -0.758  -1.083  -0.830  -0.469   1.117   0.591   0.339  -0.051  -0.953  -0.168  -0.264   0.084   0.233   0.577  -0.313  -0.150
  1989   0.557   0.893   1.946   0.872   1.702   1.253  -0.731  -0.554  -1.080  -0.291  -0.773  -0.311  -0.536   0.264   0.412   0.156  -0.603   1.086  -1.354  -0.128  -0.855  -0.465   0.664  -0.152  -0.489  -0.246   0.167
  1990   0.378   0.874  -0.519  -1.271  -0.331  -0.743  -0.899   0.442   0.865  -1.140   1.726  -0.301   1.509   0.138  -0.178   0.554   0.638  -0.536  -1.226  -0.158  -0.547   0.926  -0.605  -0.321  -0.001  -0.054  -0.211
  1991  -5.115  -0.977  -1.196   0.958   1.595   1.528  -0.071  -0.550   0.626  -0.656  -0.168  -0.241  -0.870  -0.923  -1.420  -0.309  -0.971  -0.314  -0.510   0.439  -0.205   0.147   0.029  -0.179   0.158  -0.064  -0.336
  1992   0.213   1.788   0.669  -0.925   0.785   0.097  -0.215   0.392  -1.094  -0.985   0.492   0.125  -2.080  -1.334   0.394   0.246  -0.419   0.400   0.164   0.241   0.072   0.471  -0.088   0.424   0.044   0.085  -0.512
  1993   1.286  -1.502  -0.983  -1.674   1.700   0.665  -0.578  -0.365   0.264  -0.203  -0.287  -0.765   0.033   0.169   1.614   0.284   0.852   0.865  -0.162  -0.062  -0.665   0.084   0.190   0.273  -0.409  -0.207  -0.078
  1994  -0.764  -0.023  -0.572   0.222  -0.159   0.924  -0.323   1.238   0.659  -0.334  -0.579   0.111  -0.282  -1.206   0.121  -0.061  -0.540  -0.184  -0.079   1.140   0.232   0.014  -0.767  -0.226   0.461  -0.447   0.098
  1995   1.880   1.293  -0.040   0.486  -0.975  -0.301   0.306   0.161  -1.745  -0.217   0.999  -0.320   0.981   1.140  -0.987  -0.869   0.129  -0.159  -0.625  -0.709  -0.040  -0.830  -0.328  -0.852   0.112  -0.211  -0.092
  1996  -2.785   0.673  -0.760  -0.217  -0.896  -0.657   1.040  -0.572  -0.382   1.788  -0.412  -0.484  -1.176   0.459   0.724   0.664   0.538   0.963  -0.179   0.879   0.568  -0.001  -0.328   0.273   0.005   0.441  -0.046
  1997  -0.612  -2.117  -0.847   1.522   0.071   0.092   0.963   0.989   3.389  -1.519   0.294   0.600  -0.223   1.708   0.027   0.227   0.056   0.463   0.684   0.307  -0.940  -0.392  -0.611   0.465   0.005   0.229   0.024
  1998   0.363   2.497   0.225  -2.930  -1.396   1.409  -0.171  -0.479  -1.354   0.757  -0.527   0.464  -0.098   1.343  -0.561  -0.494  -1.297  -0.442  -0.689  -0.481  -0.004   0.192  -0.112   1.019   0.281   0.096   0.208
  1999  -4.091  -0.819   0.276   0.048  -1.264   1.144   1.827   1.089  -1.072   0.535  -0.218   0.405   0.251  -1.156   0.835   0.368  -0.017  -0.222   0.453  -0.315   0.061   0.238   0.450  -0.534   0.031   0.313   0.274
  2000   0.657  -0.642  -1.131   0.131  -0.358  -0.717  -0.060   0.079   0.807  -0.199   1.096   1.153   0.511   1.565  -0.469   0.444   0.413   1.243  -0.567   0.155   0.982   0.701   0.592  -0.241   0.015   0.196   0.057
