 eigenvalue  9.981   3.556   2.345   2.178   1.951   1.140   0.998   0.804   0.760   0.597   0.461   0.361   0.322   0.289   0.233   0.193   0.161   0.139   0.121   0.101   0.080   0.060   0.052   0.043   0.034   0.023   0.015
 eval sderr  1.977   0.704   0.464   0.431   0.386   0.226   0.198   0.159   0.151   0.118   0.091   0.071   0.064   0.057   0.046   0.038   0.032   0.028   0.024   0.020   0.016   0.012   0.010   0.009   0.007   0.005   0.003
 % variance  0.370   0.132   0.087   0.081   0.072   0.042   0.037   0.030   0.028   0.022   0.017   0.013   0.012   0.011   0.009   0.007   0.006   0.005   0.004   0.004   0.003   0.002   0.002   0.002   0.001   0.001   0.001
 cumulative  0.370   0.501   0.588   0.669   0.741   0.783   0.820   0.850   0.878   0.900   0.917   0.931   0.943   0.954   0.962   0.969   0.975   0.980   0.985   0.989   0.992   0.994   0.996   0.997   0.999   0.999   1.000
 brokn stck  3.891   2.891   2.391   2.058   1.808   1.608   1.441   1.299   1.174   1.062   0.962   0.872   0.788   0.711   0.640   0.573   0.511   0.452   0.396   0.344   0.294   0.246   0.201   0.157   0.115   0.075   0.037
 series_id   #  1       2       3       4       5       6       7       8       9      10      11      12      13      14      15      16      17      18      19      20      21      22      23      24      25      26      27
  111172     0.278   0.003   0.126   0.143   0.083   0.000  -0.103  -0.027  -0.075   0.115  -0.074  -0.214  -0.201   0.162  -0.114  -0.055   0.259  -0.202  -0.396  -0.291   0.470  -0.078  -0.001  -0.215   0.287   0.006  -0.101
  140764     0.258  -0.049   0.108  -0.155  -0.124   0.012   0.158   0.249   0.113  -0.068   0.097   0.194   0.240  -0.225  -0.213  -0.189   0.507  -0.184   0.064   0.187   0.161  -0.315   0.011   0.174  -0.184   0.053   0.132
  70444      0.253   0.021   0.039  -0.040  -0.334   0.010  -0.114   0.205   0.079  -0.067  -0.010  -0.039  -0.053   0.194  -0.025   0.070   0.125   0.532  -0.068  -0.369  -0.166  -0.089   0.052  -0.027  -0.325  -0.306  -0.171
  70308      0.277  -0.003  -0.107   0.147  -0.106  -0.152   0.087  -0.152  -0.057   0.175  -0.166  -0.163  -0.103  -0.044  -0.088  -0.216  -0.047  -0.011   0.134  -0.248  -0.248  -0.030   0.178   0.318  -0.070   0.612  -0.120
  50367      0.030   0.183   0.424   0.060   0.055   0.126  -0.502  -0.203  -0.264  -0.151  -0.144   0.263   0.142   0.032  -0.245   0.029   0.038   0.085   0.221   0.155   0.034   0.025   0.117   0.057   0.050   0.076  -0.312
  100942     0.249   0.125   0.038   0.061   0.279   0.001  -0.060   0.031  -0.186   0.026   0.032  -0.375   0.068  -0.365  -0.219   0.027  -0.234   0.177   0.027   0.095  -0.176  -0.354   0.199  -0.257   0.035  -0.139   0.306
  70083      0.106  -0.131  -0.020   0.288  -0.511   0.011   0.044   0.108  -0.169   0.097  -0.054   0.090   0.142   0.243  -0.308  -0.277  -0.369  -0.040  -0.058   0.231   0.113   0.165   0.001  -0.097   0.030  -0.088   0.248
  80402A     0.206  -0.189   0.112  -0.016  -0.023   0.216   0.078  -0.314   0.181   0.441  -0.420  -0.032   0.149  -0.240   0.248  -0.039   0.025   0.119   0.257   0.019   0.211   0.133  -0.094  -0.080  -0.092  -0.205   0.011
  111173     0.035  -0.281  -0.022   0.124   0.483   0.164  -0.146   0.288   0.142  -0.049   0.066   0.063   0.377   0.125   0.036  -0.123  -0.091   0.252  -0.118  -0.156   0.181   0.254   0.167   0.093  -0.113   0.230   0.158
  80230      0.255  -0.091   0.063   0.057  -0.015  -0.215  -0.079   0.375   0.056  -0.249   0.027  -0.219   0.136  -0.043   0.316  -0.143  -0.221  -0.320   0.371  -0.040   0.027   0.036  -0.004  -0.043   0.141  -0.168  -0.360
  152069    -0.069  -0.191   0.239   0.496  -0.009   0.005   0.071   0.238   0.126   0.114  -0.202   0.024  -0.093   0.060   0.258   0.200   0.187   0.065  -0.208   0.391  -0.284  -0.187   0.159  -0.037   0.097   0.087  -0.104
  52323      0.217   0.016  -0.127  -0.389  -0.058  -0.046  -0.027  -0.050  -0.002   0.102  -0.099   0.449   0.218  -0.057   0.218  -0.062  -0.202  -0.090  -0.389  -0.039  -0.190  -0.119   0.329  -0.178   0.214   0.016  -0.123
  151120     0.124  -0.303  -0.236   0.103  -0.049   0.302  -0.228  -0.129  -0.063   0.156   0.492   0.158  -0.262   0.120   0.129   0.014   0.131  -0.088   0.348  -0.008  -0.030  -0.118   0.276  -0.159   0.040  -0.011   0.073
  52462      0.029   0.421   0.108  -0.097   0.122   0.196   0.167   0.137   0.069   0.371   0.068  -0.033   0.136   0.526   0.083   0.096  -0.207  -0.050   0.175   0.030   0.099  -0.356  -0.035   0.160   0.002   0.033  -0.009
  62373      0.212   0.070   0.389  -0.008  -0.034  -0.076  -0.271  -0.151   0.068  -0.112   0.051   0.006  -0.171   0.060   0.324   0.044  -0.140  -0.317  -0.184  -0.031  -0.074   0.062  -0.022   0.140  -0.393   0.002   0.444
  101075     0.161   0.370  -0.015  -0.078  -0.046   0.150   0.019  -0.119   0.358  -0.031   0.186  -0.307   0.094   0.115  -0.037  -0.171   0.225  -0.003  -0.065   0.303  -0.193   0.447   0.188  -0.225   0.027   0.061  -0.073
  60023      0.106   0.139  -0.229   0.369  -0.098   0.079  -0.091  -0.180   0.571  -0.188   0.007   0.145   0.138  -0.151  -0.214   0.363  -0.192  -0.136  -0.019  -0.142   0.093  -0.140  -0.005   0.100   0.077  -0.035  -0.022
  141031     0.177   0.191  -0.363   0.090   0.207  -0.208   0.059   0.060  -0.187   0.042  -0.171   0.094  -0.214   0.030  -0.005   0.138   0.049  -0.038  -0.009   0.249   0.238   0.203   0.396   0.300  -0.227  -0.307  -0.059
  202324     0.239  -0.208  -0.077  -0.006   0.263  -0.071  -0.110  -0.221   0.104   0.002   0.041   0.011  -0.026   0.214  -0.112  -0.278   0.046   0.068  -0.104   0.145  -0.312  -0.078  -0.335   0.403   0.287  -0.334   0.003
  70198      0.212   0.104  -0.126   0.051  -0.122   0.414  -0.092   0.230  -0.354   0.177   0.165  -0.077   0.137  -0.276   0.091   0.293   0.020  -0.096  -0.212  -0.001  -0.128   0.230  -0.313   0.251   0.059   0.037  -0.095
  192108     0.278  -0.079  -0.208  -0.068   0.085  -0.024  -0.037  -0.081   0.013  -0.145   0.051   0.034  -0.152   0.050   0.068   0.018  -0.193   0.183  -0.106   0.397   0.211  -0.169  -0.389  -0.255  -0.318   0.317  -0.258
  162030     0.172  -0.060   0.309  -0.094   0.217   0.208   0.309   0.237   0.164   0.055   0.010   0.285  -0.471  -0.111  -0.340   0.018  -0.223  -0.087   0.064  -0.081  -0.138   0.227  -0.025  -0.083  -0.012  -0.032  -0.112
  70148      0.251  -0.051   0.150  -0.235  -0.178  -0.177   0.067   0.033   0.050  -0.135   0.075  -0.015  -0.120   0.015   0.108   0.337  -0.020   0.368   0.144   0.133   0.226   0.129   0.058   0.185   0.485   0.188   0.269
  101121     0.192  -0.191   0.115   0.068   0.129  -0.387   0.255  -0.206  -0.170   0.119   0.196   0.054   0.358   0.206  -0.162   0.432   0.119  -0.131   0.069  -0.078  -0.163   0.162  -0.073  -0.215  -0.135  -0.015  -0.051
  32032      0.122   0.075   0.085   0.226   0.033   0.334   0.535  -0.292  -0.253  -0.494   0.042   0.065   0.071   0.050   0.240  -0.135  -0.006   0.085  -0.037  -0.099   0.039  -0.064   0.085   0.044   0.030  -0.071  -0.017
  202010A   -0.024   0.316   0.149   0.323   0.026  -0.341   0.031  -0.024   0.027   0.279   0.447   0.277  -0.016  -0.285   0.177  -0.274  -0.030   0.254  -0.045  -0.060   0.128   0.051  -0.110   0.002   0.042  -0.043  -0.073
  42389      0.164   0.309  -0.244   0.157   0.121  -0.042  -0.082   0.186  -0.072  -0.098  -0.334   0.304  -0.043   0.113   0.105  -0.044   0.240  -0.001   0.247  -0.129  -0.184   0.079  -0.286  -0.304   0.124   0.092   0.340
