 % variance  0.370   0.145
 cumulative  0.370   0.515
 series_id   #  1       2
  111172     0.898   0.061
  140764     0.814  -0.044
  70444      0.802  -0.001
  70308      0.856   0.068
  50367      0.174   0.321
  100942     0.791   0.393
  70083      0.347  -0.502
  80402A     0.661  -0.319
  111173     0.073  -0.553
  80230      0.795  -0.251
  152069    -0.077  -0.602
  52323      0.571   0.195
  151120     0.389  -0.535
  52462      0.105   0.798
  62373      0.713   0.158
  101075     0.520   0.730
  60023      0.362   0.209
  141031     0.569   0.364
  202324     0.772  -0.272
  70198      0.655   0.241
  192108     0.855  -0.003
  162030     0.619  -0.012
  70148      0.773  -0.049
  101121     0.617  -0.328
  32032      0.437   0.185
  202010A   -0.072   0.504
  42389      0.511   0.589
