 % variance  0.413
 cumulative  0.413
 series_id   #  1
  50274      0.685
  80233      0.536
  100771     0.673
  151021     0.705
  110811     0.709
  121305     0.777
  60353      0.642
  60116      0.610
  80235      0.645
  70126      0.698
  70096      0.694
  80316      0.381
  80491      0.651
  70502      0.675
  70407      0.789
  70421      0.835
  60550A     0.718
  161576     0.675
  172202     0.437
  122060     0.745
  111314     0.477
  62281      0.517
  72396      0.630
  40649      0.644
  111252     0.463
  72140      0.640
  50499      0.670
  22336      0.676
  62372      0.806
  121026     0.795
  30343A     0.736
  190907A    0.364
  40617A     0.592
  82228A     0.522
  52287      0.583
  121434     0.261
