quru_drop_canopy.rwl -- no data title --                  1st itrdb line missing     
quru_drop_canopy.rwl -- no data title --                  2nd itrdb line missing     
quru_drop_canopy.rwl -- no data title --                  3rd itrdb line missing     
quru_d18779990  09990  09990  09990  09990  09990  09990  0   0  1   0  1   0  1  err
quru_d1880   0  1   0  1   0  1   0  1   0  1 249  2 680  4 670  4 403  4 407  4  err
quru_d1890 564  4 226  4 123  4 393  4 249  5 232  5 281  5  88  5 251  5 326  5  err
quru_d1900 201  5 210  5 401  6 302  7 351  9 475  9 525  9 451  9 427  9 373  9  err
quru_d1910 358 10 396 10 355 10 317 10 263 11 480 11 473 11 376 14 323 14 429 14  err
quru_d1920 335 14 387 14 411 17 378 18 444 18 350 19 330 21 281 24 294 24 299 25  err
quru_d1930 248 26 261 26 220 26 223 28 190 29 204 30 249 30 271 30 282 30 274 30  err
quru_d1940 251 30 246 30 216 33 211 35 225 35 242 35 224 36 209 36 254 36 257 36  err
quru_d1950 246 36 267 36 260 36 270 37 198 37 216 37 260 37 239 37 270 37 222 37  err
quru_d1960 248 39 234 40 212 40 201 41 198 42 187 43 165 43 206 43 229 43 221 43  err
quru_d1970 213 43 176 43 165 43 190 43 189 43 200 43 234 43 216 43 217 43 209 43  err
quru_d1980 185 43 180 43 182 43 191 43 214 43 201 43 218 43 187 43 185 43 198 43  err
quru_d1990 212 43 181 43 202 43 219 43 243 43 228 43 219 43 173 43 213 43 173 43  err
quru_d2000 208 43 249 43 207 43 233 43 236 43 223 43 213 43 208 43 217 43 263 43  err
quru_d2010 252  6 483  6 446  6 380  6 349  6 346  6 276  4   0  19990  09990  0  err
quru_drop_canopy.rwl -- no data title --                  1st itrdb line missing     
quru_drop_canopy.rwl -- no data title --                  2nd itrdb line missing     
quru_drop_canopy.rwl -- no data title --                  3rd itrdb line missing     
quru_d18779990  09990  09990  09990  09990  09990  09990  0   0  1   0  1   0  1  err
quru_d1880   0  1   0  1   0  1   0  1   0  1  82  2 229  4 253  4 168  4 194  4  err
quru_d1890 228  4  33  4 128  4 151  4  15  5  86  5  97  5  17  5  22  5 219  5  err
quru_d1900  66  5  56  5 156  6  57  7  94  9  71  9 125  9 117  9  88  9  83  9  err
quru_d1910  90 10 124 10  80 10  82 10  67 11 112 11 124 11  87 14  66 14  57 14  err
quru_d1920  45 14  62 14  70 17  76 18  87 18  53 19  64 21  49 24  47 24  52 25  err
quru_d1930  50 26  73 26  57 26  58 28  37 29  33 30  41 30  43 30  49 30  46 30  err
quru_d1940  43 30  34 30  43 33  34 35  31 35  42 35  35 36  41 36  47 36  48 36  err
quru_d1950  32 36  45 36  48 36  41 37  30 37  42 37  36 37  32 37  32 37  28 37  err
quru_d1960  33 39  30 40  29 40  24 41  21 42  19 43  21 43  25 43  27 43  29 43  err
quru_d1970  29 43  27 43  31 43  25 43  31 43  27 43  30 43  29 43  29 43  27 43  err
quru_d1980  33 43  30 43  35 43  28 43  31 43  30 43  22 43  18 43  22 43  23 43  err
quru_d1990  23 43  17 43  17 43  24 43  27 43  18 43  24 43  19 43  20 43  21 43  err
quru_d2000  21 43  25 43  25 43  23 43  23 43  22 43  21 43  21 43  23 43  27 43  err
quru_d2010 112  6 103  6  54  6  73  6  81  6 116  6 105  4   0  19990  09990  0  err
quru_drop_canopy.rwl -- no data title --                  1st itrdb line missing     
quru_drop_canopy.rwl -- no data title --                  2nd itrdb line missing     
quru_drop_canopy.rwl -- no data title --                  3rd itrdb line missing     
quru_d18779990  09990  09990  09990  09990  09990  09990  0   0  1   0  1   0  1  err
quru_d1880   0  1   0  1   0  1   0  1   0  1 179  2 141  4  80  4  67  4  40  4  err
quru_d1890  74  4  14  4  93  4  59  4  26  5  71  5  96  5  38  5  62  5  79  5  err
quru_d1900 104  5  49  5  85  6  47  7  44  9  53  9  57  9  44  9  47  9  38  9  err
quru_d1910  49 10  67 10  46 10  22 10  45 11  64 11  64 11  35 14  31 14  64 14  err
quru_d1920  27 14  74 14  40 17  28 18  58 18  33 19  38 21  29 24  31 24  33 25  err
quru_d1930  23 26  56 26  35 26  44 28  27 29  25 30  25 30  32 30  33 30  28 30  err
quru_d1940  35 30  25 30  32 33  21 35  20 35  29 35  29 36  31 36  29 36  30 36  err
quru_d1950  22 36  28 36  32 36  22 37  30 37  31 37  27 37  22 37  24 37  20 37  err
quru_d1960  24 39  26 40  22 40  18 41  18 42  13 43  17 43  20 43  25 43  21 43  err
quru_d1970  23 43  21 43  23 43  22 43  23 43  23 43  22 43  25 43  24 43  21 43  err
quru_d1980  41 43  20 43  23 43  15 43  20 43  22 43  23 43  20 43  18 43  19 43  err
quru_d1990  18 43  10 43  14 43  21 43  20 43  13 43  17 43  15 43  24 43  20 43  err
quru_d2000  19 43  23 43  21 43  19 43  20 43  18 43  14 43  19 43  21 43  25 43  err
quru_d2010  54  6  60  6  17  6  69  6  72  6  75  6  81  4   0  19990  09990  0  err
quru_drop_canopy.rwl -- no data title --                  1st itrdb line missing     
quru_drop_canopy.rwl -- no data title --                  2nd itrdb line missing     
quru_drop_canopy.rwl -- no data title --                  3rd itrdb line missing     
quru_d18779990  09990  09990  09990  09990  09990  09990  0   0  1   0  1   0  1  err
quru_d1880   0  1   0  1   0  1   0  1   0  1 161  2 127  4  72  4  60  4  36  4  err
quru_d1890  67  4  13  4  84  4  53  4  24  5  64  5  87  5  34  5  56  5  71  5  err
quru_d1900  94  5  44  5  76  6  42  7  39  9  48  9  51  9  40  9  42  9  34  9  err
quru_d1910  44 10  61 10  41 10  20 10  41 11  58 11  58 11  31 14  28 14  58 14  err
quru_d1920  24 14  66 14  36 17  25 18  53 18  30 19  34 21  26 24  28 24  30 25  err
quru_d1930  21 26  50 26  32 26  39 28  24 29  23 30  23 30  29 30  29 30  25 30  err
quru_d1940  32 30  22 30  29 33  19 35  18 35  26 35  26 36  28 36  26 36  27 36  err
quru_d1950  20 36  25 36  29 36  20 37  27 37  28 37  24 37  20 37  21 37  18 37  err
quru_d1960  21 39  24 40  20 40  17 41  17 42  12 43  15 43  18 43  22 43  19 43  err
quru_d1970  21 43  19 43  21 43  20 43  21 43  21 43  20 43  23 43  22 43  19 43  err
quru_d1980  37 43  18 43  20 43  13 43  18 43  20 43  21 43  18 43  16 43  17 43  err
quru_d1990  16 43   9 43  13 43  19 43  18 43  12 43  16 43  14 43  22 43  18 43  err
quru_d2000  17 43  21 43  19 43  17 43  18 43  16 43  13 43  17 43  19 43  22 43  err
quru_d2010  49  6  54  6  15  6  62  6  65  6  68  6  73  4   0  19990  09990  0  err
