 eigenvalue 14.868   2.116   1.897   1.693   1.601   1.353   1.230   1.168   0.979   0.899   0.835   0.750   0.714   0.672   0.602   0.539   0.505   0.426   0.411   0.398   0.334   0.269   0.257   0.237   0.217   0.201   0.179   0.127   0.115   0.100   0.085   0.066   0.062   0.044   0.035   0.015
 eval sderr  2.944   0.419   0.376   0.335   0.317   0.268   0.244   0.231   0.194   0.178   0.165   0.149   0.141   0.133   0.119   0.107   0.100   0.084   0.081   0.079   0.066   0.053   0.051   0.047   0.043   0.040   0.035   0.025   0.023   0.020   0.017   0.013   0.012   0.009   0.007   0.003
 % variance  0.413   0.059   0.053   0.047   0.044   0.038   0.034   0.032   0.027   0.025   0.023   0.021   0.020   0.019   0.017   0.015   0.014   0.012   0.011   0.011   0.009   0.007   0.007   0.007   0.006   0.006   0.005   0.004   0.003   0.003   0.002   0.002   0.002   0.001   0.001   0.000
 cumulative  0.413   0.472   0.524   0.572   0.616   0.654   0.688   0.720   0.747   0.772   0.796   0.816   0.836   0.855   0.872   0.887   0.901   0.912   0.924   0.935   0.944   0.952   0.959   0.965   0.971   0.977   0.982   0.986   0.989   0.991   0.994   0.996   0.997   0.999   1.000   1.000
 brokn stck  4.175   3.175   2.675   2.341   2.091   1.891   1.725   1.582   1.457   1.346   1.246   1.155   1.071   0.994   0.923   0.856   0.794   0.735   0.679   0.627   0.577   0.529   0.484   0.440   0.399   0.359   0.320   0.283   0.247   0.213   0.180   0.147   0.116   0.086   0.056   0.028
 series_id   #  1       2       3       4       5       6       7       8       9      10      11      12      13      14      15      16      17      18      19      20      21      22      23      24      25      26      27      28      29      30      31      32      33      34      35      36
  50274      0.178  -0.179  -0.089  -0.112  -0.087  -0.171   0.237  -0.136   0.073  -0.089   0.026  -0.198  -0.039   0.195   0.230   0.110   0.061   0.351   0.018  -0.048   0.468  -0.252   0.070  -0.112  -0.184  -0.143  -0.102  -0.176   0.022   0.025  -0.315  -0.040   0.103   0.062  -0.041   0.061
  80233      0.139  -0.068   0.090   0.309   0.159  -0.219  -0.239  -0.124  -0.060  -0.017   0.433  -0.245   0.044  -0.129   0.032  -0.104   0.032  -0.062   0.349   0.185   0.164  -0.043  -0.042  -0.046   0.136   0.268  -0.023   0.018  -0.229   0.238  -0.060   0.030  -0.132  -0.017   0.155  -0.071
  100771     0.175   0.320   0.015   0.039   0.058   0.066  -0.209  -0.009  -0.049   0.150  -0.109  -0.030  -0.310  -0.196   0.137   0.086   0.116  -0.231  -0.159   0.036   0.267   0.108  -0.059   0.268  -0.069  -0.173  -0.199  -0.119  -0.279   0.036  -0.093  -0.191   0.003  -0.223  -0.317   0.013
  151021     0.183   0.044  -0.091   0.187  -0.139   0.143   0.314  -0.021  -0.099   0.163   0.164  -0.211   0.086   0.080  -0.113   0.245  -0.025  -0.033   0.101  -0.249  -0.032   0.195  -0.214   0.133   0.164   0.050   0.329   0.154   0.079  -0.234  -0.312  -0.190  -0.129  -0.187  -0.061  -0.034
  110811     0.184   0.270  -0.042   0.000   0.049   0.183  -0.171  -0.208  -0.158  -0.088  -0.039  -0.124  -0.160  -0.072  -0.207   0.270   0.156   0.015  -0.038  -0.147   0.003  -0.030  -0.107  -0.185   0.073  -0.151  -0.275  -0.008   0.195  -0.085   0.006   0.063  -0.209   0.347   0.412   0.067
  121305     0.201  -0.096  -0.003  -0.153   0.070  -0.043  -0.056   0.078  -0.371  -0.047  -0.058  -0.136   0.048  -0.067  -0.165  -0.005  -0.184  -0.064   0.275  -0.167   0.216   0.014   0.118   0.073   0.093  -0.360   0.220  -0.015  -0.086  -0.063   0.364   0.023   0.401  -0.040   0.094  -0.073
  60353      0.166  -0.285  -0.195  -0.123   0.022   0.198  -0.117   0.016   0.260  -0.114   0.185   0.016   0.179  -0.099  -0.002  -0.007   0.054  -0.197  -0.177   0.031   0.268  -0.101  -0.236   0.122  -0.118  -0.047   0.132   0.179   0.238   0.158   0.316  -0.254  -0.177   0.016  -0.012   0.240
  60116      0.158   0.125  -0.074   0.308  -0.371   0.111   0.010  -0.046  -0.032  -0.151   0.122  -0.123  -0.079   0.087   0.111  -0.176  -0.223   0.021  -0.201  -0.065  -0.032   0.051  -0.030  -0.110   0.229   0.143  -0.181  -0.308   0.324   0.157   0.251  -0.041   0.237  -0.121  -0.107  -0.085
  80235      0.167   0.018   0.146   0.301   0.033  -0.135   0.050   0.335   0.215  -0.047   0.028  -0.116   0.066  -0.037  -0.121   0.307  -0.082   0.015  -0.242  -0.096  -0.067  -0.227  -0.068  -0.277  -0.316   0.005  -0.066   0.081  -0.264  -0.193   0.245   0.011   0.012  -0.130   0.033  -0.203
  70126      0.181   0.156   0.224   0.134  -0.035  -0.176  -0.082  -0.122   0.098  -0.160  -0.085   0.268   0.089  -0.220   0.079  -0.006   0.136   0.065   0.181  -0.236  -0.180  -0.194   0.255  -0.046  -0.016  -0.205   0.320  -0.182   0.191   0.148  -0.018  -0.280  -0.236  -0.009  -0.119  -0.108
  70096      0.180   0.094   0.126   0.027  -0.294  -0.001   0.053  -0.057   0.076  -0.095  -0.060  -0.011   0.257   0.132   0.094  -0.084   0.494  -0.414   0.049   0.106  -0.015   0.025   0.065  -0.280   0.107  -0.058   0.023   0.148  -0.132  -0.119  -0.039   0.131   0.256   0.030  -0.052   0.251
  80316      0.099  -0.236   0.118   0.386   0.119   0.182   0.335  -0.133  -0.104   0.006  -0.114  -0.182  -0.124   0.036  -0.211  -0.285   0.089   0.062  -0.142   0.314  -0.063   0.130   0.245   0.060  -0.130  -0.314   0.004   0.007  -0.025   0.044   0.087   0.002  -0.220   0.010  -0.004   0.075
  80491      0.169  -0.206   0.301  -0.134  -0.068   0.015  -0.164   0.206  -0.100   0.246   0.009   0.040   0.032   0.091  -0.266  -0.178   0.063   0.023  -0.094   0.188   0.012  -0.089  -0.178  -0.085   0.132   0.055  -0.053  -0.147   0.049  -0.144  -0.159  -0.388   0.079   0.363  -0.149  -0.251
  70502      0.175   0.108   0.217   0.045  -0.242  -0.144  -0.088  -0.094   0.125   0.234  -0.269   0.163   0.099  -0.029  -0.032  -0.005  -0.219   0.012   0.008   0.368   0.243  -0.055  -0.142   0.144  -0.030  -0.042   0.091   0.041   0.258  -0.102  -0.064   0.240  -0.057  -0.267   0.340  -0.057
  70407      0.205  -0.073  -0.075  -0.243  -0.223   0.005   0.182  -0.037  -0.065  -0.078   0.045   0.008   0.044  -0.126  -0.006   0.210  -0.150  -0.133   0.164   0.198  -0.111   0.023  -0.133  -0.048   0.000  -0.122  -0.094  -0.025  -0.050   0.162   0.068   0.390  -0.304   0.174  -0.422  -0.284
  70421      0.217  -0.115  -0.001   0.053   0.018  -0.049  -0.019  -0.083   0.027   0.037   0.309   0.127  -0.079  -0.142   0.121  -0.153  -0.091  -0.107  -0.228  -0.137  -0.202  -0.114  -0.087   0.284  -0.107  -0.035   0.189  -0.350  -0.129  -0.309  -0.106   0.327   0.085   0.239   0.089   0.206
  60550A     0.186  -0.084  -0.081   0.174  -0.125   0.123  -0.062   0.090  -0.215  -0.244  -0.080   0.255   0.071  -0.008   0.318   0.131  -0.110   0.211   0.064   0.213  -0.267   0.120  -0.232   0.099  -0.129  -0.127  -0.057   0.208  -0.200   0.177  -0.145  -0.231   0.205   0.116   0.201   0.038
  161576     0.175  -0.144  -0.036  -0.178  -0.167  -0.110   0.155   0.019   0.160   0.300  -0.180  -0.282   0.018  -0.077   0.160  -0.103   0.250   0.025   0.047  -0.213  -0.294  -0.117   0.021   0.348   0.092   0.060  -0.252   0.042  -0.088   0.164   0.174  -0.070  -0.026  -0.033   0.272  -0.164
  172202     0.113  -0.300   0.053   0.091   0.335  -0.193   0.289  -0.109  -0.010  -0.018  -0.178   0.357   0.011  -0.098  -0.160   0.175   0.084  -0.191  -0.147  -0.171   0.083   0.170  -0.206  -0.099   0.210   0.104  -0.130  -0.165   0.035   0.278  -0.090   0.061   0.166  -0.106   0.070  -0.017
  122060     0.193  -0.210  -0.016   0.041   0.110  -0.073  -0.197   0.116   0.187   0.129   0.005  -0.108  -0.092  -0.049   0.109  -0.033  -0.220  -0.255   0.197  -0.133  -0.124   0.340   0.251  -0.132  -0.295  -0.062  -0.223   0.160   0.368  -0.063  -0.239   0.015   0.107   0.048  -0.049   0.006
  111314     0.124  -0.175   0.360   0.002   0.049   0.166  -0.148   0.343  -0.111  -0.093  -0.013   0.070  -0.229   0.424   0.075   0.084   0.141   0.083   0.234  -0.144  -0.042  -0.077  -0.120   0.121   0.043   0.041  -0.062  -0.093   0.092   0.048   0.079   0.221  -0.203  -0.223  -0.077   0.256
  62281      0.134   0.223   0.081  -0.146   0.270   0.187   0.140  -0.277   0.318  -0.065   0.214   0.018  -0.065   0.124  -0.253   0.081   0.045   0.071   0.270   0.230  -0.242  -0.135  -0.096   0.150  -0.149   0.010  -0.089  -0.046   0.097  -0.005   0.045  -0.072   0.377  -0.135  -0.077  -0.047
  72396      0.163   0.033  -0.268   0.197   0.192  -0.045  -0.073   0.165   0.146  -0.165  -0.159   0.058   0.308   0.183  -0.032   0.210  -0.041  -0.002   0.022   0.158   0.071  -0.040   0.355   0.366   0.331   0.099  -0.167  -0.085   0.012  -0.222   0.004   0.003  -0.062   0.175  -0.088  -0.008
  40649      0.167   0.080  -0.128  -0.219  -0.204  -0.267  -0.088   0.088  -0.028   0.015   0.145  -0.003  -0.159   0.297  -0.300   0.220   0.022  -0.063  -0.214   0.141  -0.113   0.232   0.288   0.032  -0.145   0.104   0.240  -0.138  -0.095   0.334  -0.026  -0.080  -0.033  -0.020   0.172   0.107
  111252     0.120   0.233  -0.138  -0.011  -0.002   0.074   0.315   0.196  -0.135   0.269   0.360   0.488   0.067   0.128   0.045  -0.215  -0.001  -0.067   0.133  -0.079   0.180  -0.027   0.153  -0.072  -0.109  -0.062  -0.257   0.039  -0.030  -0.021   0.102  -0.071  -0.143  -0.012   0.160  -0.070
  72140      0.166   0.203  -0.112   0.097   0.167   0.193  -0.164   0.185   0.009   0.278  -0.041  -0.063   0.341  -0.057  -0.088  -0.116   0.205   0.360  -0.117  -0.119   0.041   0.102  -0.054  -0.020  -0.116  -0.010   0.150   0.017   0.068   0.344  -0.096   0.351   0.146   0.081  -0.151  -0.029
  50499      0.174  -0.112   0.123  -0.135   0.107  -0.007  -0.039  -0.236  -0.230   0.360   0.117   0.043   0.106  -0.158   0.224   0.291  -0.031   0.263  -0.145   0.156  -0.142   0.023   0.225  -0.197   0.132   0.146  -0.055   0.068   0.047  -0.149   0.235  -0.069  -0.001  -0.140  -0.153   0.294
  22336      0.175  -0.036  -0.156  -0.160   0.050   0.204  -0.036   0.172   0.438   0.022  -0.017   0.021  -0.181  -0.101   0.006  -0.140  -0.168   0.155   0.054   0.060  -0.058   0.079   0.013  -0.343   0.440  -0.222   0.097  -0.094  -0.267  -0.012  -0.109  -0.008  -0.089  -0.154   0.129   0.092
  62372      0.209   0.016  -0.005   0.035  -0.138   0.120   0.069  -0.014  -0.067  -0.027  -0.170   0.095  -0.245  -0.170  -0.274  -0.111  -0.227  -0.021   0.004  -0.134   0.044  -0.423   0.198   0.040   0.036   0.331  -0.011   0.393  -0.084   0.148  -0.161   0.048   0.087   0.081  -0.131   0.227
  121026     0.206  -0.054  -0.082  -0.044  -0.124   0.021   0.007  -0.070   0.080  -0.187  -0.172   0.134  -0.144  -0.168  -0.082  -0.136   0.215   0.273   0.197  -0.047   0.173   0.415  -0.028  -0.013  -0.219   0.424   0.055  -0.076  -0.101  -0.301   0.223  -0.007  -0.052   0.041  -0.026  -0.069
  30343A     0.191  -0.035  -0.036  -0.121   0.115  -0.215  -0.186  -0.195  -0.058  -0.232   0.169   0.107  -0.110   0.216   0.016  -0.220   0.118   0.142  -0.330  -0.099  -0.043   0.032   0.002   0.053   0.161  -0.133  -0.031   0.456   0.038  -0.134  -0.051   0.121  -0.036  -0.194  -0.076  -0.343
  190907A    0.094   0.002   0.356  -0.206   0.106   0.483   0.015  -0.177   0.014  -0.135  -0.044  -0.063   0.224   0.127   0.204   0.022  -0.202  -0.165  -0.172  -0.123   0.117   0.087   0.239   0.005  -0.079   0.212   0.075  -0.069  -0.183   0.090  -0.089   0.000  -0.065   0.006   0.179  -0.273
  40617A     0.153   0.137  -0.079  -0.270   0.150  -0.124   0.076   0.174  -0.283  -0.293  -0.088  -0.195   0.313  -0.168  -0.109  -0.277  -0.069  -0.033  -0.055   0.069  -0.165  -0.064  -0.098  -0.063  -0.127   0.094  -0.175  -0.177   0.067  -0.089  -0.198  -0.084  -0.157  -0.332   0.031   0.192
  82228A     0.135   0.308   0.181  -0.019   0.190  -0.313   0.140  -0.118   0.126   0.057  -0.167  -0.102   0.047   0.300   0.115  -0.177  -0.323   0.018   0.011  -0.117   0.011   0.175  -0.252  -0.016   0.030   0.001   0.038   0.124  -0.112   0.069   0.201  -0.100  -0.112   0.320  -0.116   0.257
  52287      0.151   0.132  -0.176  -0.031   0.317   0.005   0.187   0.221  -0.130   0.018  -0.138  -0.095  -0.333   0.008   0.368  -0.003   0.141  -0.173  -0.034   0.261  -0.021  -0.168  -0.023  -0.127   0.016   0.202   0.359   0.024   0.238  -0.016   0.055   0.022   0.045   0.100   0.077  -0.196
  121434     0.068  -0.155  -0.418   0.121   0.043   0.085  -0.267  -0.343  -0.103   0.230  -0.269   0.078   0.063   0.364  -0.037  -0.083  -0.060  -0.148   0.120  -0.070  -0.135  -0.220  -0.109  -0.201  -0.177   0.040   0.051  -0.161  -0.164  -0.046   0.035  -0.042  -0.101  -0.142  -0.055  -0.077
