 % variance  0.343   0.207   0.145
 cumulative  0.343   0.550   0.694
 series_id   #  1       2       3
  50274      0.176   0.788  -0.271
  80233      0.759  -0.126   0.256
  100771    -0.200  -0.011   0.813
  151021    -0.010   0.863   0.242
  110811     0.353  -0.602   0.660
  121305     0.765  -0.271   0.477
  60353      0.885  -0.020  -0.188
  60116      0.194   0.163   0.761
  80235      0.683   0.227   0.145
  70126      0.669  -0.195   0.466
  70096      0.872  -0.082   0.205
  80316      0.887  -0.082   0.116
  80491      0.696   0.147   0.021
  70502      0.796  -0.146   0.361
  70407      0.229   0.789   0.157
  70421      0.908  -0.095   0.231
  60550A     0.404   0.301   0.639
  161576     0.768   0.346  -0.018
  172202     0.702  -0.366   0.063
  122060     0.775   0.432  -0.193
  111314     0.204  -0.067   0.150
  62281      0.357  -0.682   0.419
  72396      0.419   0.745   0.020
  40649     -0.374   0.797  -0.109
  111252     0.090   0.365   0.143
  72140      0.025  -0.099   0.830
  50499      0.671  -0.601   0.276
  22336      0.772  -0.244   0.195
  62372      0.267   0.607   0.582
  121026     0.906   0.044   0.163
  30343A     0.765  -0.144   0.033
  190907A    0.172  -0.809   0.320
  40617A     0.103  -0.043   0.751
  82228A    -0.408   0.654  -0.079
  52287     -0.261   0.754   0.089
  121434     0.759   0.142  -0.206
