 eigenvalue 13.669   7.207   4.125   1.664   1.584   1.306   0.860   0.824   0.600   0.539   0.447   0.421   0.341   0.325   0.278   0.256   0.254   0.197   0.165   0.144   0.121   0.110   0.088   0.078   0.064   0.059   0.052   0.045   0.040   0.034   0.026   0.024   0.022   0.014   0.009   0.007
 eval sderr  2.707   1.427   0.817   0.329   0.314   0.259   0.170   0.163   0.119   0.107   0.089   0.083   0.068   0.064   0.055   0.051   0.050   0.039   0.033   0.029   0.024   0.022   0.018   0.015   0.013   0.012   0.010   0.009   0.008   0.007   0.005   0.005   0.004   0.003   0.002   0.001
 % variance  0.380   0.200   0.115   0.046   0.044   0.036   0.024   0.023   0.017   0.015   0.012   0.012   0.009   0.009   0.008   0.007   0.007   0.005   0.005   0.004   0.003   0.003   0.002   0.002   0.002   0.002   0.001   0.001   0.001   0.001   0.001   0.001   0.001   0.000   0.000   0.000
 cumulative  0.380   0.580   0.694   0.741   0.785   0.821   0.845   0.868   0.884   0.899   0.912   0.923   0.933   0.942   0.950   0.957   0.964   0.969   0.974   0.978   0.981   0.984   0.987   0.989   0.991   0.992   0.994   0.995   0.996   0.997   0.998   0.999   0.999   1.000   1.000   1.000
 brokn stck  4.175   3.175   2.675   2.341   2.091   1.891   1.725   1.582   1.457   1.346   1.246   1.155   1.071   0.994   0.923   0.856   0.794   0.735   0.679   0.627   0.577   0.529   0.484   0.440   0.399   0.359   0.320   0.283   0.247   0.213   0.180   0.147   0.116   0.086   0.056   0.028
 series_id   #  1       2       3       4       5       6       7       8       9      10      11      12      13      14      15      16      17      18      19      20      21      22      23      24      25      26      27      28      29      30      31      32      33      34      35      36
  50274     -0.028   0.308  -0.087  -0.045   0.268  -0.123   0.030  -0.173  -0.032   0.024   0.015  -0.071   0.347   0.277   0.113  -0.121  -0.170   0.117  -0.071   0.135   0.003   0.131   0.254   0.160  -0.319   0.009  -0.172   0.157  -0.008   0.006   0.168   0.357  -0.126   0.100   0.169  -0.078
  80233      0.219   0.021  -0.005  -0.160   0.001  -0.193  -0.275  -0.093   0.057  -0.043  -0.166   0.118  -0.097  -0.379   0.519  -0.167  -0.131   0.136  -0.013  -0.041   0.112   0.210   0.037  -0.289  -0.128  -0.087  -0.014  -0.170  -0.135  -0.114   0.143  -0.086  -0.009  -0.082  -0.002  -0.095
  100771     0.024  -0.049   0.405  -0.006   0.169  -0.168  -0.229   0.152  -0.134   0.235   0.348   0.014   0.040  -0.238  -0.139   0.039  -0.022  -0.234  -0.197  -0.184   0.060  -0.045   0.081  -0.136  -0.015   0.174  -0.070  -0.005   0.010   0.353   0.221   0.216  -0.051  -0.049  -0.084   0.044
  151021    -0.032   0.300   0.184  -0.131   0.001   0.233  -0.019   0.026   0.015   0.012  -0.050   0.218   0.215   0.151   0.265  -0.066   0.069  -0.117  -0.119   0.080  -0.063  -0.104  -0.185  -0.007   0.213  -0.100   0.035  -0.312   0.465   0.038   0.137   0.088   0.342  -0.062   0.035   0.036
  110811     0.183  -0.202   0.204  -0.063   0.034   0.000  -0.039   0.083   0.042   0.080   0.108   0.071   0.234   0.077  -0.058   0.026  -0.092   0.106  -0.174  -0.089  -0.049  -0.046  -0.070   0.192   0.046   0.199  -0.158  -0.218  -0.119  -0.176  -0.107  -0.335  -0.024   0.009   0.563  -0.276
  121305     0.249  -0.037   0.084   0.029  -0.076  -0.101   0.023   0.041   0.015   0.005  -0.126   0.253  -0.068   0.023   0.050  -0.058  -0.039  -0.043  -0.205   0.157  -0.223   0.117   0.262  -0.062   0.161   0.354   0.174   0.242   0.402  -0.153  -0.258   0.063  -0.329  -0.059  -0.075  -0.002
  60353      0.203   0.085  -0.220   0.115  -0.072  -0.049   0.257   0.094   0.000   0.076   0.110  -0.177   0.246  -0.219  -0.040  -0.085   0.063  -0.022  -0.047   0.243  -0.085   0.037   0.083  -0.079   0.034  -0.007   0.333  -0.125  -0.168   0.130   0.013   0.044   0.058  -0.460   0.284   0.289
  60116      0.107   0.053   0.336  -0.053  -0.200   0.201  -0.065  -0.210  -0.384   0.243  -0.201  -0.125   0.021   0.072   0.069  -0.219   0.205  -0.032   0.007   0.077   0.287  -0.204  -0.082   0.146  -0.138  -0.068   0.097  -0.050  -0.155  -0.052  -0.224   0.083  -0.284  -0.127  -0.062   0.006
  80235      0.169   0.143  -0.016   0.038  -0.287   0.285  -0.271   0.023   0.303  -0.178   0.125   0.012   0.284  -0.093  -0.191   0.070   0.055   0.114   0.175  -0.175   0.166  -0.062   0.432   0.131   0.000   0.027   0.163  -0.149   0.019  -0.048   0.095   0.031  -0.064   0.010  -0.194  -0.159
  70126      0.220  -0.019   0.100  -0.152   0.132  -0.097  -0.133  -0.329   0.000  -0.192   0.157  -0.190  -0.146  -0.059   0.010   0.064  -0.106   0.212   0.176  -0.233  -0.304  -0.050  -0.235   0.379   0.057  -0.131   0.144   0.103   0.217   0.100   0.040   0.061  -0.088  -0.281   0.023   0.041
  70096      0.240   0.050  -0.042  -0.152  -0.011   0.101  -0.042  -0.119   0.004   0.111   0.150  -0.076  -0.167  -0.040  -0.322  -0.300   0.017   0.275  -0.115   0.277  -0.094   0.020  -0.215  -0.070   0.067   0.187   0.114  -0.132  -0.054  -0.162   0.299   0.056   0.027   0.426  -0.078   0.137
  80316      0.235   0.054  -0.085  -0.117  -0.143   0.062  -0.084   0.034  -0.112  -0.057  -0.028   0.334   0.117   0.039  -0.026  -0.118   0.350  -0.039   0.116   0.026  -0.118   0.135  -0.071   0.169  -0.026   0.162  -0.403   0.351  -0.180   0.132   0.192  -0.193   0.148  -0.195  -0.105   0.137
  80491      0.166   0.120  -0.082   0.422   0.107   0.142  -0.009  -0.151   0.240   0.089  -0.190   0.263  -0.042  -0.122  -0.211   0.076  -0.040  -0.145  -0.128   0.084   0.050   0.173  -0.315   0.055   0.105  -0.250  -0.112  -0.068  -0.051   0.169   0.091   0.109  -0.327  -0.045   0.044  -0.219
  70502      0.239   0.014   0.036  -0.067   0.163   0.046  -0.194  -0.219   0.010   0.011   0.025  -0.065  -0.171  -0.022  -0.234   0.214  -0.029  -0.263  -0.075   0.227   0.326   0.206   0.085   0.031  -0.159  -0.043   0.062   0.173   0.111  -0.185  -0.183  -0.007   0.492  -0.092   0.098  -0.049
  70407      0.024   0.300   0.103   0.069  -0.120  -0.121   0.369  -0.225   0.133  -0.067   0.229   0.010  -0.060   0.020   0.142  -0.006  -0.295   0.011  -0.226   0.023   0.197  -0.001  -0.063   0.189   0.004   0.265  -0.041  -0.082  -0.145   0.170  -0.126  -0.277   0.092  -0.046  -0.360  -0.036
  70421      0.252   0.047  -0.036   0.031   0.009  -0.065   0.185  -0.044  -0.107  -0.009  -0.027  -0.023   0.138  -0.189   0.126  -0.098   0.058  -0.282   0.141  -0.061   0.020  -0.169   0.027   0.040  -0.078  -0.135   0.285   0.269   0.151   0.262   0.098  -0.304   0.010   0.491   0.153  -0.156
  60550A     0.140   0.127   0.260   0.147  -0.238   0.041   0.040   0.013  -0.180  -0.481   0.016  -0.143   0.002   0.058  -0.070  -0.089  -0.316  -0.116   0.112   0.062  -0.023  -0.127  -0.047  -0.332   0.265  -0.038  -0.190   0.200  -0.150  -0.107   0.078   0.175   0.048  -0.029   0.158  -0.098
  161576     0.168   0.200  -0.094  -0.061   0.088   0.178   0.055  -0.107   0.233   0.372   0.289   0.071  -0.181   0.227   0.045  -0.047   0.009  -0.069   0.134  -0.149  -0.233  -0.320   0.052  -0.410  -0.147  -0.083  -0.057   0.116  -0.077  -0.099  -0.101  -0.064  -0.023  -0.158   0.000  -0.150
  172202     0.202  -0.064  -0.105  -0.003   0.248   0.013   0.263  -0.030  -0.073  -0.372   0.235   0.040  -0.028   0.003   0.199   0.250   0.500  -0.029  -0.142  -0.098   0.198  -0.102  -0.110  -0.076  -0.021   0.137   0.014  -0.099  -0.049  -0.209   0.051   0.235  -0.133   0.035  -0.023  -0.091
  122060     0.149   0.237  -0.169   0.117   0.009  -0.115  -0.127   0.145  -0.062   0.145  -0.011   0.041  -0.267  -0.197   0.179   0.054  -0.023  -0.131   0.142   0.032  -0.128  -0.249   0.164   0.382   0.237   0.073  -0.187  -0.160  -0.187  -0.062  -0.218   0.287   0.139   0.209   0.092   0.070
  111314     0.068  -0.009   0.034   0.652   0.193   0.175  -0.273   0.094  -0.080  -0.084  -0.015   0.038   0.003   0.114   0.165  -0.091  -0.034   0.292  -0.075  -0.125  -0.001  -0.112  -0.105  -0.041  -0.231   0.183   0.159   0.111   0.008   0.040  -0.072  -0.074   0.203   0.035   0.007   0.205
  62281      0.167  -0.222   0.085  -0.189   0.027   0.092   0.152   0.009   0.121   0.173  -0.112   0.153   0.317  -0.121   0.066   0.215  -0.126   0.369  -0.049  -0.009   0.052  -0.091  -0.117  -0.081   0.173  -0.106   0.050   0.279  -0.188   0.140  -0.244   0.313   0.217   0.125  -0.134  -0.015
  72396      0.061   0.307   0.008  -0.100  -0.119  -0.152  -0.136   0.267   0.083  -0.108  -0.074  -0.204  -0.116  -0.091  -0.084   0.236   0.177   0.329  -0.274   0.251   0.050  -0.275  -0.030  -0.093  -0.165  -0.163  -0.227   0.085   0.194   0.212  -0.106  -0.156  -0.113   0.002   0.077  -0.017
  40649     -0.150   0.252   0.070   0.137  -0.005  -0.164   0.013  -0.139   0.072   0.231  -0.157  -0.210   0.028  -0.062  -0.005   0.001   0.247   0.099  -0.285  -0.327   0.056   0.025   0.091   0.025   0.401  -0.051   0.066   0.304  -0.067  -0.317   0.228  -0.097   0.098  -0.041   0.051  -0.008
  111252     0.013   0.135   0.082  -0.226   0.392   0.454   0.226   0.297   0.079  -0.154  -0.280  -0.157  -0.191  -0.209  -0.093  -0.281  -0.062  -0.019  -0.108  -0.210  -0.029   0.070   0.112   0.085  -0.048   0.096  -0.031   0.047  -0.060   0.079  -0.062  -0.007   0.010  -0.082   0.004  -0.054
  72140      0.087  -0.059   0.372   0.069  -0.033  -0.018  -0.056   0.234   0.455   0.005   0.060  -0.341   0.075   0.115   0.255   0.015   0.174  -0.230   0.046   0.205  -0.237   0.234  -0.143   0.114  -0.098  -0.088   0.029   0.069  -0.169  -0.114  -0.032   0.027  -0.027   0.123  -0.141   0.053
  50499      0.227  -0.158  -0.021  -0.047   0.172   0.041  -0.005  -0.032   0.082  -0.071   0.027   0.047   0.092   0.115   0.005  -0.017  -0.193  -0.135  -0.188  -0.077   0.155  -0.169   0.181   0.034   0.112  -0.350  -0.203  -0.039   0.016  -0.141   0.025  -0.193  -0.193   0.079  -0.073   0.620
  22336      0.224  -0.018  -0.045   0.096  -0.060   0.128   0.220   0.273  -0.105   0.330  -0.024  -0.225  -0.029  -0.027   0.129   0.256  -0.213   0.100   0.315  -0.015   0.263   0.104  -0.118   0.043  -0.013   0.159  -0.186   0.045   0.306  -0.170   0.296  -0.020  -0.086  -0.085  -0.046   0.019
  62372      0.083   0.225   0.279   0.038   0.053   0.068   0.154  -0.147  -0.278   0.011  -0.210   0.079   0.020  -0.036  -0.110   0.497   0.021   0.064   0.067  -0.059  -0.396   0.183   0.187  -0.128  -0.158  -0.034   0.034  -0.232  -0.151  -0.045   0.044  -0.138   0.013   0.130  -0.058   0.144
  121026     0.237   0.099  -0.056  -0.009   0.034  -0.054  -0.054   0.081  -0.123   0.038   0.115  -0.152  -0.089   0.373   0.020  -0.099   0.147   0.149   0.096  -0.193   0.147   0.468   0.087  -0.153   0.324  -0.115  -0.022  -0.144   0.014   0.343  -0.264  -0.028  -0.012   0.121   0.048  -0.014
  30343A     0.201   0.022  -0.111   0.063   0.186  -0.372  -0.013  -0.003   0.002  -0.009  -0.284  -0.207   0.360  -0.029  -0.265  -0.178   0.039  -0.113   0.117  -0.147  -0.081  -0.139  -0.171  -0.131  -0.059   0.112  -0.167  -0.219   0.123  -0.128  -0.199  -0.011   0.110  -0.047  -0.323  -0.094
  190907A    0.120  -0.283   0.056   0.121   0.257  -0.046   0.029   0.041  -0.127   0.022  -0.089  -0.056  -0.109   0.198   0.059  -0.026   0.029   0.113  -0.034   0.356  -0.077  -0.200   0.329   0.094   0.208  -0.156   0.033  -0.081  -0.090   0.108   0.288  -0.136   0.114  -0.170  -0.257  -0.354
  40617A     0.096  -0.029   0.328   0.051  -0.074  -0.349   0.287   0.060   0.297  -0.022  -0.200   0.281  -0.257   0.165  -0.168  -0.147   0.110   0.136   0.225  -0.114   0.200  -0.095   0.096   0.045  -0.174  -0.032   0.070  -0.082   0.030   0.041   0.135   0.159   0.123  -0.033   0.193   0.133
  82228A    -0.147   0.197   0.078  -0.144   0.379  -0.037  -0.208  -0.073   0.166  -0.044  -0.133   0.042   0.081   0.067   0.018   0.165   0.004  -0.021   0.379   0.237   0.209  -0.134  -0.087  -0.112   0.278   0.334   0.160   0.056  -0.149   0.094   0.012  -0.181  -0.198  -0.023   0.087   0.142
  52287     -0.102   0.242   0.142   0.033   0.213  -0.132   0.052   0.334  -0.206  -0.015   0.343   0.301   0.092  -0.155  -0.124  -0.141  -0.026   0.151   0.176   0.107   0.058   0.119  -0.080   0.098   0.017  -0.340   0.126   0.092  -0.007  -0.329  -0.149  -0.114  -0.061  -0.040  -0.139  -0.082
  121434     0.161   0.132  -0.197  -0.211  -0.099  -0.132  -0.161   0.356  -0.104  -0.023  -0.167   0.094  -0.054   0.365  -0.046   0.171  -0.223  -0.171  -0.219  -0.181   0.014  -0.046  -0.204   0.090  -0.083  -0.005   0.392   0.033  -0.241  -0.037   0.169   0.044  -0.029  -0.055  -0.087  -0.060
