  year  #   1       2       3       4       5       6       7       8       9      10      11      12      13      14      15      16      17      18      19      20      21      22      23      24      25      26      27      28      29      30      31      32      33      34      35      36
  1950   3.434  -5.904  -0.413   1.867   1.484  -0.088  -0.759   0.216  -1.614  -0.367   0.662  -1.347  -0.558   0.767   0.333  -0.872   0.042   0.218   0.324   0.293   0.168  -0.115   0.648  -0.328  -0.170  -0.187   0.160  -0.011   0.154  -0.059   0.061  -0.076  -0.023  -0.108   0.054  -0.090
  1951   4.685  -6.329  -0.127   2.548   2.790  -0.212  -0.321   0.787  -0.245  -1.322   0.198  -0.592  -0.247   0.194  -0.028   0.557   0.920  -0.491  -0.635  -0.101   0.296   0.298  -0.153   0.288   0.063   0.300  -0.105   0.059   0.081  -0.209  -0.068   0.146   0.069   0.129  -0.030   0.024
  1952   2.023  -6.699  -0.856   0.887   1.031  -1.636   0.551   1.314   0.808   0.440  -0.967   0.674   0.569  -0.267  -0.837   0.190  -0.202  -0.253   0.040  -0.397  -0.023  -0.224  -0.274  -0.149  -0.519  -0.094   0.117  -0.225  -0.331   0.059   0.216  -0.229   0.114  -0.058   0.105   0.037
  1953   0.577  -7.511  -0.963  -0.648   0.031  -1.338   0.611   0.629   0.761   0.451  -0.338   0.491   0.629  -0.543   0.378   0.955  -0.193   0.703   0.270  -0.042  -0.544   0.416   0.081   0.057   0.467  -0.095  -0.342   0.106   0.092   0.244  -0.276   0.162  -0.095  -0.124   0.001  -0.069
  1954   1.376  -6.095   0.169  -1.046   0.077  -0.140   0.002  -1.224   0.048   0.630  -0.433   0.361   0.370  -0.410  -0.079  -0.458  -0.113   0.701  -0.230   0.628   0.181  -0.775  -0.018   0.389   0.238  -0.461   0.187  -0.066   0.038   0.028  -0.014  -0.086  -0.067   0.115  -0.178   0.090
  1955   2.284  -4.406   1.596  -2.034   0.178   0.809   0.545  -1.492   0.115   1.304   0.572   0.675  -0.760   0.607  -0.755  -0.699  -0.380  -0.432  -0.710   0.342  -0.259  -0.022  -0.303  -0.001   0.172   0.333   0.122   0.251  -0.016  -0.033  -0.123   0.099   0.128   0.081   0.111  -0.054
  1956   6.182  -1.948   2.894  -2.248   0.488   0.663   1.013  -2.031  -0.817   0.526   0.744   0.052  -0.487  -0.213   0.637  -0.118   0.123  -0.870   0.550  -0.543   0.041   0.066  -0.118   0.250   0.005   0.002  -0.333  -0.040   0.151   0.134   0.231  -0.200  -0.143  -0.068   0.056   0.060
  1957   5.455  -0.808   2.449  -1.739  -0.789   0.506   0.913  -0.451  -0.583  -0.586  -0.318   0.257   0.092   0.120   0.985   0.228   0.635   0.759   0.613   0.196  -0.119   0.175  -0.018  -0.559  -0.566   0.377  -0.185   0.027  -0.376   0.030  -0.026   0.161   0.144  -0.078  -0.109  -0.034
  1958   8.963   1.566   3.729  -0.785  -0.807   0.699   0.403   1.423  -0.025  -0.548  -0.458  -0.536   0.561  -0.682   0.711   0.434  -0.925   0.095  -0.494   0.105   0.130  -0.193  -0.217  -0.789   0.242  -0.021   0.523   0.047   0.177  -0.161   0.012   0.055  -0.135   0.128   0.047   0.090
  1959   2.596  -0.518   0.142  -1.014  -1.934   1.448   0.800   0.055   0.027  -0.463  -0.392   0.602   0.747  -0.137  -1.004   0.300  -0.383  -0.099  -0.174  -0.073   0.817   0.257   0.757   0.590  -0.110   0.303   0.152  -0.074  -0.085  -0.291   0.187   0.158  -0.106   0.035  -0.033  -0.081
  1960   4.632   0.589   0.959  -0.556  -1.689   1.770   0.141  -0.316   1.352  -0.130   0.692  -0.999   0.808   0.432  -0.908   0.101   0.286   0.036   0.592  -0.286  -0.457   0.269   0.243   0.150  -0.283  -0.467   0.096   0.121   0.359  -0.148  -0.261   0.012   0.332  -0.037   0.003  -0.008
  1961   5.636   0.933   0.658   1.045  -1.943   1.689  -2.447  -0.338   0.055  -1.141   0.704  -0.209   0.505  -0.186  -0.544  -0.173   0.391   0.374  -0.424  -0.438  -0.046  -0.493  -0.228   0.001   0.288  -0.192  -0.511   0.015  -0.291   0.231   0.088  -0.126  -0.044   0.049   0.107   0.089
  1962   3.859   0.273  -0.603   2.293  -1.973   1.405  -1.348   0.189   0.854   0.300  -0.638   0.701  -0.254   0.151   0.016  -0.900   0.240  -0.035   0.113   0.342   0.068   0.023  -0.075   0.179  -0.090   0.345   0.086   0.029  -0.390   0.101  -0.211   0.015  -0.276  -0.230  -0.050  -0.037
  1963   2.088   0.118  -1.574   2.728  -0.724   1.260  -0.611   0.037   1.166   0.681   0.359   1.258  -0.204   0.575   0.299   0.206  -0.355  -0.286   0.002   0.005  -0.013   0.296   0.321  -0.457   0.233   0.057   0.195  -0.140   0.335   0.252   0.025  -0.117   0.128   0.072  -0.061  -0.105
  1964   1.643   0.006  -1.436   0.321  -1.030  -0.011   0.062   1.434   0.964   0.867   0.128  -0.451  -0.449   0.566   0.817   0.507  -0.363  -0.376   0.506  -0.506   0.361   0.191  -0.374   0.110   0.131  -0.166  -0.358  -0.144  -0.007  -0.183   0.063  -0.189  -0.219   0.131  -0.017  -0.070
  1965   1.152   0.270  -2.308  -0.844  -1.063  -0.132  -0.036   1.274  -0.377   0.339  -0.403  -0.228  -0.619   0.486   0.813  -0.264  -0.659  -0.317   0.446  -0.359   0.300  -0.331   0.003   0.540   0.083   0.111   0.123   0.055  -0.115  -0.041   0.169   0.242   0.154   0.031  -0.038   0.054
  1966  -1.663  -0.696  -3.077  -1.317  -2.146  -0.193   0.335   0.727  -0.445  -0.914  -0.476   0.514  -1.025   0.647   0.276  -0.082   0.063  -0.256  -0.456  -0.201   0.010   0.127   0.122   0.042  -0.298  -0.271   0.220   0.173   0.279   0.285  -0.112  -0.084   0.018  -0.152   0.108   0.135
  1967   0.233   1.000  -1.313  -2.021  -1.343  -1.232   0.275   1.048  -0.692  -0.957   0.034  -0.686  -0.775   0.095  -0.198  -0.043   0.106   0.357  -0.229  -0.493  -0.057  -0.469  -0.287   0.207   0.283   0.305   0.113  -0.068  -0.004   0.159  -0.220  -0.226   0.222  -0.051  -0.217  -0.142
  1968   5.739   3.773   0.421  -1.104  -0.054  -2.514  -0.795  -0.050   1.242   0.626   0.411   0.128  -1.630   0.542  -0.650   0.482   0.310   0.910  -0.564   0.359  -0.333   0.146   0.125  -0.119  -0.116   0.017  -0.181  -0.341   0.135  -0.216   0.320   0.037  -0.112  -0.036  -0.014   0.014
  1969   6.071   3.928  -0.760  -0.658   1.197  -2.552  -2.121  -0.900  -0.223   0.070  -0.925   0.303  -0.710  -1.527   0.072  -0.323  -0.020  -0.474   0.025  -0.067   0.444   0.431   0.099   0.036  -0.011  -0.327   0.042   0.234  -0.064  -0.081  -0.380   0.096   0.086   0.058   0.043  -0.071
  1970   4.727   3.991  -1.542  -0.132  -0.144  -1.671  -0.030   0.816  -1.050   1.100  -0.320   0.635   1.589  -0.135   0.433  -0.205   1.318  -0.968  -0.153   0.312  -0.679  -0.153   0.437   0.105   0.131   0.111   0.106  -0.023   0.084   0.048   0.161  -0.107   0.036  -0.042   0.003   0.028
  1971   0.413   1.157  -3.067   0.547  -0.942  -1.169   0.626   0.469  -1.108   0.217  -0.382  -0.039   0.534   0.691  -0.874  -0.701   0.468   0.547   0.449  -0.040  -0.166   0.182  -0.407  -0.150   0.034   0.069  -0.141   0.461   0.241   0.049   0.170   0.132  -0.085   0.336  -0.070   0.064
  1972   0.005   0.701  -2.705   0.578  -1.003  -0.099   0.083  -0.594  -1.268   1.535   0.056  -1.541   0.173  -0.030  -0.851   0.231  -0.395   0.023   0.546   0.369   0.104   0.602  -0.534  -0.080   0.186  -0.162   0.202  -0.270  -0.252  -0.107  -0.043   0.158  -0.052  -0.145   0.082   0.043
  1973  -0.487   1.291  -2.841   1.425   0.050   0.907   0.139  -0.166  -0.492   0.464   0.066  -0.091   0.048  -1.443   0.192  -0.008  -0.768   0.376   0.067   0.237   0.035  -0.507   0.128  -0.076  -0.070   0.162  -0.556   0.297   0.112  -0.292   0.180  -0.080   0.319  -0.075   0.004  -0.102
  1974   0.453   1.913  -2.706   1.475   0.942   1.833   1.394   0.442   0.013   0.603   0.332  -0.453  -1.100  -1.308   0.033   0.233  -0.305   0.307  -0.026  -0.116  -0.891  -0.463   0.258   0.278  -0.402   0.216   0.185  -0.013   0.010   0.166  -0.129   0.054  -0.183   0.145   0.128   0.055
  1975   1.082   3.034  -1.440   0.184   1.550   1.550   2.309   0.175   0.050  -0.024  -0.222  -0.414  -0.051  -0.453  -0.355  -0.298   0.444  -0.107  -0.538   0.371   0.394   0.521  -0.364  -0.146   0.032   0.040  -0.057  -0.225  -0.050   0.037  -0.103  -0.355   0.091  -0.137  -0.123   0.105
  1976   1.839   3.859  -1.895  -0.105   2.131   0.737   2.273   0.011   0.717  -0.799   0.879   0.575   0.051   0.228   0.074  -0.125   0.844  -0.113   0.320   0.066   0.312  -0.486  -0.039  -0.012   0.319  -0.450   0.106  -0.131  -0.140   0.112  -0.077   0.286  -0.189   0.028   0.019  -0.164
  1977  -2.142   0.214  -4.099  -0.067   0.369   0.007  -0.266  -1.185  -0.537  -1.588   0.996   1.433  -0.127  -0.014  -0.268   1.284   0.220   0.131   0.296   0.084   0.009  -0.090  -0.350  -0.087   0.004  -0.017   0.220   0.161  -0.078  -0.263   0.046  -0.004   0.020  -0.075   0.073   0.081
  1978   2.302   3.171  -1.531   0.370   2.156  -1.297  -0.188  -2.080   0.082  -0.809   0.216  -0.359   1.364   0.798   0.619  -0.229  -1.325   0.497  -0.542  -0.706  -0.490   0.415  -0.048   0.408  -0.260   0.217   0.181  -0.078  -0.092   0.083   0.010  -0.071  -0.104   0.014  -0.018  -0.051
  1979  -0.357   1.699  -2.437  -0.059   0.693  -1.378   0.612  -0.625   0.761  -0.317   0.438  -0.264   0.449   0.666   0.069  -0.251  -1.011  -0.180  -0.079   0.595   0.564  -0.278   0.488  -0.294   0.194  -0.008  -0.413  -0.113  -0.024   0.202  -0.035   0.072   0.145  -0.098  -0.026   0.149
  1980  -4.035  -0.888  -1.449  -2.869   0.288   0.192  -1.413   0.083   1.164  -1.003   0.050  -0.783   0.369  -0.847   0.035   0.012   0.126  -0.374   0.412   0.748   0.233   0.137  -0.167   0.071  -0.348  -0.041   0.043   0.086   0.224   0.212   0.212  -0.152  -0.198   0.052   0.051  -0.105
  1981  -4.143  -0.312  -0.863  -2.161   1.189   0.601  -1.267   0.628   0.641  -0.311  -0.259  -0.272   0.411  -0.056  -0.415  -0.340   0.065  -0.268   0.313   0.095  -0.076  -0.199  -0.117  -0.181  -0.020   0.619  -0.067  -0.582   0.182   0.038  -0.154   0.050   0.161   0.140   0.088  -0.010
  1982  -4.136  -0.106  -0.534  -1.767   1.862   0.526  -0.797   0.919   0.872   0.294   0.289  -0.164   0.056   0.486  -0.271  -0.505  -0.131  -0.607   0.037  -0.446  -0.593  -0.276   0.170  -0.463  -0.119  -0.185  -0.010   0.388  -0.391  -0.430  -0.073  -0.033  -0.174  -0.069  -0.159   0.027
  1983  -3.908   0.262   0.027  -1.299   1.436   1.369  -0.958   1.098  -0.121   0.285   0.500   0.880   0.011  -0.006   0.461  -0.193  -0.239   0.420  -0.091  -0.333   0.156   0.407  -0.017  -0.053   0.302  -0.219   0.229   0.129  -0.196   0.068   0.220   0.095   0.265  -0.072   0.084   0.088
  1984  -3.474   1.507   1.580  -0.656   2.418   1.343  -0.662   0.917  -0.383   1.135   0.107   0.264   0.155  -0.265  -0.148  -0.623   0.513   1.134  -0.071  -0.522   0.442   0.404   0.017   0.007   0.129   0.112   0.067   0.083   0.174   0.162   0.134  -0.022  -0.077  -0.052   0.016  -0.074
  1985  -4.058   0.938   0.267  -1.215   0.017   1.154  -0.330   0.796  -0.982   0.757  -0.464  -0.052   0.231   0.805   0.631   0.672   0.348   0.374  -0.855   0.476   0.098   0.000   0.292   0.289  -0.490  -0.452  -0.339  -0.179  -0.135  -0.097  -0.182   0.022  -0.010   0.126   0.072  -0.010
  1986  -1.195   2.494   2.143   0.528   1.704   0.574  -1.226  -0.714  -0.592   1.102  -0.737  -0.271   0.184   1.077  -0.294   1.577  -0.089  -0.067   0.457   0.116   0.452  -0.606  -0.065  -0.005  -0.071   0.283   0.122   0.286   0.095   0.246  -0.244  -0.134  -0.102  -0.015  -0.036   0.055
  1987  -1.926   0.866   1.650   1.650   0.928   0.959  -0.239  -1.079   0.667  -0.031  -1.171   0.351  -0.520  -0.223   0.023  -0.026  -0.089  -0.412   0.075  -0.167  -0.096   0.067  -0.316  -0.007  -0.415  -0.337  -0.087  -0.062   0.186   0.134   0.198   0.283   0.141   0.068  -0.277   0.066
  1988  -3.273   0.527   0.959   0.295  -0.289   0.339  -0.023  -0.645  -1.081  -0.605  -1.636   0.307   0.086   0.297  -0.368  -0.129  -0.103  -0.274  -0.222  -0.403  -0.242  -0.495  -0.280  -0.280   0.110  -0.083  -0.187  -0.303   0.362  -0.099   0.090   0.306  -0.110  -0.251   0.121  -0.133
  1989  -4.045   0.280   1.933  -0.142   0.246  -0.207   0.860  -0.036  -0.331  -0.497  -0.774  -0.109  -0.351  -0.266  -0.699  -0.135  -0.162  -0.172   0.118  -0.606  -0.135   0.177   0.735  -0.201   0.402   0.014  -0.333  -0.109  -0.043  -0.128  -0.194  -0.085  -0.167   0.066  -0.010   0.119
  1990  -2.024   1.016   3.258   0.613   0.648   0.155  -0.119   0.051   0.330  -1.079  -1.008  -1.037  -0.564   0.199  -0.005   0.256  -0.015  -0.066   0.411   0.662  -0.749   0.131   0.183   0.409   0.530  -0.142   0.256  -0.031  -0.348   0.157   0.299  -0.014   0.155   0.007   0.019  -0.029
  1991  -4.729  -1.023  -0.691   0.045  -0.828   0.094  -0.027  -0.937  -0.370  -0.616  -0.235   0.496  -0.407  -0.087  -0.079   0.286  -0.036   0.030   0.278   0.359  -0.126   0.317   0.350  -0.245   0.164   0.233   0.106   0.193   0.034  -0.135   0.130  -0.259  -0.198   0.054  -0.072  -0.014
  1992  -2.882   0.783   1.601   0.872  -0.375   0.164   0.082  -0.269   0.332  -0.371  -0.397   0.680  -0.102   0.337   0.838  -0.541   0.185   0.104   0.470   0.345  -0.131   0.319  -0.133   0.187   0.148   0.207  -0.198  -0.100  -0.037  -0.203  -0.173  -0.039   0.138   0.172   0.165   0.123
  1993  -2.662   1.131   2.976   1.057  -0.120  -0.309   0.535   1.184  -0.077  -0.623   0.358   0.552   0.371   0.278   0.326  -0.586  -0.668  -0.086  -0.214   0.731  -0.250   0.048  -0.632   0.363  -0.074  -0.126  -0.145   0.163   0.255  -0.297  -0.113  -0.144  -0.117  -0.119  -0.004  -0.071
  1994  -1.770   2.176   4.864   0.889  -0.203  -1.068   0.669   1.423  -0.724  -0.194   0.766   0.197  -0.087  -0.301  -0.967   0.425  -0.500  -0.356  -0.163   0.074   0.096   0.259   0.083   0.132  -0.174  -0.037  -0.172   0.316  -0.075   0.368   0.060   0.010   0.049  -0.057   0.006  -0.048
  1995  -2.533   0.940   3.195   0.773  -0.610  -1.707   0.083   0.050  -0.757   0.415   1.435   0.850  -0.020   0.001  -0.196   0.086  -0.193  -0.182   0.402  -0.005   0.075  -0.357  -0.020  -0.124  -0.134  -0.130   0.140  -0.303  -0.223  -0.034  -0.098  -0.080   0.136   0.189   0.008  -0.115
  1996  -3.879  -0.722   2.446   0.942  -0.609  -1.267  -0.733   0.398  -0.215  -0.150   1.356   0.290   0.165  -0.796   0.134  -0.381   0.163   0.347   0.474  -0.229   0.096  -0.071   0.054   0.244  -0.163   0.095   0.238  -0.362   0.261  -0.092  -0.110   0.127  -0.127  -0.135  -0.112   0.196
  1997  -6.215  -2.320  -1.279  -0.033  -1.977   0.475  -0.663  -0.523  -0.753   0.275   1.199  -0.676   0.220  -0.537   0.454   0.289   0.029  -0.759  -0.881   0.061  -0.246   0.350  -0.059  -0.304   0.007   0.023  -0.058  -0.136  -0.158   0.195   0.034   0.242  -0.074   0.086  -0.145  -0.035
  1998  -4.231   0.598   1.222   0.614  -0.634  -0.728   0.164  -0.760   1.399   1.036   0.300  -0.948   0.211  -0.179   0.590   0.564   0.926  -0.067  -0.451  -0.239   0.145  -0.335  -0.021   0.182   0.243   0.253   0.160   0.245   0.107  -0.260   0.090   0.048   0.117  -0.188   0.028   0.024
  1999  -5.033  -0.651   0.111   1.086  -1.513  -0.212   0.582  -1.611  -0.128   0.105  -0.859  -0.143   0.024  -0.187   0.345  -0.059   0.481   0.340  -0.241  -0.545   0.174   0.075   0.014  -0.170   0.003  -0.281   0.264  -0.125  -0.090  -0.126  -0.012  -0.298   0.092   0.110   0.041  -0.104
  2000  -4.648  -0.068   1.259   0.889  -1.162  -2.067   1.319  -0.566   1.569  -0.113  -0.038  -0.859   0.063   0.049   0.200  -0.609   0.378   0.159  -0.162  -0.106   0.516  -0.171   0.027  -0.233  -0.245   0.146   0.019   0.328  -0.114   0.186   0.024   0.137  -0.072   0.051   0.155   0.009
