 eigenvalue 13.960   7.777   4.028   1.708   1.452   1.200   0.791   0.757   0.571   0.516   0.451   0.359   0.316   0.272   0.243   0.228   0.200   0.157   0.150   0.129   0.115   0.104   0.085   0.081   0.057   0.057   0.050   0.038   0.032   0.026   0.024   0.020   0.018   0.012   0.010   0.003
 eval sderr  2.764   1.540   0.798   0.338   0.288   0.238   0.157   0.150   0.113   0.102   0.089   0.071   0.063   0.054   0.048   0.045   0.040   0.031   0.030   0.026   0.023   0.021   0.017   0.016   0.011   0.011   0.010   0.008   0.006   0.005   0.005   0.004   0.004   0.002   0.002   0.001
 % variance  0.388   0.216   0.112   0.047   0.040   0.033   0.022   0.021   0.016   0.014   0.013   0.010   0.009   0.008   0.007   0.006   0.006   0.004   0.004   0.004   0.003   0.003   0.002   0.002   0.002   0.002   0.001   0.001   0.001   0.001   0.001   0.001   0.001   0.000   0.000   0.000
 cumulative  0.388   0.604   0.716   0.763   0.803   0.837   0.859   0.880   0.896   0.910   0.923   0.933   0.941   0.949   0.956   0.962   0.968   0.972   0.976   0.980   0.983   0.986   0.988   0.990   0.992   0.993   0.995   0.996   0.997   0.998   0.998   0.999   0.999   1.000   1.000   1.000
 brokn stck  4.175   3.175   2.675   2.341   2.091   1.891   1.725   1.582   1.457   1.346   1.246   1.155   1.071   0.994   0.923   0.856   0.794   0.735   0.679   0.627   0.577   0.529   0.484   0.440   0.399   0.359   0.320   0.283   0.247   0.213   0.180   0.147   0.116   0.086   0.056   0.028
 series_id   #  1       2       3       4       5       6       7       8       9      10      11      12      13      14      15      16      17      18      19      20      21      22      23      24      25      26      27      28      29      30      31      32      33      34      35      36
  50274     -0.045   0.308  -0.068  -0.089   0.183   0.154  -0.148  -0.078  -0.062   0.082  -0.108   0.002  -0.235   0.093   0.390  -0.058  -0.085   0.216   0.067  -0.104   0.023   0.090   0.205   0.193   0.296  -0.324  -0.017   0.119   0.043  -0.337  -0.048  -0.234  -0.066  -0.128   0.061   0.054
  80233      0.216   0.019  -0.007  -0.122  -0.098   0.207   0.100  -0.295   0.135  -0.085   0.121   0.145   0.412   0.522   0.016  -0.025  -0.151   0.089  -0.101  -0.099  -0.061   0.307  -0.099   0.273  -0.066   0.121  -0.010   0.028  -0.101  -0.014   0.091  -0.024  -0.044   0.074   0.073   0.001
  100771     0.017  -0.062   0.407  -0.078   0.139   0.213   0.254  -0.138  -0.146   0.270  -0.192  -0.189   0.205  -0.155  -0.213  -0.225  -0.092  -0.140  -0.081   0.111   0.140   0.136   0.158  -0.081  -0.016  -0.050  -0.085  -0.196  -0.070  -0.309  -0.138  -0.063  -0.083   0.092  -0.194   0.075
  151021    -0.052   0.300   0.155  -0.166  -0.051  -0.199   0.006  -0.042   0.047   0.016   0.160  -0.077   0.034   0.103   0.240  -0.130  -0.167  -0.100   0.097  -0.092  -0.010  -0.169   0.042  -0.239  -0.090   0.010   0.016  -0.194  -0.387  -0.079  -0.026   0.110   0.555   0.059   0.138   0.055
  110811     0.182  -0.180   0.221  -0.092  -0.012   0.013   0.123  -0.001   0.005   0.117   0.021  -0.110   0.032  -0.172   0.216  -0.122  -0.053   0.075  -0.219  -0.128   0.008  -0.127   0.098  -0.064  -0.061   0.103  -0.157   0.388   0.052   0.125  -0.163   0.110  -0.137  -0.098   0.605   0.003
  121305     0.243  -0.023   0.099   0.107  -0.082   0.087  -0.071   0.099  -0.044  -0.056   0.284  -0.073   0.040   0.064  -0.070  -0.094  -0.059   0.002   0.011  -0.175  -0.008  -0.193   0.333   0.043   0.201  -0.172  -0.306  -0.363   0.018   0.431  -0.006  -0.316  -0.056  -0.034  -0.057  -0.079
  60353      0.206   0.058  -0.207   0.173  -0.127   0.043  -0.070   0.191   0.104   0.110  -0.349   0.001   0.116  -0.059   0.060  -0.139  -0.013   0.052   0.098  -0.209   0.107   0.004   0.023   0.065   0.107   0.187   0.156   0.000   0.104   0.108  -0.323  -0.078   0.148   0.493  -0.001   0.310
  60116      0.095   0.061   0.355  -0.037  -0.184  -0.280  -0.054  -0.193  -0.341   0.128  -0.031   0.344  -0.037   0.210   0.116  -0.018   0.138  -0.133   0.192   0.107   0.223  -0.006  -0.076  -0.136   0.066  -0.084   0.128   0.280   0.008   0.229  -0.089  -0.154  -0.124   0.100  -0.140  -0.044
  80235      0.153   0.204  -0.028   0.038  -0.151  -0.250   0.272  -0.191   0.329  -0.157  -0.021  -0.047   0.121  -0.235   0.141   0.010   0.238   0.130   0.072   0.351  -0.129   0.034   0.397   0.009   0.178   0.173   0.090   0.012  -0.098  -0.040   0.033  -0.043  -0.134   0.054  -0.057  -0.166
  70126      0.218  -0.009   0.106  -0.147   0.028   0.150  -0.172  -0.325   0.085  -0.204  -0.224  -0.079  -0.036  -0.010  -0.169   0.244   0.132   0.106  -0.327  -0.040  -0.193  -0.329  -0.209  -0.202   0.176  -0.270   0.194  -0.041  -0.098  -0.008  -0.114  -0.044   0.037   0.161   0.024  -0.063
  70096      0.238   0.061  -0.063  -0.154  -0.005  -0.105  -0.036  -0.100  -0.018   0.059  -0.112  -0.055  -0.083   0.004  -0.186  -0.245   0.442   0.108   0.028  -0.371   0.139  -0.120  -0.066   0.043  -0.005   0.294  -0.052   0.006  -0.162  -0.092   0.174  -0.044  -0.010  -0.406  -0.144   0.205
  80316      0.234   0.054  -0.104  -0.104  -0.091  -0.094   0.075  -0.006  -0.169  -0.115   0.293  -0.136   0.130  -0.101   0.108  -0.098   0.141  -0.114   0.255  -0.205  -0.215  -0.100  -0.166  -0.069  -0.072  -0.230  -0.189   0.032   0.272  -0.331   0.073   0.203  -0.207   0.318  -0.081   0.027
  80491      0.166   0.120  -0.048   0.348   0.285  -0.130  -0.147  -0.061   0.228   0.096   0.285   0.156   0.077  -0.238  -0.148  -0.136  -0.068  -0.078   0.038  -0.186   0.011   0.180  -0.192  -0.097  -0.135  -0.104   0.199   0.039  -0.194  -0.103  -0.261  -0.216  -0.129  -0.091   0.077  -0.227
  70502      0.237   0.027   0.034  -0.123   0.143  -0.030  -0.051  -0.266   0.020  -0.007  -0.016   0.025  -0.141  -0.282  -0.287   0.095  -0.091   0.034   0.267   0.003   0.205   0.354   0.006   0.065   0.186  -0.101  -0.115   0.028   0.180   0.165   0.268   0.165   0.343   0.093   0.210  -0.017
  70407     -0.005   0.306   0.105   0.089  -0.190  -0.016  -0.321   0.063   0.144   0.086  -0.067  -0.208   0.014   0.070  -0.043  -0.052  -0.222   0.200  -0.190  -0.128   0.170   0.101   0.027  -0.224   0.056   0.087  -0.172   0.163   0.070   0.036   0.043   0.381  -0.145   0.016  -0.307  -0.302
  70421      0.248   0.056  -0.020   0.061  -0.040   0.065  -0.169   0.078  -0.031   0.008  -0.169   0.106   0.182   0.063   0.068  -0.162  -0.141  -0.161   0.186   0.254  -0.052  -0.066  -0.096  -0.110   0.234  -0.033   0.234  -0.339   0.107  -0.001   0.009   0.349  -0.207  -0.384   0.213   0.115
  60550A     0.123   0.149   0.258   0.234  -0.179  -0.069  -0.045   0.014  -0.147  -0.475  -0.151  -0.097  -0.234  -0.008  -0.048  -0.198  -0.164   0.216  -0.006   0.171   0.009   0.049  -0.176   0.059  -0.329   0.120  -0.065  -0.117   0.161  -0.152   0.041  -0.269   0.022  -0.010   0.147   0.028
  161576     0.158   0.211  -0.081  -0.117   0.093  -0.165  -0.079  -0.042   0.139   0.421   0.038  -0.267  -0.261   0.199  -0.091  -0.030   0.036  -0.210  -0.091   0.319   0.026  -0.201  -0.163   0.391  -0.127   0.055  -0.067  -0.102   0.066   0.045  -0.030  -0.027  -0.096   0.162   0.115  -0.116
  172202     0.222  -0.041  -0.136  -0.069   0.107   0.040  -0.214   0.113   0.056  -0.188  -0.183  -0.266   0.193  -0.011   0.216   0.289  -0.064  -0.445   0.048   0.077   0.267   0.056   0.019  -0.183  -0.096   0.061  -0.143   0.164  -0.144  -0.048   0.215  -0.301  -0.063  -0.038  -0.012   0.010
  122060     0.144   0.240  -0.147   0.137   0.052   0.116   0.189   0.000  -0.074   0.094   0.031  -0.007   0.152   0.216  -0.345   0.132  -0.114   0.016   0.127   0.105  -0.089  -0.289   0.225  -0.174  -0.118   0.006   0.033   0.348   0.317  -0.103  -0.103  -0.095   0.272  -0.230  -0.032   0.002
  111314     0.071  -0.004   0.057   0.514   0.464  -0.166   0.260  -0.131  -0.036  -0.113   0.040  -0.078  -0.010   0.205   0.230   0.031   0.100  -0.012  -0.243   0.011   0.167  -0.056  -0.124  -0.029   0.205   0.019  -0.132  -0.026   0.085   0.046   0.076   0.198   0.085   0.037  -0.096   0.185
  62281      0.194  -0.174   0.064  -0.211   0.008  -0.130  -0.016   0.097   0.116   0.228   0.089   0.090   0.179  -0.124   0.327   0.097   0.015   0.248  -0.211   0.037   0.127   0.024  -0.134  -0.065  -0.119   0.007   0.137  -0.223   0.449  -0.073   0.047  -0.185   0.256  -0.143  -0.189  -0.131
  72396      0.021   0.313   0.002  -0.021  -0.136   0.137   0.312   0.115   0.077  -0.119  -0.073   0.173   0.032  -0.090   0.007   0.298   0.137  -0.001  -0.015  -0.129   0.498  -0.101  -0.009   0.183  -0.269  -0.286  -0.021  -0.164  -0.050   0.031  -0.154   0.196  -0.108  -0.075   0.078  -0.041
  40649     -0.150   0.273   0.037   0.095  -0.019   0.074  -0.036  -0.043   0.072   0.193   0.048   0.213  -0.013  -0.041  -0.057  -0.014   0.046  -0.089  -0.250  -0.116  -0.017  -0.038   0.177  -0.248  -0.129   0.017   0.185  -0.100   0.162   0.004   0.560  -0.131  -0.196   0.215   0.221   0.236
  111252     0.016   0.131   0.079  -0.394   0.388  -0.272   0.015   0.442   0.076  -0.303  -0.100   0.271   0.062   0.150  -0.219  -0.188   0.037  -0.071  -0.188   0.007  -0.034   0.066   0.107  -0.021   0.106  -0.009  -0.068   0.041   0.096  -0.023  -0.077   0.011  -0.038   0.106   0.037  -0.067
  72140      0.078  -0.060   0.383   0.031  -0.018   0.043   0.296   0.140   0.461   0.047  -0.187   0.049  -0.246   0.042   0.065   0.090  -0.228  -0.192   0.254  -0.266  -0.242  -0.096  -0.148   0.080   0.068  -0.006   0.050   0.092   0.057   0.017   0.165  -0.043  -0.043  -0.075  -0.176  -0.017
  50499      0.236  -0.093  -0.056  -0.145   0.145  -0.018  -0.018   0.003   0.050  -0.088   0.154  -0.093  -0.130  -0.067   0.037  -0.153  -0.251   0.169  -0.045   0.154   0.040  -0.033   0.177   0.055  -0.319  -0.251   0.293   0.178  -0.156   0.224   0.071   0.151  -0.110   0.002  -0.306   0.396
  22336      0.228   0.000  -0.029   0.098  -0.005  -0.154   0.103   0.323  -0.126   0.310  -0.142   0.113   0.065   0.030  -0.079   0.251  -0.039   0.418   0.058   0.147  -0.179   0.070  -0.153  -0.129   0.004  -0.144  -0.280  -0.022  -0.379  -0.062   0.174  -0.047  -0.066   0.060   0.076   0.089
  62372      0.064   0.230   0.277   0.041   0.085  -0.075  -0.245   0.027  -0.282  -0.011   0.081   0.104   0.186  -0.301   0.022   0.372  -0.110  -0.100  -0.124  -0.095  -0.247  -0.075   0.087   0.428   0.015   0.266   0.031   0.029  -0.031  -0.033  -0.032   0.100   0.024  -0.052  -0.118   0.152
  121026     0.232   0.104  -0.038  -0.008   0.010   0.062   0.097   0.035  -0.178   0.057  -0.081  -0.109  -0.320   0.145   0.110   0.174   0.212  -0.172  -0.118  -0.132  -0.329   0.490   0.188  -0.212  -0.221   0.032   0.087  -0.157   0.056   0.140  -0.203   0.101   0.028  -0.080  -0.014  -0.050
  30343A     0.200   0.022  -0.092   0.065   0.114   0.444  -0.059  -0.021  -0.035   0.013  -0.103   0.449  -0.119  -0.161   0.204  -0.276   0.093  -0.098  -0.052   0.177  -0.097  -0.163  -0.001   0.018  -0.162   0.093  -0.252   0.075  -0.112   0.027   0.111   0.109   0.174   0.095  -0.158  -0.260
  190907A    0.139  -0.261   0.078   0.029   0.242   0.046  -0.061   0.050  -0.149  -0.018   0.039  -0.010  -0.139   0.196  -0.007   0.164  -0.042   0.200   0.256  -0.141   0.191  -0.189   0.286  -0.004  -0.078   0.269   0.300  -0.146  -0.077  -0.217   0.095   0.126  -0.121   0.216   0.099  -0.332
  40617A     0.093  -0.029   0.337   0.092  -0.120   0.318  -0.199   0.327   0.213  -0.014   0.387  -0.062  -0.080   0.104  -0.061   0.051   0.394   0.003   0.016   0.229   0.101   0.128  -0.008   0.004   0.142  -0.011   0.074   0.143  -0.034  -0.185  -0.035   0.050   0.146   0.041   0.048   0.197
  82228A    -0.152   0.196   0.062  -0.224   0.302   0.208  -0.037  -0.152   0.140  -0.021   0.132   0.033  -0.025  -0.024   0.077   0.165   0.001   0.223   0.303   0.098  -0.012  -0.036  -0.172  -0.275  -0.076   0.327  -0.221  -0.126   0.098   0.196  -0.237  -0.067  -0.235   0.034  -0.034   0.225
  52287     -0.111   0.253   0.098  -0.022   0.201   0.213   0.137   0.203  -0.211  -0.003  -0.065  -0.352   0.265  -0.068   0.081  -0.165   0.188   0.134   0.137  -0.018  -0.088   0.031  -0.221   0.093   0.007  -0.056   0.310   0.101  -0.035   0.340   0.214  -0.069   0.050   0.017   0.030  -0.259
  121434     0.162   0.133  -0.197  -0.155  -0.146   0.142   0.344   0.121  -0.227  -0.042   0.288   0.017  -0.257  -0.130  -0.032   0.022  -0.291  -0.069  -0.217   0.025   0.151   0.012  -0.223  -0.109   0.379   0.271   0.163   0.027  -0.094  -0.056   0.006  -0.106  -0.064   0.025  -0.058  -0.032
