  year  #   1       2
  1950  -0.775   0.780
  1951  -0.775   1.364
  1952  -1.469   0.617
  1953  -2.205   0.489
  1954  -1.634   1.004
  1955  -1.232   1.522
  1956   0.223   2.187
  1957   0.624   1.389
  1958   1.783   1.948
  1959   0.584  -0.263
  1960   1.033   0.331
  1961   1.285   0.307
  1962   1.004  -0.499
  1963   0.659  -0.815
  1964   0.583  -0.786
  1965   0.561  -1.151
  1966  -0.076  -2.421
  1967   0.407  -1.019
  1968   1.751   0.822
  1969   1.951   0.672
  1970   2.028  -0.138
  1971   0.821  -1.612
  1972   0.341  -1.329
  1973   0.396  -1.238
  1974   0.638  -1.020
  1975   0.881  -0.185
  1976   1.230  -0.032
  1977  -0.100  -1.589
  1978   1.150   0.518
  1979   0.499  -0.447
  1980  -1.460  -0.409
  1981  -1.380  -0.139
  1982  -1.291   0.034
  1983  -1.039   0.164
  1984  -0.700   0.657
  1985  -0.597  -0.477
  1986   0.144   1.044
  1987  -0.253   0.514
  1988  -0.430  -0.323
  1989  -0.880   0.190
  1990  -0.336   1.103
  1991  -0.834  -1.009
  1992  -0.046   0.106
  1993  -0.103   0.684
  1994   0.313   1.101
  1995  -0.002   0.708
  1996  -0.724   0.383
  1997  -1.289  -1.891
  1998  -0.150  -0.313
  1999  -0.651  -1.036
  2000  -0.459  -0.500
