  year  #   1
  1950  -0.006
  1951  -0.216
  1952  -2.167
  1953  -1.379
  1954  -0.699
  1955   0.636
  1956   1.126
  1957   1.350
  1958   2.004
  1959   0.067
  1960   0.995
  1961   1.118
  1962  -0.110
  1963  -0.483
  1964  -1.259
  1965  -0.049
  1966  -2.367
  1967   0.127
  1968   0.771
  1969   0.745
  1970   1.527
  1971   0.608
  1972   1.083
  1973   0.801
  1974   0.865
  1975   1.012
  1976   0.299
  1977  -1.179
  1978  -0.290
  1979  -0.713
  1980  -1.599
  1981  -1.478
  1982  -0.917
  1983  -0.947
  1984  -0.988
  1985  -0.351
  1986  -0.340
  1987  -1.412
  1988  -0.318
  1989   0.552
  1990   0.692
  1991  -0.680
  1992  -0.658
  1993   1.397
  1994   0.698
  1995   0.356
  1996  -0.091
  1997   1.084
  1998   0.906
  1999  -0.300
  2000   0.176
