 eigenvalue  2.743   1.993   1.304   1.224   0.906   0.589   0.499   0.382   0.285   0.074
 eval sderr  0.543   0.395   0.258   0.242   0.179   0.117   0.099   0.076   0.056   0.015
 % variance  0.274   0.199   0.130   0.122   0.091   0.059   0.050   0.038   0.029   0.007
 cumulative  0.274   0.474   0.604   0.726   0.817   0.876   0.926   0.964   0.993   1.000
 brokn stck  2.929   1.929   1.429   1.096   0.846   0.646   0.479   0.336   0.211   0.100
 series_id   #  1       2       3       4       5       6       7       8       9      10
  41039A     0.330  -0.256   0.504  -0.379  -0.154  -0.098   0.100   0.046  -0.121   0.607
  41039      0.493   0.077   0.272  -0.055  -0.184  -0.384  -0.117  -0.426   0.159  -0.521
  90716A     0.311  -0.310  -0.161   0.418   0.163  -0.316  -0.569   0.298  -0.237   0.108
  102001A    0.425  -0.092  -0.182  -0.194  -0.353   0.564  -0.162   0.403   0.272  -0.187
  41040A     0.179   0.407   0.173  -0.354   0.561  -0.064   0.052   0.456  -0.235  -0.249
  190549A    0.197  -0.126   0.388   0.626   0.020   0.255   0.506   0.142  -0.175  -0.174
  12171A     0.332   0.443  -0.252   0.064  -0.093   0.308  -0.069  -0.392  -0.566   0.209
  12221A     0.351   0.159  -0.508   0.076  -0.027  -0.401   0.530   0.149   0.267   0.228
  20155A     0.255  -0.350  -0.120  -0.061   0.677   0.303   0.034  -0.401   0.276   0.075
  22208A     0.037   0.546   0.311   0.331   0.091   0.092  -0.285   0.029   0.525   0.345
