quve_drop_canopy.rwl -- no data title --                  1st itrdb line missing     
quve_drop_canopy.rwl -- no data title --                  2nd itrdb line missing     
quve_drop_canopy.rwl -- no data title --                  3rd itrdb line missing     
quve_d18249990  09990  09990  09990  02018  11502  1 560  11203  11051  1 986  1  trn
quve_d18301684  11830  12088  12240  11684  11477  11786  11830  11451  11412  1  trn
quve_d18401957  11372  11477  11358  11275  1 953  11601  11275  11261  11489  1  trn
quve_d18501247  11358  11425  11144  1 814  1 970  1 759  11051  1 814  1 919  1  trn
quve_d1860 885  1 953  11003  1 919  1 662  1 953  1 777  1 796  1 759  11203  1  trn
quve_d18701082  11129  1 740  1 832  1 642  1 850  1 642  1 721  1 622  1 662  1  trn
quve_d1880 380  1 919  1 538  1 953  1 850  11003  1 850  1 832  1 662  12205  2  trn
quve_d18902588  23004  23139  22824  22596  22401  32728  42392  42516  42249  4  trn
quve_d19002429  42379  41774  42908  52298  62483  72232  72279  72167  72475  9  trn
quve_d19103149  92453  92524 113424 133196 143904 143679 163724 182687 203874 21  trn
quve_d19203249 223875 234209 243488 274006 283279 323941 334033 344063 343856 34  trn
quve_d19303008 373236 382890 393388 403270 403411 413695 413806 423941 423612 46  trn
quve_d19403776 463718 463603 473301 483281 493609 493288 493210 493395 503674 51  trn
quve_d19503580 523828 523197 523195 522897 522935 523376 523510 523981 533151 53  trn
quve_d19603204 533252 533135 533190 532954 532862 532434 532704 533565 543328 54  trn
quve_d19703473 542813 542562 542329 542509 543017 542909 542315 543147 542796 54  trn
quve_d19802156 542263 542462 542457 542426 542195 542737 542604 542248 542371 54  trn
quve_d19902633 542198 542436 542599 542673 542668 542539 541852 542591 542218 54  trn
quve_d20002276 542903 542766 542722 542533 542679 542501 542307 542206 542441 54  trn
quve_d20102159  72073  71409  71063  71090  6 840  5 873  2 390  29990  09990  0  trn
quve_drop_canopy.rwl -- no data title --                  1st itrdb line missing     
quve_drop_canopy.rwl -- no data title --                  2nd itrdb line missing     
quve_drop_canopy.rwl -- no data title --                  3rd itrdb line missing     
quve_d18249990  09990  09990  09990  01155  1 999  1 680  1 906  1 854  1 831  1  std
quve_d18301084  11141  11240  11304  11109  11035  11165  11192  11042  11030  1  std
quve_d18401278  11023  11080  11028  1 992  1 824  11171  11006  11003  11133  1  std
quve_d18501003  11070  11111  1 954  1 759  1 857  1 732  1 910  1 774  1 838  1  std
quve_d1860 821  1 862  1 890  1 847  1 712  1 867  1 779  1 790  1 774  1 980  1  std
quve_d1870 924  1 941  1 768  1 808  1 725  1 812  1 722  1 753  1 708  1 721  1  std
quve_d1880 596  1 815  1 651  1 815  1 765  1 819  1 745  1 726  1 637  1 768  2  std
quve_d1890 920  21100  21167  21077  21007  21165  31122  4 960  41028  41083  4  std
quve_d19001212  41047  41037  41269  51065  6 966  7 889  7 952  7 907  7 952  9  std
quve_d1910 954  9 853  9 952 11 951 13 953 141298 141239 161062 18 916 201251 21  std
quve_d19201060 221213 231261 24 813 271078 28 722 321066 331135 341181 341021 34  std
quve_d1930 620 37 754 38 487 39 857 40 899 40 936 411074 411180 421261 42 988 46  std
quve_d19401136 461078 461052 47 883 48 927 491104 49 967 49 865 49 959 501199 51  std
quve_d19501147 521303 52 911 52 928 52 776 52 780 521075 521179 521440 53 960 53  std
quve_d19601050 531058 531057 531059 53 924 53 884 53 683 53 874 531327 541196 54  std
quve_d19701340 54 980 54 863 54 728 54 823 541134 541091 54 714 541255 541048 54  std
quve_d1980 704 54 795 54 938 54 929 54 902 54 741 541116 541033 54 815 54 948 54  std
quve_d19901136 54 814 54 968 541070 541112 541098 541034 54 628 541069 54 877 54  std
quve_d2000 875 541255 541178 541169 541051 541137 541050 54 965 54 921 541049 54  std
quve_d20101096  71102  7 821  7 738  7 731  6 713  5 890  2 677  29990  09990  0  std
quve_drop_canopy.rwl -- no data title --                  1st itrdb line missing     
quve_drop_canopy.rwl -- no data title --                  2nd itrdb line missing     
quve_drop_canopy.rwl -- no data title --                  3rd itrdb line missing     
quve_d18249990  09990  09990  09990  01065  1 903  1 682  11087  1 967  1 955  1  res
quve_d18301181  11106  11136  11132  1 891  1 941  11125  11086  1 910  1 993  1  res
quve_d18401228  1 838  11035  1 988  1 980  1 844  11242  1 922  1 992  11133  1  res
quve_d1850 929  11063  11081  1 881  1 769  11023  1 850  11104  1 852  11002  1  res
quve_d1860 957  11007  11014  1 932  1 775  11084  1 872  1 940  1 921  11194  1  res
quve_d1870 962  11008  1 725  1 954  1 823  11021  1 821  1 940  1 862  1 919  1  res
quve_d1880 720  11131  1 723  11077  1 906  11002  1 861  1 896  1 804  1 865  2  res
quve_d18901125  21245  21182  2 998  2 950  21131  31076  4 943  41008  4 915  4  res
quve_d19001103  4 941  4 942  41455  5 980  6 928  7 914  7 933  7 995  71037  9  res
quve_d1910 989  9 750  91024 11 990 13 969 141220 141158 16 986 18 889 201189 21  res
quve_d1920 982 221131 231136 24 811 271108 28 784 321101 331128 341106 341007 34  res
quve_d1930 664 37 927 38 702 391002 40 988 401010 411100 411144 421160 42 925 46  res
quve_d19401130 461048 461017 47 881 48 955 491132 49 961 49 942 491030 501166 51  res
quve_d19501064 521182 52 836 52 956 52 838 52 904 521134 521153 521294 53 831 53  res
quve_d19601040 531052 531035 531042 53 934 53 932 53 781 53 988 531290 541092 54  res
quve_d19701211 54 890 54 878 54 822 54 944 541157 541055 54 709 541223 541011 54  res
quve_d1980 743 54 919 541018 54 996 54 966 54 852 541136 541036 54 848 541018 54  res
quve_d19901133 54 813 541027 541081 541082 541079 541034 54 647 541130 54 900 54  res
quve_d2000 944 541243 541102 541089 541017 541110 541010 54 954 54 944 541081 54  res
quve_d20101046  71068  7 795  7 811  7 881  6 753  5 888  2 720  29990  09990  0  res
quve_drop_canopy.rwl -- no data title --                  1st itrdb line missing     
quve_drop_canopy.rwl -- no data title --                  2nd itrdb line missing     
quve_drop_canopy.rwl -- no data title --                  3rd itrdb line missing     
quve_d18249990  09990  09990  09990  01071  1 928  1 668  1 985  1 965  1 947  1  ars
quve_d18301169  11161  11190  11195  1 953  1 929  11106  11122  1 950  1 980  1  ars
quve_d18401227  1 910  11010  1 994  1 980  1 842  11198  1 985  1 990  11134  1  ars
quve_d1850 973  11058  11102  1 915  1 748  1 947  1 837  11056  1 872  1 965  1  ars
quve_d1860 948  1 993  11014  1 939  1 761  11012  1 879  1 905  1 894  11165  1  ars
quve_d18701015  11015  1 735  1 874  1 789  1 957  1 812  1 884  1 830  1 869  1  ars
quve_d1880 687  11035  1 740  1 998  1 909  1 976  1 857  1 854  1 763  1 795  2  ars
quve_d18901064  21271  21271  21084  2 978  21128  31119  4 982  41005  4 919  4  ars
quve_d19001081  4 968  4 935  41447  51119  6 967  7 906  7 907  7 968  71030  9  ars
quve_d19101001  9 755  9 950 11 977 13 965 141214 141229 161059 18 909 201165 21  ars
quve_d19201036 221146 231185 24 871 271070 28 809 321044 331146 341154 341057 34  ars
quve_d1930 689 37 832 38 658 39 897 40 959 401000 411103 411181 421221 42 995 46  ars
quve_d19401132 461092 461048 47 899 48 927 491112 49 998 49 944 491015 501175 51  ars
quve_d19501122 521225 52 907 52 929 52 820 52 852 521091 521186 521360 53 943 53  ars
quve_d19601025 531062 531057 531062 53 956 53 921 53 762 53 916 531270 541179 54  ars
quve_d19701272 54 976 54 874 54 788 54 880 541123 541096 54 744 541147 541059 54  ars
quve_d1980 766 54 850 54 973 54 990 54 966 54 844 541091 541067 54 872 54 981 54  ars
quve_d19901130 54 856 54 984 541079 541109 541116 541073 54 677 541031 54 912 54  ars
quve_d2000 919 541223 541174 541146 541065 541133 541054 54 973 54 938 541064 54  ars
quve_d20101069  71092  7 827  7 762  7 811  6 700  5 798  2 665  29990  09990  0  ars
