 eigenvalue 16.865   6.818   3.973   3.084   2.370   2.044   1.888   1.521   1.147   1.066   0.908   0.830   0.734   0.677   0.623   0.567   0.512   0.466   0.430   0.391   0.338   0.313   0.293   0.246   0.241   0.195   0.175   0.169   0.155   0.141   0.118   0.108   0.087   0.079   0.075   0.070   0.058   0.054   0.048   0.042   0.032   0.025   0.015   0.010   0.007   0.005   0.004   0.002   0.001   0.000   0.000
 eval sderr  3.340   1.350   0.787   0.611   0.469   0.405   0.374   0.301   0.227   0.211   0.180   0.164   0.145   0.134   0.123   0.112   0.101   0.092   0.085   0.077   0.067   0.062   0.058   0.049   0.048   0.039   0.035   0.033   0.031   0.028   0.023   0.021   0.017   0.016   0.015   0.014   0.012   0.011   0.009   0.008   0.006   0.005   0.003   0.002   0.001   0.001   0.001   0.000   0.000   0.000   0.000
 % variance  0.337   0.136   0.079   0.062   0.047   0.041   0.038   0.030   0.023   0.021   0.018   0.017   0.015   0.014   0.012   0.011   0.010   0.009   0.009   0.008   0.007   0.006   0.006   0.005   0.005   0.004   0.003   0.003   0.003   0.003   0.002   0.002   0.002   0.002   0.001   0.001   0.001   0.001   0.001   0.001   0.001   0.001   0.000   0.000   0.000   0.000   0.000   0.000   0.000   0.000   0.000
 cumulative  0.337   0.473   0.553   0.615   0.662   0.703   0.741   0.771   0.794   0.815   0.833   0.850   0.865   0.878   0.891   0.902   0.912   0.922   0.930   0.938   0.945   0.951   0.957   0.962   0.967   0.970   0.974   0.977   0.980   0.983   0.986   0.988   0.989   0.991   0.993   0.994   0.995   0.996   0.997   0.998   0.999   0.999   0.999   1.000   1.000   1.000   1.000   1.000   1.000   1.000   1.000
 brokn stck  4.519   3.519   3.019   2.685   2.435   2.235   2.069   1.926   1.801   1.690   1.590   1.499   1.416   1.339   1.267   1.201   1.138   1.079   1.024   0.971   0.921   0.873   0.828   0.785   0.743   0.703   0.664   0.627   0.592   0.557   0.524   0.492   0.460   0.430   0.401   0.372   0.344   0.317   0.291   0.265   0.240   0.216   0.192   0.169   0.146   0.124   0.102   0.081   0.060   0.040   0.020
 series_id   #  1       2       3       4       5       6       7       8       9      10      11      12      13      14      15      16      17      18      19      20      21      22      23      24      25      26      27      28      29      30      31      32      33      34      35      36      37      38      39      40      41      42      43      44      45      46      47      48      49      50      51
  22371      0.121  -0.118   0.064  -0.019   0.260   0.199  -0.023  -0.098   0.021  -0.121   0.062  -0.306   0.046  -0.217   0.221   0.225   0.360  -0.248   0.182  -0.103   0.037  -0.036   0.030   0.207  -0.011  -0.126  -0.220   0.054   0.154   0.205   0.044  -0.203  -0.033   0.025   0.015   0.003   0.096  -0.144  -0.040   0.058  -0.083   0.092  -0.059  -0.165   0.172  -0.018   0.095   0.024   0.060  -0.048   0.039
  32368      0.160  -0.088   0.043  -0.021  -0.094  -0.086  -0.255  -0.006   0.094  -0.284  -0.057  -0.042   0.027  -0.116  -0.037  -0.172   0.273   0.275   0.192   0.354   0.204   0.051  -0.067   0.122  -0.132   0.176   0.052   0.070   0.048  -0.031   0.128  -0.029  -0.189  -0.005   0.102  -0.091  -0.121   0.017   0.051  -0.168  -0.051  -0.166  -0.106   0.235  -0.089  -0.074   0.136   0.089  -0.157  -0.128  -0.013
  32498      0.172  -0.099  -0.143   0.015   0.146  -0.162   0.007  -0.142  -0.160  -0.048  -0.157   0.151  -0.067  -0.048  -0.017   0.070   0.032   0.191   0.055  -0.063  -0.075  -0.070  -0.255   0.052   0.081  -0.073  -0.264   0.273  -0.229  -0.133  -0.147  -0.083   0.018  -0.075   0.216  -0.094   0.060   0.012   0.114   0.475   0.051   0.055  -0.120   0.114  -0.168   0.062  -0.005  -0.179  -0.001  -0.007  -0.067
  40533      0.166  -0.140   0.012   0.129   0.106  -0.104   0.128   0.197  -0.058  -0.178   0.148  -0.041  -0.007  -0.102   0.032  -0.085   0.081   0.073   0.018  -0.179  -0.097  -0.213  -0.149  -0.391  -0.021   0.081  -0.110  -0.141  -0.068  -0.130   0.023  -0.049  -0.015  -0.070   0.063  -0.032  -0.057  -0.151   0.078  -0.256  -0.101   0.357   0.179   0.141   0.030  -0.206  -0.116   0.028   0.057   0.199  -0.030
  42248      0.185   0.006  -0.084   0.029  -0.147  -0.020  -0.007   0.101   0.021  -0.285  -0.136   0.058  -0.268  -0.020   0.032  -0.074  -0.136   0.191  -0.112  -0.195   0.060   0.339  -0.004   0.104  -0.027   0.006  -0.174  -0.086   0.302  -0.021   0.208   0.084  -0.038   0.116  -0.002   0.073   0.241   0.199  -0.013   0.104  -0.089   0.093   0.023  -0.259   0.069  -0.010  -0.025   0.083   0.076   0.114  -0.278
  42283      0.133  -0.111   0.054  -0.040   0.221  -0.163  -0.118  -0.278   0.062  -0.063   0.021  -0.056   0.123  -0.150   0.016  -0.343  -0.409  -0.082   0.057  -0.047  -0.205   0.156   0.008  -0.164  -0.066  -0.213  -0.055  -0.080   0.141   0.145  -0.022   0.058  -0.016   0.141  -0.075  -0.159  -0.180  -0.124  -0.037   0.013  -0.021   0.020  -0.050  -0.116  -0.292  -0.036   0.137   0.060  -0.030  -0.127   0.109
  52403      0.112   0.199  -0.082  -0.132   0.154   0.113  -0.163  -0.009  -0.237  -0.108   0.151   0.104   0.265  -0.139  -0.068   0.143   0.057   0.047   0.020  -0.073  -0.057   0.196   0.227  -0.062  -0.157  -0.096   0.370  -0.099  -0.007  -0.162  -0.051   0.042  -0.058  -0.140  -0.151  -0.129   0.155  -0.104   0.100   0.101  -0.086  -0.024  -0.299   0.041  -0.019   0.024  -0.157  -0.080   0.049   0.159  -0.126
  80046      0.176   0.144  -0.018   0.034  -0.016  -0.019  -0.109   0.012   0.149   0.109   0.183  -0.166  -0.237   0.118  -0.128  -0.038   0.013   0.003   0.074  -0.251   0.073   0.173  -0.082   0.167   0.310   0.070   0.124  -0.252  -0.209  -0.114   0.095  -0.236   0.316  -0.016  -0.007   0.036  -0.139  -0.163   0.183   0.013  -0.103  -0.056  -0.180  -0.025  -0.087  -0.220   0.106   0.000  -0.050  -0.078  -0.027
  80148      0.140  -0.027  -0.246   0.035  -0.223   0.108   0.078   0.061  -0.059  -0.103   0.327  -0.144   0.059   0.178  -0.028   0.067  -0.128   0.021   0.145   0.034   0.192   0.101  -0.094  -0.165  -0.020  -0.207  -0.180   0.013  -0.033  -0.004  -0.145  -0.068   0.075  -0.011  -0.110   0.006   0.117   0.068  -0.072  -0.148  -0.073   0.117  -0.136   0.208  -0.044   0.462   0.048   0.163   0.017  -0.204   0.014
  80159      0.060  -0.211  -0.151  -0.081   0.170  -0.204   0.098   0.032   0.021   0.015   0.325  -0.257  -0.074   0.132  -0.155   0.041  -0.116  -0.270  -0.126   0.085   0.085   0.094   0.046   0.189  -0.387   0.211  -0.176   0.146  -0.131  -0.086  -0.084   0.188  -0.015   0.041  -0.075   0.072  -0.029   0.024   0.049   0.065  -0.082  -0.202   0.044   0.003  -0.004  -0.163  -0.124  -0.044  -0.062   0.101  -0.090
  80576      0.163  -0.035  -0.039   0.074  -0.042   0.006   0.164   0.410  -0.042  -0.202  -0.065  -0.197   0.069  -0.003  -0.123  -0.020   0.027  -0.011  -0.259  -0.069  -0.044  -0.034   0.163  -0.025  -0.039  -0.049   0.139  -0.130   0.017   0.279   0.024  -0.081   0.106   0.210   0.336  -0.135   0.064   0.024   0.015   0.165   0.142  -0.198  -0.039   0.096  -0.094   0.053  -0.066  -0.148  -0.012  -0.093   0.309
  82434      0.130   0.103  -0.244  -0.089  -0.239   0.075  -0.071  -0.150   0.005   0.086   0.247  -0.058   0.139   0.070   0.062  -0.085   0.028   0.120   0.117   0.019  -0.028  -0.120  -0.062  -0.050   0.126   0.231  -0.072  -0.025   0.001   0.190   0.245   0.193  -0.057  -0.053  -0.106  -0.024   0.095   0.059  -0.326   0.191  -0.025   0.136  -0.019  -0.099  -0.010  -0.195  -0.079  -0.356  -0.076  -0.011   0.245
  90084      0.122  -0.084   0.214   0.038  -0.062  -0.139   0.261  -0.155   0.112  -0.057   0.159   0.169  -0.089   0.168   0.089   0.307   0.127  -0.021  -0.188   0.123  -0.256   0.275   0.114  -0.120   0.317  -0.004  -0.005   0.101   0.077   0.035  -0.083   0.095  -0.050  -0.017  -0.003  -0.180  -0.003  -0.017   0.011  -0.019  -0.157  -0.039  -0.031   0.058   0.099  -0.009   0.121   0.002  -0.300  -0.070   0.041
  90104      0.131   0.176  -0.103   0.064  -0.106  -0.139   0.120   0.093  -0.043   0.106  -0.236  -0.333   0.221   0.008   0.150  -0.071  -0.034  -0.121  -0.161   0.072  -0.207   0.008  -0.200   0.242   0.111  -0.197   0.012   0.144   0.065  -0.099   0.237   0.001  -0.015  -0.143  -0.066   0.067  -0.132  -0.079  -0.055  -0.190  -0.061  -0.042  -0.069   0.094  -0.088   0.186   0.053  -0.156  -0.080   0.277  -0.144
  90634      0.090   0.298   0.067   0.068   0.102   0.084  -0.114  -0.060  -0.017   0.033   0.158   0.084  -0.055  -0.083  -0.109  -0.098   0.132   0.044  -0.180  -0.038   0.095   0.062  -0.089   0.048  -0.085  -0.208  -0.075  -0.028  -0.070  -0.130  -0.152   0.246  -0.036  -0.051   0.204   0.317   0.041  -0.005  -0.016  -0.028  -0.120  -0.061   0.245  -0.057  -0.008   0.101   0.387  -0.084   0.110   0.028   0.308
  90650      0.112   0.101   0.203  -0.257   0.049  -0.194   0.183  -0.175   0.039  -0.155   0.012  -0.012   0.154   0.009   0.023  -0.101  -0.014   0.138  -0.128  -0.042  -0.086   0.073  -0.141   0.017  -0.051   0.276   0.036  -0.058   0.105   0.170  -0.224  -0.075   0.122  -0.045   0.020   0.394  -0.009  -0.080  -0.099  -0.060   0.138   0.018  -0.204   0.169   0.263   0.041  -0.029  -0.125   0.230  -0.113  -0.095
  91499      0.074  -0.280  -0.008   0.007   0.207  -0.124   0.000  -0.078  -0.074  -0.079  -0.032   0.037  -0.118  -0.095  -0.180   0.216  -0.077   0.070  -0.123  -0.028   0.069  -0.283   0.242   0.144   0.271  -0.062  -0.043  -0.173   0.047  -0.081   0.272   0.286  -0.084  -0.166  -0.079   0.180  -0.016   0.081  -0.066  -0.171  -0.059  -0.022  -0.212   0.114  -0.119   0.077  -0.037  -0.006   0.170  -0.089   0.133
  101123     0.136  -0.106   0.217  -0.040   0.099  -0.176  -0.021   0.182  -0.269   0.036   0.042  -0.095  -0.022   0.162  -0.224  -0.028   0.071   0.330   0.153   0.125  -0.126  -0.067  -0.051   0.015   0.003  -0.139   0.087   0.041  -0.015   0.085   0.036  -0.136  -0.006   0.024  -0.364   0.228  -0.014  -0.056   0.029   0.150   0.036  -0.030   0.146  -0.301   0.115   0.133  -0.058   0.128  -0.214   0.081   0.159
  101215     0.151   0.110  -0.060  -0.046  -0.105  -0.026   0.143   0.085   0.246  -0.327   0.028   0.321   0.041  -0.142   0.164   0.155  -0.207  -0.050   0.004  -0.126   0.040  -0.138   0.003   0.246  -0.219  -0.084   0.079   0.033  -0.125  -0.123  -0.018  -0.181  -0.044  -0.048  -0.182   0.007  -0.304   0.129  -0.011   0.004  -0.047   0.084   0.025  -0.077   0.115  -0.028   0.013  -0.070  -0.180   0.027   0.273
  102238     0.133   0.157  -0.204  -0.082   0.239  -0.028   0.011   0.120   0.092  -0.023  -0.152  -0.052   0.092  -0.100   0.128   0.113  -0.042   0.227   0.029   0.155   0.078   0.014   0.066   0.050   0.213  -0.002  -0.195  -0.134  -0.120   0.052  -0.297   0.056   0.174  -0.063  -0.218  -0.200   0.033   0.073  -0.004  -0.242   0.117  -0.216   0.281  -0.161  -0.015  -0.065  -0.096  -0.121   0.086  -0.183  -0.116
  110819     0.179  -0.089  -0.080   0.052  -0.226   0.095  -0.122   0.061  -0.038  -0.035  -0.200  -0.091  -0.045   0.208  -0.093   0.118  -0.074  -0.144   0.048  -0.123  -0.055  -0.088  -0.112  -0.006   0.000  -0.138   0.001  -0.158   0.096  -0.124  -0.257   0.153  -0.324  -0.123  -0.089   0.013  -0.111  -0.207  -0.112   0.123   0.348  -0.094  -0.073   0.055   0.200  -0.261   0.127   0.116   0.038  -0.141  -0.036
  110920     0.182  -0.104  -0.031   0.034  -0.060   0.268  -0.008  -0.043  -0.132  -0.060   0.039  -0.045  -0.272  -0.047  -0.015   0.006   0.075   0.066   0.158   0.058  -0.264   0.011  -0.004  -0.058  -0.100   0.069   0.108   0.083   0.217  -0.231  -0.099   0.216   0.236   0.053   0.131  -0.126  -0.241  -0.119  -0.097  -0.137  -0.047  -0.163   0.092  -0.115   0.099   0.137  -0.061  -0.271   0.040   0.063  -0.017
  112206     0.117   0.035   0.292   0.199   0.083   0.113   0.110   0.143  -0.086   0.008   0.057   0.171   0.022   0.184   0.050  -0.115  -0.073  -0.074   0.052   0.223  -0.187  -0.133  -0.038   0.142  -0.268  -0.039  -0.111  -0.210  -0.157   0.023   0.095   0.014   0.123  -0.276   0.081  -0.116   0.300   0.088  -0.115  -0.094   0.023   0.029  -0.197  -0.138  -0.058  -0.131   0.193  -0.060  -0.067  -0.139  -0.181
  121379     0.158  -0.007   0.213  -0.132  -0.079  -0.033  -0.185  -0.091  -0.081  -0.034   0.000   0.008  -0.119   0.206   0.361   0.138  -0.070   0.008  -0.139   0.004   0.120  -0.129  -0.093  -0.093  -0.137  -0.135   0.108   0.285  -0.004  -0.066   0.234   0.015   0.362   0.060  -0.106  -0.068   0.069  -0.039  -0.008  -0.005   0.078  -0.119   0.039   0.079  -0.070  -0.128  -0.089   0.130   0.308  -0.075   0.135
  130991     0.150  -0.148   0.158  -0.012  -0.157   0.050   0.110   0.113   0.026   0.100   0.155   0.056   0.000  -0.329   0.134  -0.265   0.066  -0.077  -0.119   0.041  -0.041   0.133  -0.127   0.075   0.175   0.107   0.000  -0.036  -0.354  -0.063   0.047   0.092  -0.230  -0.021  -0.128  -0.197   0.041  -0.081  -0.047   0.124   0.032  -0.187  -0.011  -0.074   0.125   0.176  -0.099   0.215   0.315   0.040   0.071
  131009     0.179  -0.060   0.081   0.090  -0.069  -0.150  -0.156  -0.146  -0.002   0.150   0.020  -0.178  -0.115  -0.301  -0.135   0.105  -0.187  -0.024   0.048  -0.067  -0.022  -0.169   0.039  -0.038  -0.021  -0.066   0.301   0.052  -0.230   0.076  -0.032  -0.085   0.028   0.140   0.112  -0.044   0.060   0.335  -0.246  -0.037  -0.046   0.047   0.078   0.045   0.294   0.074   0.110  -0.070  -0.069  -0.074  -0.277
  132232     0.036  -0.290  -0.092  -0.025   0.151  -0.117  -0.034  -0.032  -0.055   0.108   0.034   0.304   0.012   0.129   0.031  -0.136   0.054  -0.175   0.142  -0.080   0.222   0.069  -0.344   0.272   0.080  -0.074   0.206  -0.178   0.184   0.126  -0.103   0.078   0.150  -0.038   0.135  -0.138   0.047   0.076  -0.038  -0.151   0.107   0.020  -0.013  -0.002   0.118   0.144  -0.173  -0.036  -0.098   0.170   0.127
  132250     0.115  -0.205   0.127   0.080   0.068  -0.058  -0.048  -0.035   0.330   0.011  -0.159  -0.101   0.216   0.240   0.163  -0.162   0.128   0.036   0.009  -0.080   0.230  -0.006   0.289  -0.135  -0.046  -0.016   0.039  -0.192  -0.011  -0.183  -0.019   0.063   0.139  -0.185  -0.054  -0.016  -0.030   0.006  -0.149   0.345  -0.125  -0.006   0.191   0.116   0.070   0.184   0.076  -0.076  -0.040   0.129  -0.093
  132396     0.105   0.242   0.036   0.009   0.140  -0.221  -0.081   0.202   0.054   0.025  -0.133   0.101  -0.145   0.111  -0.108   0.135  -0.140  -0.141   0.198   0.168   0.070  -0.035   0.032   0.028   0.029   0.227  -0.024   0.015   0.039   0.066   0.000   0.046  -0.071   0.291  -0.139  -0.228   0.137  -0.253  -0.072   0.026  -0.084   0.167  -0.034   0.158   0.091   0.127   0.278  -0.094   0.223   0.233   0.104
  132542     0.092  -0.223  -0.162  -0.143  -0.098   0.010  -0.024   0.050   0.216   0.147   0.140   0.251   0.121   0.095   0.150   0.115  -0.043   0.077   0.241   0.112  -0.265  -0.045   0.163   0.042  -0.013  -0.129  -0.046  -0.147  -0.091  -0.034   0.115  -0.155  -0.089   0.300   0.220   0.321   0.032  -0.139   0.048  -0.047   0.050  -0.175   0.051  -0.018  -0.086   0.046   0.035  -0.061   0.166   0.099  -0.153
  140733     0.152   0.006   0.118  -0.014  -0.279  -0.022   0.112  -0.119  -0.279   0.061   0.100   0.059   0.132  -0.058  -0.008  -0.145  -0.180  -0.058  -0.098   0.128   0.353  -0.339   0.220   0.069   0.151   0.072  -0.117  -0.006   0.232  -0.087  -0.154  -0.143   0.022   0.042   0.100  -0.067  -0.054  -0.170   0.257   0.040  -0.117  -0.032  -0.034  -0.223   0.048   0.010   0.049  -0.086  -0.018   0.025  -0.112
  140736     0.138   0.077   0.263   0.035  -0.209   0.076   0.011  -0.140   0.039   0.141  -0.111  -0.037   0.155  -0.049  -0.104   0.237   0.077   0.163   0.050  -0.218  -0.042  -0.082  -0.023   0.180  -0.141   0.118  -0.194  -0.143  -0.045   0.093  -0.234   0.161   0.109   0.188   0.014  -0.062  -0.028   0.035  -0.151  -0.070  -0.083  -0.019  -0.075   0.042  -0.318   0.002  -0.156   0.295  -0.087   0.286   0.044
  140761     0.151  -0.054   0.013   0.276  -0.003   0.035   0.141  -0.115  -0.115   0.096  -0.181  -0.125  -0.077   0.009   0.243   0.204  -0.118   0.046   0.038   0.310   0.253   0.289  -0.014  -0.041  -0.090   0.007   0.231  -0.129  -0.200   0.129  -0.054   0.084  -0.150   0.007   0.125   0.208  -0.123  -0.092   0.087   0.013  -0.023   0.283  -0.008  -0.132  -0.115  -0.066  -0.165  -0.087   0.070  -0.018   0.081
  140931     0.160  -0.014  -0.002   0.250  -0.012  -0.121  -0.272  -0.009   0.010   0.041   0.085   0.062   0.133   0.206   0.037  -0.043   0.308  -0.085  -0.183  -0.162  -0.091  -0.014   0.116   0.015  -0.039   0.143  -0.022   0.105  -0.043   0.009  -0.043   0.034  -0.105   0.190  -0.143  -0.045  -0.171   0.248   0.240  -0.163   0.287   0.219  -0.097  -0.210  -0.089   0.167   0.050  -0.149   0.131  -0.101  -0.071
  140934     0.158   0.082  -0.014   0.040  -0.079  -0.103  -0.331   0.053  -0.140   0.236   0.063   0.098  -0.244  -0.114   0.114  -0.057  -0.033  -0.069  -0.104   0.068  -0.158   0.143   0.300   0.134  -0.078   0.031  -0.215  -0.072   0.147   0.110  -0.072  -0.267  -0.015  -0.298   0.026   0.046  -0.024  -0.041  -0.073   0.007   0.066   0.094   0.183   0.310   0.001   0.036  -0.229   0.037  -0.072  -0.011   0.109
  142575     0.097   0.184  -0.138   0.254   0.091  -0.201  -0.071   0.218  -0.039   0.011  -0.004   0.190   0.191   0.052   0.068  -0.081   0.057  -0.079   0.095  -0.102   0.005  -0.060   0.068   0.016   0.101  -0.006   0.066   0.272   0.016   0.057  -0.037   0.201   0.039   0.061   0.184   0.154  -0.073  -0.164  -0.227   0.029  -0.316  -0.069  -0.048  -0.096   0.090  -0.097  -0.222   0.281  -0.030  -0.283  -0.112
  150951     0.186  -0.061  -0.039  -0.115   0.120   0.139  -0.085   0.045  -0.129   0.069  -0.199   0.142  -0.093  -0.004   0.131   0.085  -0.045  -0.165  -0.110  -0.231   0.137  -0.021  -0.123  -0.338  -0.047   0.339  -0.010   0.001  -0.083   0.103   0.066  -0.150  -0.154  -0.067  -0.065   0.160   0.063  -0.077  -0.090  -0.132  -0.081  -0.319  -0.040  -0.113  -0.168   0.197   0.120  -0.063  -0.287  -0.009  -0.033
  152490     0.135  -0.012   0.042   0.226   0.252   0.296  -0.013   0.021  -0.021   0.219  -0.005   0.052   0.192   0.118  -0.081  -0.001  -0.164   0.136  -0.050   0.069   0.048   0.115  -0.083  -0.115   0.058  -0.016  -0.184   0.068   0.134  -0.036   0.059  -0.222  -0.087   0.098  -0.009  -0.023  -0.207   0.339  -0.007  -0.001  -0.135  -0.193  -0.174   0.145   0.273  -0.204  -0.037  -0.004   0.156   0.158   0.127
  152645     0.137  -0.054  -0.257  -0.030   0.043   0.154  -0.046  -0.231   0.169   0.014  -0.140  -0.020  -0.040   0.186  -0.114  -0.075   0.061   0.029  -0.346   0.148  -0.214  -0.231  -0.156   0.130  -0.079   0.044   0.215  -0.098   0.045   0.002  -0.123  -0.179  -0.117   0.059  -0.077  -0.082   0.227  -0.062   0.094  -0.008  -0.383   0.100   0.128  -0.020  -0.008   0.022  -0.104   0.134   0.086  -0.131   0.049
  152656     0.150   0.066  -0.183  -0.082  -0.015  -0.161   0.254  -0.081   0.057   0.158  -0.242  -0.069  -0.117  -0.076  -0.005  -0.168   0.161  -0.153   0.210   0.087  -0.077   0.013   0.216  -0.166  -0.052   0.084   0.006   0.047   0.045  -0.339  -0.080  -0.096   0.120  -0.022   0.028   0.084   0.166   0.223  -0.044  -0.069   0.097   0.026  -0.263  -0.168   0.007  -0.040   0.000   0.194   0.021   0.012   0.316
  160935     0.153   0.148   0.121  -0.119  -0.117  -0.198  -0.031  -0.014   0.053   0.052  -0.028  -0.035   0.216  -0.022  -0.166   0.260  -0.025  -0.231   0.231   0.003  -0.077   0.041  -0.217  -0.145  -0.044   0.062  -0.026  -0.151   0.159   0.001   0.204   0.079  -0.057  -0.223   0.156  -0.044   0.015   0.213   0.367   0.084  -0.096  -0.109   0.264  -0.053   0.017   0.061  -0.102   0.025   0.125  -0.158   0.040
  162566     0.146   0.176   0.078   0.133   0.159   0.242   0.122  -0.068  -0.024  -0.040   0.014   0.061  -0.046  -0.132   0.070  -0.115   0.017  -0.202   0.066   0.114  -0.026  -0.112  -0.070   0.043   0.086   0.054  -0.007  -0.141   0.078  -0.151   0.114   0.168   0.082   0.358  -0.228   0.205   0.050   0.057   0.149   0.199   0.176   0.025   0.104   0.325  -0.029   0.072  -0.166   0.016  -0.265  -0.171  -0.109
  171167     0.127  -0.141   0.079  -0.302   0.035   0.128  -0.112   0.093  -0.019   0.170  -0.125  -0.053   0.268   0.005  -0.035   0.005  -0.156   0.102  -0.102  -0.106   0.040   0.179   0.069   0.112   0.030   0.018  -0.073   0.157  -0.123  -0.248   0.102   0.131   0.001   0.135   0.172  -0.045   0.233  -0.143   0.101  -0.205   0.096   0.275   0.076   0.033   0.214  -0.077   0.016  -0.005  -0.271  -0.143   0.136
  182130     0.090  -0.079  -0.061   0.435  -0.062  -0.035   0.077  -0.112   0.194   0.024   0.098  -0.004   0.065  -0.137   0.009  -0.012  -0.114   0.121   0.111  -0.155   0.019  -0.019   0.034   0.019   0.010   0.029   0.165   0.272   0.139   0.116  -0.071   0.012  -0.006  -0.141  -0.133   0.088   0.432  -0.118   0.227  -0.108   0.175  -0.206   0.093   0.096  -0.041  -0.134   0.084  -0.036  -0.025   0.155   0.082
  190830     0.133   0.208  -0.058   0.029   0.107   0.108  -0.020  -0.178   0.359  -0.006   0.011   0.038  -0.117   0.029  -0.236  -0.003  -0.041   0.054  -0.098   0.113   0.083  -0.112   0.044  -0.144  -0.085  -0.082  -0.136   0.082  -0.103   0.180   0.228   0.075   0.045  -0.150   0.169  -0.077  -0.106  -0.248   0.075  -0.022   0.275   0.013  -0.142  -0.159   0.217   0.221  -0.228   0.134  -0.105   0.138  -0.072
  70228A     0.182   0.003  -0.162  -0.055   0.160   0.118   0.205  -0.031  -0.115   0.014   0.155   0.066   0.150   0.001  -0.120   0.115  -0.007   0.016  -0.079   0.065   0.036   0.058   0.033   0.099   0.073   0.221   0.206   0.103   0.132  -0.035   0.132  -0.123   0.061  -0.116   0.107  -0.053  -0.150   0.032  -0.237   0.101   0.288   0.147   0.287  -0.022  -0.219  -0.028   0.281   0.337   0.087   0.050  -0.134
  32177A     0.169   0.045   0.032  -0.236  -0.006   0.010  -0.238   0.108   0.091  -0.175   0.107  -0.031  -0.024  -0.004   0.059  -0.030   0.052  -0.211  -0.120   0.269   0.052  -0.086  -0.057  -0.176   0.274  -0.200   0.055   0.039  -0.019   0.079  -0.221   0.064  -0.015   0.028   0.085   0.146   0.104   0.218  -0.011   0.003   0.060   0.037  -0.062  -0.039  -0.111  -0.220  -0.030   0.070  -0.113   0.364  -0.081
  182024A    0.108   0.039  -0.011  -0.187   0.057  -0.102   0.202   0.238   0.193   0.486   0.134   0.033  -0.160  -0.164   0.096   0.040   0.166   0.217  -0.117  -0.052   0.161  -0.100  -0.115  -0.085  -0.210  -0.212   0.078  -0.011   0.288   0.041  -0.017   0.098  -0.125   0.035  -0.078  -0.092  -0.060  -0.010   0.031   0.068  -0.007   0.065  -0.142   0.041  -0.097  -0.074   0.069  -0.069  -0.043  -0.146  -0.137
  190807A    0.078  -0.092   0.312  -0.067  -0.007   0.248   0.011   0.212   0.290  -0.008  -0.045   0.023  -0.049   0.010  -0.286  -0.065  -0.091  -0.127   0.138  -0.010   0.035   0.059   0.009   0.060   0.127   0.019   0.066   0.328   0.085  -0.048  -0.130  -0.098  -0.075  -0.145  -0.048   0.097   0.007   0.004  -0.115  -0.013  -0.064   0.161   0.015  -0.048  -0.302   0.049  -0.227  -0.233   0.152  -0.130  -0.036
  112440A    0.136  -0.158  -0.153  -0.160  -0.127   0.209   0.074   0.085  -0.082   0.064  -0.211   0.135  -0.015  -0.050  -0.078  -0.134   0.056  -0.070   0.086  -0.020  -0.083   0.020   0.146   0.004  -0.038  -0.015  -0.003   0.129  -0.147   0.429  -0.006   0.243   0.257  -0.132  -0.162   0.084  -0.167   0.076   0.308   0.033  -0.174   0.108  -0.016   0.148   0.096  -0.077   0.240   0.073   0.069   0.047  -0.060
  152651A    0.152   0.101   0.026  -0.073  -0.076  -0.077   0.255  -0.256  -0.164  -0.042  -0.104   0.157  -0.027   0.131  -0.259  -0.134   0.258  -0.124   0.046  -0.114   0.183   0.127   0.116  -0.029  -0.054  -0.319  -0.053   0.023  -0.154   0.069   0.144  -0.137  -0.150   0.135  -0.090  -0.079   0.038  -0.054  -0.164  -0.186   0.015  -0.100   0.207   0.114  -0.036  -0.185  -0.118  -0.169   0.067  -0.002  -0.098
  182686     0.061   0.213   0.086  -0.188   0.183   0.088   0.142  -0.050  -0.068  -0.032   0.087  -0.189  -0.198   0.311   0.277  -0.182  -0.131   0.135   0.237  -0.236  -0.056  -0.148   0.173   0.142   0.074   0.037   0.120   0.078  -0.058   0.093  -0.061   0.097  -0.363  -0.068   0.191  -0.097  -0.024   0.175   0.156  -0.054  -0.014  -0.044   0.051   0.086  -0.012   0.087  -0.042   0.094   0.001   0.051   0.000
