 % variance  0.428   0.140   0.096
 cumulative  0.428   0.568   0.664
 series_id   #  1       2       3
  22371     -0.590   0.293   0.511
  32368      0.610   0.341   0.337
  32498      0.743   0.500  -0.047
  40533      0.495   0.587   0.239
  42248      0.828   0.367   0.000
  42283      0.760   0.231   0.144
  52403      0.849   0.019   0.021
  80046      0.911   0.137   0.107
  80148      0.199   0.631  -0.203
  80159      0.745   0.379  -0.333
  80576      0.223   0.624   0.196
  82434      0.761   0.304  -0.178
  90084      0.778   0.266   0.058
  90104      0.897   0.111  -0.067
  90634      0.835  -0.342   0.285
  90650      0.024   0.115   0.450
  91499     -0.379   0.741  -0.154
  101123     0.858   0.183   0.042
  101215     0.771   0.311  -0.099
  102238     0.852   0.140  -0.020
  110819     0.503   0.615   0.197
  110920     0.737   0.401   0.186
  112206     0.115  -0.111   0.817
  121379     0.772   0.215   0.284
  130991     0.749   0.366   0.132
  131009     0.618   0.419   0.356
  132232    -0.738   0.527  -0.134
  132250    -0.458   0.405   0.536
  132396     0.594  -0.076   0.194
  132542     0.615   0.577  -0.347
  140733     0.869   0.267   0.008
  140736     0.178   0.084   0.707
  140761     0.626   0.318   0.286
  140931     0.750   0.322   0.166
  140934     0.938   0.101  -0.050
  142575     0.818  -0.070   0.019
  150951     0.630   0.566   0.179
  152490    -0.202  -0.047   0.758
  152645     0.053   0.646  -0.014
  152656     0.763   0.394  -0.170
  160935     0.708   0.165   0.236
  162566     0.247  -0.167   0.768
  171167     0.156   0.679   0.131
  182130     0.645   0.118   0.109
  190830     0.550  -0.143   0.487
  70228A     0.863   0.335   0.024
  32177A     0.610   0.332   0.321
  182024A    0.589   0.238   0.137
  190807A    0.527   0.156   0.391
  112440A    0.584   0.671  -0.159
  152651A    0.351   0.369   0.252
  182686     0.867  -0.094  -0.015
