 eigenvalue 24.794   5.019   4.516   3.121   2.450   1.526   1.230   1.036   0.701   0.610   0.569   0.499   0.464   0.364   0.328   0.299   0.283   0.241   0.216   0.204   0.200   0.175   0.149   0.120   0.110   0.098   0.095   0.075   0.067   0.061   0.053   0.051   0.049   0.045   0.038   0.030   0.025   0.024   0.017   0.016   0.014   0.010   0.009   0.006   0.004   0.003   0.001   0.001   0.001   0.000   0.000
 eval sderr  4.910   0.994   0.894   0.618   0.485   0.302   0.243   0.205   0.139   0.121   0.113   0.099   0.092   0.072   0.065   0.059   0.056   0.048   0.043   0.040   0.040   0.035   0.030   0.024   0.022   0.019   0.019   0.015   0.013   0.012   0.010   0.010   0.010   0.009   0.008   0.006   0.005   0.005   0.003   0.003   0.003   0.002   0.002   0.001   0.001   0.001   0.000   0.000   0.000   0.000   0.000
 % variance  0.496   0.100   0.090   0.062   0.049   0.031   0.025   0.021   0.014   0.012   0.011   0.010   0.009   0.007   0.007   0.006   0.006   0.005   0.004   0.004   0.004   0.003   0.003   0.002   0.002   0.002   0.002   0.002   0.001   0.001   0.001   0.001   0.001   0.001   0.001   0.001   0.001   0.000   0.000   0.000   0.000   0.000   0.000   0.000   0.000   0.000   0.000   0.000   0.000   0.000   0.000
 cumulative  0.496   0.596   0.686   0.749   0.798   0.828   0.853   0.874   0.888   0.900   0.911   0.921   0.930   0.938   0.944   0.950   0.956   0.961   0.965   0.969   0.973   0.977   0.980   0.982   0.984   0.986   0.988   0.990   0.991   0.992   0.993   0.994   0.995   0.996   0.997   0.997   0.998   0.998   0.999   0.999   0.999   1.000   1.000   1.000   1.000   1.000   1.000   1.000   1.000   1.000   1.000
 brokn stck  4.519   3.519   3.019   2.685   2.435   2.235   2.069   1.926   1.801   1.690   1.590   1.499   1.416   1.339   1.267   1.201   1.138   1.079   1.024   0.971   0.921   0.873   0.828   0.785   0.743   0.703   0.664   0.627   0.592   0.557   0.524   0.492   0.460   0.430   0.401   0.372   0.344   0.317   0.291   0.265   0.240   0.216   0.192   0.169   0.146   0.124   0.102   0.081   0.060   0.040   0.020
 series_id   #  1       2       3       4       5       6       7       8       9      10      11      12      13      14      15      16      17      18      19      20      21      22      23      24      25      26      27      28      29      30      31      32      33      34      35      36      37      38      39      40      41      42      43      44      45      46      47      48      49      50      51
  22371     -0.078   0.118   0.311   0.081  -0.060   0.171   0.106  -0.042  -0.087   0.081  -0.214  -0.311  -0.002   0.151  -0.099   0.518  -0.013   0.037   0.301  -0.081  -0.085   0.014   0.072   0.292   0.013   0.014  -0.057   0.141   0.034   0.085  -0.115   0.034  -0.030  -0.128   0.106  -0.047  -0.081   0.013   0.054   0.096  -0.102   0.050  -0.096  -0.103  -0.132  -0.068  -0.050   0.057   0.104  -0.078   0.044
  32368      0.141   0.120   0.078  -0.144  -0.020   0.152  -0.185  -0.197  -0.167   0.251   0.200  -0.085  -0.076   0.022  -0.243  -0.022   0.112   0.329  -0.115  -0.145   0.412  -0.033   0.104   0.066  -0.017   0.057   0.029   0.178  -0.100   0.070  -0.109  -0.104  -0.059   0.101   0.067   0.078   0.096   0.106   0.051  -0.053   0.151  -0.189   0.034   0.031   0.077   0.149  -0.079  -0.186  -0.127   0.002   0.101
  32498      0.171  -0.123   0.056   0.014  -0.067   0.008   0.208  -0.136  -0.068  -0.116  -0.015  -0.088   0.035  -0.006  -0.065  -0.145   0.010   0.130  -0.048  -0.026   0.076  -0.175  -0.029   0.192   0.042  -0.192   0.219  -0.023  -0.006  -0.124  -0.131   0.237   0.100  -0.067   0.019  -0.079  -0.143  -0.086  -0.099   0.242   0.254   0.523  -0.020   0.070   0.117   0.132   0.184  -0.081  -0.143  -0.096  -0.032
  40533      0.145   0.021   0.185  -0.109  -0.091  -0.087   0.201   0.117  -0.146   0.224   0.062  -0.205   0.195   0.030   0.129  -0.181   0.048  -0.071  -0.089  -0.118  -0.025  -0.253  -0.124  -0.034  -0.191  -0.356  -0.097  -0.152  -0.123  -0.012  -0.211  -0.101   0.074  -0.007  -0.158   0.016  -0.090   0.096  -0.046   0.010  -0.396  -0.143  -0.037  -0.063   0.094   0.115  -0.111   0.068   0.064   0.032  -0.053
  42248      0.181  -0.049   0.006  -0.023  -0.058  -0.038  -0.082   0.030  -0.183   0.132  -0.066   0.086  -0.099  -0.008  -0.122  -0.185  -0.063   0.178  -0.120  -0.034  -0.195   0.120  -0.132   0.172  -0.057   0.319   0.076  -0.116   0.046   0.255   0.007   0.357   0.152  -0.107   0.006   0.079  -0.114  -0.182  -0.192  -0.066  -0.113  -0.149  -0.263   0.026  -0.219   0.036  -0.101   0.003   0.025  -0.064  -0.245
  42283      0.160   0.047  -0.023  -0.154  -0.039   0.171   0.176  -0.227  -0.024   0.101   0.107  -0.060  -0.108  -0.028   0.200  -0.133  -0.216  -0.224   0.163  -0.062  -0.077   0.119  -0.104  -0.103  -0.035   0.093   0.225   0.135   0.209   0.349   0.040  -0.218   0.001  -0.176  -0.148  -0.020  -0.039   0.035   0.005  -0.003  -0.059   0.052  -0.159   0.102   0.135  -0.188   0.110  -0.191  -0.112   0.005   0.252
  52403      0.162  -0.017  -0.120   0.130   0.004   0.222   0.021  -0.020  -0.112  -0.113   0.101  -0.204   0.181   0.039  -0.048  -0.025   0.040   0.149   0.189   0.143  -0.151   0.159   0.007  -0.199  -0.214   0.204  -0.040   0.072  -0.194  -0.199   0.119  -0.247  -0.191  -0.114  -0.101  -0.059   0.078  -0.068  -0.111   0.033   0.069   0.062  -0.223   0.104   0.218   0.226  -0.112   0.146   0.097  -0.107  -0.231
  80046      0.185   0.013  -0.067   0.028  -0.027   0.006  -0.074  -0.018   0.051   0.010  -0.002  -0.003   0.086   0.154   0.074   0.070   0.053  -0.050  -0.212  -0.202  -0.238   0.228   0.018   0.024   0.086   0.154  -0.166  -0.138   0.143  -0.356  -0.224   0.180  -0.073   0.009  -0.090  -0.175   0.056   0.209   0.214   0.253  -0.021  -0.177  -0.159   0.066   0.055   0.039   0.030  -0.240  -0.142  -0.063   0.176
  80148      0.081  -0.188   0.184   0.193  -0.078  -0.163  -0.347   0.099  -0.045   0.076   0.001  -0.057   0.337  -0.038   0.311   0.169  -0.238   0.029  -0.093  -0.105   0.095   0.149  -0.005   0.097   0.060  -0.071   0.188   0.006  -0.071  -0.009   0.215  -0.083   0.137  -0.065  -0.112  -0.002   0.019  -0.068   0.029   0.099   0.174  -0.039  -0.061  -0.125   0.127  -0.126  -0.003  -0.081  -0.028   0.140  -0.097
  80159      0.160  -0.206  -0.032  -0.082   0.016   0.021   0.119   0.003   0.039  -0.007   0.096   0.017   0.015   0.038   0.231   0.211   0.096  -0.054   0.019  -0.056   0.022   0.086  -0.032   0.294  -0.092   0.042  -0.158  -0.176   0.126   0.114   0.009  -0.266   0.252   0.009   0.011  -0.061  -0.092  -0.051  -0.109  -0.204   0.283  -0.098   0.300   0.088  -0.042   0.211  -0.150  -0.076  -0.011  -0.153  -0.095
  80576      0.092  -0.021   0.255   0.125  -0.032  -0.134  -0.078   0.441  -0.217   0.085   0.235  -0.140  -0.181  -0.209   0.014   0.067   0.319  -0.021  -0.064   0.183  -0.185   0.052  -0.028  -0.177   0.016   0.053  -0.071   0.194   0.208   0.151  -0.141   0.111   0.022  -0.008  -0.056   0.021   0.083  -0.007   0.008   0.010   0.168   0.106   0.119   0.087   0.155  -0.048   0.053   0.083   0.009  -0.038   0.134
  82434      0.156  -0.155  -0.040   0.150  -0.078   0.008  -0.234  -0.075   0.091   0.076  -0.069  -0.086   0.167  -0.015   0.030  -0.058  -0.127   0.014   0.000  -0.180   0.012   0.009   0.296  -0.092   0.066  -0.054  -0.200  -0.059   0.027   0.183   0.052   0.190  -0.181   0.031   0.125  -0.073  -0.016  -0.143  -0.156  -0.330  -0.179   0.188   0.023  -0.037   0.125   0.136  -0.019   0.199  -0.071  -0.148   0.376
  90084      0.145   0.026   0.019  -0.142   0.215  -0.238   0.140  -0.085  -0.040   0.010  -0.113   0.273   0.186  -0.058  -0.064   0.280   0.056   0.147   0.251   0.120  -0.084   0.054  -0.333  -0.211   0.151  -0.061   0.070  -0.082  -0.014   0.047  -0.056   0.050  -0.032   0.061  -0.064  -0.073   0.062   0.089  -0.118  -0.097   0.061   0.018  -0.056  -0.137  -0.037   0.231  -0.169   0.000  -0.225   0.000   0.218
  90104      0.169  -0.101  -0.089   0.064  -0.001  -0.077   0.070   0.045   0.117  -0.042   0.029  -0.133  -0.297  -0.255   0.052   0.100   0.046  -0.261   0.194  -0.020   0.104  -0.075   0.069   0.207  -0.017   0.033   0.194  -0.010  -0.107  -0.014   0.127   0.198  -0.064   0.085  -0.051  -0.070   0.056   0.122   0.251  -0.143  -0.079  -0.232  -0.132  -0.081   0.134   0.315   0.231   0.133  -0.161  -0.057  -0.153
  90634      0.133   0.216  -0.207   0.042  -0.057   0.140   0.037  -0.072  -0.049  -0.010   0.007  -0.042   0.133   0.046  -0.023  -0.052   0.196  -0.020  -0.102   0.044  -0.065   0.000  -0.008   0.162  -0.061   0.136   0.155  -0.183   0.138   0.008   0.114  -0.087   0.152   0.142   0.059  -0.168  -0.059  -0.056  -0.077   0.215   0.014  -0.133   0.228  -0.078  -0.013  -0.011   0.175   0.381   0.167   0.009   0.313
  90650      0.027   0.149   0.124   0.249   0.390  -0.015   0.183  -0.137  -0.034   0.269   0.014  -0.120   0.024  -0.254   0.158  -0.235  -0.085   0.105  -0.009  -0.106   0.017  -0.017  -0.233   0.011   0.156   0.098  -0.247   0.008   0.152  -0.109   0.242  -0.032   0.000   0.011   0.283  -0.011   0.077  -0.013   0.199   0.037  -0.007   0.083   0.059  -0.115  -0.040   0.014   0.012  -0.013   0.042  -0.145  -0.105
  91499     -0.019  -0.199   0.340  -0.038  -0.015  -0.018   0.276  -0.166  -0.038  -0.114  -0.029  -0.020  -0.068   0.258   0.167   0.008   0.152   0.180  -0.154   0.185  -0.179  -0.104   0.179  -0.074   0.095   0.081   0.089  -0.237  -0.132   0.156   0.281   0.051  -0.138   0.206   0.119   0.162   0.066  -0.027   0.093   0.015   0.038  -0.152  -0.078  -0.036   0.198  -0.028   0.031  -0.121   0.098   0.037   0.097
  101123     0.174   0.021  -0.053  -0.186   0.103   0.007   0.086   0.046  -0.041  -0.101   0.101  -0.008   0.051   0.008   0.113   0.027   0.139   0.122  -0.116  -0.183   0.021  -0.089   0.074   0.001   0.070   0.063   0.089   0.123  -0.024   0.039   0.092   0.029  -0.139  -0.091  -0.213  -0.131  -0.102  -0.248   0.460  -0.050   0.015   0.148  -0.018  -0.027  -0.257  -0.050  -0.265   0.267  -0.048   0.323   0.019
  101215     0.165  -0.115  -0.021   0.093   0.094  -0.086  -0.010   0.015  -0.037   0.290  -0.045   0.147  -0.106   0.084   0.029  -0.071  -0.229   0.150   0.094   0.429  -0.058  -0.009   0.154   0.191  -0.159   0.090  -0.003   0.054  -0.105  -0.248  -0.115  -0.103   0.181  -0.156   0.036   0.206  -0.064   0.118   0.126  -0.042  -0.025   0.032   0.003  -0.091  -0.001  -0.001   0.081   0.168  -0.080   0.230   0.257
  102238     0.165  -0.076  -0.092   0.140  -0.107   0.156   0.149   0.035   0.037   0.027   0.039  -0.092  -0.125  -0.110  -0.085   0.104  -0.073   0.233  -0.045   0.037   0.010  -0.081   0.022  -0.042   0.114  -0.128   0.251  -0.241   0.063  -0.195  -0.010   0.015  -0.035  -0.221  -0.174  -0.011   0.406  -0.032  -0.054  -0.173  -0.094  -0.089   0.205  -0.071  -0.099  -0.362  -0.126  -0.025  -0.040  -0.237  -0.011
  110819     0.143   0.018   0.179  -0.038  -0.133  -0.078  -0.339   0.010  -0.091  -0.142  -0.024   0.111  -0.113  -0.007  -0.070  -0.001  -0.110  -0.151  -0.050  -0.100  -0.267  -0.345  -0.210   0.072  -0.048   0.200   0.206  -0.104  -0.053  -0.110  -0.067  -0.326  -0.175   0.033   0.246  -0.013   0.023   0.043   0.162  -0.128  -0.056   0.208   0.086   0.016  -0.062   0.076  -0.070  -0.084   0.080  -0.129   0.037
  110920     0.172   0.039   0.059  -0.121  -0.139   0.034  -0.068   0.009  -0.182  -0.070  -0.234   0.019   0.019   0.024  -0.023  -0.016   0.038   0.127   0.135  -0.290  -0.005  -0.075  -0.074  -0.211  -0.014   0.093  -0.077   0.093  -0.065  -0.038   0.172   0.006   0.266   0.220  -0.158   0.032   0.079   0.301  -0.053  -0.101   0.122   0.037  -0.016  -0.215  -0.048  -0.184   0.338   0.165   0.020  -0.012  -0.080
  112206     0.063   0.332   0.060  -0.071   0.008  -0.137   0.138   0.258  -0.164  -0.156   0.104   0.208   0.174  -0.055   0.234  -0.035  -0.036   0.020   0.231  -0.052   0.149  -0.167   0.436   0.026  -0.181   0.126   0.049  -0.040   0.156  -0.091  -0.002   0.028   0.014  -0.019   0.203  -0.052   0.200  -0.105  -0.144   0.031  -0.025  -0.039  -0.156  -0.009  -0.107  -0.001   0.020  -0.175  -0.069  -0.042   0.016
  121379     0.159   0.124   0.016  -0.123   0.166   0.062  -0.014  -0.142  -0.093  -0.045  -0.142   0.128   0.133  -0.204  -0.099   0.120  -0.156  -0.120  -0.172   0.228  -0.084  -0.162   0.127   0.060  -0.137  -0.026  -0.111   0.252  -0.115   0.001   0.130   0.243   0.143   0.021  -0.238  -0.194  -0.018  -0.020   0.115  -0.093  -0.015  -0.034   0.142   0.080   0.176  -0.045  -0.083  -0.236   0.335  -0.166   0.035
  130991     0.168   0.042   0.035  -0.217   0.061  -0.012  -0.017   0.120   0.042   0.149  -0.125  -0.053  -0.037  -0.013  -0.021  -0.152   0.050  -0.150   0.109   0.093   0.220   0.226   0.046   0.049   0.172  -0.003   0.036  -0.267   0.042  -0.089  -0.221  -0.031  -0.237   0.065  -0.059  -0.016  -0.088  -0.065   0.011  -0.170   0.253   0.095  -0.178  -0.257   0.044  -0.102   0.024  -0.062   0.481   0.004  -0.019
  131009     0.154   0.105   0.118  -0.109  -0.008  -0.072  -0.056  -0.211   0.147  -0.109  -0.089  -0.307  -0.113   0.216   0.204  -0.076   0.083  -0.179  -0.150   0.164  -0.022   0.103   0.086  -0.286  -0.013  -0.043   0.088   0.269   0.032  -0.235  -0.073   0.056   0.251  -0.036   0.175   0.025  -0.041  -0.095  -0.073  -0.193   0.056  -0.051   0.017  -0.146  -0.236   0.041  -0.107   0.018  -0.129  -0.128  -0.067
  132232    -0.107  -0.143   0.303  -0.041  -0.060   0.011   0.174   0.003   0.029   0.049   0.079   0.070   0.152   0.232  -0.123  -0.148  -0.199  -0.201  -0.009   0.016   0.148  -0.009   0.020   0.119   0.249   0.305   0.059   0.152   0.236  -0.126  -0.009   0.059   0.035   0.123  -0.205  -0.073   0.266   0.164  -0.097  -0.090  -0.068   0.074   0.096   0.159   0.039   0.136  -0.146   0.238   0.039   0.063  -0.086
  132250    -0.044   0.139   0.336  -0.103  -0.061   0.042   0.085  -0.150   0.233   0.260   0.303   0.194  -0.078  -0.176  -0.212   0.143  -0.106  -0.087  -0.114  -0.147  -0.235   0.065   0.219  -0.151  -0.168  -0.020  -0.055  -0.189  -0.060  -0.118   0.105  -0.010  -0.053  -0.105  -0.065  -0.103  -0.144  -0.038  -0.123  -0.011   0.183   0.042   0.026  -0.116  -0.056   0.013   0.137   0.122  -0.098   0.083  -0.123
  132396     0.113   0.057  -0.088   0.342   0.089  -0.064   0.152   0.120   0.024  -0.139   0.279   0.157  -0.194   0.322  -0.044   0.147  -0.137   0.082  -0.200  -0.079   0.101  -0.057  -0.007  -0.098   0.191   0.030  -0.091   0.109  -0.082   0.118  -0.085  -0.165   0.134  -0.055  -0.131  -0.118  -0.084  -0.056  -0.031  -0.084  -0.127   0.067  -0.125  -0.231  -0.055   0.165   0.229  -0.118   0.218  -0.067   0.019
  132542     0.148  -0.230   0.031  -0.081   0.031   0.073  -0.054   0.017   0.191   0.106   0.012   0.194   0.115   0.120   0.010   0.036  -0.138   0.174   0.212   0.025   0.032  -0.148   0.041  -0.282  -0.015  -0.025   0.048   0.068   0.205   0.094  -0.277   0.019   0.011   0.105   0.155  -0.069  -0.150  -0.167   0.283   0.168   0.001  -0.208   0.088   0.122   0.092  -0.102   0.141   0.167   0.052  -0.243  -0.249
  140733     0.181  -0.014  -0.025  -0.102   0.102  -0.147  -0.044  -0.009  -0.041  -0.027  -0.023  -0.037  -0.006  -0.048   0.030  -0.031  -0.074  -0.094  -0.143   0.168   0.051   0.006   0.254   0.006   0.216  -0.028  -0.122  -0.088  -0.231   0.314   0.004  -0.147  -0.099  -0.139   0.031  -0.089   0.057   0.414  -0.047   0.312   0.065   0.063  -0.045   0.118  -0.265  -0.081  -0.051   0.207  -0.068  -0.252  -0.111
  140736     0.059   0.282   0.118   0.069   0.207  -0.220  -0.212  -0.074   0.294  -0.142  -0.136  -0.176  -0.118  -0.007  -0.082  -0.121   0.028   0.255   0.138  -0.048  -0.159  -0.183   0.124   0.079   0.214  -0.087   0.039  -0.086   0.195   0.036  -0.013  -0.149   0.128  -0.112  -0.188  -0.081  -0.051   0.023  -0.125  -0.053   0.038  -0.151  -0.062   0.258   0.183   0.046  -0.011   0.022   0.059   0.202  -0.049
  140761     0.149   0.075   0.081  -0.106  -0.147  -0.240   0.099  -0.041   0.056  -0.223  -0.086  -0.077  -0.118  -0.218  -0.075   0.268  -0.202   0.144  -0.275   0.094   0.342   0.199  -0.110  -0.060  -0.177   0.083  -0.060  -0.066   0.268  -0.085   0.076  -0.110  -0.064   0.134   0.040   0.138  -0.140  -0.023  -0.019   0.106  -0.244   0.077  -0.078   0.091   0.124  -0.033  -0.028   0.133   0.016  -0.006   0.006
  140931     0.169   0.045   0.024  -0.040  -0.032  -0.031  -0.093  -0.208   0.148  -0.106   0.311   0.059   0.279  -0.060  -0.137   0.060   0.288  -0.153   0.143   0.057  -0.005   0.008  -0.002   0.145   0.189   0.042  -0.178  -0.066  -0.059  -0.011  -0.014  -0.019   0.209  -0.026  -0.064   0.486   0.092  -0.136   0.130  -0.028  -0.188   0.132  -0.116   0.048  -0.004  -0.155   0.111  -0.014  -0.010  -0.099  -0.034
  140934     0.184  -0.040  -0.108  -0.098   0.004   0.057  -0.027  -0.030   0.033  -0.094  -0.022   0.008   0.025   0.034  -0.078   0.027   0.077  -0.022   0.011  -0.013  -0.040   0.059   0.096  -0.073   0.010   0.095  -0.024  -0.018   0.150   0.163  -0.024   0.096   0.008  -0.292   0.243   0.002   0.103   0.202  -0.022   0.110  -0.192   0.122   0.328  -0.370   0.277   0.076  -0.071  -0.135   0.037   0.365  -0.280
  142575     0.152  -0.002  -0.155   0.109  -0.215  -0.066   0.071   0.085   0.067   0.031   0.295  -0.096   0.076   0.001  -0.251  -0.035  -0.085  -0.069   0.114   0.131  -0.088  -0.138  -0.022   0.055   0.158  -0.094   0.018   0.124   0.066  -0.035   0.198   0.020   0.044   0.295   0.224  -0.162  -0.266   0.136  -0.066   0.014   0.091  -0.101  -0.174  -0.146   0.043  -0.236  -0.342  -0.083  -0.058   0.065  -0.002
  150951     0.164  -0.005   0.141   0.043   0.031   0.208   0.033   0.045  -0.017  -0.286  -0.134   0.090  -0.003   0.068  -0.169  -0.120  -0.139  -0.140  -0.139   0.071  -0.007  -0.067  -0.161   0.171  -0.130  -0.231  -0.344   0.025   0.115   0.125  -0.075  -0.071  -0.088  -0.065   0.071  -0.016   0.281  -0.175   0.043  -0.046   0.261  -0.184  -0.196  -0.135   0.062  -0.086   0.048   0.143  -0.226   0.129   0.010
  152490    -0.013   0.308   0.119   0.065  -0.315   0.151   0.069   0.084   0.162  -0.198   0.102   0.077   0.177  -0.107   0.150  -0.092  -0.173   0.110  -0.001   0.028   0.026   0.087  -0.183  -0.026   0.134  -0.047   0.105   0.048  -0.132   0.072  -0.051   0.212  -0.049  -0.266   0.106   0.211  -0.107   0.201   0.120  -0.060   0.176  -0.188   0.109   0.026  -0.019   0.217  -0.027   0.106   0.180  -0.055   0.120
  152645     0.061  -0.136   0.221   0.265  -0.195   0.091  -0.039  -0.241   0.072  -0.075  -0.105   0.315  -0.164  -0.223   0.230  -0.104   0.325  -0.011   0.106   0.030   0.219  -0.107  -0.041   0.010   0.036   0.170  -0.137   0.098  -0.096  -0.081  -0.115  -0.039  -0.051  -0.096  -0.099  -0.214  -0.157  -0.004  -0.181   0.129  -0.094  -0.084  -0.035  -0.096   0.018  -0.143  -0.178   0.016   0.010   0.034   0.040
  152656     0.168  -0.152   0.000   0.109  -0.006  -0.106   0.111   0.000   0.099   0.056  -0.043   0.018  -0.154   0.035  -0.148   0.045   0.013  -0.157   0.114  -0.273   0.124   0.036  -0.039  -0.214  -0.163  -0.055  -0.016  -0.095  -0.169  -0.011   0.075   0.096   0.293  -0.115   0.252  -0.008   0.243   0.006   0.070   0.111   0.120   0.024  -0.109   0.335  -0.041  -0.006  -0.188   0.022   0.319   0.185   0.188
  160935     0.149   0.080  -0.012   0.139   0.254  -0.063  -0.109  -0.050   0.182  -0.021   0.173  -0.149  -0.038   0.242   0.129   0.069  -0.101  -0.086   0.100  -0.025   0.111  -0.239  -0.176   0.001  -0.333   0.159  -0.035  -0.060  -0.010   0.060  -0.012   0.292  -0.292   0.105  -0.212   0.232  -0.027   0.084  -0.194   0.138   0.141   0.016   0.171  -0.052  -0.088  -0.134  -0.062  -0.006   0.012   0.025   0.020
  162566     0.054   0.323  -0.008   0.210  -0.205  -0.043   0.093   0.067  -0.154   0.074  -0.240  -0.029  -0.085   0.125  -0.099  -0.056  -0.127  -0.172   0.124   0.040   0.089   0.046   0.075  -0.163   0.132   0.171  -0.122  -0.259  -0.203   0.083  -0.035  -0.017   0.098   0.096  -0.154   0.053  -0.124  -0.229   0.205   0.045   0.070   0.047   0.260   0.060   0.153  -0.008  -0.141  -0.079  -0.300  -0.003  -0.092
  171167     0.081  -0.028   0.260   0.023   0.250   0.343  -0.087   0.160   0.155  -0.238   0.108  -0.063  -0.039  -0.166  -0.007  -0.125  -0.130   0.092   0.103   0.035  -0.041   0.300   0.028   0.025  -0.054  -0.034   0.118  -0.100  -0.216   0.084  -0.148  -0.005   0.190   0.397   0.000  -0.113   0.043   0.006   0.000   0.093  -0.222   0.096   0.092  -0.035  -0.141   0.019  -0.063  -0.096  -0.058   0.093   0.060
  182130     0.130   0.062  -0.033  -0.202  -0.306  -0.229  -0.025  -0.064   0.135   0.157   0.055  -0.079  -0.080   0.009   0.090  -0.011  -0.103   0.079   0.114   0.117  -0.090   0.045  -0.151   0.106   0.133  -0.032  -0.142   0.191  -0.195   0.018   0.036  -0.005  -0.148   0.106   0.008  -0.182   0.338  -0.343  -0.123   0.231  -0.072  -0.045   0.165   0.004  -0.127   0.099   0.195  -0.080   0.097   0.126  -0.010
  190830     0.094   0.225  -0.070   0.263  -0.209   0.049  -0.044  -0.156   0.072   0.183  -0.075   0.255  -0.077   0.106   0.173   0.013   0.120   0.071  -0.030   0.073  -0.110   0.136   0.083   0.074  -0.182  -0.314   0.070   0.035   0.227   0.146   0.011   0.000  -0.053   0.286  -0.085   0.059   0.195   0.171   0.144  -0.053   0.004   0.263  -0.099   0.059  -0.076   0.102  -0.137   0.022   0.086   0.013  -0.212
  70228A     0.183  -0.078  -0.003   0.049  -0.110   0.049   0.145   0.047  -0.027  -0.061  -0.013  -0.078   0.106   0.000   0.053   0.003   0.011   0.125   0.055   0.073  -0.010   0.033  -0.022   0.012   0.002   0.028  -0.228  -0.028  -0.017  -0.070   0.013   0.033  -0.177   0.016   0.086  -0.103  -0.193   0.192  -0.003  -0.354  -0.034   0.042   0.129   0.379  -0.228  -0.159   0.282  -0.183  -0.028   0.283  -0.093
  32177A     0.142   0.098   0.068   0.098   0.125   0.324  -0.196  -0.017  -0.196   0.162  -0.014   0.045   0.066   0.034   0.017   0.233   0.057  -0.247  -0.105   0.221   0.181  -0.144  -0.098  -0.179   0.217  -0.114   0.169  -0.139   0.087  -0.052   0.116   0.053  -0.028  -0.029   0.099  -0.035  -0.025  -0.091  -0.149   0.042  -0.099  -0.075  -0.085   0.191  -0.119   0.139   0.155   0.000  -0.023   0.216  -0.085
  182024A    0.130   0.028   0.010   0.039   0.012   0.091   0.168   0.362   0.514   0.232  -0.343   0.016   0.214  -0.026  -0.115   0.005   0.209  -0.016  -0.225  -0.015   0.025  -0.105  -0.021   0.021  -0.065   0.193   0.135   0.186  -0.091   0.092   0.086  -0.154  -0.043  -0.009   0.012   0.086   0.013  -0.014  -0.068   0.019  -0.010   0.062  -0.064  -0.002  -0.016   0.018   0.046  -0.150  -0.121  -0.055   0.029
  190807A    0.119   0.180   0.032  -0.248   0.129   0.120  -0.057   0.233   0.026   0.054   0.052   0.234  -0.250   0.283   0.174   0.041   0.050   0.042   0.023  -0.112   0.011   0.140  -0.122   0.183   0.111  -0.142  -0.042   0.077  -0.181  -0.163   0.223   0.092  -0.030  -0.063   0.137  -0.018  -0.078   0.006  -0.125  -0.043  -0.133   0.091   0.031   0.152   0.341  -0.195  -0.075   0.162  -0.091  -0.148  -0.037
  112440A    0.160  -0.172   0.116  -0.033  -0.040   0.065  -0.062   0.154  -0.064  -0.064  -0.086   0.079  -0.118   0.066  -0.179  -0.174   0.013  -0.017   0.199  -0.045  -0.002   0.071   0.109  -0.035   0.029  -0.224  -0.080   0.068   0.247  -0.130   0.402  -0.064  -0.115  -0.097  -0.200   0.222  -0.175  -0.020   0.026   0.236  -0.058  -0.081   0.155  -0.057  -0.247   0.243  -0.031  -0.171   0.047  -0.117   0.126
  152651A    0.108   0.037   0.142   0.250   0.162  -0.335   0.093  -0.129  -0.152  -0.072  -0.016   0.110   0.170   0.110  -0.244  -0.117   0.144  -0.126   0.005  -0.107   0.014   0.336   0.009   0.095  -0.128  -0.125   0.295   0.164  -0.101   0.031  -0.043  -0.051  -0.210  -0.047   0.082  -0.074  -0.046  -0.039  -0.006  -0.080  -0.075  -0.175   0.205   0.046   0.006  -0.154   0.126   0.032  -0.014  -0.055  -0.054
  182686     0.161  -0.046  -0.153   0.058   0.094   0.083   0.188  -0.040  -0.136  -0.018  -0.110   0.065  -0.076  -0.232   0.108   0.114  -0.144  -0.086  -0.094  -0.270  -0.242  -0.025   0.183   0.013   0.249  -0.027   0.043   0.223  -0.055  -0.105  -0.235  -0.080  -0.116   0.221   0.038   0.407  -0.044  -0.079  -0.248   0.077   0.082  -0.108   0.065   0.059   0.039   0.014  -0.076   0.081   0.074   0.143  -0.053
