  year  #   1       2       3
  1950   2.384  -1.768   1.129
  1951   2.780  -1.768   1.846
  1952   1.842  -2.249  -0.008
  1953   1.738  -1.873   0.169
  1954   1.064  -1.618  -0.314
  1955   0.945  -1.014  -0.783
  1956   1.167   0.611   0.002
  1957   1.359   1.023   0.633
  1958   1.621   2.358   1.894
  1959   0.816   0.365  -0.681
  1960   0.747   0.770  -0.095
  1961   0.765   0.920  -0.129
  1962   0.561   0.816   0.058
  1963   0.674   0.693  -0.170
  1964   0.332   0.372  -0.909
  1965   0.218   0.261  -0.947
  1966   0.010  -0.416  -1.716
  1967   0.024   0.240  -1.067
  1968   0.793   1.858   0.437
  1969   0.533   1.183  -0.231
  1970   0.504   2.184   0.370
  1971  -0.048   0.624  -1.007
  1972  -0.236   0.407  -1.563
  1973  -0.263  -0.230  -2.212
  1974  -0.175   0.123  -2.027
  1975   0.052   1.387  -1.077
  1976  -0.051   1.279  -1.001
  1977  -0.225  -0.969  -1.826
  1978   0.333   0.978   0.011
  1979  -0.027   0.655  -0.737
  1980  -0.672  -0.950  -0.846
  1981  -0.802  -0.960   0.238
  1982  -0.968  -0.525   1.132
  1983  -0.819  -0.783   1.167
  1984  -1.018  -0.425   1.193
  1985  -1.492  -0.438   0.881
  1986  -1.024   0.327   1.614
  1987  -0.933  -0.078   1.029
  1988  -1.021  -0.702   0.093
  1989  -1.035  -0.320   0.649
  1990  -0.973   0.459   1.489
  1991  -1.085  -0.730   0.051
  1992  -1.012   0.021   0.529
  1993  -0.827  -0.089   0.973
  1994  -0.869   0.119   1.280
  1995  -0.997   0.480   0.960
  1996  -0.931   0.039   0.636
  1997  -1.120  -1.127  -1.052
  1998  -0.702   0.013   0.192
  1999  -0.964  -0.691  -0.313
  2000  -0.971  -0.843   0.055
