 % variance  0.432   0.124   0.104
 cumulative  0.432   0.557   0.660
 series_id   #  1       2       3
  22371     -0.601   0.323   0.438
  32368      0.561   0.487   0.201
  32498      0.823   0.014   0.375
  40533      0.561   0.353   0.490
  42248      0.866   0.150   0.230
  42283      0.742   0.303   0.078
  52403      0.838   0.114  -0.059
  80046      0.899   0.240   0.043
  80148      0.354  -0.165   0.584
  80159      0.858  -0.225   0.254
  80576      0.288   0.236   0.604
  82434      0.823  -0.130   0.197
  90084      0.657   0.263   0.163
  90104      0.890  -0.028   0.073
  90634      0.650   0.503  -0.438
  90650     -0.013   0.419   0.154
  91499     -0.204  -0.232   0.796
  101123     0.836   0.248   0.053
  101215     0.837  -0.024   0.211
  102238     0.860   0.015   0.044
  110819     0.557   0.342   0.478
  110920     0.753   0.351   0.256
  112206     0.112   0.806  -0.075
  121379     0.682   0.484   0.094
  130991     0.746   0.336   0.204
  131009     0.605   0.497   0.303
  132232    -0.619  -0.260   0.594
  132250    -0.466   0.427   0.505
  132396     0.554   0.218  -0.103
  132542     0.776  -0.253   0.385
  140733     0.868   0.203   0.143
  140736     0.082   0.731   0.074
  140761     0.615   0.405   0.249
  140931     0.756   0.338   0.181
  140934     0.941   0.104   0.002
  142575     0.802   0.110  -0.150
  150951     0.686   0.298   0.443
  152490    -0.267   0.688  -0.016
  152645     0.214  -0.064   0.596
  152656     0.852  -0.084   0.284
  160935     0.671   0.362   0.064
  162566     0.114   0.734  -0.210
  171167     0.240   0.210   0.609
  182130     0.602   0.287   0.019
  190830     0.380   0.549  -0.215
  70228A     0.893   0.089   0.237
  32177A     0.580   0.436   0.199
  182024A    0.592   0.242   0.127
  190807A    0.461   0.553   0.044
  112440A    0.754  -0.065   0.517
  152651A    0.404   0.307   0.355
  182686     0.863   0.034  -0.105
