fagr_drop_subcanopy.rwl -- no data title --               1st itrdb line missing     
fagr_drop_subcanopy.rwl -- no data title --               2nd itrdb line missing     
fagr_drop_subcanopy.rwl -- no data title --               3rd itrdb line missing     
fagr_d1920 999  11578  21627  2 897  21104  21006  2 794  21407  21845  31827  3  trn
fagr_d19301629  42018  41706  41682  51489  51699  51910  61695  61413  61395  6  trn
fagr_d19401691  71702  71785  81331  81443 101900 101789 111638 111515 131520 13  trn
fagr_d19501467 151296 181121 201153 221223 291190 301451 301455 301521 331318 36  trn
fagr_d19601540 391376 411270 441317 471133 511209 51 981 521499 541641 551855 58  trn
fagr_d19701542 591615 621715 621580 631461 651361 671676 671488 691678 691509 71  trn
fagr_d19802554 712348 712289 711984 721959 721956 721989 721762 721788 721620 72  trn
fagr_d19901879 721488 721866 722083 722122 721802 722063 722087 721910 721583 72  trn
fagr_d20002326 722179 712011 702276 692011 692018 691980 672114 652134 602326 56  trn
fagr_d20109990  09990  09990  09990  09990  09990  09990  09990  09990  09990  0  trn
fagr_drop_subcanopy.rwl -- no data title --               1st itrdb line missing     
fagr_drop_subcanopy.rwl -- no data title --               2nd itrdb line missing     
fagr_drop_subcanopy.rwl -- no data title --               3rd itrdb line missing     
fagr_d19201089  11165  21173  2 851  2 949  2 903  2 789  21072  2 978  31088  3  std
fagr_d1930 792  4 995  4 837  41144  5 844  5 960  51117  61031  61009  6 945  6  std
fagr_d1940 987  7 967  71061  8 844  8 911 101143 101184 111037 111095 131094 13  std
fagr_d19501039 15 915 18 868 20 918 22 950 29 935 301066 301049 301180 33 991 36  std
fagr_d19601103 391036 41 931 44 969 47 813 51 908 51 659 521044 541106 551190 58  std
fagr_d1970 998 59 995 621045 62 956 63 830 65 716 67 977 67 880 69 972 69 754 71  std
fagr_d19801402 711276 711267 711048 721048 721033 721030 72 912 72 905 72 764 72  std
fagr_d1990 968 72 666 72 963 721087 721128 72 894 721065 721072 72 944 72 707 72  std
fagr_d20001201 721100 71 996 701097 69 939 69 940 69 925 671027 65 959 601093 56  std
fagr_d20109990  09990  09990  09990  09990  09990  09990  09990  09990  09990  0  std
fagr_drop_subcanopy.rwl -- no data title --               1st itrdb line missing     
fagr_drop_subcanopy.rwl -- no data title --               2nd itrdb line missing     
fagr_drop_subcanopy.rwl -- no data title --               3rd itrdb line missing     
fagr_d1920 916  1 850  2 852  21219  21020  21065  21170  2 870  21027  3 898  3  res
fagr_d19301190  4 984  41139  4 799  51177  5 994  5 868  6 960  6 974  61042  6  res
fagr_d19401016  71010  7 923  81207  81081 10 808 10 823 11 983 11 898 13 900 13  res
fagr_d1950 960 151069 181104 201060 221029 291053 30 901 30 961 30 844 331059 36  res
fagr_d1960 913 39 975 411081 441000 471161 511050 511292 52 904 54 876 55 787 58  res
fagr_d19701036 591001 62 957 621037 631143 651223 67 963 671078 69 994 691212 71  res
fagr_d1980 590 71 768 71 786 711008 72 978 72 971 72 969 721086 721064 721190 72  res
fagr_d1990 983 721294 72 991 72 871 72 867 721120 72 903 72 906 721062 721276 72  res
fagr_d2000 776 72 899 711013 70 899 691064 691043 691036 67 947 651036 60 892 56  res
fagr_d20109990  09990  09990  09990  09990  09990  09990  09990  09990  09990  0  res
fagr_drop_subcanopy.rwl -- no data title --               1st itrdb line missing     
fagr_drop_subcanopy.rwl -- no data title --               2nd itrdb line missing     
fagr_drop_subcanopy.rwl -- no data title --               3rd itrdb line missing     
fagr_d1920 909  1 825  2 803  21164  21068  21086  21196  2 927  21007  3 901  3  ars
fagr_d19301162  41031  41149  4 843  51133  51033  5 878  6 926  6 954  61030  6  ars
fagr_d19401026  71019  7 929  81188  81136 10 848 10 780 11 921 11 877 13 866 13  ars
fagr_d1950 923 151048 181119 201095 221058 291071 30 923 30 940 30 828 331011 36  ars
fagr_d1960 917 39 952 411068 441020 471168 511099 511321 52 997 54 876 55 753 58  ars
fagr_d1970 966 59 993 62 956 621026 631152 651268 671041 671091 691021 691219 71  ars
fagr_d1980 654 71 670 71 692 71 921 72 956 72 960 72 959 721075 721087 721216 72  ars
fagr_d19901046 721308 721081 72 895 72 838 721075 72 925 72 886 721030 721286 72  ars
fagr_d2000 859 72 860 71 974 70 893 691034 691054 691053 67 963 651026 60 900 56  ars
fagr_d20109990  09990  09990  09990  09990  09990  09990  09990  09990  09990  0  ars
