  year  #   1       2       3       4       5       6       7       8       9      10      11      12      13      14      15
  1950   0.416   1.318  -1.925   0.508  -0.797   1.049  -0.346   0.700   0.745   0.632  -0.416   0.884  -0.397  -0.171   0.439
  1951  -1.012   0.857  -2.285   0.007   0.173  -0.513   0.319   0.510  -0.313  -0.539   0.168  -1.019  -0.646   0.141  -0.573
  1952  -1.803  -0.534  -2.257  -0.040  -0.463   0.241  -0.287  -0.059  -0.304   0.818   0.252  -0.229   0.549   0.093  -0.437
  1953   0.372   0.059   0.427  -1.695   1.696   1.257  -0.553   0.762  -1.391  -0.008   0.597  -0.603   0.156  -0.053   0.979
  1954  -0.418  -0.355   2.037   2.743  -0.046  -1.086   0.106   1.094   1.279   0.052  -0.938   0.022   0.051  -0.704   0.263
  1955  -2.013  -0.344  -1.177  -0.284   0.307  -1.183  -1.340  -2.074  -0.366  -1.021  -0.884  -0.085   0.335  -0.415   0.410
  1956   1.807  -2.730  -0.635  -1.015  -0.647  -0.162   0.696  -0.467  -0.181   0.665  -0.107  -0.035   0.308  -0.676  -0.012
  1957   0.086  -2.304   1.195   2.152  -1.799   1.632   0.679  -1.936   0.679  -0.246   1.037  -0.608  -0.440   0.592  -0.032
  1958   2.589  -1.262   1.302   0.113   0.358   0.660   0.539   0.851  -0.127   0.805   0.808  -0.040   0.110   0.206   0.004
  1959  -1.575  -1.129   0.581  -0.998   1.045  -0.276   0.149  -0.098  -0.604   0.125  -0.996  -0.586   0.214  -0.382  -0.022
  1960   1.065   0.467   0.088  -1.113  -1.252   1.386  -1.028   0.739   0.703  -0.660   0.227   1.450   0.500   0.145   0.134
  1961   0.260  -0.829  -0.254  -0.093   0.351  -1.152   0.301   0.436   0.495   0.576  -0.259  -0.387   0.198   0.106   0.889
  1962  -0.619   0.165   1.590   0.204  -0.360  -0.306   0.377  -0.106   0.723  -0.404   0.241  -0.287   0.838  -0.104  -0.147
  1963   0.288  -0.109   2.109  -0.295  -0.866  -0.040   0.830   0.251   0.426   0.407  -0.328  -0.756  -0.052   0.403   0.595
  1964  -3.310  -0.861   1.068  -0.844   0.565  -0.567  -0.267  -1.106  -0.646   0.745  -0.019   0.835  -0.576  -0.188  -0.099
  1965  -0.542  -0.319   0.814   0.328   0.418   0.068   0.001  -0.398  -0.837   0.116   0.072   0.199  -0.423   0.221   0.096
  1966  -3.824  -0.889   0.294  -0.700   0.370  -0.376  -1.514   0.752   0.179  -0.418   1.806  -0.392  -0.354   0.092  -0.065
  1967   2.510  -1.191   0.286   0.980  -0.721  -0.337  -0.981   0.900   0.558  -1.494  -1.033  -0.330  -0.188   0.102  -0.254
  1968   1.011   1.935  -0.426   0.695   0.702  -1.182   0.808   0.330  -1.087   0.399   0.484   0.248  -0.232   0.154  -0.192
  1969   3.056   2.584   0.439   0.760   1.725  -0.325   0.265  -1.083  -0.682  -0.175  -0.237   0.594   1.077   0.504  -0.565
  1970  -1.817   1.516  -0.333  -0.924  -0.453   0.458   1.874   0.297   0.806  -0.099   0.588   0.111   0.485   0.295  -0.204
  1971  -0.594  -0.525  -0.261  -0.916   0.735   0.281   1.567   0.606   0.746   0.168  -0.111  -0.303  -0.825  -0.353  -0.744
  1972  -0.574   2.072  -0.229   1.167   0.146   0.649   0.773   0.041   0.004  -0.143  -0.633  -0.106  -0.287   0.066  -0.014
  1973  -1.146   1.090  -0.027   0.044  -1.416   0.622   0.408  -0.124   0.320   0.222   0.215  -0.265   0.227  -0.674   0.593
  1974  -2.959   1.344  -1.274   0.347  -0.739   0.338   0.059  -0.878  -0.148  -0.185   0.222  -0.080   0.404  -0.208  -0.316
  1975  -3.213   1.036  -1.988   0.126  -0.146   0.485  -0.175   0.754   0.361   0.668  -0.726  -0.997   0.753   0.395   0.462
  1976   1.615   0.752  -1.126   1.496  -0.718  -0.014   0.037   0.361  -1.189  -0.524  -0.184   0.479   0.002   0.679   0.636
  1977  -0.107  -3.416  -0.941  -0.517   0.063  -0.152   0.357   0.349  -0.995  -0.094  -0.199   0.780   0.206  -0.354  -0.129
  1978  -0.325   2.747   1.385  -3.089  -0.766  -0.824  -0.603   0.063   0.550   0.201  -0.490  -0.685  -0.506   0.127  -0.707
  1979  -1.816   0.073  -0.581  -2.245  -1.120  -0.243   0.525  -0.957   0.743   0.589  -0.942   0.961  -0.726   0.343   0.295
  1980  10.069  -0.513  -1.156  -0.863  -0.245  -0.210   0.319  -0.736   0.969   0.541   0.130   0.137   0.350  -0.694  -0.244
  1981   2.600   1.152  -0.474   0.652  -0.062  -0.220  -0.749  -0.548  -0.416  -0.974   0.276  -0.182   0.065  -0.839   0.147
  1982   4.080  -0.025   0.101   0.155  -0.555   0.970  -0.700   1.563  -0.886   0.253  -0.596  -0.693  -0.466   0.357  -0.537
  1983   0.301  -0.931   0.210   0.984   0.134   0.805  -1.219  -0.281  -0.339   0.642  -0.195  -0.859  -0.108  -0.625  -0.371
  1984  -0.163   0.542   2.560   1.159  -1.172  -0.186  -0.897  -0.168  -1.442   1.131  -0.728   0.341   0.513   0.668  -0.483
  1985   1.367  -0.220   0.077  -0.331   1.019   0.232  -0.217   0.786   0.296  -0.329   0.570   1.209  -0.077   0.631  -0.150
  1986   1.262  -0.419  -0.086   0.846   1.194  -1.660  -0.083  -0.065   0.152  -0.045   0.976   0.164  -0.858  -0.133   0.105
  1987   0.219   0.643   0.135   0.011   0.767   0.106   0.755   1.281  -0.161  -0.234  -0.150   0.194   0.106  -0.932   0.162
  1988  -0.435  -1.090  -0.178  -0.006  -0.159  -0.543   0.201   0.375   0.192  -0.203   0.147   0.913   0.088   0.070  -0.257
  1989  -1.873   1.076   0.218   1.578   0.121   0.020   0.972   0.381  -0.491  -0.557   0.670   0.418   0.018  -0.775   0.051
  1990   1.630   0.884  -0.077   0.769   2.152   1.376  -0.752  -0.848   0.622   0.334  -0.706   0.224  -1.467   0.006   0.197
  1991  -4.097  -0.300   0.985  -0.180   1.488   0.500  -1.772   0.553   1.269   0.853   0.115   0.520   0.513  -0.011  -0.054
  1992   1.251  -1.528   0.197  -0.503   1.912  -0.380   0.214  -0.411   1.468  -1.209  -0.413  -0.331   0.874   0.818  -0.153
  1993   0.893   0.630  -0.131  -0.136   1.147   0.626   0.517  -1.337   0.452  -0.724   0.220  -0.449  -0.321   0.792   0.497
  1994  -0.043  -0.024  -0.595   0.770  -0.336  -2.638   0.482   0.022   0.095   1.473   0.518  -0.165   0.010   0.648   0.328
  1995  -2.865   0.667   1.247   0.070   0.626   1.409   0.939  -1.114  -0.417   0.374   0.051   0.076   0.327  -0.797  -0.281
  1996   0.092   0.225  -1.773   0.953  -0.452  -0.055  -1.732  -0.349   0.819   0.673   0.959  -0.360   0.314  -0.008  -0.366
  1997   0.996  -1.907  -0.804  -0.433  -0.780   0.520   0.048  -0.270  -1.163   0.252  -0.423   0.069  -0.196   0.496   0.060
  1998  -2.574   0.364   0.618   0.195  -1.965  -0.992  -0.409   0.015   0.062  -1.194   0.033   0.462  -0.656  -0.174  -0.100
  1999  -3.754  -1.787  -0.633  -0.216   0.086   0.358   0.958   0.798  -0.734  -1.444  -0.440  -0.061   0.123   0.366  -0.259
  2000   3.640   1.342   1.665  -2.375  -1.270  -0.423  -0.452  -0.160  -0.795  -0.789   0.770  -0.395   0.087  -0.245   0.425
