  year  #   1
  1950   0.308
  1951  -0.284
  1952  -0.801
  1953  -0.170
  1954  -0.236
  1955  -0.839
  1956   0.311
  1957   0.213
  1958   1.127
  1959  -0.010
  1960   0.499
  1961   0.306
  1962  -0.042
  1963   0.084
  1964  -1.148
  1965  -0.644
  1966  -1.638
  1967   0.271
  1968   0.484
  1969   1.244
  1970  -0.234
  1971  -0.403
  1972  -0.420
  1973  -0.667
  1974  -1.424
  1975  -1.869
  1976  -0.272
  1977  -0.241
  1978  -0.170
  1979  -0.706
  1980   3.338
  1981   2.359
  1982   2.451
  1983   1.175
  1984   0.562
  1985   0.804
  1986   0.814
  1987   0.476
  1988   0.031
  1989  -0.634
  1990   0.207
  1991  -1.436
  1992  -0.148
  1993   0.221
  1994   0.023
  1995  -0.988
  1996  -0.436
  1997   0.202
  1998  -0.730
  1999  -1.611
  2000   0.693
