qual_drop_subcanopy.rwl -- no data title --               1st itrdb line missing     
qual_drop_subcanopy.rwl -- no data title --               2nd itrdb line missing     
qual_drop_subcanopy.rwl -- no data title --               3rd itrdb line missing     
qual_d18399990  09990  09990  09990  09990  09990  09990  09990  09990  0   0  1  err
qual_d1840   0  1   0  1   0  1   0  1   0  1   0  1   0  1   0  1   0  1   0  1  err
qual_d1850   0  1   0  1   0  1   0  1   0  1   0  1   0  1   0  1   0  1   0  1  err
qual_d1860   0  1   0  1   0  1   0  1   0  1   0  1   0  1   0  1   0  1   0  1  err
qual_d18702438  22617  21569  31717  31731  31709  31862  31243  31933  31885  3  err
qual_d18801688  31000  3 284  3 327  3 216  3  58  3  27  3 371  3  97  3 284  3  err
qual_d1890 327  3 592  3 409  3 106  3  84  3 207  4 509  5 673  5 511  5 286  5  err
qual_d1900 375  5 299  5 251  5 572  5 233  5 705  5 380  6 385  7 411  7 731  7  err
qual_d1910 554  8 455  8 357  8 382  8 383  9 250  9 322 11 377 12 284 13 294 13  err
qual_d1920 352 13 333 15 359 16 311 16 283 17 261 17 274 17 259 18 241 18 235 18  err
qual_d1930 200 18 221 19 158 19 159 20 155 20  87 20  84 20  87 20 122 20 150 20  err
qual_d1940 137 20 189 20 175 20 195 20 174 20 165 20 184 20 165 20 209 20 211 20  err
qual_d1950 212 20 202 20 183 20 171 21 181 21 172 21 189 21 161 21 237 21 225 21  err
qual_d1960  94 21 180 21 167 21 177 21 168 21 151 21 171 21 126 21 217 21 202 21  err
qual_d1970 182 21 194 21 171 21 184 21 179 21 183 21 175 21  89 21 190 21 204 21  err
qual_d1980 210 21 222 21 275 21 241 21 242 21 247 21 251 21 229 21 252 21 256 21  err
qual_d1990 298 21 246 21 245 21 244 21 271 21 256 21 242 21 246 21 241 21 226 21  err
qual_d2000 231 21 257 21 255 21 284 20 253 20 295 20 230 20 240 20 289 17 304 17  err
qual_d2010 142  2  66  2 113  2 122  2  57  2   0  1   0  1   0  19990  09990  0  err
qual_drop_subcanopy.rwl -- no data title --               1st itrdb line missing     
qual_drop_subcanopy.rwl -- no data title --               2nd itrdb line missing     
qual_drop_subcanopy.rwl -- no data title --               3rd itrdb line missing     
qual_d18399990  09990  09990  09990  09990  09990  09990  09990  09990  0   0  1  err
qual_d1840   0  1   0  1   0  1   0  1   0  1   0  1   0  1   0  1   0  1   0  1  err
qual_d1850   0  1   0  1   0  1   0  1   0  1   0  1   0  1   0  1   0  1   0  1  err
qual_d1860   0  1   0  1   0  1   0  1   0  1   0  1   0  1   0  1   0  1   0  1  err
qual_d1870  60  2 157  2 368  3  82  3 262  3 115  3 270  3  78  3 485  3 447  3  err
qual_d1880 379  3  98  3 363  3  53  3 243  3  97  3 174  3 228  3  24  3 232  3  err
qual_d1890 287  3  88  3 242  3 201  3  87  3 192  4  86  5  30  5 144  5  60  5  err
qual_d1900 102  5 141  5 145  5 166  5 152  5 281  5 101  6 159  7 122  7 169  7  err
qual_d1910 125  8 113  8  95  8 121  8 130  9 125  9  74 11 109 12 107 13  81 13  err
qual_d1920  88 13 106 15 106 16  53 16  87 17  72 17  71 17  78 18  66 18  76 18  err
qual_d1930  71 18  72 19  67 19  73 20  57 20  60 20  42 20  51 20  63 20  66 20  err
qual_d1940  58 20  68 20  56 20  70 20  73 20  64 20  57 20  50 20  76 20  83 20  err
qual_d1950  79 20  80 20  71 20  70 21  88 21  85 21  83 21  64 21  65 21  71 21  err
qual_d1960  75 21  64 21  41 21  49 21  49 21  38 21  48 21  48 21  72 21  64 21  err
qual_d1970  47 21  58 21  53 21  55 21  56 21  51 21  49 21  55 21  89 21  69 21  err
qual_d1980  61 21  52 21  54 21  53 21  22 21  63 21  45 21  27 21  65 21  69 21  err
qual_d1990  66 21  32 21  49 21  59 21  62 21  51 21  54 21  54 21  43 21  46 21  err
qual_d2000  42 21  51 21  43 21  43 20  47 20  44 20  35 20  50 20  34 17  34 17  err
qual_d2010 154  2 138  2 183  2 241  2 113  2   0  1   0  1   0  19990  09990  0  err
qual_drop_subcanopy.rwl -- no data title --               1st itrdb line missing     
qual_drop_subcanopy.rwl -- no data title --               2nd itrdb line missing     
qual_drop_subcanopy.rwl -- no data title --               3rd itrdb line missing     
qual_d18399990  09990  09990  09990  09990  09990  09990  09990  09990  0   0  1  err
qual_d1840   0  1   0  1   0  1   0  1   0  1   0  1   0  1   0  1   0  1   0  1  err
qual_d1850   0  1   0  1   0  1   0  1   0  1   0  1   0  1   0  1   0  1   0  1  err
qual_d1860   0  1   0  1   0  1   0  1   0  1   0  1   0  1   0  1   0  1   0  1  err
qual_d1870  34  2  75  2 248  3  29  3 180  3   4  3  35  3  77  3 101  3  21  3  err
qual_d1880  59  3 125  3  66  3 118  3 209  3  22  3  35  3 234  3 142  3  21  3  err
qual_d1890  17  3 152  3  72  3  20  3  60  3  77  4  69  5  37  5  58  5  39  5  err
qual_d1900  23  5  92  5  71  5 143  5  94  5 166  5  36  6  90  7  38  7  15  7  err
qual_d1910  58  8  98  8  75  8  62  8  84  9  78  9  69 11  98 12  70 13  60 13  err
qual_d1920  63 13  47 15  52 16  52 16  69 17  51 17  58 17  56 18  36 18  47 18  err
qual_d1930  44 18  41 19  52 19  47 20  34 20  32 20  37 20  41 20  42 20  38 20  err
qual_d1940  43 20  49 20  31 20  47 20  32 20  42 20  41 20  48 20  50 20  45 20  err
qual_d1950  60 20  41 20  33 20  35 21  56 21  51 21  42 21  31 21  43 21  57 21  err
qual_d1960  49 21  41 21  30 21  42 21  25 21  23 21  57 21  32 21  50 21  44 21  err
qual_d1970  32 21  43 21  33 21  41 21  40 21  27 21  28 21  46 21  64 21  56 21  err
qual_d1980  57 21  44 21  48 21  35 21  24 21  49 21  28 21  36 21  50 21  39 21  err
qual_d1990  37 21  35 21  44 21  45 21  40 21  41 21  53 21  47 21  41 21  32 21  err
qual_d2000  28 21  56 21  38 21  37 20  45 20  33 20  44 20  45 20  42 17  30 17  err
qual_d2010 211  2 225  2  75  2 119  2  81  2   0  1   0  1   0  19990  09990  0  err
qual_drop_subcanopy.rwl -- no data title --               1st itrdb line missing     
qual_drop_subcanopy.rwl -- no data title --               2nd itrdb line missing     
qual_drop_subcanopy.rwl -- no data title --               3rd itrdb line missing     
qual_d18399990  09990  09990  09990  09990  09990  09990  09990  09990  0   0  1  err
qual_d1840   0  1   0  1   0  1   0  1   0  1   0  1   0  1   0  1   0  1   0  1  err
qual_d1850   0  1   0  1   0  1   0  1   0  1   0  1   0  1   0  1   0  1   0  1  err
qual_d1860   0  1   0  1   0  1   0  1   0  1   0  1   0  1   0  1   0  1   0  1  err
qual_d1870  26  2  58  2 193  3  22  3 140  3   3  3  27  3  60  3  78  3  17  3  err
qual_d1880  46  3  97  3  51  3  92  3 163  3  17  3  27  3 182  3 111  3  16  3  err
qual_d1890  13  3 118  3  56  3  16  3  47  3  60  4  53  5  29  5  45  5  30  5  err
qual_d1900  18  5  72  5  55  5 111  5  73  5 129  5  28  6  70  7  29  7  12  7  err
qual_d1910  45  8  76  8  58  8  48  8  66  9  61  9  54 11  76 12  55 13  47 13  err
qual_d1920  49 13  36 15  40 16  40 16  54 17  40 17  45 17  44 18  28 18  37 18  err
qual_d1930  35 18  32 19  40 19  37 20  27 20  25 20  29 20  32 20  32 20  30 20  err
qual_d1940  33 20  38 20  24 20  37 20  25 20  33 20  32 20  37 20  39 20  35 20  err
qual_d1950  46 20  32 20  26 20  27 21  44 21  39 21  32 21  24 21  34 21  44 21  err
qual_d1960  38 21  32 21  23 21  32 21  19 21  18 21  44 21  25 21  39 21  34 21  err
qual_d1970  25 21  33 21  26 21  32 21  31 21  21 21  21 21  36 21  50 21  43 21  err
qual_d1980  44 21  34 21  37 21  27 21  19 21  38 21  21 21  28 21  39 21  30 21  err
qual_d1990  29 21  27 21  35 21  35 21  31 21  32 21  41 21  37 21  31 21  25 21  err
qual_d2000  22 21  43 21  29 21  29 20  35 20  26 20  34 20  35 20  32 17  24 17  err
qual_d2010 164  2 175  2  58  2  93  2  63  2   0  1   0  1   0  19990  09990  0  err
