qual_drop_subcanopy.rwl -- no data title --               1st itrdb line missing     
qual_drop_subcanopy.rwl -- no data title --               2nd itrdb line missing     
qual_drop_subcanopy.rwl -- no data title --               3rd itrdb line missing     
qual_d18399990  09990  09990  09990  09990  09990  09990  09990  09990  01204  1  trn
qual_d18401156  11284  11390  11250  11526  11192  11239  11228  11093  11093  1  trn
qual_d1850 925  11168  11012  1 969  1 863  1 779  1 743  1 585  1 517  1 360  1  trn
qual_d1860 540  1 156  1 563  1 540  1 299  1 442  1 540  1 195  1 563  1 299  1  trn
qual_d18702658  23030  23368  32660  32265  32487  32417  32502  32561  32619  3  trn
qual_d18802248  32997  33031  33109  32776  33057  33433  32810  32766  32720  3  trn
qual_d18902604  32611  32611  32318  31923  32358  42770  52791  52639  52464  5  trn
qual_d19002479  52772  52561  52975  52569  51764  51845  61910  72147  72512  7  trn
qual_d19102393  81512  82084  81908  82234  92092  92537 112803 122272 132532 13  trn
qual_d19202606 132269 152309 161913 162456 171960 172230 172183 182135 182039 18  trn
qual_d19301908 181958 191747 191769 201717 201585 201628 201714 201600 201400 20  trn
qual_d19401679 201899 201852 201556 201409 201573 201489 201113 201157 201166 20  trn
qual_d19501443 201356 201283 201276 211553 211672 211863 211831 212231 211722 21  trn
qual_d19601455 211628 211502 211463 211487 211612 211500 211713 211802 211655 21  trn
qual_d19701626 211480 211481 211435 211360 211339 211477 21 993 211526 211355 21  trn
qual_d19801411 211826 211717 211845 211800 211802 211731 211624 211758 211718 21  trn
qual_d19901805 211483 211566 211387 211457 211594 211034 211435 211405 211154 21  trn
qual_d20001258 211365 211464 211297 201371 201304 201151 201237 201308 171421 17  trn
qual_d2010 321  2 433  2 359  2 529  2 331  2 140  1 367  1 312  19990  09990  0  trn
qual_drop_subcanopy.rwl -- no data title --               1st itrdb line missing     
qual_drop_subcanopy.rwl -- no data title --               2nd itrdb line missing     
qual_drop_subcanopy.rwl -- no data title --               3rd itrdb line missing     
qual_d18399990  09990  09990  09990  09990  09990  09990  09990  09990  01133  1  std
qual_d18401112  11177  11235  11165  11317  11140  11168  11164  11093  11094  1  std
qual_d18501006  11137  11051  11027  1 970  1 925  1 904  1 825  1 791  1 720  1  std
qual_d1860 796  1 633  1 798  1 783  1 674  1 728  1 765  1 614  1 760  1 637  1  std
qual_d1870 681  2 818  2 921  3 863  3 773  3 855  3 824  3 856  3 879  3 903  3  std
qual_d1880 741  31092  3 872  31055  31115  31178  31386  31277  3 999  31235  3  std
qual_d18901237  31489  31191  3 943  31204  31032  4 896  5 992  5 876  5 788  5  std
qual_d1900 950  51051  51193  51225  51139  5 866  5 710  6 828  7 843  7 895  7  std
qual_d19101069  8 468  8 808  8 791  8 881  91182  91365 111363 12 862 131177 13  std
qual_d19201179 131075 151129 16 624 161248 17 795 171100 171181 181137 181090 18  std
qual_d1930 963 181045 19 970 191122 201020 20 964 201014 201159 201043 20 779 20  std
qual_d19401029 201050 201002 20 789 20 750 20 910 20 819 20 592 20 650 20 624 20  std
qual_d1950 812 20 728 20 720 20 703 21 934 211186 211261 211358 211546 211077 21  std
qual_d19601204 211128 21 951 21 932 21 912 211007 21 833 211238 211188 211042 21  std
qual_d19701049 21 836 21 889 21 797 21 743 21 735 21 872 21 570 211002 21 803 21  std
qual_d1980 982 211325 211116 211233 211195 211270 211117 21 946 211220 211244 21  std
qual_d19901388 21 827 21 937 21 744 21 900 211072 21 577 21 894 21 938 21 783 21  std
qual_d2000 925 211067 211138 211148 201019 20 863 20 866 20 933 20 885 17 976 17  std
qual_d2010 499  2 817  2 731  21202  2 760  2 490  11020  1 936  19990  09990  0  std
qual_drop_subcanopy.rwl -- no data title --               1st itrdb line missing     
qual_drop_subcanopy.rwl -- no data title --               2nd itrdb line missing     
qual_drop_subcanopy.rwl -- no data title --               3rd itrdb line missing     
qual_d18399990  09990  09990  09990  09990  09990  09990  09990  09990  01101  1  res
qual_d18401015  11140  11197  1 958  11268  1 866  1 965  11048  1 919  1 980  1  res
qual_d1850 884  11174  1 968  1 923  1 907  1 899  1 934  1 853  1 872  1 830  1  res
qual_d18601040  1 745  11133  11047  1 774  1 967  11053  1 741  11101  1 853  1  res
qual_d1870 863  21166  2 994  3 860  3 914  3 969  3 896  3 942  3 961  3 971  3  res
qual_d1880 827  3 814  31234  31180  31014  31081  31292  31129  3 936  3 975  3  res
qual_d1890 914  3 943  3 951  3 821  3 877  31086  41033  5 878  5 894  5 958  5  res
qual_d19001007  51219  51096  51077  5 912  5 745  5 805  6 987  7 956  71012  7  res
qual_d19101105  8 683  81062  8 993  81004  91197  91140 111032 12 752 131090 13  res
qual_d19201107 131033 151034 16 745 161104 17 850 171063 171113 181007 18 936 18  res
qual_d1930 938 181035 19 948 191075 20 970 20 986 201060 201099 20 927 20 819 20  res
qual_d19401144 201081 20 988 20 811 20 859 201061 20 914 20 700 20 920 20 897 20  res
qual_d19501068 20 910 20 868 20 899 211064 211275 211121 211111 211205 21 834 21  res
qual_d19601051 21 983 21 869 21 966 21 943 211027 21 866 211221 211082 21 915 21  res
qual_d19701033 21 819 21 978 21 883 21 890 21 925 211021 21 749 211212 21 900 21  res
qual_d19801100 211243 21 994 211093 211050 211073 21 971 21 912 211135 211114 21  res
qual_d19901089 21 808 211045 21 891 211025 211025 21 701 211061 211068 21 840 21  res
qual_d20001031 211069 211024 211003 20 967 20 921 20 961 201028 201015 171029 17  res
qual_d2010 800  21089  2 924  21161  2 877  2 751  11183  1 962  19990  09990  0  res
qual_drop_subcanopy.rwl -- no data title --               1st itrdb line missing     
qual_drop_subcanopy.rwl -- no data title --               2nd itrdb line missing     
qual_drop_subcanopy.rwl -- no data title --               3rd itrdb line missing     
qual_d18399990  09990  09990  09990  09990  09990  09990  09990  09990  01144  1  ars
qual_d18401109  11223  11326  11180  11401  11128  11113  11137  11023  11026  1  ars
qual_d1850 912  11141  11039  1 979  1 913  1 861  1 859  1 761  1 731  1 649  1  ars
qual_d1860 836  1 588  1 922  1 956  1 739  1 840  1 943  1 678  1 948  1 779  1  ars
qual_d1870 746  21017  2 974  3 858  3 847  3 878  3 816  3 838  3 859  3 884  3  ars
qual_d1880 745  3 661  31042  31155  31112  31172  31384  31357  31204  31155  3  ars
qual_d18901043  31003  3 972  3 813  3 783  3 960  4 990  5 876  5 837  5 865  5  ars
qual_d1900 924  51164  51176  51202  51061  5 818  5 723  6 830  7 834  7 913  7  ars
qual_d19101045  8 686  8 929  8 918  8 963  91170  91225 111186 12 902 131083 13  ars
qual_d19201141 131129 151134 16 847 161061 17 866 171018 171109 181077 181007 18  ars
qual_d1930 966 181030 19 969 191074 201015 201017 201082 201151 201032 20 871 20  ars
qual_d19401094 201118 201076 20 881 20 818 20 963 20 875 20 615 20 713 20 692 20  ars
qual_d1950 883 20 808 20 755 20 748 21 912 211194 211212 211256 211365 211091 21  ars
qual_d19601170 211098 21 962 21 975 21 935 211002 21 866 211159 211151 211034 21  ars
qual_d19701087 21 880 21 944 21 843 21 808 21 810 21 907 21 662 211045 21 880 21  ars
qual_d19801058 211251 211147 211216 211195 211216 211129 211029 211177 211215 21  ars
qual_d19901236 21 984 211088 21 946 211024 211040 21 724 21 945 211007 21 842 21  ars
qual_d2000 965 211036 211048 211045 201010 20 946 20 946 201003 201019 171050 17  ars
qual_d2010 837  21027  2 922  21133  2 946  2 747  11061  1 965  19990  09990  0  ars
