 % variance  0.307   0.262
 cumulative  0.307   0.569
 series_id   #  1       2
  50455     -0.429   0.491
  80540      0.386  -0.580
  90130      0.536  -0.620
  172168     0.600   0.376
  70602     -0.023   0.912
  122404     0.777  -0.510
  60210      0.658  -0.402
  112336     0.083   0.561
  142565     0.508  -0.539
  122211     0.128   0.715
  192029    -0.439   0.516
  60507      0.887  -0.174
  70601A     0.475   0.009
  90273      0.779  -0.191
  60060      0.917  -0.156
  60331     -0.107   0.816
  70535      0.748   0.308
  50234      0.776   0.086
  110870    -0.110   0.762
  62148     -0.017  -0.261
