  year  #   1       2
  1950  -0.603  -2.124
  1951  -0.831  -2.200
  1952  -0.863  -2.407
  1953  -0.741  -2.548
  1954   0.437  -1.742
  1955   1.370  -0.749
  1956   1.899  -0.191
  1957   2.146   0.364
  1958   2.535   0.687
  1959   1.420  -0.274
  1960   1.635   0.415
  1961   1.205   0.063
  1962   0.515  -0.841
  1963   0.468  -0.717
  1964   0.496  -0.930
  1965   0.735  -0.574
  1966   0.270  -0.673
  1967   1.070   0.182
  1968   0.900   0.251
  1969   0.807   0.190
  1970   0.593   0.138
  1971   0.186  -0.154
  1972   0.147  -0.025
  1973  -0.070  -0.384
  1974  -0.046  -0.370
  1975  -0.012  -0.552
  1976   0.145  -0.136
  1977  -0.406  -1.071
  1978   0.477  -0.158
  1979   0.107   0.049
  1980   0.147   0.957
  1981   0.376   1.249
  1982  -0.182   1.118
  1983   0.019   1.153
  1984  -0.020   1.150
  1985  -0.268   1.497
  1986  -0.424   1.102
  1987  -0.677   0.650
  1988  -0.678   1.354
  1989  -0.787   1.128
  1990  -0.449   1.561
  1991  -1.113   0.584
  1992  -0.937   0.865
  1993  -1.348   0.728
  1994  -1.270   0.728
  1995  -0.938   0.708
  1996  -1.911  -0.456
  1997  -1.264   0.580
  1998  -1.390   0.067
  1999  -1.627  -0.231
  2000  -1.252  -0.015
