  year  #   1       2       3       4       5       6       7       8       9      10      11      12      13      14      15      16      17      18      19      20
  1950   0.226  -0.756   0.604   3.333   2.454   0.121   0.614   0.272  -0.189  -0.301   0.928  -0.874   0.096   0.953  -0.244   0.397  -0.047   0.849   0.058   0.185
  1951  -1.793  -1.360   1.131  -0.166   1.267   1.316  -0.928   0.793  -0.020  -0.565   0.863   0.151   0.364  -0.275   0.050  -0.247  -0.018   0.178  -0.169   0.049
  1952  -2.789  -0.210  -0.780   1.531  -0.649  -1.010   0.456  -0.706   0.711  -0.282  -0.505  -0.215   0.375   0.217  -0.101  -0.123   0.106   0.642  -0.477  -0.560
  1953  -1.442  -0.882   1.817   0.518   0.268  -0.698  -1.503   1.257   0.219   0.603   0.544  -0.359   0.502   0.397   0.782  -0.390   0.547  -0.373  -0.169   0.211
  1954   2.420   4.288  -2.036   2.336  -1.212  -0.157  -3.121   0.632  -0.997   0.236   1.361  -0.009  -0.195   0.124   0.079  -0.865  -0.387  -0.028   0.513   0.210
  1955   4.593   2.258   0.641   1.068  -0.181  -0.104   0.613   0.466  -2.167   0.096  -0.638   0.118   0.142   0.455   0.196  -0.351   0.419  -0.314  -0.583  -0.178
  1956   2.436   2.891  -0.561  -2.118   0.768  -1.289   0.821   1.163   1.144   0.259   0.146  -0.606   0.413   0.426   0.194   0.179   0.499   0.606  -0.310   0.354
  1957   2.390   1.162  -0.213  -1.665   1.134  -1.190   0.986   0.835   0.074  -2.022   0.269  -0.473   0.824   0.821   0.055   0.760  -0.449  -0.005   0.447  -0.131
  1958   4.389  -0.084   2.124   0.336  -0.366  -0.409  -0.577   1.316   1.119   0.725  -1.809  -0.268  -1.319  -0.037   0.145   0.700   0.185   0.447   0.488  -0.275
  1959  -3.663   1.445  -1.138  -1.727   1.035   0.474  -0.705   0.401   0.540   0.593  -0.904   0.775   1.351   0.243   0.056   0.063   0.534  -0.357   0.573  -0.313
  1960   0.998   1.424  -0.061  -0.979  -0.638   2.454   1.759  -0.311  -1.261  -0.814   0.611  -0.008  -0.884  -1.573   0.059   0.521  -0.656  -0.015   0.013   0.175
  1961   0.101  -0.878  -0.890   0.677  -0.497  -0.770   0.943   1.964  -0.977   0.422  -0.472  -1.041  -0.543  -0.853   0.214   0.065   0.608  -0.299   0.176   0.504
  1962  -3.188   0.295  -0.615   1.303   0.740  -0.113   0.939  -0.558   2.049   0.106   0.992  -0.080  -1.316   0.152   0.085  -0.383  -0.188   0.260  -0.306  -0.097
  1963  -0.359   0.487  -1.087   0.768  -1.236   1.715   0.780   1.402   0.162  -0.619   0.376   0.864   0.799  -0.503  -0.937  -0.065  -0.018   0.896   0.597  -0.535
  1964  -0.602   0.476  -0.206   1.322  -0.815   1.580   0.485   0.234   1.580   1.021  -0.758  -1.634   0.048   0.496   0.162   0.427  -0.209  -0.518  -0.759   0.341
  1965   1.039   0.290   1.513  -0.793  -0.509  -0.747  -0.988   0.336   0.440   1.983   1.006   0.942  -0.360  -0.290   0.313   0.651  -0.596   0.149   0.012  -0.498
  1966  -2.023  -1.171   1.408  -2.320  -1.378  -0.972  -2.008   1.246  -0.244  -1.543  -1.019   0.598  -0.205   0.366  -0.774   0.632  -0.261  -0.072  -0.476   0.168
  1967   4.071  -0.314   1.564   1.487  -0.507   0.217   0.966  -1.008  -0.189  -0.513   0.485  -0.576  -0.495  -0.616   0.141   0.316  -0.136   0.061   0.570  -0.008
  1968   1.938  -0.532   2.166   0.168  -0.178   2.212   1.104  -0.022   0.194  -0.393  -0.525   1.039   0.232   1.346   0.764  -0.591  -0.231  -0.861  -0.393   0.398
  1969  -1.193   1.084   0.354  -0.425   0.679  -1.601  -0.503  -0.630  -1.651  -1.750  -1.891  -0.786  -0.997  -0.478   0.240  -0.591  -0.181   0.119  -0.296  -0.164
  1970   0.097  -0.545   0.521   0.271  -0.594  -1.388   0.275   0.497   0.190  -0.365   0.326   0.697  -0.044   0.830   0.357   0.090  -0.745  -0.195   0.057   0.828
  1971  -2.458  -0.763   0.940  -1.448  -1.484   0.561   0.372  -0.069  -0.119   0.520   0.145  -1.528  -0.503   0.474   1.008  -0.508  -0.013  -0.638   0.937  -1.085
  1972   0.126  -1.019   0.666  -0.179   0.485  -0.353   0.725  -0.518   0.429  -1.670  -0.077   0.035   0.834  -1.013  -0.174  -0.294   0.405   0.014  -0.196   0.344
  1973  -2.525   1.597  -0.596   1.155  -0.129  -1.662   1.518  -0.673  -0.246   1.093  -2.242   0.624  -0.041   0.053  -0.823  -0.031  -0.265  -0.544   0.133  -0.146
  1974  -1.917   0.283   0.266  -1.536   1.606  -0.721  -0.049  -0.642  -0.258   0.308   0.768  -0.450  -0.178  -0.553  -0.213   0.891   0.612  -0.084   0.522  -0.004
  1975  -1.314   0.625   1.299   0.309   1.314  -0.049   1.246  -0.038  -0.766   0.668  -0.016   0.669   0.164   0.147  -0.919  -0.819   0.983  -0.320   0.338  -0.392
  1976   0.613   0.829   0.949   0.793  -0.996  -0.525  -0.978  -1.699   0.222  -0.346   0.400   0.391   1.578  -0.419   0.532   0.088  -0.096  -0.464   0.102  -0.133
  1977  -4.835   0.961   0.214   0.859  -0.126  -0.123  -0.410   0.216  -0.412   0.567   0.106  -0.610  -0.258   0.007  -0.007   0.748   0.430   0.758  -0.363   0.554
  1978   2.155   2.039   2.283  -0.621   0.477   0.480  -0.664  -2.229   2.422  -0.272  -0.710   0.232  -0.764  -0.338  -0.162  -0.252   0.323   0.339   0.724   0.407
  1979  -1.891   0.173   1.318  -2.311  -2.407   0.291   0.751   0.208  -0.660   0.570   0.896   0.162  -1.266  -0.148   0.108  -0.523   0.107   0.354  -0.405   0.255
  1980   1.924  -0.649  -3.318  -1.377   1.536   0.923   0.592   1.388   0.699  -0.076  -0.649   1.542  -1.084   0.593   0.531  -1.173  -0.167   0.545   0.222   0.151
  1981   3.192  -1.579  -1.316   0.937   0.700  -0.677  -1.659  -0.442   0.059  -0.350  -0.604  -0.469  -0.584   0.049  -0.482   0.066  -0.556   0.381  -0.253  -0.775
  1982   1.155  -2.128  -1.380   0.811   1.447  -0.317  -0.544   1.241   0.349   0.025  -0.660   0.575   0.227  -1.363   1.120  -0.189  -0.250  -0.629   0.138  -0.024
  1983   1.637  -0.484  -1.342   0.239  -1.750   0.654  -0.384  -0.260   0.231  -0.057  -0.701  -1.576   0.620   0.095  -0.604  -0.069   0.593  -0.249  -0.090   0.291
  1984   0.335  -0.381   1.353  -0.951  -0.412  -0.939   1.069  -0.830  -1.137   1.091   0.441   0.862   0.267   0.947  -0.813  -0.481  -0.721   0.663  -0.015  -0.014
  1985   1.665  -3.904  -0.522  -1.081  -0.094  -0.043  -0.109  -1.392  -0.876   1.056  -0.236  -1.046   0.700  -0.021   0.548  -0.866   0.022   1.101  -0.340  -0.192
  1986  -0.342   0.321  -0.274  -0.319   0.809   0.744  -0.437  -0.313  -1.163   1.573  -0.575   0.598   0.634  -0.108   0.256   1.196  -0.582   0.220   0.304   0.328
  1987  -1.804   0.775   0.092  -0.593  -0.244   0.637  -0.880  -1.010   0.621  -0.553  -0.440  -0.286   0.967  -0.094  -0.190  -0.317  -1.447   0.087  -0.378   0.020
  1988   2.212  -3.126  -2.203  -0.324  -0.326  -0.658  -0.194  -1.854   0.406   0.401   0.324   0.168  -0.344   0.094  -0.545   0.134  -0.173  -0.775   0.613   0.547
  1989   1.103  -2.170   0.109   0.079   1.247   0.020  -0.686  -0.581  -1.039   0.731   0.194   0.750  -0.183  -0.075  -1.003   0.168   0.448  -0.287   0.084   0.599
  1990   2.284   0.051  -1.383  -0.897  -0.980   3.023  -0.864  -1.067  -0.485  -0.461  -0.402  -0.038   0.561   0.968   0.036   0.600   1.157   0.397  -0.006  -0.131
  1991  -3.540  -0.356  -0.925   0.413  -0.438  -0.892   1.039  -0.051  -0.773  -0.115   0.145  -0.875   0.622   0.565   0.828   0.072  -0.616   0.159   0.964   0.337
  1992   1.140  -0.891  -0.922  -0.048  -1.839  -1.265  -0.655   0.228   0.460   0.031   0.992   0.870  -0.488  -0.033  -0.465   0.153   0.606  -0.185  -0.581  -0.209
  1993  -1.668   0.111  -2.645   0.914  -0.603  -0.484   0.858  -1.450  -0.200  -0.864   0.513   1.512  -0.970   0.571   1.114   1.384   0.472  -0.381  -0.558  -0.475
  1994   0.372   0.151  -0.486   0.234  -0.877   0.277   0.971   0.807   0.771   1.070  -0.529   0.608   1.333  -1.639   0.239   0.033  -0.254   0.354  -0.628   0.018
  1995   0.252   1.057   0.576  -1.068   3.570   1.246  -0.830  -0.427  -0.671   0.527   0.602  -0.570  -0.390  -0.195   0.194   0.208  -0.276  -0.489  -0.915  -0.471
  1996  -5.149  -1.402   0.885   0.855  -0.355   1.333  -1.281   0.775  -0.218  -1.170  -0.171   0.498  -0.628  -0.080   0.193  -0.036   0.241   0.341   0.486   0.088
  1997   1.636   0.121  -1.537  -2.615  -0.015  -1.069   0.525   0.658   0.674  -0.223   1.630  -1.287   0.246  -0.072  -0.598  -0.219  -0.050  -0.537  -0.171  -0.128
  1998   0.232  -1.407   1.122   1.640  -0.108   0.929   0.654   1.754   0.425  -0.318   0.457  -0.132   0.081   0.248  -1.400   0.284  -0.480  -0.826   0.013  -0.584
  1999  -3.236   1.572  -1.155   0.038   0.544   0.699  -0.507  -0.809   0.212   0.116   0.118  -0.391  -0.694  -0.338  -0.776  -0.876  -0.010  -0.541  -0.136   0.302
  2000   1.001   0.227   1.678   1.167  -0.136  -1.679   0.400  -0.499   0.317  -0.749   0.895   0.906   0.751  -0.524   0.629  -0.569   0.780   0.063  -0.113  -0.141
