  year  #   1       2       3       4       5       6       7       8       9      10      11      12      13      14      15      16      17      18      19      20
  1950  -3.215   0.538   2.268   2.497   1.402  -0.014  -1.174   0.086   0.372   0.351  -0.520   0.004  -0.531  -0.843   0.297   0.256  -0.161  -0.030   0.170  -0.073
  1951  -4.040   0.351   1.844   2.253   1.042  -2.012   0.318   0.721   0.296  -0.435  -0.689   0.023  -0.033   0.242   0.145  -0.157  -0.259   0.043   0.398   0.032
  1952  -4.377   0.146   1.655   1.440   0.241   0.468  -0.976  -0.660  -0.787  -0.163  -0.053  -0.418  -0.412   0.092   0.262   0.205  -0.400   0.224  -0.350   0.109
  1953  -4.165  -0.722   1.581   2.758  -0.145  -0.975   0.128   0.384  -0.694   0.033   0.497  -0.502   0.663   0.347   0.375   0.252   0.470  -0.385  -0.112   0.253
  1954  -0.622  -2.014   3.691   1.349  -1.689   1.369   1.189  -0.782  -1.154   0.062  -0.147   0.761   0.553  -0.040   0.118  -0.143  -0.002   0.334   0.196  -0.258
  1955   2.808  -2.032   2.494   2.265  -0.820   1.611   0.763  -0.338   0.520   0.304  -1.239   0.578   0.172  -0.144  -0.638  -0.223   0.234  -0.307  -0.053  -0.320
  1956   4.294  -2.939   2.034   0.266   0.230   0.751   0.573   0.136   0.247   0.394  -0.217   0.020   0.328  -0.155  -0.315   0.135   0.701   0.275  -0.147   0.236
  1957   5.337  -2.646   1.249   0.111   1.284   0.228  -0.605   1.297   0.190  -0.878   0.444   0.213  -0.273   0.098   0.599   0.035  -0.227   0.605  -0.278   0.207
  1958   7.377  -1.593   0.231   1.612   0.158  -0.141  -0.845   0.047  -0.340  -0.246   1.329  -0.758  -0.223  -0.301   0.194   0.517  -0.127  -0.404  -0.006   0.171
  1959   2.405  -2.861   1.108  -0.832   1.840  -0.849   0.952   0.975  -1.154  -0.177   0.295  -1.234  -0.702   0.567   0.252   0.181   0.411   0.057   0.332  -0.376
  1960   3.262  -1.794  -0.151  -1.894   0.518  -0.639   0.276   0.969   0.436  -0.125  -0.827   0.465  -0.304   0.324   0.363  -0.428  -0.878  -0.084   0.071  -0.160
  1961   2.414  -1.478   0.867  -0.876   0.508  -0.626  -1.310   0.702  -0.212   0.936  -0.436   0.706   0.241   0.366  -0.618  -0.529  -0.161  -0.805   0.195   0.502
  1962  -0.826  -1.726   0.597  -1.885   0.032  -0.455  -1.036  -0.565   0.180  -0.022  -0.008   0.396   0.545  -0.807   0.237   0.269   0.040   0.277   0.148   0.173
  1963  -0.632  -1.067   1.051  -1.903  -0.840  -0.691  -1.395  -0.540   0.034   0.552  -0.644   0.044  -0.045   0.616  -0.293   0.139  -0.897   0.681   0.331  -0.212
  1964  -0.819  -0.951   1.050  -1.455  -1.951  -0.607  -0.642  -1.223   0.969   1.357  -0.418  -0.257  -1.064  -0.163   0.585   0.214   0.289   0.025  -0.344   0.227
  1965   0.117  -0.789   0.257  -0.740  -1.664  -0.462   1.000  -0.405   0.627   1.400   0.460  -0.772   0.515  -0.843   0.262   0.130  -0.331  -0.208   0.050  -0.399
  1966  -1.080  -0.378  -0.385   0.069  -2.085  -0.958   0.873   1.040  -1.924  -0.065   0.976  -0.625  -0.434  -0.244  -0.857  -0.371  -0.390  -0.241  -0.141  -0.083
  1967   2.169   0.655  -1.412   1.004  -2.211   0.107   0.065  -0.437   0.810   0.399   0.745   0.338   0.210  -0.395   0.227  -0.002  -0.943  -0.364   0.154   0.148
  1968   1.901   0.916  -2.248   1.710  -2.075  -1.300   0.407   0.313   1.914  -0.483  -0.915  -0.981  -0.185   0.161  -0.043   0.154   0.345   0.259   0.268   0.012
  1969   1.478  -0.238  -1.959   1.554  -0.470   0.420  -0.736  -0.439  -0.098  -1.227  -0.772   0.510  -0.186  -0.341  -0.568  -0.425   0.047  -0.124  -0.400   0.109
  1970   0.853   0.016  -1.836   1.501  -1.018   0.065  -0.964   0.458   0.185  -0.954  -0.464  -0.420   0.388  -0.699  -0.071  -0.352   0.061   0.565   0.033   0.337
  1971  -0.921   0.058  -2.279   0.737  -1.272  -0.647  -0.862   1.688  -0.472   0.366  -0.541   0.624   0.184  -0.309   0.666   0.060   0.573  -0.528  -0.028  -0.738
  1972  -0.413   0.457  -2.351   1.037  -0.406  -0.295  -1.289   0.300  -0.046  -0.323   0.107   0.660   0.120   0.912   0.471  -0.178   0.029   0.134  -0.117  -0.033
  1973  -1.778  -0.919  -2.059   0.014   1.006   1.469  -1.616  -0.513  -0.203   0.491  -0.078  -0.661  -0.688  -0.448  -0.291  -0.678   0.544  -0.038  -0.047  -0.140
  1974  -2.255  -1.309  -1.957  -0.513   2.036   0.422  -0.188   0.202   0.068   0.192   0.452   0.533  -0.089  -0.485   0.046  -0.019  -0.275  -0.604   0.023   0.029
  1975  -2.233  -1.748  -2.048   0.122   2.622   0.241  -0.536  -0.296   0.759   0.543   0.214  -0.009  -0.168  -0.232  -0.869   0.580   0.096  -0.036   0.046  -0.249
  1976  -1.006  -1.491  -2.203   0.487   1.043   1.500   0.338  -0.418   0.465  -0.094   0.011  -0.030   0.278   1.136   0.234  -0.324  -0.172   0.133   0.210  -0.456
  1977  -3.996  -2.800  -0.928   0.038   0.426   1.124   0.625  -0.049  -0.312   0.268   0.067   0.066   0.054   0.360  -0.235   0.231  -0.435  -0.001  -0.267   0.284
  1978  -0.506  -2.404  -2.975   0.300  -0.197   0.891   1.735  -1.952  -0.150  -0.469   0.393   0.073  -0.532   0.148   0.714   0.316   0.039  -0.401   0.275   0.233
  1979  -1.617  -1.981  -3.386  -1.016  -1.164  -0.421   1.427   0.830  -0.978   0.387  -0.253   0.487   0.522   0.126  -0.235   0.169   0.267   0.316   0.109   0.315
  1980   0.696   0.266  -1.288  -2.185   0.547  -1.901   0.136  -0.658  -1.287  -0.130  -1.334  -0.588   0.419  -0.525   0.014   0.396   0.429   0.196  -0.018   0.158
  1981   2.483   1.653  -0.458  -0.362   0.641  -0.808   0.021  -1.614  -1.378  -0.686  -0.150   0.363  -0.161  -0.455  -0.278   0.404  -0.426   0.201  -0.319  -0.296
  1982   1.823   1.935   0.848  -0.145   1.205  -1.770  -0.482  -1.970  -0.613  -0.622  -0.140  -0.418   0.866   0.064   0.280  -0.773   0.069  -0.465   0.333  -0.155
  1983   2.256   2.218   0.775  -0.206  -0.530  -0.246  -0.757  -1.577  -0.782   0.230   0.247   0.697  -0.726   0.872  -0.169  -0.104   0.548  -0.395  -0.028   0.014
  1984   1.467   1.658  -0.614   0.251   0.541   0.175  -0.227   0.334  -0.099   0.641   0.032  -0.174   0.274  -0.102  -0.542   0.173   0.034   0.605   0.177  -0.115
  1985   2.005   4.147  -0.769   1.093   0.909   0.186  -0.329   0.159  -0.618   1.457   0.006   0.362   0.677   0.709   0.199   0.717  -0.012   0.360  -0.453   0.028
  1986   0.610   2.237  -0.144   0.441   1.491   0.149   1.036   0.522   0.342   1.157  -0.416  -0.612   0.601  -0.068  -0.087  -0.020  -0.387  -0.142  -0.270   0.086
  1987  -0.683   1.002  -0.211   0.077   0.152   0.311   1.236   0.349  -0.356   0.337   0.028  -0.561  -0.528  -0.022   0.289  -1.094  -0.136   0.601  -0.633  -0.065
  1988   0.653   3.508  -0.175  -0.368   0.480   0.968   0.794  -0.046  -0.503   0.339   0.545   0.403  -0.359  -0.648   0.758  -0.650   0.025   0.329   0.237   0.088
  1989   0.368   3.384   0.025   0.750   1.398   0.437   1.316   0.015   0.270  -0.109   0.687   0.308  -0.053  -0.515  -0.552  -0.076  -0.011   0.261   0.677   0.278
  1990   1.670   3.609   0.282  -0.500  -0.205   0.442   1.700   0.277   0.490  -0.479  -0.927   0.330  -1.071   0.630  -0.221   0.695   0.017  -0.355  -0.026  -0.026
  1991  -1.509   1.434   0.832  -0.586  -0.055   0.805  -0.110   1.321   0.061   0.276  -0.530   0.258  -0.683  -0.069   0.480   0.100   0.102  -0.231   0.317   0.444
  1992  -0.040   1.959   0.737  -0.873  -1.301   1.577  -0.661   1.022  -0.654  -0.274   0.725  -0.003   0.015  -0.017  -0.395   0.330   0.220  -0.067   0.156  -0.183
  1993  -1.546   1.604   1.008  -2.696  -0.656   2.680  -0.888   0.809  -0.242  -1.671  -0.427  -0.395   0.437  -0.492   0.266   0.522  -0.170  -0.280   0.016  -0.198
  1994  -0.607   1.420   0.837  -1.983  -0.774   1.756  -0.898  -0.124   0.535   0.344   0.190  -1.544   0.434   0.857  -0.171  -0.513   0.254  -0.169   0.163   0.235
  1995  -0.126   0.416   0.923  -1.263   1.502  -0.062   1.369  -0.250   2.066  -0.739   0.067  -0.272   0.644  -0.230   0.025  -0.130   0.119  -0.407  -0.592  -0.127
  1996  -3.793   0.027   1.026  -0.423  -0.570  -0.784   0.623  -0.207  -0.177  -1.127  -0.336  -0.369   0.100   0.437  -0.374   0.146  -0.350  -0.309  -0.224   0.253
  1997  -0.817   0.633   0.861  -1.748   0.116  -1.098   0.207   0.742   0.370  -0.191   0.882   1.095   0.699   0.060   0.261  -0.198   0.437  -0.153  -0.292   0.040
  1998  -1.144   0.745   0.781   0.154  -0.781  -1.750  -0.766   0.407   1.378  -0.312   1.492   0.062  -0.508   0.151  -0.597   0.040  -0.076   0.056  -0.149  -0.271
  1999  -2.803  -0.503   1.158  -1.698  -0.090  -1.000   0.631  -0.216   0.699  -0.238   0.607   0.989  -0.636  -0.354  -0.270  -0.222   0.610   0.472   0.057  -0.051
  2000  -0.878  -0.609  -0.236   0.261  -0.403   0.362  -0.450  -0.826   0.948  -0.578   0.980   0.233   0.654   0.672   0.068   0.244   0.216   0.525   0.149  -0.018
