  year  #   1       2
  1950  -0.685  -1.925
  1951  -0.968  -1.883
  1952  -0.963  -2.004
  1953  -0.864  -2.138
  1954   0.407  -1.540
  1955   1.567  -0.947
  1956   2.190  -0.465
  1957   2.516   0.079
  1958   3.160   0.356
  1959   1.403  -0.490
  1960   1.709   0.228
  1961   1.204  -0.077
  1962   0.222  -0.869
  1963   0.215  -0.733
  1964   0.201  -1.012
  1965   0.489  -0.773
  1966  -0.014  -0.817
  1967   0.949  -0.069
  1968   0.720   0.031
  1969   0.601   0.066
  1970   0.345  -0.003
  1971  -0.088  -0.264
  1972  -0.091  -0.121
  1973  -0.379  -0.473
  1974  -0.301  -0.479
  1975  -0.333  -0.653
  1976  -0.161  -0.265
  1977  -0.755  -1.084
  1978   0.162  -0.278
  1979  -0.141  -0.073
  1980   0.123   0.918
  1981   0.418   1.335
  1982  -0.076   1.311
  1983   0.093   1.148
  1984   0.030   1.228
  1985   0.007   1.939
  1986  -0.284   1.285
  1987  -0.645   0.672
  1988  -0.413   1.592
  1989  -0.557   1.424
  1990  -0.212   1.824
  1991  -0.921   0.548
  1992  -0.754   0.894
  1993  -0.995   0.791
  1994  -0.924   0.890
  1995  -0.763   0.697
  1996  -1.580  -0.295
  1997  -1.030   0.516
  1998  -1.270   0.151
  1999  -1.424  -0.236
  2000  -1.139   0.042
