  year  #   1
  1950   0.098
  1951  -0.777
  1952  -1.209
  1953  -0.625
  1954   1.050
  1955   1.992
  1956   1.056
  1957   1.036
  1958   1.903
  1959  -1.589
  1960   0.433
  1961   0.044
  1962  -1.383
  1963  -0.156
  1964  -0.261
  1965   0.450
  1966  -0.878
  1967   1.765
  1968   0.840
  1969  -0.517
  1970   0.042
  1971  -1.066
  1972   0.055
  1973  -1.095
  1974  -0.832
  1975  -0.570
  1976   0.266
  1977  -2.097
  1978   0.935
  1979  -0.820
  1980   0.835
  1981   1.384
  1982   0.501
  1983   0.710
  1984   0.145
  1985   0.722
  1986  -0.148
  1987  -0.782
  1988   0.959
  1989   0.478
  1990   0.991
  1991  -1.535
  1992   0.494
  1993  -0.723
  1994   0.161
  1995   0.109
  1996  -2.233
  1997   0.710
  1998   0.101
  1999  -1.403
  2000   0.434
