 eigenvalue 10.059   5.569   3.096   2.140   1.365   1.113   0.932   0.815   0.695   0.602   0.513   0.387   0.376   0.358   0.316   0.259   0.216   0.187   0.181   0.151   0.133   0.109   0.093   0.078   0.071   0.052   0.047   0.038   0.032   0.018
 eval sderr  1.992   1.103   0.613   0.424   0.270   0.220   0.184   0.161   0.138   0.119   0.102   0.077   0.074   0.071   0.062   0.051   0.043   0.037   0.036   0.030   0.026   0.022   0.018   0.016   0.014   0.010   0.009   0.007   0.006   0.004
 % variance  0.335   0.186   0.103   0.071   0.046   0.037   0.031   0.027   0.023   0.020   0.017   0.013   0.013   0.012   0.011   0.009   0.007   0.006   0.006   0.005   0.004   0.004   0.003   0.003   0.002   0.002   0.002   0.001   0.001   0.001
 cumulative  0.335   0.521   0.624   0.695   0.741   0.778   0.809   0.836   0.859   0.880   0.897   0.910   0.922   0.934   0.945   0.953   0.960   0.967   0.973   0.978   0.982   0.986   0.989   0.991   0.994   0.996   0.997   0.998   0.999   1.000
 brokn stck  3.995   2.995   2.495   2.162   1.912   1.712   1.545   1.402   1.277   1.166   1.066   0.975   0.892   0.815   0.743   0.677   0.614   0.555   0.500   0.447   0.397   0.350   0.304   0.261   0.219   0.179   0.141   0.104   0.068   0.033
 series_id   #  1       2       3       4       5       6       7       8       9      10      11      12      13      14      15      16      17      18      19      20      21      22      23      24      25      26      27      28      29      30
  60059      0.177   0.172  -0.029   0.135  -0.405  -0.023   0.163   0.063   0.058  -0.201   0.464  -0.259   0.051  -0.109  -0.245   0.023  -0.249   0.020   0.152  -0.013  -0.312  -0.178   0.063   0.020   0.021   0.011   0.147   0.245   0.117  -0.093
  70065     -0.100   0.321   0.017  -0.028  -0.061  -0.207   0.057   0.390   0.038   0.262  -0.125  -0.199  -0.109   0.210   0.259  -0.050  -0.061   0.047   0.016  -0.189   0.018   0.044  -0.287  -0.178   0.353   0.158   0.340   0.072  -0.066   0.013
  80625      0.213   0.064  -0.221   0.076  -0.181  -0.307   0.049   0.320   0.106   0.226  -0.253   0.116   0.068  -0.069  -0.054   0.010   0.062  -0.070   0.277  -0.003   0.029  -0.056   0.304   0.260  -0.261  -0.178   0.008   0.017  -0.291   0.277
  90522      0.224  -0.239   0.054   0.092  -0.031  -0.053   0.105   0.112   0.019   0.099   0.087   0.005  -0.090  -0.080  -0.135   0.026  -0.237   0.523  -0.113   0.248   0.055   0.410  -0.236  -0.250  -0.064  -0.150  -0.050  -0.001  -0.077   0.274
  121105     0.072   0.324  -0.179   0.009  -0.017  -0.056   0.216  -0.259  -0.020  -0.161  -0.357   0.040   0.074   0.097   0.153  -0.258  -0.088   0.408   0.038  -0.041  -0.184   0.178   0.070   0.142   0.060   0.000  -0.295   0.173  -0.037  -0.300
  131113     0.234  -0.060   0.159   0.117  -0.253  -0.032  -0.082   0.317  -0.317   0.152  -0.129  -0.130   0.090  -0.017   0.075  -0.098   0.251   0.141  -0.131   0.008   0.096  -0.088   0.172  -0.177  -0.177  -0.001  -0.116  -0.154   0.449  -0.318
  91327      0.210   0.080   0.159   0.247  -0.070  -0.222  -0.240  -0.038  -0.066  -0.061   0.259   0.433  -0.136   0.237   0.192   0.114  -0.177  -0.038  -0.300  -0.307  -0.052  -0.029   0.029  -0.011  -0.022  -0.227  -0.036  -0.065  -0.233  -0.172
  70332      0.212   0.041  -0.161  -0.180   0.075  -0.182   0.327  -0.071   0.419   0.080   0.107   0.273   0.135   0.194   0.251   0.270   0.071  -0.029  -0.089   0.261  -0.007  -0.186  -0.022  -0.138  -0.007   0.025  -0.021  -0.004   0.384   0.028
  60252      0.232   0.047  -0.027  -0.087  -0.030   0.327  -0.190  -0.148   0.149   0.203   0.054  -0.149   0.420  -0.406   0.463   0.022  -0.127   0.050  -0.087  -0.144  -0.003   0.093   0.085   0.018   0.020  -0.106   0.198  -0.057  -0.088   0.024
  50244      0.185   0.109  -0.107   0.156   0.471  -0.197  -0.239  -0.008  -0.025  -0.124   0.007   0.055   0.021  -0.225  -0.110   0.151   0.110   0.229   0.355  -0.262  -0.245  -0.081  -0.012  -0.244   0.021   0.206   0.027  -0.214   0.123   0.072
  91487      0.209   0.231   0.020  -0.089   0.067   0.004  -0.011  -0.134   0.022  -0.262  -0.018  -0.392  -0.197   0.196  -0.032   0.362   0.408   0.015  -0.121  -0.034   0.108   0.310   0.169   0.019  -0.118  -0.218   0.226   0.073  -0.038   0.039
  70152      0.243  -0.171   0.091   0.025   0.203   0.127  -0.230   0.051   0.076   0.156   0.026  -0.147  -0.062   0.170   0.013  -0.082   0.119   0.027   0.205   0.043  -0.019  -0.242  -0.024   0.047   0.422  -0.407  -0.283   0.387   0.042   0.040
  50246      0.257   0.021   0.208  -0.142  -0.015   0.200   0.121   0.101   0.073  -0.008  -0.060  -0.023  -0.228   0.013   0.010   0.126  -0.230  -0.156   0.062   0.018   0.054   0.093   0.488  -0.254   0.234   0.386  -0.283  -0.089  -0.199   0.007
  30567A    -0.093   0.186  -0.206   0.074  -0.177   0.510  -0.195   0.331   0.069  -0.150  -0.177   0.226  -0.033   0.035  -0.091   0.433  -0.051   0.203  -0.076  -0.066   0.041  -0.080  -0.146   0.184   0.046   0.045  -0.118   0.026   0.133   0.088
  70626A     0.240   0.050  -0.229  -0.028   0.041   0.064   0.081   0.186   0.282  -0.108   0.228  -0.123   0.200   0.106  -0.215  -0.286   0.120  -0.176  -0.041  -0.278   0.276   0.171  -0.282   0.052   0.012   0.031  -0.296  -0.287  -0.081  -0.111
  100974     0.098   0.311   0.224  -0.081  -0.071  -0.025  -0.050   0.032  -0.237  -0.217   0.062   0.116  -0.071  -0.153   0.317  -0.038  -0.069  -0.305   0.363   0.126   0.122   0.216  -0.298  -0.007  -0.164  -0.064  -0.232   0.109   0.194   0.217
  91391      0.014   0.017   0.215   0.344  -0.361  -0.080  -0.233  -0.432   0.414   0.156  -0.315  -0.139  -0.039   0.074  -0.133   0.075  -0.037  -0.091   0.121  -0.041   0.077  -0.007  -0.178  -0.107  -0.047   0.104  -0.079  -0.086   0.096   0.043
  111094     0.250   0.142   0.034  -0.064  -0.041   0.028   0.042  -0.162  -0.280   0.299  -0.004   0.190   0.234  -0.063  -0.283   0.081   0.290  -0.110  -0.246  -0.074  -0.082   0.020  -0.188  -0.071   0.004   0.326  -0.062   0.418  -0.153   0.119
  60172     -0.004   0.273   0.303  -0.029   0.112   0.144   0.066  -0.031   0.206   0.327   0.286   0.042  -0.405  -0.112   0.021  -0.201   0.182   0.285  -0.022  -0.023   0.002  -0.111   0.023   0.376  -0.189   0.148  -0.029  -0.090   0.055   0.061
  40522     -0.183   0.085   0.337  -0.008  -0.144   0.125  -0.074   0.171   0.244  -0.173   0.081   0.253   0.295   0.071  -0.009  -0.109   0.415   0.115   0.195   0.252  -0.210   0.098   0.039  -0.237   0.046  -0.057   0.074  -0.049  -0.293  -0.119
  80288      0.014   0.028  -0.142   0.573   0.098   0.075   0.297   0.030   0.049  -0.110  -0.030   0.012  -0.207  -0.408   0.173   0.024   0.202  -0.104  -0.090   0.164   0.247  -0.154  -0.078  -0.138   0.085  -0.011   0.013   0.132  -0.199  -0.174
  131032     0.203   0.270  -0.027  -0.071  -0.131   0.070   0.095  -0.152  -0.208  -0.028  -0.151   0.057  -0.088  -0.086  -0.171  -0.145   0.042  -0.082  -0.159   0.216  -0.173  -0.205  -0.077  -0.005   0.363  -0.273   0.097  -0.515  -0.011   0.224
  60386      0.199  -0.151   0.231   0.059   0.128   0.074   0.041   0.178   0.222  -0.391  -0.302   0.019  -0.018   0.009   0.051  -0.352  -0.035  -0.095  -0.316  -0.159  -0.212  -0.108  -0.011   0.016  -0.154   0.092   0.173   0.186   0.129   0.313
  152053A   -0.083   0.109  -0.329   0.390   0.014   0.071  -0.259  -0.034  -0.093   0.041   0.238  -0.120   0.069   0.324   0.201  -0.216   0.066  -0.043  -0.115   0.284  -0.115   0.127   0.216  -0.017   0.006   0.241  -0.088  -0.029   0.053   0.352
  100680     0.236  -0.229   0.021   0.089   0.053  -0.089  -0.118   0.129   0.046   0.041  -0.070   0.021  -0.084  -0.073   0.033   0.124   0.033  -0.204   0.005   0.286  -0.338   0.354  -0.161   0.469   0.185   0.200   0.113  -0.088   0.049  -0.311
  172210A   -0.124   0.291   0.093   0.215   0.263   0.075   0.043   0.063   0.100   0.198  -0.037   0.217   0.126  -0.059  -0.337  -0.098  -0.190  -0.193  -0.041  -0.017   0.106   0.354   0.270  -0.045   0.107  -0.244   0.169   0.113   0.345  -0.078
  70269      0.271  -0.115   0.016   0.032  -0.083   0.054  -0.043  -0.154  -0.123  -0.179   0.033   0.250   0.071   0.173  -0.030  -0.161  -0.008   0.201   0.265   0.052   0.524  -0.052   0.065   0.180   0.191   0.222   0.433   0.038   0.049   0.001
  121088     0.226   0.101  -0.208  -0.089   0.154   0.326  -0.135  -0.006  -0.007   0.153  -0.100   0.016  -0.198   0.219  -0.074  -0.145  -0.187  -0.124   0.142   0.223  -0.098  -0.125  -0.157  -0.261  -0.435  -0.044   0.223   0.031  -0.151  -0.299
  101159r    0.034  -0.056   0.299   0.333   0.202   0.229   0.454  -0.007  -0.211   0.097  -0.034  -0.133   0.300   0.343   0.068   0.217  -0.091  -0.011   0.184  -0.099  -0.103  -0.066  -0.095   0.159  -0.115  -0.032   0.001  -0.189  -0.078   0.078
  172218Ar   0.013   0.291   0.230  -0.024   0.257  -0.256  -0.236   0.112   0.034  -0.127  -0.045  -0.226   0.292  -0.035  -0.117   0.099  -0.251   0.082  -0.226   0.392   0.243  -0.264  -0.033   0.147  -0.055   0.099  -0.096   0.006  -0.163  -0.084
