cagl_drop.rwl -- no data title --                         1st itrdb line missing     
cagl_drop.rwl -- no data title --                         2nd itrdb line missing     
cagl_drop.rwl -- no data title --                         3rd itrdb line missing     
60059   1902   906   870   872   707   888   722   235   732
60059   1910   616   792   353   832   674   541   649   536   243   457  ind
60059   1920   729   809   771   791   869   179   693   455   775   486  ind
60059   1930    29   543   303   505   396   185    55   789   487   189  ind
60059   1940   728   797   727   550   715   536   554   793   460   762  ind
60059   1950   799   635   379   801   699   805   665   346   636   727  ind
60059   1960   103  1000   223   462    57   372   266   274  1000   337  ind
60059   1970   483   577   339   455   487   397   544   472   353   545  ind
60059   1980   302   834   684   670   730   512   471   409   407   311  ind
60059   1990   432   678   691   656   375   222   515   420   548   663  ind
60059   2000   287   764   296   581   505   628   836   155   327  1000  ind
60059   2010 -9999
70065   1929   831
70065   1930   425   890   850   536   777   201   860   904   508   641  ind
70065   1940   754   854   805   571   765   568   721   795   506   821  ind
70065   1950   810   704   707   813   731   827   730   843   742   804  ind
70065   1960   458   567   735   641    72   523   503   446   349   490  ind
70065   1970   786   610   399   532   654   770   656   753   409   631  ind
70065   1980   500   835   754   682   820   527   659   445   617   809  ind
70065   1990   722   857   823   681   490   487   834   771   685   692  ind
70065   2000   345   786   400   832   557   765   889   784   574   775  ind
70065   2010 -9999
80625   1901   901   930   906   932   927   915   816   662   739
80625   1910   699   795   424   879   707   819   715   644   495   700  ind
80625   1920   783   831   776   804   878   566   811   648   847   882  ind
80625   1930   808   907   882   808   857   772   882   907   737   708  ind
80625   1940   847   899   868   580   835   653   813   809   806   845  ind
80625   1950   893   863   837   825   735   860   801   904   781   852  ind
80625   1960   709   783   831   715   519   749   580   510   628   567  ind
80625   1970   821   687   627   583   724   826   767   784   482   715  ind
80625   1980   689   897   868   780   825   845   719   732   677   834  ind
80625   1990   873   872   860   724   750   505   844   842   805   873  ind
80625   2000   468   878   711   874   649   876   913   803   696 -9999  ind
90522   1905   952   920   837   828   776
90522   1910   701   887   548   891   757   868   758   714   885   715  ind
90522   1920   819   876   913   862   903   765   843   802   904   950  ind
90522   1930   889   931   885   896   858   822   896   934   830   795  ind
90522   1940   891   923   885   793   838   881   904   836   884   880  ind
90522   1950   915   869   840   837   747   862   866   907   831   869  ind
90522   1960   716   802   870   889   538   769   636   699   642   671  ind
90522   1970   838   803   725   767   831   841   796   884   727   718  ind
90522   1980   840   914   914   878   855   862   778   899   699   891  ind
90522   1990   881   879   932   840   797   560   861   859   909   920  ind
90522   2000   583   908   827 -9999
121105  1906   942   840   904   938
121105  1910   898   946   621   937   873   961   844   754   906   906  ind
121105  1920   822   947   930   925   922   903   851   857   907   950  ind
121105  1930   945   936   900   918   927   865   904   940   893   801  ind
121105  1940   908   927   912   906   845   910   911   933   929   908  ind
121105  1950   924   881   919   876   889   930   900   914   879   895  ind
121105  1960   847   923   899   894   725   829   742   701   897   769  ind
121105  1970   857   875   797   901   887   883   852   887   802   802  ind
121105  1980   845   914   917   887   931   897   849   909   786   913  ind
121105  1990   897   899   937   872   887   622   905   862   910   923  ind
121105  2000   669   922   875   889   807   885   943   833   802   852  ind
121105  2010 -9999
131113  1907   953   958   939
131113  1910   941   964   870   940   875   968   928   838   920   965  ind
131113  1920   971   951   938   962   965   929   894   963   936   952  ind
131113  1930   949   942   901   924   938   924   915   946   916   834  ind
131113  1940   910   948   926   911   898   929   914   942   932   944  ind
131113  1950   937   891   931   899   930   935   923   933   885   897  ind
131113  1960   858   927   932   937   766   873   857   721   920   834  ind
131113  1970   875   890   887   936   938   901   858   914   827   842  ind
131113  1980   852   928   931   906   942   930   863   925   818   917  ind
131113  1990   917   901   940   896   915   803   908   873   925   932  ind
131113  2000   683   924   882   890   911   904   946   870   844   856  ind
131113  2010 -9999
91327   1935   936   944   958   920   902
91327   1940   931   952   932   927   924   952   934   952   951   955  ind
91327   1950   940   913   948   922   932   938   925   941   931   945  ind
91327   1960   859   928   938   951   777   904   899   771   933   936  ind
91327   1970   892   911   891   937   944   913   917   936   848   856  ind
91327   1980   858   933   943   943   943   930   874   931   887   935  ind
91327   1990   947   940   943   913   932   829   934   879   945   943  ind
91327   2000   845   925   906   946   959   911   950   894   894   890  ind
91327   2010 -9999
70332   1891   887   909   652   404   742   832   939   856   882
70332   1900   434   905   931   945   940   955   969   986   980   953  ind
70332   1910   986   985   896   951   882   971   971   978   940   969  ind
70332   1920   972   975   958   962   981   931   949   978   944   988  ind
70332   1930   962   962   934   924   954   960   954   961   929   959  ind
70332   1940   942   972   953   934   927   959   947   957   955   960  ind
70332   1950   952   925   956   949   938   951   941   941   932   954  ind
70332   1960   886   949   942   952   796   942   958   928   946   940  ind
70332   1970   922   922   895   943   948   939   943   939   887   913  ind
70332   1980   865   940   952   944   949   939   947   934   893   937  ind
70332   1990   954   944   945   930   932   852   949   903   946   946  ind
70332   2000   854   942   909   954   966   946   961   942   932   904  ind
70332   2010 -9999
90542   1868  1000  1000
90542   1870  1000  1000  1000  1000  1000  1000  1000  1000  1000  1000  ind
90542   1880  1000   920   610   338   931   898   890   957   922   876  ind
90542   1890   367   942   939   953   938   960   842   949   905   911  ind
90542   1900   934   959   946   951   949   963   986   993   994   994  ind
90542   1910   992   990   990   981   902   988   989   980   956   975  ind
90542   1920   980   986   962   967   983   986   966   983   970   989  ind
90542   1930   978   965   941   955   966   973   958   974   962   978  ind
90542   1940   975   975   964   976   976   963   951   967   968   965  ind
90542   1950   953   937   961   962   941   953   946   954   944   962  ind
90542   1960   888   957   943   954   918   946   961   937   951   949  ind
90542   1970   954   946   930   969   956   953   949   948   923   913  ind
90542   1980   947   968   958   959   953   948   949   954   901   940  ind
90542   1990   959   945   949 -9999
60252   1878  1000  1000
60252   1880  1000   969   978   959   956   937   974   961   953   953  ind
60252   1890   706   984   970   961   966   990   974   950   975   950  ind
60252   1900   976   974   991   952   995   979   994   995   998   998  ind
60252   1910   995   991   998  1000  1000   993   994   980   969   984  ind
60252   1920   980   993   974   971   984   989   971   993   972   995  ind
60252   1930   994   966   972   969   969   982   973   975   974   980  ind
60252   1940   976   976   967   977   988   969   958   973   973   968  ind
60252   1950   967   977   969   971   977   960   947   957   964   962  ind
60252   1960   895   964   964   978   948   965   968   938   957   965  ind
60252   1970   959   949   950   976   957   958   964   949   967   928  ind
60252   1980   969   968   961   968   955   951   970   964   974   950  ind
60252   1990   964   960   950   945   941   959   954   937   953   956  ind
60252   2000   915   953   913   956   976   967   965   960   967 -9999  ind
80301   1890   982   997   972  1000  1000  1000   998   973   989   952  ind
80301   1900   993   974   998  1000   997   985   996   997  1000   998  ind
80301   1910  1000   992  1000   998  1000   998  1000   986   982   985  ind
80301   1920   994   995   986   996   987   995   993   997   993   997  ind
80301   1930   994   988   977   977   970   987   973   976   977   982  ind
80301   1940   980   977   968   984   990   983   964   981   973   969  ind
80301   1950   971   980   973   973   984   961   959   964   969   962  ind
80301   1960   939   971   970   979   952   967   971   959   965   974  ind
80301   1970   959   962   956   978   968   967   970   968   974   961  ind
80301   1980   973   970   965   977   977   954   971   966   979   959  ind
80301   1990   968   961   964   945   951   971   963   945 -9999
50244   1921   995   993   996   989   997  1000  1000   998   998
50244   1930   995   992   983   978   971   989   974   981   979   984  ind
50244   1940   980   987   984   992   994   990   987   989   976   974  ind
50244   1950   977   983   987   977   986   984   965   969   974   972  ind
50244   1960   956   980   978   981   968   978   978   973   977   985  ind
50244   1970   985   967   973   979   974   972   975   973   983   975  ind
50244   1980   980   975   971   980   985   955   971   976   982   968  ind
50244   1990   971   966   967   968   955   975   969   966   969   974  ind
50244   2000   916   968   939   968   976   976   972   964   984 -9999  ind
70256   1956   983   971   979   981
70256   1960   973   982   990   982   976   980   981   992   984   991  ind
70256   1970   990   968   979   983   983   973   976   985   984   987  ind
70256   1980   984   976   972   983   986   959   977   976   983   977  ind
70256   1990   971   986   985   981   973   976   970   969   973   976  ind
70256   2000   970   978   954   977   978   979   973   970   995 -9999  ind
91487   1917  1000   990  1000
91487   1920  1000  1000   997   997   989  1000  1000  1000  1000  1000  ind
91487   1930   997   992   990   984   975   991   983   987   990   985  ind
91487   1940   980   992   985   993   996   991   991   991   991   981  ind
91487   1950   991   989   988   977   986   987   986   979   982   990  ind
91487   1960   994   983   990   982   991   983   981   993   985   993  ind
91487   1970   993   977   980   984   985   983   984   991   987   988  ind
91487   1980   986   988   979   986   987   967   978   979   990   979  ind
91487   1990   973   988   985   991   977   980   970   980   976   981  ind
91487   2000   982   982   976   989   986 -9999
70152   1916   998  1000  1000  1000
70152   1920  1000  1000  1000  1000  1000  1000   998  1000  1000  1000  ind
70152   1930   998  1000   997   989   993   993   984   995   997   992  ind
70152   1940   998   992   996   993   998   995   993   992   991   982  ind
70152   1950   992   997   994   993   986   988   987   988   989   995  ind
70152   1960   995   985   996   996   992   986   997   996   988   994  ind
70152   1970   994   996   982   987   986   985   996   994   995   988  ind
70152   1980   987   989   985   989   990   970   989   982   994   984  ind
70152   1990   978   991   987   993   982   981   983   986   978   983  ind
70152   2000   993   986   981   990   986   983   982   983   997 -9999  ind
50246   1901   993   998  1000   997   989  1000  1000  1000  1000
50246   1910  1000   996   997   997   993  1000   995   997   990  1000  ind
50246   1920  1000  1000  1000  1000  1000  1000   994  1000  1000  1000  ind
50246   1930  1000  1000   998  1000   993   996   994   995   997   998  ind
50246   1940  1000   997   997   994   998   996   993   995   996   988  ind
50246   1950   998   998   995   997   988   997   987   989   991   995  ind
50246   1960  1000   986   997   998   993   988  1000   998   989   997  ind
50246   1970   994   997   986   988   995   989   997   994   996   988  ind
50246   1980   988   991   997   991   993   990   997   983   996   988  ind
50246   1990   981   993   988   995   992   982   987   992   981   983  ind
50246   2000   995   993   994   993   990 -9999
30567A  1932  1000  1000  1000   997   996  1000  1000  1000
30567A  1940  1000   997   998   995  1000  1000   996   997  1000   991  ind
30567A  1950  1000  1000   996  1000   988   998   991   990   992   997  ind
30567A  1960  1000   988   998  1000   993   997  1000  1000   995  1000  ind
30567A  1970   996   997   992   997   998   990   997   998   997   990  ind
30567A  1980   991   992  1000   994   996   991   998   986   997   988  ind
30567A  1990   984   993   989   996   994   982   989   994   986   985  ind
30567A  2000   995   994   998   996   993   990   987   998  1000   978  ind
30567A  2010  1000   827   631  1000 -9999
30567B  1936  1000  1000  1000  1000
30567B  1940  1000   998  1000   998  1000  1000   997   998  1000  1000  ind
30567B  1950  1000   998   997  1000  1000   998   991   996   994   997  ind
30567B  1960  1000   993  1000  1000  1000  1000  1000  1000   995  1000  ind
30567B  1970   996   998  1000   997   998   994   998   998  1000   997  ind
30567B  1980   993   992  1000   997   998   992  1000   992  1000   993  ind
30567B  1990   992   996  1000   997   997   987   997   996   988   986  ind
30567B  2000   997   996   998   998   993  1000   993  1000  1000   986  ind
30567B  2010  1000   941   952  1000 -9999
70626A  1930  1000  1000  1000  1000  1000   998  1000  1000  1000  1000  ind
70626A  1940  1000  1000  1000  1000  1000  1000   998  1000  1000  1000  ind
70626A  1950  1000   998   998  1000  1000   998   993   996   998  1000  ind
70626A  1960   997   997  1000  1000  1000  1000  1000  1000   997  1000  ind
70626A  1970  1000  1000  1000   998  1000   997  1000  1000  1000  1000  ind
70626A  1980   998   993  1000  1000  1000   996  1000   997  1000  1000  ind
70626A  1990   995  1000  1000  1000  1000  1000   997  1000   989   986  ind
70626A  2000  1000   996  1000   998   995  1000  1000 -9999
100961  1969  1000
100961  1970  1000  1000  1000  1000  1000   998  1000  1000  1000  1000  ind
100961  1980  1000   993  1000  1000  1000   998  1000   998  1000  1000  ind
100961  1990   995  1000  1000  1000  1000  1000   998  1000   991   989  ind
100961  2000  1000  1000  1000  1000  1000  1000  1000  1000 -9999
100974  1936  1000  1000  1000  1000
100974  1940   998  1000  1000  1000  1000   998  1000  1000  1000  1000  ind
100974  1950  1000   997  1000  1000  1000  1000   997   997  1000  1000  ind
100974  1960   991  1000  1000  1000  1000   998  1000  1000  1000  1000  ind
100974  1970  1000  1000  1000  1000  1000  1000   996  1000  1000  1000  ind
100974  1980  1000   993  1000  1000  1000   998  1000  1000  1000  1000  ind
100974  1990  1000  1000  1000  1000  1000  1000  1000  1000   995   994  ind
100974  2000  1000  1000  1000  1000  1000  1000 -9999
91391   1900  1000   997   998  1000   997   998  1000  1000  1000   995  ind
91391   1910  1000  1000   986   997   986   994   994   988   987  1000  ind
91391   1920  1000   998   997   997  1000  1000   992  1000   998   997  ind
91391   1930  1000  1000   998  1000   998   997   998   994  1000   997  ind
91391   1940   998   998  1000   998  1000   994  1000   998   997  1000  ind
91391   1950  1000   996  1000  1000   996  1000  1000   998  1000  1000  ind
91391   1960   991  1000   997  1000   997   998  1000   998  1000  1000  ind
91391   1970  1000  1000  1000  1000  1000  1000   996  1000  1000   998  ind
91391   1980  1000  1000  1000  1000  1000  1000  1000  1000   997  1000  ind
91391   1990  1000  1000  1000  1000  1000  1000  1000   986  1000   998  ind
91391   2000   998  1000 -9999
111094  1931   996   997  1000   993   994   990   993  1000   995
111094  1940   997   998   998   989  1000   991   998   992   994   995  ind
111094  1950   994   995  1000  1000   995  1000   991  1000  1000  1000  ind
111094  1960   987  1000   996   998   997   998   997   997  1000  1000  ind
111094  1970   998  1000  1000  1000   998  1000   996  1000   997   997  ind
111094  1980   996  1000  1000  1000  1000  1000  1000  1000   994   997  ind
111094  1990  1000  1000  1000  1000   995  1000  1000   986  1000  1000  ind
111094  2000   994   998  1000  1000   997  1000  1000  1000  1000   990  ind
111094  2010 -9999
60172   1880  1000   976   988  1000   972   987   992   991  1000   985  ind
60172   1890  1000   997   996  1000  1000  1000  1000  1000  1000   978  ind
60172   1900  1000   996  1000  1000  1000   995  1000   989   996   993  ind
60172   1910   991   997   982   995   979   991   984   973   984   998  ind
60172   1920   986   987   986   993   995  1000   991   996   992   995  ind
60172   1930   997   995   994   991   993   993   985   993   988   992  ind
60172   1940   996   997   996   989   997   988   997   991   987   994  ind
60172   1950   990   993  1000   997   995   998   991  1000   998   997  ind
60172   1960   983  1000   994   996   996   998   996   997  1000  1000  ind
60172   1970   997   995   994  1000   996   998   993  1000   981   996  ind
60172   1980   995  1000  1000  1000  1000   994   997   997   991   994  ind
60172   1990   998   997   996  1000   994  1000   997   984  1000  1000  ind
60172   2000   992   996   996  1000   996  1000  1000  1000 -9999
92183B  1965   997   992   996   998  1000
92183B  1970   992   994   994  1000   994   993   990   994   977   990  ind
92183B  1980   994  1000  1000   998  1000   993   992   994   987   989  ind
92183B  1990   995   995   995   998   993   997   995   984   996   997  ind
92183B  2000   986   994   993  1000   992   997  1000   998   995   995  ind
92183B  2010   929 -9999
40522   1930   987   983   993   990   990   988   983   988   986   984  ind
40522   1940   995   996   992   986   992   984   993   990   983   987  ind
40522   1950   985   991   995   993   991   998   990  1000   997   997  ind
40522   1960   981   995   992   991   994   995   984   995   998   996  ind
40522   1970   987   993   993  1000   991   985   989   993   977   989  ind
40522   1980   993   995  1000   989  1000   987   982   989   981   986  ind
40522   1990   994   994   995   996   991   995   993   983   986   993  ind
40522   2000   981   992   987  1000   975   995  1000   997   994  1000  ind
40522   2010   979 -9999
80288   1906   997   989   990   987
80288   1910   990   995   980   995   974   988   978   972   967   984  ind
80288   1920   979   978   986   990   972  1000   987   996   976   990  ind
80288   1930   987   979   989   983   983   985   977   969   977   981  ind
80288   1940   980   979   986   982   974   980   981   983   982   984  ind
80288   1950   978   989   990   992   989   991   990  1000   983   997  ind
80288   1960   976   993   990   987   992   991   980   985   994   995  ind
80288   1970   979   992   992   995   982   981   984   989   972   977  ind
80288   1980   977   986   995   986   994   984   979   982   978   985  ind
80288   1990   994   987   994   994   984   986   986   980   985   992  ind
80288   2000   977   989   980   994   969   994   998 -9999
131032  1880  1000   995   957  1000   977   986   995   993   998   994  ind
131032  1890   985  1000   991   994  1000  1000   997   998   997   998  ind
131032  1900   995   959  1000   998   989   993   982   985   987   985  ind
131032  1910   990   994   975   993   973   987   968   970   961   968  ind
131032  1920   958   973   979   975   965   996   983   966   964   989  ind
131032  1930   974   970   980   978   975   983   953   969   972   971  ind
131032  1940   980   975   981   974   972   979   980   972   980   978  ind
131032  1950   975   973   977   992   987   983   987   997   982   991  ind
131032  1960   975   991   989   985   992   985   973   982   993   995  ind
131032  1970   979   988   987   976   977   980   981   985   969   974  ind
131032  1980   977   986   995   983   983   982   979   979   967   984  ind
131032  1990   974   986   994   994   981   982   986   979   981   979  ind
131032  2000   973   985   974   977   965   992   992   990   992  1000  ind
131032  2010 -9999
60386   1902   996   980   979   966   957   970   977   963
60386   1910   983   966   958   978   956   985   968   949   960   959  ind
60386   1920   949   968   965   973   953   988   982   941   964   971  ind
60386   1930   964   964   977   977   964   966   949   968   966   967  ind
60386   1940   968   970   970   966   968   979   976   958   979   970  ind
60386   1950   973   969   971   988   985   983   986   986   979   986  ind
60386   1960   975   986   978   984   989   981   969   971   988   995  ind
60386   1970   973   983   986   975   976   976   979   973   963   969  ind
60386   1980   970   979   995   979   979   979   979   977   960   984  ind
60386   1990   960   982   989   993   969   976   986   977   974   973  ind
60386   2000   967   983   962   974   963   986   991   979   975   996  ind
60386   2010 -9999
111212  1952   967   964   967   976   970   978   973   981
111212  1960   968   967   971   983   981   970   968   970   982   987  ind
111212  1970   971   978   981   974   960   975   978   972   963   969  ind
111212  1980   970   974   977   975   971   948   975   974   959   981  ind
111212  1990   959   971   987   988   967   970   974   965   966   973  ind
111212  2000   963   979   956   945   934   967   990   972   974   992  ind
111212  2010 -9999
92183A  1952   963   962   960   976   963   962   972   972
92183A  1960   962   957   969   972   979   964   962   969   978   955  ind
92183A  1970   969   973   976   973   955   971   973   966   961   968  ind
92183A  1980   954   944   964   959   969   934   975   967   957   973  ind
92183A  1990   955   966   979   967   966   954   948   960   959   938  ind
92183A  2000   961   962   956   913   934   955   961   969   972   991  ind
92183A  2010   990   982  1000   981  1000  1000  1000 -9999
152053A 1923   911   940   956   982   907   963   964
152053A 1930   959   962   962   960   926   923   937   960   954   955  ind
152053A 1940   960   963   965   954   965   965   975   958   975   962  ind
152053A 1950   965   964   946   958   954   975   956   942   950   968  ind
152053A 1960   957   954   965   959   978   951   957   969   965   922  ind
152053A 1970   962   971   957   954   942   968   968   958   955   963  ind
152053A 1980   935   937   951   955   958   929   961   966   957   966  ind
152053A 1990   931   964   968   961   961   917   943   959   935   934  ind
152053A 2000   955   951   956   900   929   935   943   968   967   990  ind
152053A 2010  1000   995   993   998  1000  1000 -9999
100680  1931   961   900   876   920   920   917   941   938   920
100680  1940   951   962   961   932   958   949   947   957   974   946  ind
100680  1950   965   958   936   946   936   969   942   903   949   959  ind
100680  1960   947   949   963   949   961   949   956   954   958   890  ind
100680  1970   956   958   925   952   931   958   953   958   945   921  ind
100680  1980   929   933   949   945   952   891   954   959   953   960  ind
100680  1990   913   954   961   957   956   902   937   952   926   923  ind
100680  2000   943   933   954   877   921   919   936   966 -9999
112256A 1955   944   908   866   921   957
112256A 1960   926   946   949   942   960   932   946   946   952   869  ind
112256A 1970   942   908   868   874   914   932   947   954   920   904  ind
112256A 1980   920   924   933   934   884   887   920   947   950   948  ind
112256A 1990   902   951   949   946   940   902   933   948   902   922  ind
112256A 2000   920   925   921   830   919   918   887   928   938   990  ind
112256A 2010   992   986   975   998  1000  1000 -9999
172210A 1938   932   904
172210A 1940   942   959   943   907   925   934   904   944   950   944  ind
172210A 1950   938   938   934   912   933   918   873   855   853   936  ind
172210A 1960   922   926   948   933   934   913   942   941   943   853  ind
172210A 1970   937   903   867   864   898   898   930   938   907   891  ind
172210A 1980   774   920   926   851   878   787   897   944   945   940  ind
172210A 1990   899   924   946   928   928   899   931   918   895   917  ind
172210A 2000   912   921   920   797   776   787   882   913   918   948  ind
172210A 2010   535   869   836   979  1000 -9999
172210B 1938   930   899
172210B 1940   924   918   939   899   924   910   859   930   930   924  ind
172210B 1950   935   933   932   911   926   918   836   826   815   877  ind
172210B 1960   914   918   946   930   914   882   938   925   923   821  ind
172210B 1970   919   879   858   859   885   886   886   934   846   876  ind
172210B 1980   749   920   877   850   849   758   893   929   932   910  ind
172210B 1990   897   912   944   891   917   893   909   876   873   870  ind
172210B 2000   898   918   898   708   478   636   760   821   864   911  ind
172210B 2010  1000   828 -9999
91321   1881   926   949   970   972   985   954   968   975   845
91321   1890   979   975   980   969  1000   957   961   987   994   815  ind
91321   1900   952   891   956   960   978   939   947   959   932   961  ind
91321   1910   929   956   957   953   946   950   933   939   960   895  ind
91321   1920   944   944   961   869   908   873   959   839   954   943  ind
91321   1930   958   953   879   850   912   918   864   941   909   849  ind
91321   1940   912   909   902   875   923   909   842   897   925   869  ind
91321   1950   922   930   930   896   919   912   800   779   813   868  ind
91321   1960   905   887   942   914   816   881   928   868   887   799  ind
91321   1970   901   818   813   832   857   838   678   914   795   858  ind
91321   1980   740   910   721   831   789   715   785   850   923   848  ind
91321   1990   891   866   937   819   915   884   908 -9999
70269   1890   943   947   907   950   816   951   941   858   861   810  ind
70269   1900   854   889   933   953   945   926   945   922   896   950  ind
70269   1910   905   938   926   944   933   935   921   906   957   892  ind
70269   1920   934   927   857   867   893   846   912   801   939   926  ind
70269   1930   951   946   816   784   830   750   841   875   887   629  ind
70269   1940   905   901   789   861   864   872   643   886   881   866  ind
70269   1950   909   887   922   880   871   890   712   764   783   867  ind
70269   1960   788   873   924   909   792   878   921   866   845   790  ind
70269   1970   885   783   753   705   835   808   668   874   740   813  ind
70269   1980   690   900   681   782   476   714   771   672   899   806  ind
70269   1990   823   808   751   746   907   757   870   838   810   851  ind
70269   2000   824   909   895   355   189   397   398   810   864   882  ind
70269   2010 -9999
121088  1902   892   944   929   842   851   890   879   887
121088  1910   838   883   914   916   899   934   919   886   942   862  ind
121088  1920   906   921   800   812   889   825   788   514   934   904  ind
121088  1930   922   908   665   568   792   663   798   870   797   598  ind
121088  1940   873   885   785   843   837   548   609   869   863   833  ind
121088  1950   894   846   867   871   764   862   688   756   726   753  ind
121088  1960   346   851   843   890   789   874   906   839   741   742  ind
121088  1970   871   766   726   668   825   673   665   857   677   644  ind
121088  1980   601   731   591   775   240   574   617   657   870   804  ind
121088  1990   700   580   746   712   902   615   857   812   791   819  ind
121088  2000   707   888   874   108   124   273   310   779   785   744  ind
121088  2010 -9999
101159r 1871  1000  1000  1000  1000  1000  1000  1000  1000  1000
101159r 1880  1000   921   936   900   890   610   914   942   925   514  ind
101159r 1890   766   537   744   902   804   943   635   806   756   612  ind
101159r 1900   219   807   521   724   749   638   760   877   802   818  ind
101159r 1910   825   816   819   907   835   933   917   790   799   837  ind
101159r 1920   873   919   751   739   851   539   713   108   791   882  ind
101159r 1930   896   897   576   532   746   558   777   848   778   577  ind
101159r 1940   808   877   772   410   794   276   588   857   798   691  ind
101159r 1950   775   731   847   847   751   823   407   735   705   720  ind
101159r 1960   248   794   681   869   660   867   889   784   509   726  ind
101159r 1970   744   655   425   333   700   669   632   723   109   565  ind
101159r 1980   249   645   590   377   240   504   299   540   835   787  ind
101159r 1990   655   450   697   607   817   612   804   740   730   701  ind
101159r 2000   648   880   872 -9999
172218Ar1907   637    54   574
172218Ar1910   739   736   816   899   565   831   231   664   642   736  ind
172218Ar1920   792   662   597  1000  1000   460   477    41   324   773  ind
172218Ar1930   671   715   411   479   530   307   193   616   495     0  ind
172218Ar1940   690   806   683   220   782   223   570   839   438   537  ind
172218Ar1950   767   663   807   846   556   609   317   374   320   431  ind
172218Ar1960    53   499   184   647   545   634   643   719   401     1  ind
172218Ar1970   395   554   391   255  1000   599  1000   582  1000   483  ind
172218Ar1980    60   496   266    10   235     6   194   509   738   725  ind
172218Ar1990   140   210   662   557   770   535   586   140   699   628  ind
172218Ar2000   128   849   736    46  1000  1000     7   238   761   498  ind
172218Ar2010 -9999
