  year  #   1       2       3       4       5       6       7       8       9      10      11      12      13      14      15      16      17      18      19      20      21      22      23      24      25      26      27      28      29      30
  1950  -0.376  -4.971   2.385   2.430   0.160  -1.018   1.079  -1.440   0.653   0.416   0.606  -0.272   0.026   0.368   0.776   0.291  -0.366   0.044   0.245  -0.267  -0.490   0.165  -0.114  -0.426  -0.353   0.158  -0.190   0.063  -0.154   0.115
  1951  -0.512  -4.553   2.382   3.401  -0.408  -1.160  -1.123  -0.117   1.174   0.449  -0.484  -0.224  -0.183  -0.221  -0.141   0.031   0.329   0.172  -0.281   0.516   0.590   0.132   0.127   0.085   0.045  -0.289   0.127  -0.105   0.163  -0.054
  1952  -1.284  -4.698   1.667   1.682   0.980  -0.983   0.058  -0.611  -0.102   0.332  -0.052  -0.084  -0.492  -0.273  -0.028   0.045  -0.600  -0.677  -0.313   0.298   0.538  -0.147  -0.116   0.273   0.282   0.046  -0.004  -0.028   0.037  -0.076
  1953   0.944  -4.789   1.422   1.098   2.062  -0.514  -0.476  -0.388   0.231  -0.357   0.072   0.608  -0.202  -0.225   0.426   0.136  -0.250   0.467   0.317  -0.505  -0.587  -0.202   0.264   0.226   0.105  -0.189   0.142   0.113   0.055  -0.057
  1954   3.868  -2.307   2.405   1.937   0.956   1.207  -0.936   3.295  -0.108   0.403  -0.084  -0.726   0.909  -0.267  -0.576  -0.266   0.559  -0.051  -0.329  -0.282  -0.079   0.006  -0.021  -0.299  -0.269   0.441  -0.044   0.167   0.009   0.101
  1955   5.945  -0.847   0.415   0.044   1.511   1.371   0.772  -0.049  -1.852  -1.284   0.369  -0.571   0.471  -0.443  -0.256  -0.135   0.214   0.259  -0.068   0.744   0.062  -0.211   0.117   0.007   0.338  -0.185  -0.322  -0.136  -0.211   0.003
  1956   8.283  -0.098   1.450  -0.219   0.777   0.286   0.079   0.203  -0.688  -0.963   0.906   0.658  -0.563  -0.174   0.463  -1.476   0.129  -0.941  -0.055  -0.490   0.141  -0.072   0.016   0.471  -0.095  -0.079   0.140  -0.186   0.179   0.102
  1957   7.161  -0.095   1.291  -0.141  -0.181   0.164   1.606  -0.244  -0.318   0.212  -0.399   0.762  -0.061   0.059   0.056   0.020   0.586   0.526   0.612  -0.264   0.084   0.414   0.175  -0.357   0.265   0.361   0.350   0.059  -0.267  -0.242
  1958   9.926   2.133   1.481   0.320  -2.506   0.803   0.487  -0.577  -0.142   0.915  -0.471  -1.332  -0.331   0.712   0.318   1.508  -0.054  -0.640   0.255   0.353  -0.124   0.080  -0.031  -0.039   0.000  -0.023   0.108  -0.155   0.107   0.112
  1959   4.394  -0.112  -0.285  -1.514  -0.684  -0.132   0.130  -0.453   0.123  -0.178   0.537  -1.286   0.541  -1.110  -0.057   0.016  -0.756   1.353  -0.007  -0.689   0.434   0.169  -0.142  -0.049   0.407  -0.216  -0.062   0.171  -0.038   0.015
  1960   6.055   1.543   0.698  -1.102  -0.277  -0.265   1.053  -0.840   0.787  -0.674   0.414   1.070  -0.290  -0.396  -0.456   0.138  -0.387  -0.017  -0.800   0.033  -0.485  -0.362  -0.408  -0.186  -0.119  -0.252   0.018  -0.138   0.127  -0.037
  1961   4.444   0.540  -0.877  -1.809  -0.873  -0.698   0.235  -0.242   1.534   0.237  -0.381  -0.116   0.549   0.070   0.494  -0.116  -0.102  -0.115  -0.553  -0.090  -0.342  -0.503   0.044   0.493  -0.536   0.273  -0.298   0.258   0.083  -0.110
  1962   2.123  -1.853  -0.706  -2.224   0.533  -1.008   0.719  -0.062   1.291  -0.019  -1.345   0.702   0.313   0.131  -0.929  -0.360   0.124   0.133   0.342   0.415   0.459  -0.122  -0.359  -0.443  -0.322  -0.376   0.254   0.338  -0.066   0.194
  1963   2.375  -0.789  -0.539  -1.947   0.397  -1.116  -0.324   0.154  -0.398   0.650  -1.029   0.497  -0.803   0.799  -0.682  -0.319  -0.258   0.087   0.153   0.260   0.267   0.248   0.448   0.469  -0.058  -0.131  -0.147  -0.189  -0.195   0.050
  1964   0.239  -1.388  -0.882  -2.348   1.663  -0.520  -0.885   0.432  -0.140   0.199  -0.667  -0.540  -0.532  -0.150  -0.418   0.010  -0.355   0.460   0.075  -0.291  -0.121   0.059   0.165  -0.023  -0.223   0.381  -0.220  -0.115   0.209  -0.071
  1965   0.749  -0.855  -0.626  -1.845   1.017  -0.506  -0.325   0.351  -0.242   0.043  -0.246   0.245  -0.112   0.805  -0.181   0.043   0.367  -0.389  -0.060  -0.041  -0.391   0.180   0.238  -0.180   0.252   0.008  -0.467   0.079   0.075  -0.156
  1966  -1.356  -2.473  -1.633  -2.140   0.678  -0.920  -0.060   0.071  -0.307   0.127  -0.658  -0.379  -0.077   0.078   0.356   0.526  -0.773  -1.212   0.179   0.104   0.033   0.109  -0.520  -0.025   0.552   0.332   0.057   0.265  -0.203  -0.023
  1967   0.726  -1.078  -2.493  -0.444   0.670   0.396  -1.769   0.895   0.041   0.105  -0.012   0.278   0.599  -0.344  -0.121   0.062  -0.678   0.241  -0.631   0.883  -0.402   0.753  -0.002  -0.127  -0.134   0.163   0.217  -0.430  -0.118  -0.090
  1968   1.827  -0.299  -2.077  -0.318   0.010   1.099  -1.979   0.001   0.417   0.591   0.571   0.520   0.790   0.099   0.396   0.741   0.036   0.060   0.209   0.374   0.798  -0.275   0.151   0.014  -0.165  -0.191  -0.092  -0.067   0.132  -0.004
  1969   1.229  -0.325  -2.639   0.446   0.462   1.072  -1.862   0.713  -0.562   1.066   1.874   1.136  -0.240   0.054   0.124   0.731  -0.193   0.119   0.482  -0.480  -0.205  -0.023  -0.295   0.207  -0.032  -0.054   0.078   0.130  -0.100   0.264
  1970   0.768  -0.830  -2.322   0.046  -0.239   0.484  -0.862  -0.956   0.126   0.487   0.459   0.928  -0.160   0.778   0.692  -0.095   0.965   0.165   0.175   0.170   0.226  -0.009   0.175  -0.224   0.232  -0.167  -0.289   0.322   0.116  -0.065
  1971  -0.943  -0.907  -2.162   0.259  -0.156  -0.110  -0.361  -1.347   0.133   0.737   0.288  -0.005   0.423   0.889   0.189  -0.103   0.301   0.204  -0.951  -0.654   0.206  -0.008   0.329  -0.021   0.388   0.143   0.265  -0.168  -0.063  -0.001
  1972  -0.445  -0.384  -2.746   0.602  -1.724  -0.622  -0.696  -1.202   0.185   0.621  -1.084  -0.220   0.950  -0.355   0.051  -0.514   0.574  -0.132  -0.182  -0.608  -0.284  -0.303  -0.117  -0.057  -0.323   0.159   0.080  -0.358  -0.210   0.086
  1973  -0.024  -0.131  -1.959   1.751  -2.172   0.129   0.077  -1.252  -0.228   0.032   0.678  -0.458  -0.156  -1.415  -0.336  -0.243   0.503  -0.202   0.211   0.656   0.098  -0.025   0.009   0.313  -0.208   0.137  -0.206   0.122  -0.201  -0.257
  1974  -1.665  -1.563  -1.739  -0.207  -1.244   0.176  -1.068  -0.137  -0.684  -0.461  -0.614  -0.339  -0.902  -0.534  -0.452  -0.470   0.483  -0.424   0.821   0.027  -0.398  -0.411   0.406  -0.433  -0.040  -0.076   0.309  -0.016   0.032   0.049
  1975  -1.127  -0.603  -2.121   2.909  -2.267   0.736   0.039   0.277  -0.747  -1.095  -0.242   0.309  -0.297   0.756  -0.958  -0.359  -0.922  -0.148  -0.691  -0.409   0.071  -0.137  -0.140  -0.086   0.267   0.013  -0.225   0.077  -0.022   0.057
  1976  -1.322  -1.113  -2.499   2.482  -0.424   1.913   1.269   0.184  -0.750  -1.485  -1.463   0.796   0.367   0.683  -0.166   0.300  -0.051   0.223   0.311  -0.066  -0.524   0.439  -0.366   0.261  -0.133  -0.161   0.126   0.112   0.277  -0.144
  1977  -3.068  -1.710  -2.033  -0.661   0.515  -0.418   0.515   0.273  -1.631   0.374  -0.253  -1.349  -0.416  -0.630   0.277  -0.004   0.267   0.225   0.826  -0.300   0.061  -0.232  -0.607   0.173  -0.180  -0.152  -0.136  -0.184   0.179  -0.002
  1978  -0.792  -0.256  -3.119   0.252  -1.123  -2.541   1.994   2.589   2.128  -0.695   2.037  -0.332  -0.703   0.155  -0.662   0.328   0.557   0.040   0.179   0.037  -0.053   0.125  -0.039   0.149   0.236   0.050   0.115  -0.165   0.067  -0.015
  1979  -1.583   0.376  -2.732   0.075   0.574  -0.236   1.504  -0.398  -0.182  -1.407   0.205  -1.077   0.237   0.288   1.297  -0.659  -0.302   0.270  -0.300   0.495   0.152   0.360   0.546   0.110  -0.271   0.122   0.204   0.361   0.081   0.202
  1980  -0.832   3.469  -2.187   1.341   1.567   1.399   2.057   0.697   0.291   1.838  -0.308  -0.119  -1.177  -0.238   0.858  -0.486  -0.171  -0.215  -0.420  -0.077   0.352   0.349  -0.079  -0.447  -0.153  -0.235  -0.139  -0.198  -0.114   0.048
  1981  -1.082   4.140  -0.905   1.671   2.803   0.843   0.634   0.074   0.581   1.669  -0.668   0.135  -0.484  -0.906  -0.242   0.233  -0.238   0.099  -0.294   0.249  -0.202  -0.729   0.055   0.126   0.157   0.097   0.368   0.237   0.133  -0.101
  1982  -0.213   5.343   0.072   2.506   2.401  -0.243  -0.375  -0.461   2.039  -1.411  -1.107  -0.319   0.347   0.247  -0.229   0.278   0.124  -0.143   0.873  -0.451   0.132  -0.027   0.184   0.231   0.240   0.037  -0.377  -0.270  -0.224   0.133
  1983  -1.208   3.868   0.138   0.848   1.420  -0.553  -0.123  -1.516  -0.061  -0.065   1.332   0.019   1.162   0.189  -0.863  -0.325  -0.132  -0.178   0.472   0.708  -0.276   0.002  -0.059  -0.232   0.121   0.314  -0.050   0.141   0.201   0.077
  1984  -2.340   1.448   1.091  -0.331   1.649  -1.085  -0.443  -0.742  -0.847  -1.283   0.826  -0.147  -0.131   0.250  -0.209   0.512   0.460  -0.193  -0.514   0.005  -0.121   0.048  -0.234  -0.445  -0.421  -0.296   0.137  -0.072  -0.220  -0.066
  1985  -1.618   3.153   1.312  -0.442   0.424  -0.321  -0.709  -0.499  -0.510   0.598   0.780  -0.908   0.038   0.752  -0.410  -0.273  -0.289  -0.176   0.343  -0.542   0.087   0.364   0.124   0.226  -0.315  -0.191   0.442   0.030  -0.071  -0.263
  1986  -1.306   2.020   1.810   0.226  -0.208  -0.409  -0.167  -0.346  -0.802   1.622   0.357  -0.797   0.403   0.893  -0.855  -0.777   0.254  -0.239  -0.156  -0.081   0.054   0.259  -0.289   0.111   0.055  -0.113  -0.089   0.232   0.194   0.000
  1987  -1.744   1.820   0.935   0.401  -0.378  -2.195   0.892   1.722  -1.700  -0.041  -0.290   0.684   1.296   0.914   1.069  -0.036   0.007   0.408   0.121   0.291   0.392  -0.873  -0.263   0.026   0.134   0.115   0.164  -0.236  -0.064  -0.087
  1988  -1.696   2.169   1.204   0.686  -1.595  -1.877   0.580   1.354  -1.289   0.975  -0.469   0.300   0.259  -0.431  -0.218   0.399  -0.483   0.170  -0.124  -0.158  -0.281   0.067   0.672  -0.221  -0.100  -0.397  -0.307   0.131   0.110   0.084
  1989  -2.164   2.978   1.296   0.153  -0.920  -1.489   0.192  -0.894  -1.376  -0.018   0.060   1.767  -0.707  -1.241  -0.043   0.428  -0.043   0.074   0.014  -0.158   0.240   0.311   0.194  -0.032  -0.079   0.486  -0.095  -0.005   0.084   0.081
  1990   0.636   4.499   1.232   0.343  -0.710  -0.966  -2.991   0.564  -0.034  -1.837  -0.917  -0.567  -1.216  -0.084   0.670   0.321   0.418   0.317  -0.559   0.050   0.115   0.145  -0.289   0.041   0.121   0.071   0.184   0.298   0.032   0.071
  1991  -3.171   0.863   1.229  -0.859   0.399  -0.395  -0.708  -0.363   0.525   0.035  -0.013  -0.031   0.152  -0.267   0.768  -0.169   0.431   0.177  -0.284   0.029  -0.531   0.294  -0.468  -0.116   0.144  -0.274  -0.281  -0.205   0.124  -0.120
  1992  -2.678   1.022   0.957  -0.155  -0.952   0.941  -0.671   0.760   0.618  -0.879   0.577   0.031   0.242   0.043   0.133   0.021  -1.141  -0.431   0.403  -0.135   0.161  -0.351   0.304  -0.138  -0.390  -0.230  -0.014   0.094  -0.360  -0.201
  1993  -2.311   0.796   1.290  -1.075  -1.751   1.301  -0.407  -0.490   0.989   0.204  -0.055  -0.205   0.065  -0.024  -0.095  -0.769  -0.460   0.289   0.165  -0.054  -0.244  -0.283   0.037  -0.273   0.653   0.021   0.127  -0.169   0.149   0.001
  1994  -2.106   0.658   2.790  -0.317  -1.465   1.317  -0.466   0.778   0.972   0.290   0.193   0.610  -0.959   0.525   0.535  -0.995  -0.333   0.576   0.649   0.496   0.155   0.097  -0.431  -0.053  -0.164   0.282  -0.193  -0.024  -0.067  -0.038
  1995  -3.336  -0.345   1.976  -0.966  -0.456   0.490   0.562  -0.583   0.057   0.261  -0.084   0.134   0.462   0.084  -0.128   0.204  -0.168   0.377   0.318   0.496  -0.369   0.238   0.073   0.608  -0.073  -0.001   0.204  -0.223   0.114   0.256
  1996  -2.959   0.574   1.413  -1.144  -0.742   0.938   0.596   1.337   0.684   0.181  -0.362   0.473   1.202  -0.972   0.508   0.169   0.471  -0.773   0.000  -0.268  -0.190   0.490   0.136   0.352   0.274  -0.276   0.058   0.172  -0.037  -0.098
  1997  -4.278  -0.722   1.272  -1.381  -0.355   0.691   0.477  -0.349   0.020  -0.080  -0.090   0.460   0.506  -0.646  -0.250  -0.077   0.473  -0.321  -0.383  -0.132   0.326   0.184  -0.204   0.138   0.113  -0.013  -0.016   0.069  -0.287   0.262
  1998  -3.496  -1.143   0.697  -1.691   0.132   1.341   0.634  -0.199   0.321  -1.236   0.200  -0.027   0.330  -0.224   0.050   0.535  -0.077  -0.548   0.080  -0.383   0.804   0.002   0.257  -0.511  -0.173   0.206   0.018  -0.241   0.518  -0.039
  1999  -4.365  -0.883   1.525  -1.064   0.239   2.043   1.253  -0.418  -0.124  -0.171   0.085  -0.097  -0.647   0.628  -0.801   0.862   0.549   0.624  -0.555  -0.236   0.389  -0.247  -0.074   0.401  -0.278   0.189  -0.065   0.047  -0.136  -0.062
  2000  -4.291  -1.287   1.444  -1.563  -0.188   1.159   0.294   0.451  -0.097  -0.030   0.417  -0.595  -0.798   0.322   0.254   0.140   0.398   0.004  -0.322   0.423  -0.730  -0.538   0.419  -0.066   0.232  -0.036   0.036  -0.006  -0.161   0.114
