cagl_drop.rwl -- no data title --                         1st itrdb line missing     
cagl_drop.rwl -- no data title --                         2nd itrdb line missing     
cagl_drop.rwl -- no data title --                         3rd itrdb line missing     
cagl_d18689990  09990  09990  09990  09990  09990  09990  09990  01401  12203  1  trn
cagl_d18701509  1 843  21376  21641  21393  21566  21712  21724  21527  31865  3  trn
cagl_d18802070  51820  61974  61957  61792  61874  61923  62113  61809  61581  6  trn
cagl_d18901391  81458  91702  91835  91855  91823  92061  92149  92111  91892  9  trn
cagl_d19001786 102126 121926 152089 151999 151923 162076 181855 201717 201677 20  trn
cagl_d19101637 201178 201393 201214 20 966 201547 201894 211762 221491 221516 22  trn
cagl_d19201533 221898 232181 232058 242253 242169 242263 242436 242403 242285 25  trn
cagl_d19302168 272050 292149 302070 301951 301972 312169 322265 322202 331732 33  trn
cagl_d19401963 331970 331868 331676 331707 331697 331598 331001 331306 331394 33  trn
cagl_d19501398 331479 331379 351516 351739 361915 372113 382082 382248 381863 38  trn
cagl_d19602036 381938 381698 381774 381533 381627 381324 381695 381855 381812 39  trn
cagl_d19701785 391656 391644 391773 391533 391680 391608 391288 391547 391537 39  trn
cagl_d19801733 391705 391818 391659 391380 391505 391473 391403 391435 391390 39  trn
cagl_d19901601 391306 391338 391398 381271 381237 381226 381089 371086 361063 36  trn
cagl_d20001046 361149 361046 351159 33 941 331023 31 998 301120 281068 251153 20  trn
cagl_d2010 557  7 363  6 323  6 379  6 375  5 496  3 356  19990  09990  09990  0  trn
cagl_drop.rwl -- no data title --                         1st itrdb line missing     
cagl_drop.rwl -- no data title --                         2nd itrdb line missing     
cagl_drop.rwl -- no data title --                         3rd itrdb line missing     
cagl_d18689990  09990  09990  09990  09990  09990  09990  09990  0 867  11052  1  std
cagl_d1870 874  1 674  2 820  2 904  2 806  2 873  2 942  2 909  21131  31155  3  std
cagl_d18801351  5 998  61106  61094  6 982  6 977  61028  61045  61004  6 739  6  std
cagl_d1890 840  8 925  91000  91112  91130  91100  91192  91308  91302  91120  9  std
cagl_d19001043 101210 121151 151194 151127 151117 161110 18 930 20 859 20 820 20  std
cagl_d1910 825 20 617 20 767 20 678 20 626 20 808 20 937 21 859 22 757 22 734 22  std
cagl_d1920 738 22 923 231037 23 969 241184 241175 241208 241263 241314 241290 25  std
cagl_d19301163 27 977 291078 301045 30 986 301015 311209 321256 321258 33 886 33  std
cagl_d19401079 331106 331021 33 880 33 924 33 897 33 827 33 573 33 705 33 747 33  std
cagl_d1950 783 33 836 33 764 35 857 351010 361131 371232 381237 381366 381033 38  std
cagl_d19601191 381151 38 950 381011 38 862 38 943 38 725 38 985 381117 381029 39  std
cagl_d19701035 39 940 39 930 391037 39 852 39 964 39 923 39 745 39 893 39 936 39  std
cagl_d19801105 391120 391182 391083 39 900 39 968 39 977 39 968 391008 39 966 39  std
cagl_d19901136 39 913 391002 391036 381046 38 967 381020 38 845 37 886 36 851 36  std
cagl_d2000 873 36 942 36 926 351017 33 945 33 979 31 969 30 999 281035 251028 20  std
cagl_d2010 951  7 781  6 798  61002  61106  51188  31054  19990  09990  09990  0  std
cagl_drop.rwl -- no data title --                         1st itrdb line missing     
cagl_drop.rwl -- no data title --                         2nd itrdb line missing     
cagl_drop.rwl -- no data title --                         3rd itrdb line missing     
cagl_d18689990  09990  09990  09990  09990  09990  09990  09990  0 890  11117  1  res
cagl_d1870 883  1 810  21068  21092  2 880  2 999  21056  2 933  21177  3 967  3  res
cagl_d18801224  5 876  61023  61047  6 924  6 979  61015  61006  6 952  6 747  6  res
cagl_d1890 973  81040  91096  91082  91011  9 981  91114  91148  91063  9 896  9  res
cagl_d1900 934 101098 121003 151029 151002 151058 161034 18 828 20 899 20 931 20  res
cagl_d1910 943 20 776 201016 20 896 20 841 201121 201176 21 911 22 805 22 898 22  res
cagl_d1920 929 221131 231141 23 910 241220 24 987 241077 241100 241075 241065 25  res
cagl_d1930 926 27 905 291062 30 997 30 937 301016 311208 321150 321070 33 764 33  res
cagl_d19401153 331084 33 938 33 849 33 961 33 985 33 894 33 721 331008 33 988 33  res
cagl_d1950 952 33 962 33 884 351012 351126 361134 371149 381067 381222 38 810 38  res
cagl_d19601167 38 991 38 854 381039 38 854 381037 38 823 381156 381161 38 954 39  res
cagl_d1970 986 39 935 39 957 391094 39 850 391049 39 990 39 792 391086 39 981 39  res
cagl_d19801155 391042 391045 39 964 39 853 391010 391025 39 936 39 995 39 966 39  res
cagl_d19901172 39 846 391030 391044 381025 38 924 381035 38 859 37 962 36 943 36  res
cagl_d2000 953 361060 36 952 351082 33 934 331033 311003 301003 281016 251038 20  res
cagl_d2010 912  7 826  6 917  61102  61095  51198  3 994  19990  09990  09990  0  res
cagl_drop.rwl -- no data title --                         1st itrdb line missing     
cagl_drop.rwl -- no data title --                         2nd itrdb line missing     
cagl_drop.rwl -- no data title --                         3rd itrdb line missing     
cagl_d18689990  09990  09990  09990  09990  09990  09990  09990  0 858  11031  1  ars
cagl_d1870 883  1 752  2 910  21008  2 875  2 930  21001  2 926  21137  31037  3  ars
cagl_d18801269  51034  61081  61100  6 994  6 991  61011  61013  6 963  6 733  6  ars
cagl_d1890 817  8 900  91016  91080  91061  91028  91142  91237  91221  91055  9  ars
cagl_d1900 997 101106 121065 151082 151060 151106 161105 18 904 20 861 20 841 20  ars
cagl_d1910 836 20 667 20 804 20 742 20 671 20 897 201073 21 940 22 785 22 770 22  ars
cagl_d1920 771 22 969 231094 23 961 241215 241105 241169 241215 241224 241225 25  ars
cagl_d19301085 27 986 291068 301035 30 968 301005 311211 321275 321258 33 949 33  ars
cagl_d19401163 331173 331060 33 909 33 919 33 929 33 845 33 630 33 776 33 811 33  ars
cagl_d1950 815 33 832 33 766 35 857 351014 361125 371226 381216 381383 381057 38  ars
cagl_d19601256 381146 38 973 381046 38 879 38 975 38 795 381037 381157 381050 39  ars
cagl_d19701037 39 965 39 944 391059 39 878 39 990 39 970 39 777 39 955 39 927 39  ars
cagl_d19801109 391096 391117 391046 39 897 39 959 39 990 39 926 39 953 39 931 39  ars
cagl_d19901129 39 912 39 999 391033 381046 38 957 381018 38 866 37 890 36 864 36  ars
cagl_d2000 863 36 964 36 915 351030 33 942 331005 311000 301006 281022 251053 20  ars
cagl_d2010 948  7 807  6 803  6 964  61049  51226  31131  19990  09990  09990  0  ars
