 eigenvalue  7.240   2.465   2.357   1.872   1.760   1.671   1.558   1.365   1.241   1.166   0.963   0.891   0.782   0.733   0.724   0.669   0.625   0.543   0.480   0.465   0.401   0.356   0.327   0.290   0.242   0.231   0.165   0.124   0.096   0.077   0.066   0.054
 eval sderr  1.434   0.488   0.467   0.371   0.349   0.331   0.309   0.270   0.246   0.231   0.191   0.176   0.155   0.145   0.143   0.133   0.124   0.107   0.095   0.092   0.079   0.071   0.065   0.057   0.048   0.046   0.033   0.024   0.019   0.015   0.013   0.011
 % variance  0.226   0.077   0.074   0.059   0.055   0.052   0.049   0.043   0.039   0.036   0.030   0.028   0.024   0.023   0.023   0.021   0.020   0.017   0.015   0.015   0.013   0.011   0.010   0.009   0.008   0.007   0.005   0.004   0.003   0.002   0.002   0.002
 cumulative  0.226   0.303   0.377   0.435   0.490   0.543   0.591   0.634   0.673   0.709   0.739   0.767   0.792   0.814   0.837   0.858   0.878   0.895   0.910   0.924   0.937   0.948   0.958   0.967   0.975   0.982   0.987   0.991   0.994   0.996   0.998   1.000
 brokn stck  4.058   3.058   2.558   2.225   1.975   1.775   1.608   1.466   1.341   1.230   1.130   1.039   0.955   0.878   0.807   0.740   0.678   0.619   0.563   0.511   0.461   0.413   0.368   0.324   0.283   0.243   0.204   0.167   0.131   0.097   0.064   0.031
 series_id   #  1       2       3       4       5       6       7       8       9      10      11      12      13      14      15      16      17      18      19      20      21      22      23      24      25      26      27      28      29      30      31      32
  60059      0.236   0.039  -0.138  -0.052   0.078  -0.281  -0.026  -0.066  -0.244   0.059  -0.194   0.126  -0.159  -0.006   0.364  -0.097  -0.160  -0.094  -0.049  -0.243   0.179  -0.097  -0.078   0.352  -0.010   0.185  -0.343  -0.216   0.132   0.154   0.199  -0.023
  70065      0.074  -0.126   0.315   0.028   0.170  -0.059   0.253   0.433  -0.302   0.054   0.080  -0.046  -0.027   0.167  -0.044  -0.135  -0.048   0.261   0.109   0.017   0.017  -0.224   0.188   0.049   0.095   0.258   0.312   0.020  -0.033  -0.072   0.297  -0.074
  80625      0.232  -0.046   0.023  -0.115   0.259  -0.064  -0.059  -0.008  -0.193   0.063  -0.301   0.107   0.135  -0.080  -0.486  -0.010  -0.154   0.115   0.004   0.243   0.119   0.117  -0.215   0.137   0.028  -0.172  -0.044  -0.280  -0.151  -0.310  -0.118   0.135
  90522      0.089   0.113   0.044  -0.263   0.111  -0.232  -0.313   0.024   0.064   0.407   0.014  -0.300   0.298  -0.051   0.378  -0.045   0.070   0.097   0.008  -0.060  -0.077  -0.196  -0.142  -0.148  -0.043  -0.152   0.249  -0.041  -0.056  -0.076  -0.031   0.211
  121105     0.187   0.158  -0.217   0.207  -0.110  -0.003   0.087  -0.086  -0.089  -0.210  -0.118  -0.199   0.470   0.243   0.005   0.009   0.212   0.205  -0.038   0.224  -0.022  -0.235  -0.152  -0.017  -0.040  -0.051  -0.257   0.172  -0.063  -0.005   0.226  -0.254
  131113     0.221  -0.003   0.211  -0.247   0.063  -0.035  -0.091   0.263   0.152  -0.094  -0.223  -0.186   0.012   0.278  -0.141  -0.011  -0.234  -0.178  -0.111   0.128  -0.243  -0.087   0.024   0.005   0.015   0.018  -0.107   0.118   0.274   0.385  -0.323  -0.114
  91327      0.253  -0.039  -0.033  -0.088   0.095  -0.065   0.121  -0.035   0.051  -0.124   0.300   0.379  -0.096   0.207   0.207  -0.191  -0.174   0.233  -0.125  -0.186  -0.249   0.020  -0.134  -0.107  -0.038  -0.271   0.008   0.040  -0.164  -0.202  -0.233  -0.299
  70332      0.112   0.081  -0.293   0.283   0.331  -0.136   0.025   0.014   0.103   0.155   0.206   0.152  -0.117   0.089  -0.207   0.310   0.149   0.075   0.057  -0.050   0.122  -0.183  -0.307  -0.088   0.171   0.056   0.217  -0.024   0.300   0.242  -0.106   0.004
  60252      0.187  -0.139  -0.111  -0.088  -0.158   0.131   0.088  -0.039   0.211   0.249  -0.260  -0.150  -0.354   0.338  -0.006   0.257   0.329   0.052   0.118  -0.109  -0.226  -0.071   0.089   0.128   0.139   0.076  -0.059  -0.168  -0.238  -0.201  -0.036  -0.013
  50244      0.140  -0.166  -0.150  -0.136  -0.067   0.441   0.139  -0.189  -0.149   0.065   0.007   0.013   0.156  -0.051  -0.165  -0.308   0.186  -0.064  -0.255  -0.250   0.015  -0.255  -0.006   0.248  -0.214  -0.003   0.290  -0.014   0.109   0.150  -0.130   0.092
  91487      0.227  -0.018  -0.230   0.142  -0.014  -0.089   0.106  -0.088  -0.231  -0.035   0.251  -0.254  -0.042  -0.087   0.004   0.168  -0.255  -0.305  -0.043   0.143  -0.006  -0.297   0.370  -0.230  -0.126   0.091  -0.028  -0.183  -0.070  -0.208  -0.252   0.026
  70152      0.197  -0.176   0.088   0.158  -0.063   0.158   0.135   0.135   0.290   0.348   0.054  -0.030   0.152  -0.196  -0.140  -0.121  -0.155   0.136  -0.230  -0.248   0.101  -0.012   0.027  -0.333   0.188   0.067  -0.428  -0.009   0.042  -0.006   0.120   0.094
  50246      0.241  -0.008   0.073   0.098  -0.075  -0.080  -0.110   0.295  -0.031  -0.006  -0.051   0.108  -0.069  -0.372  -0.043   0.451   0.103   0.099  -0.269  -0.085  -0.193   0.040   0.000   0.123  -0.483  -0.016   0.036   0.190  -0.115   0.042   0.106  -0.030
  30567A     0.123   0.455   0.130  -0.145  -0.174   0.152  -0.016  -0.105  -0.123   0.151   0.184  -0.055  -0.197  -0.006  -0.040   0.040  -0.001   0.117  -0.158   0.130  -0.036   0.053  -0.027   0.135   0.096   0.066  -0.062   0.195   0.504  -0.410   0.035   0.027
  30567B     0.114   0.411   0.091  -0.209  -0.229   0.004  -0.016  -0.091  -0.139   0.186   0.322   0.044  -0.069   0.098  -0.282   0.037  -0.096  -0.052   0.066  -0.022   0.045  -0.016  -0.007   0.006   0.064  -0.086  -0.046  -0.034  -0.453   0.427   0.166   0.032
  70626A     0.163   0.080  -0.202   0.336   0.007   0.059  -0.165   0.080  -0.161   0.291  -0.285   0.021  -0.263  -0.043   0.098  -0.309   0.004   0.025  -0.029   0.191   0.137   0.123   0.246  -0.045   0.119  -0.247   0.123   0.368  -0.110   0.117  -0.119  -0.078
  100974     0.244  -0.068  -0.044  -0.146  -0.123   0.098   0.071   0.228  -0.038  -0.026   0.013   0.366   0.168  -0.038   0.054   0.071   0.098  -0.298   0.552  -0.030   0.009  -0.144   0.062  -0.040   0.037  -0.258  -0.113   0.219   0.160  -0.094   0.071   0.241
  91391      0.175  -0.070  -0.033  -0.009   0.172  -0.176   0.246  -0.402   0.201  -0.061  -0.006  -0.309  -0.039  -0.093  -0.115   0.010  -0.271   0.245   0.318  -0.159  -0.076   0.139   0.152   0.183  -0.127  -0.092   0.068   0.319   0.060   0.073   0.117   0.150
  111094     0.232  -0.206   0.088  -0.059  -0.135  -0.169  -0.246  -0.164   0.166  -0.192  -0.013   0.006  -0.212   0.166  -0.142  -0.076   0.068  -0.142  -0.192   0.047   0.210  -0.047   0.086  -0.253  -0.075  -0.269   0.216  -0.141   0.185  -0.045   0.480  -0.047
  60172      0.139  -0.314   0.145   0.118   0.018  -0.189   0.059   0.056   0.073   0.123   0.474  -0.117   0.051   0.072   0.077  -0.114   0.317  -0.103  -0.087   0.339   0.070   0.229   0.010   0.395  -0.004  -0.109  -0.177  -0.024   0.000   0.069  -0.102   0.115
  40522      0.137   0.153   0.111   0.048   0.396   0.287  -0.100  -0.013   0.328  -0.015   0.063  -0.042  -0.176  -0.051   0.040  -0.210  -0.007  -0.313   0.128   0.147   0.091  -0.149  -0.249   0.023  -0.257   0.274  -0.053   0.145  -0.237  -0.153   0.137  -0.092
  80288      0.135   0.288   0.065   0.014   0.256  -0.127   0.271   0.062  -0.175  -0.082  -0.073  -0.187  -0.004  -0.123  -0.080  -0.185   0.429  -0.256   0.017  -0.268  -0.212   0.354   0.038  -0.254   0.001  -0.077  -0.031  -0.159   0.069   0.012   0.026  -0.083
  131032     0.266  -0.095  -0.063   0.011  -0.219  -0.138  -0.140   0.033  -0.100  -0.354   0.020  -0.088  -0.023   0.015  -0.007  -0.072   0.032  -0.060  -0.105  -0.151   0.042   0.152  -0.276  -0.083   0.309   0.382   0.142   0.292  -0.198  -0.083  -0.120   0.354
  60386      0.100   0.207  -0.156   0.206   0.057   0.375  -0.069   0.322   0.116  -0.316   0.090  -0.209  -0.062   0.038   0.177   0.005  -0.184   0.143  -0.015  -0.030  -0.073   0.084   0.004   0.169   0.085  -0.278   0.057  -0.344   0.016   0.067   0.125   0.321
  152053A    0.069   0.113   0.112  -0.014  -0.107  -0.077   0.585  -0.122   0.181   0.011  -0.230   0.187  -0.046  -0.162   0.250   0.032  -0.047  -0.084  -0.222   0.398  -0.080  -0.095  -0.140  -0.071   0.107  -0.020   0.204  -0.063  -0.053   0.120   0.058   0.217
  100680     0.159   0.039  -0.026  -0.427   0.167   0.094  -0.008   0.016   0.112  -0.273   0.034  -0.027  -0.063  -0.326   0.112   0.104   0.267   0.298  -0.007   0.094   0.403  -0.085   0.267  -0.044   0.207   0.025  -0.071  -0.008  -0.060   0.110  -0.162  -0.167
  172210A    0.104  -0.100   0.376   0.196  -0.007   0.152  -0.165  -0.281  -0.264  -0.078  -0.026   0.063  -0.199  -0.010   0.096  -0.056   0.153   0.313   0.220   0.123  -0.152  -0.119  -0.085  -0.282  -0.188   0.065  -0.192  -0.145   0.084   0.207  -0.144   0.244
  172210B    0.152  -0.083   0.296   0.195   0.161   0.173  -0.218  -0.298  -0.069  -0.016   0.008   0.070   0.214  -0.191   0.086   0.219  -0.053  -0.203  -0.043  -0.061  -0.268  -0.041   0.102   0.188   0.499  -0.048   0.122  -0.008  -0.047   0.017   0.111  -0.235
  70269      0.229   0.146  -0.197   0.016  -0.077  -0.044  -0.179  -0.043   0.242   0.061   0.016   0.318   0.273   0.031  -0.022  -0.160   0.015   0.125   0.115   0.171  -0.195   0.270   0.339  -0.007  -0.106   0.443   0.158  -0.230   0.081   0.055   0.040   0.002
  121088     0.167   0.053   0.184   0.203  -0.466  -0.074   0.050   0.085   0.139   0.004  -0.030  -0.171  -0.001  -0.251  -0.012  -0.114  -0.065   0.011   0.334  -0.084   0.196  -0.019  -0.248   0.109  -0.033  -0.019   0.198  -0.234   0.071  -0.023  -0.222  -0.390
  101159r    0.055   0.262   0.373   0.238   0.059  -0.023   0.060  -0.083   0.118  -0.038  -0.125   0.131   0.206   0.368   0.077   0.178   0.041  -0.045  -0.113  -0.258   0.430   0.032   0.239   0.065  -0.143  -0.030   0.053   0.032  -0.069  -0.095  -0.240   0.167
  172218Ar   0.175  -0.204  -0.050  -0.154   0.030   0.346   0.115  -0.039  -0.224   0.162   0.017  -0.108   0.100   0.179   0.246   0.303  -0.163  -0.049   0.052   0.086   0.223   0.484  -0.183  -0.208  -0.125   0.080   0.122   0.002   0.054   0.098   0.077  -0.168
