  year  #   1
  1950  -1.793
  1951  -1.713
  1952  -2.027
  1953  -1.016
  1954   0.396
  1955   1.182
  1956   1.980
  1957   1.842
  1958   2.667
  1959   0.928
  1960   1.907
  1961   1.287
  1962   0.209
  1963   0.497
  1964  -0.346
  1965   0.022
  1966  -1.312
  1967  -0.295
  1968   0.371
  1969   0.139
  1970   0.044
  1971  -0.596
  1972  -0.504
  1973  -0.201
  1974  -1.089
  1975  -0.789
  1976  -0.787
  1977  -1.776
  1978  -0.650
  1979  -0.457
  1980   0.522
  1981   0.723
  1982   1.187
  1983   0.599
  1984  -0.347
  1985   0.330
  1986   0.335
  1987   0.086
  1988   0.152
  1989   0.182
  1990   1.308
  1991  -0.285
  1992  -0.155
  1993   0.170
  1994   0.284
  1995  -0.276
  1996   0.097
  1997  -0.911
  1998  -0.571
  1999  -0.756
  2000  -0.793
