 eigenvalue  8.925   2.874   2.572   2.172   1.994   1.601   1.320   1.175   0.985   0.815   0.696   0.621   0.540   0.523   0.489   0.403   0.373   0.344   0.309   0.226   0.183   0.179   0.148   0.133   0.121   0.083   0.073   0.051   0.044   0.029
 eval sderr  1.767   0.569   0.509   0.430   0.395   0.317   0.261   0.233   0.195   0.161   0.138   0.123   0.107   0.104   0.097   0.080   0.074   0.068   0.061   0.045   0.036   0.035   0.029   0.026   0.024   0.016   0.014   0.010   0.009   0.006
 % variance  0.297   0.096   0.086   0.072   0.066   0.053   0.044   0.039   0.033   0.027   0.023   0.021   0.018   0.017   0.016   0.013   0.012   0.011   0.010   0.008   0.006   0.006   0.005   0.004   0.004   0.003   0.002   0.002   0.001   0.001
 cumulative  0.297   0.393   0.479   0.551   0.618   0.671   0.715   0.754   0.787   0.814   0.838   0.858   0.876   0.894   0.910   0.924   0.936   0.947   0.958   0.965   0.971   0.977   0.982   0.987   0.991   0.993   0.996   0.998   0.999   1.000
 brokn stck  3.995   2.995   2.495   2.162   1.912   1.712   1.545   1.402   1.277   1.166   1.066   0.975   0.892   0.815   0.743   0.677   0.614   0.555   0.500   0.447   0.397   0.350   0.304   0.261   0.219   0.179   0.141   0.104   0.068   0.033
 series_id   #  1       2       3       4       5       6       7       8       9      10      11      12      13      14      15      16      17      18      19      20      21      22      23      24      25      26      27      28      29      30
  60059      0.218   0.023   0.229   0.266  -0.024  -0.121  -0.050   0.026   0.031  -0.107  -0.224  -0.242  -0.128   0.125  -0.317  -0.210  -0.045   0.059   0.343  -0.141  -0.331  -0.223   0.048   0.161   0.260  -0.213  -0.045  -0.016   0.201  -0.160
  70065      0.139   0.121  -0.195   0.219  -0.315   0.207  -0.167  -0.078  -0.327   0.118   0.192  -0.154  -0.239  -0.069   0.186   0.119   0.195   0.028  -0.032   0.034   0.099  -0.217  -0.113  -0.204   0.462   0.174  -0.033  -0.094   0.077   0.004
  80625      0.174  -0.021   0.130   0.337  -0.221   0.144  -0.300   0.058  -0.116   0.161   0.122   0.264   0.185  -0.122  -0.003   0.113  -0.022  -0.054   0.310   0.041  -0.038   0.130   0.126   0.230  -0.311  -0.050  -0.235  -0.283  -0.095   0.243
  90522      0.045   0.086   0.325   0.162  -0.231   0.081   0.304  -0.135   0.144   0.020  -0.395  -0.383   0.356  -0.134   0.336   0.056   0.090   0.060  -0.090  -0.021  -0.007   0.066   0.014  -0.217  -0.066   0.020  -0.102  -0.038   0.006   0.118
  121105     0.230  -0.114  -0.074   0.200   0.045  -0.284  -0.031   0.177   0.017   0.009   0.251  -0.017   0.359  -0.072   0.307   0.061   0.085   0.077  -0.226   0.073  -0.017  -0.129  -0.027   0.203   0.047  -0.347   0.415  -0.080   0.064  -0.211
  131113     0.187   0.167   0.278   0.084  -0.157   0.180   0.060  -0.246  -0.239  -0.271   0.237   0.079   0.039   0.041  -0.090   0.179  -0.069  -0.065  -0.141  -0.084   0.054   0.099   0.218   0.074  -0.143   0.025   0.025   0.511   0.050  -0.329
  91327      0.201   0.229   0.140  -0.073   0.042  -0.206  -0.282  -0.034   0.047  -0.088  -0.206   0.109  -0.390  -0.285   0.103   0.089   0.114   0.250  -0.159  -0.305  -0.007   0.011  -0.117  -0.113  -0.208  -0.090   0.004  -0.150  -0.327  -0.200
  70332      0.166  -0.264  -0.103   0.131  -0.196  -0.048  -0.023   0.272   0.370   0.220  -0.080   0.125  -0.280   0.134   0.175   0.043   0.316  -0.070  -0.045  -0.136  -0.075   0.202   0.013   0.019  -0.104   0.109  -0.088   0.376   0.283  -0.014
  60252      0.221  -0.139   0.066  -0.065   0.212   0.119   0.094  -0.118   0.152   0.190   0.012   0.000   0.073   0.352  -0.287   0.537   0.215   0.360  -0.083   0.078   0.055  -0.040   0.083  -0.005   0.150  -0.080  -0.120  -0.093  -0.173   0.026
  50244      0.169   0.113  -0.279  -0.158   0.171  -0.103  -0.324   0.045  -0.011  -0.126  -0.251  -0.017   0.389  -0.010   0.024   0.227   0.119  -0.249   0.160  -0.158  -0.081  -0.367   0.145  -0.083  -0.059   0.300  -0.026   0.190  -0.003   0.026
  91487      0.278  -0.066  -0.097  -0.026   0.048  -0.122  -0.066   0.045  -0.042  -0.060   0.057  -0.254  -0.012   0.074  -0.156  -0.298   0.175  -0.380  -0.272   0.033   0.318   0.122   0.311  -0.144  -0.012  -0.244  -0.341  -0.136  -0.120  -0.010
  70152      0.179   0.046  -0.074  -0.171   0.254   0.310  -0.019  -0.272   0.223   0.011   0.261  -0.169  -0.056   0.044   0.277   0.063  -0.044  -0.234   0.379  -0.290  -0.038   0.192  -0.145  -0.115  -0.006  -0.297   0.102  -0.055   0.067   0.010
  50246      0.276  -0.063   0.045  -0.152  -0.036   0.048   0.248   0.096  -0.147   0.164  -0.049  -0.079  -0.204  -0.028  -0.018  -0.072   0.051  -0.027   0.189   0.062  -0.059   0.046   0.476  -0.067  -0.121   0.271   0.549  -0.175  -0.120   0.023
  30567A     0.037   0.011   0.128   0.095   0.406   0.390   0.126   0.240  -0.311   0.060  -0.223   0.034  -0.016  -0.269  -0.167  -0.006   0.338  -0.174  -0.145  -0.080   0.057   0.006  -0.259   0.187  -0.017  -0.091   0.106   0.074   0.114   0.122
  70626A     0.181  -0.178  -0.104   0.375   0.034   0.192  -0.055   0.101   0.204  -0.182   0.026  -0.128   0.056   0.091  -0.178  -0.202  -0.160   0.170   0.120   0.015   0.388  -0.105  -0.306  -0.194  -0.217   0.199   0.191   0.116  -0.241  -0.032
  100974     0.279   0.080   0.009  -0.143  -0.050  -0.104  -0.051   0.002  -0.201  -0.155  -0.140   0.056  -0.156   0.177   0.035   0.097  -0.067   0.008   0.037   0.521  -0.088  -0.055  -0.227  -0.291  -0.269  -0.280   0.056   0.104   0.248   0.274
  91391      0.047   0.282   0.285  -0.039   0.049  -0.153  -0.116  -0.086   0.325   0.425   0.345  -0.099   0.062  -0.304  -0.313  -0.085   0.082  -0.125  -0.053   0.195  -0.070  -0.129  -0.108  -0.154  -0.030   0.122   0.073   0.149   0.058   0.077
  111094     0.270  -0.043   0.028  -0.006  -0.047  -0.065   0.172  -0.268   0.046  -0.045  -0.015   0.413   0.122   0.073  -0.147  -0.119  -0.087  -0.056  -0.230  -0.316   0.079  -0.070  -0.128  -0.123  -0.001   0.203   0.045  -0.373   0.440   0.058
  60172      0.207   0.202  -0.246   0.019  -0.071  -0.002   0.177  -0.148   0.130   0.235  -0.192  -0.150  -0.219  -0.037   0.040   0.144  -0.397  -0.165  -0.156   0.040   0.193  -0.205  -0.051   0.530  -0.079  -0.016  -0.034   0.049  -0.043   0.097
  40522      0.011   0.284   0.012   0.032  -0.134   0.413  -0.027   0.289   0.432  -0.297  -0.045   0.245  -0.025   0.045  -0.021   0.035  -0.069  -0.213  -0.221   0.171  -0.209  -0.069   0.133  -0.066   0.211  -0.085   0.108  -0.152  -0.138   0.002
  80288     -0.042   0.310   0.060   0.307   0.240  -0.262   0.059   0.281  -0.110   0.123  -0.050  -0.042  -0.018   0.227   0.006   0.303  -0.237  -0.248   0.056   0.011   0.059   0.370  -0.108  -0.180   0.072   0.185   0.003  -0.145   0.051  -0.227
  131032     0.296  -0.118   0.048   0.029   0.045  -0.163   0.029  -0.007  -0.122   0.007   0.024   0.128   0.080  -0.016   0.040  -0.109  -0.228  -0.030  -0.119  -0.159  -0.253   0.232  -0.108  -0.037   0.386   0.043   0.023   0.292  -0.390   0.449
  60386      0.145   0.097   0.089  -0.278  -0.004   0.078   0.105   0.569  -0.051  -0.076   0.309  -0.226   0.018  -0.071   0.035   0.055  -0.258   0.300  -0.044  -0.259   0.028  -0.118   0.048  -0.020  -0.083   0.055  -0.246  -0.021   0.205   0.152
  152053A   -0.090   0.195   0.036   0.296   0.422   0.005  -0.256  -0.181   0.088  -0.161   0.061  -0.106  -0.143   0.132   0.205  -0.128   0.032   0.249  -0.185   0.047   0.016   0.060   0.333   0.118  -0.030   0.161   0.068   0.009   0.229   0.363
  100680     0.070   0.148   0.319  -0.245   0.007   0.175  -0.256   0.075  -0.103   0.349  -0.124   0.113   0.128   0.482   0.272  -0.362  -0.027   0.036  -0.041   0.018   0.135  -0.100  -0.100   0.111   0.044   0.051   0.007   0.039  -0.085  -0.165
  172210A    0.094   0.335  -0.338   0.061   0.070   0.061   0.137   0.024   0.009   0.225  -0.168   0.299   0.155  -0.214  -0.040  -0.190  -0.060   0.340   0.194   0.029   0.194   0.136   0.238  -0.189   0.148  -0.253  -0.066   0.203   0.104  -0.096
  70269      0.195  -0.111   0.299  -0.151   0.139  -0.145   0.068   0.023   0.160  -0.282  -0.007   0.169  -0.070  -0.247   0.210   0.041   0.062  -0.038   0.299   0.306   0.384   0.022  -0.019   0.197   0.322   0.199  -0.147  -0.010   0.056  -0.056
  121088     0.221  -0.190  -0.135   0.075   0.312   0.179   0.108  -0.086  -0.039   0.081   0.054   0.002  -0.015  -0.147   0.170  -0.152  -0.146   0.057  -0.125   0.281  -0.455  -0.045  -0.026  -0.058  -0.122   0.229  -0.343  -0.067  -0.037  -0.367
  101159r    0.012   0.370  -0.090   0.116   0.019  -0.176   0.477   0.013  -0.017  -0.129   0.242   0.133  -0.031   0.245   0.110  -0.154   0.404  -0.016   0.171  -0.044  -0.094  -0.205  -0.125   0.105  -0.156   0.057  -0.151  -0.002  -0.245   0.099
  172218Ar   0.181   0.230  -0.242  -0.225  -0.182   0.031  -0.133  -0.031   0.028  -0.165  -0.022  -0.235   0.186   0.014  -0.190  -0.102   0.203   0.182  -0.023   0.122  -0.118   0.510  -0.232   0.313   0.022   0.216   0.066  -0.104   0.072  -0.064
