cagl_drop.rwl -- no data title --                         1st itrdb line missing     
cagl_drop.rwl -- no data title --                         2nd itrdb line missing     
cagl_drop.rwl -- no data title --                         3rd itrdb line missing     
60059   1902  1826  1970  2068  1891  1670  1640  1398  1697
60059   1910  1752   923  1308  1094  1020  1517  1875  1381   988   746  trn
60059   1920   953  1157  2149  1302  1921  1168  1168  1569  1581  2029  trn
60059   1930  2047  2155  2092  2693  2326  1980  2261  2263  2125  1849  trn
60059   1940  2291  2655  2162  1699  1752  1819  1902  1232  1704  1750  trn
60059   1950  1585  1629  1154  1110  1941  2555  2533  2276  3298  3042  trn
60059   1960  2713  2859  1590  1467  1353  1433  1353  2096  2415  2059  trn
60059   1970  2055  1990  2350  2911  1783  2329  1839  1613  2404  2459  trn
60059   1980  1715  1665  1929  2346  1576  2114  2063  1912  1968  1710  trn
60059   1990  2485  1806  2276  2359  2041  1839  1937  1541  1581  1356  trn
60059   2000  1560  2214  1654  1493  2063  1640  1921  2004  1879  1879  trn
60059   2010 -9999
70065   1929   603
70065   1930  1820  1072  2060  1321  1103  1456  1802  1857  1776  1601  trn
70065   1940  1569  1508  1434  1049  1049   940   409   454   186   821  trn
70065   1950   783   921   879   705   501   623   841  1198  1189  1319  trn
70065   1960  1403  1308  1161  1276  1157  1187  1116  1229  1225  1297  trn
70065   1970  1290  1349  1454  1472  1122  1161  1081  1068  1026  1047  trn
70065   1980  1591  1717  1562  1686  1310  1611  1638  1179  1694  1948  trn
70065   1990  1526  1573  1287  1551  1412  1505  1629  1556  1183  1294  trn
70065   2000  1097  1177  1490  1427  1138  1456  1070  1169  1070   928  trn
70065   2010 -9999
80625   1901  4236  4624  4111  3057  1334  1790  1126   981   626
80625   1910   667   311   258  1090   667   792  2486  3365  2965  2971  trn
80625   1920  3061  3099  3617  2973  3375  2656  2304  2690  2292  2246  trn
80625   1930  2284  2089  2400  2460  2228  2315  2450  2555  2802  2498  trn
80625   1940  2582  2408  2389  2508  2295  2340  1881  1040  1411  1840  trn
80625   1950  1734  2036  1581  1713  1553  1957  2473  2565  3196  2337  trn
80625   1960  2858  3189  2712  2726  2240  2376  2246  2416  2674  2306  trn
80625   1970  2798  2721  3166  2615  2548  2631  2301  1638  1981  2127  trn
80625   1980  2174  2329  2376  1992  1197  1558  1978  1995  2121  2092  trn
80625   1990  2596  1817  1589  2278  1774  1581  1360  1415   981   962  trn
80625   2000  1385  1521  1589  1642   928   699   843   746  1027 -9999  trn
90522   1905  2562  2543  2598  2020  2454
90522   1910  2362  1490  2011  1733  1575  2819  4102   769   565  1436  trn
90522   1920  1723  1689  1780  1507  2001   991  1606  1829  2450  3026  trn
90522   1930  2641  2932  3018  2981  2427  3115  3321  3224  3189  3020  trn
90522   1940  2975  3273  2826  2740  2427  2421  2506  1850  3221  2647  trn
90522   1950  2570  2246  1920  2124  1909  1836  1713  2275  2907  2028  trn
90522   1960  1783  1808  1691  1565  1460  1252  1433  1496  1649  1379  trn
90522   1970  1396  1215  1297  1444  1161  1078  1455  1108  1023  1279  trn
90522   1980   818   622   865   732   658   838   877   521  1339   786  trn
90522   1990   826   667   850   798   933  1285   516   148  1058   617  trn
90522   2000   640   622   373 -9999
121105  1906  4095  2902  2262  2503
121105  1910  2632  1743  2792  3345  3588  3370  3520  3173  2531  2519  trn
121105  1920  3000  3147  3118  2840  3542  2922  3072  2960  2969  2874  trn
121105  1930  2825  2394  2396  1974  1968  1986  2061  2076  2047  1777  trn
121105  1940  1933  1592  1865  1075  1328  1278   880   886   845  1059  trn
121105  1950   506   868   969  1588  1777  2916  2915  3324  3355  2832  trn
121105  1960  3311  3196  2604  3181  2485  2846  2512  2803  2870  2913  trn
121105  1970  2772  2433  2896  2768  2389  3152  3457  2960  3684  3398  trn
121105  1980  3529  3333  3587  2938  2993  2819  2399  4340  4067  3921  trn
121105  1990  3712  2724  2911  1942  2433  2551  3084  2151  2214  1865  trn
121105  2000  1812  2091  2061  3028  2499  2551  2471  1859  2606  2440  trn
121105  2010 -9999
131113  1907  2488  2774  3023
131113  1910  2981  2364  2976  3326  2760  3473  3726  3216  2591  3011  trn
131113  1920  3182  3492  3428  2985  3390  3262  3546  3488  3175  3139  trn
131113  1930  2606  2673  2452  2574  2584  2733  3170  3577  3722  2548  trn
131113  1940  2741  2550  2436  1955  1815  2559  2367  1807  2100  2154  trn
131113  1950  2078  2107  1701  2011  2056  2348  2385  2782  2962  2268  trn
131113  1960  2418  2073  2056  1947  1537  1739  1369  1628  2114  1934  trn
131113  1970  2164  1900  2147  2129  1960  1865  1981  1417   841   901  trn
131113  1980  1311  1498  1668  1650  1547  1730  1824  1600  1585  1821  trn
131113  1990  1924  1534  1511  1932  1857  1622  1421  1448  1434  1622  trn
131113  2000  1304  1730  1319  1517   846  1153   818   958  1133  1064  trn
131113  2010 -9999
91327   1935  1588  2438  3111  2274  1882
91327   1940  1874  2485  2635  2498  2539  1833  2360  2543  1753  2951  trn
91327   1950  2611  2907  2627  2665  3305  2976  3748  3182  3870  3195  trn
91327   1960  3482  2840  1859  2886  2578  2449  1793  2809  2993  3401  trn
91327   1970  2584  2489  2097  2639  2201  3294  1788  1394  2597  1591  trn
91327   1980  2504  2539  2931  2759  2556  2965  2790  2397  2847  3044  trn
91327   1990  3637  2135  2931  2631  3130  1807  1320  1448  1822  1900  trn
91327   2000  1801  2890  2609  2380  3163  1697  2855  2951  3037  2736  trn
91327   2010 -9999
70332   1891  1577  1521   915  1199  1163  2917  3333  3250  2830
70332   1900  2879  3080  2896  2943  2872  3341  3374  2665  2326  2617  trn
70332   1910  2692  1224   771   653   459    98   850   855  1864  2202  trn
70332   1920  1825  1925  1971  2394  2599  2585  3047  2354  2324  2705  trn
70332   1930  2366  1696  1465  1521  1549  1678  1723  1615  1306   878  trn
70332   1940  1322  1159  1335   740  1492  1417  1282  1079   756   915  trn
70332   1950   841   883   653   883   998  1023  2049  2527  2406  2219  trn
70332   1960  2875  2823  3074  2608  2063  2217  2079  1864  1529  1601  trn
70332   1970  1728  1620  1329  1319  1118  1203   594   681  3772  1716  trn
70332   1980  1644  1361  1361  1457  1010  1174  1129  1457  1448   681  trn
70332   1990   807   372   725   955  1002   698   826   149   659   676  trn
70332   2000   539   664   588   564   380   845   310  1018   756   955  trn
70332   2010 -9999
90542   1868  1401  2203
90542   1870  1509  1198  1947  2252  1974  1981  1856  2188  2638  2379  trn
90542   1880  2163  2163  2119  2583  2138  2135  2396  2109  2393  1753  trn
90542   1890  2466  4342  4549  3102  3047  3781  3548  3348  2836  2772  trn
90542   1900  2489  2993  3256  3335  3403  2690  3067  3435  2649  2472  trn
90542   1910  2447  1302  2393  2494  2407  2447  3546  3470  1974  2093  trn
90542   1920  2475  2516  3040  2893  3042  2672  2427  3331  3401  3664  trn
90542   1930  3051  2497  3100  3561  3458  3203  3403  3431  3987  3038  trn
90542   1940  2988  3214  2478  2370  2270  1634  2315  1213  2483  2596  trn
90542   1950  1891  2770  1884  1441  1926  1708  2344  2054  2591  1971  trn
90542   1960  2144  3260  2216  2588  1998  1974  1895  2297  2926  2510  trn
90542   1970  2087  1994  1943  1866  2258  2234  5932  1026  1719  1159  trn
90542   1980   917   678   765   671   923   945   789  1462   276   684  trn
90542   1990  1052   923  1994 -9999
60252   1878  1487  1199
60252   1880  1388  1190  1195  1144  1042   807   747   727   970   596  trn
60252   1890   463   780   512   706   794   853   736   988  1028   894  trn
60252   1900   865   812   674   770   926  1044   909  1023  1040   824  trn
60252   1910   834   747   600   658   809   894  1081   918   918   718  trn
60252   1920   700   844  1047   671  1286  1019  1108  1178  1251  1172  trn
60252   1930  1078  1281  1068  1159  1099  1086  1294  1073  1056   824  trn
60252   1940  1409  1084   909   759   626  1089   715     0     0   694  trn
60252   1950   690   742     0  1286  1686  1635  1539  1633  1382  1564  trn
60252   1960  1438  1400  1373  1282  1388  1210     0  1321  1294  1316  trn
60252   1970  1144   976   991   879   885   736  1115   918  1064   990  trn
60252   1980  1183  1268  1127   934   615   767   836   786   869   483  trn
60252   1990   841   681   661   898   937   807   922   690   802  1024  trn
60252   2000   775   687   694   703   780   690   589   637   892 -9999  trn
80301   1890  1238  1519  1570  2018  1981  1513  1513  1854  1865  1664  trn
80301   1900  1872  1902  1777  1918  1796  1847  1880  1443  1437  1376  trn
80301   1910  1603  1207  1393  1375  1184  1335  1131   793   498   805  trn
80301   1920     0   928   690   809   884   941   825  1166  1006   962  trn
80301   1930   947   959  1064  1161  1096  1014   950  1199  1381   837  trn
80301   1940   953   959   877   859   941  1069   934   888  1041  1020  trn
80301   1950  1079  1146  1159  1281  1283  1332  1193  1555  1356  1287  trn
80301   1960  1450  1144  1017  1256  1335  1348  1079  1135  1382  1180  trn
80301   1970   997  1025   974  1014   888  1011   867   925   922  1014  trn
80301   1980  1108  1067   925  1041   881   884   944  1182  1086  1201  trn
80301   1990  1044   841   852  1137  1009  1191  1299  1314 -9999
50244   1921  3544  2824  3148  3319  3084  3578  3101  3406  2891
50244   1930  2748  2740  2324  2274  1538  1392  1033  1743  1436  1581  trn
50244   1940  2046  2385  1921  1993  1665  1646  1339   812  1097  1019  trn
50244   1950  1195  2054  1572  2169  2263  2353  2276  1968  2296  2225  trn
50244   1960  2340  2150  1860  1945  2253  2153  1746  2374  2178  2100  trn
50244   1970  2031  2009  1798  1323  1307  1312  1597  1525  1764  2097  trn
50244   1980  2146  2593  2944  2367  2593  2162  1835  1851  1507  1750  trn
50244   1990  3043  2306  1189   736   502   489   892   527   424   609  trn
50244   2000   900   857   104   675   575   194   746   598   424 -9999  trn
70256   1956  3810  3105  2709  2899
70256   1960  3074  2965  2559  3352  2463  2980  2188  3810  3592  3740  trn
70256   1970  3637  3572  3511  3687  2740  2980  3119  2647  3329  2985  trn
70256   1980  3546  4530  3743  2969  3689  2873  2331  2195  2441  1216  trn
70256   1990  1512  1475  1052   850  1203   218   985   718   390   446  trn
70256   2000   824   962  2529  2048  2450  3119  4492  2803  3076 -9999  trn
91487   1917  6132  6746  6443
91487   1920  7990 10182  7643  5191  6127  6280  6675  5751  6540  6829  trn
91487   1930  5928  5229  4937  4499  4288  3877  3921  3955  4160  2304  trn
91487   1940  2647  2539  2444  2555  1776  2312  2075  1081  1455  1725  trn
91487   1950   741  1182  1588  1652  4685  4726  4930  4767  5617  4495  trn
91487   1960  4899  4674  3842  3299  3287  3792  3335  3144  4288  3475  trn
91487   1970  3021  2871  3195  3119  2379  2524  1766  1566  3382  2654  trn
91487   1980  3400  3946  4586  4110  3672  3667  3423  3635  3812  3619  trn
91487   1990  4283  2346  3548  2547   963  1555  3946  2871  3787  2075  trn
91487   2000  1444  1876   356  3520  4843 -9999
70152   1916  1912  1408  1005  1044
70152   1920  1478  1967  3552  6562  8354  4746  5139  5247  4780  4806  trn
70152   1930  4071  3391  3487  3949  3941  4079  4056  4203  3690  3348  trn
70152   1940  4144  4198  3854  2946  3655  3083  2996  1875  2722  2233  trn
70152   1950  2372  2675  2635  3072  3315  2985  3607  2993  3137  1991  trn
70152   1960  2709  2502  1791  2206  2124  2135  1576  2238  2382  2484  trn
70152   1970  1961  1758  1222  1367  1025   608  1591   922  1121   387  trn
70152   1980  1351  2201  1576  1342   879  1195  1478   879   144   515  trn
70152   1990  1035  1093   108   671   943  1309  1486   431  1112   835  trn
70152   2000   879   857  1083   879   835   879  1222   879  1375 -9999  trn
50246   1901  2076  1768  1761  1032  1763  1030  1144  1032   650
50246   1910   682   556  1161   341   685   630   950   992   997   620  trn
50246   1920   617   700   570  1234  1252  2112  1590  1827  1993  2217  trn
50246   1930  1986  1326  1416  1343  1369  1470  1337  1305  1486   429  trn
50246   1940  1339  1560   912   662   740  1156   849   390   849   617  trn
50246   1950   846   788  1000  1191  1395  2335  2310  2255  2550  2158  trn
50246   1960  2368  1629  1756  1525  1082  1159   920   926  1130   630  trn
50246   1970   764   521   382   794   545   604   549   308   688   566  trn
50246   1980  1177  1196  1259  1072   488   587   874   633   834   767  trn
50246   1990   832   691   656  1430   976  1037   960   794   979   593  trn
50246   2000   697   920   928  1227   761 -9999
30567A  1932  1852  1584   729   614  1061   777   710   856
30567A  1940   678   727   676   708   763   678   653   543   812   573  trn
30567A  1950   947   979  1156  1208  1092  1641  1167  1297  1432  1276  trn
30567A  1960  1683  1406  1456  1290  1350  1355  1371  1767  1742  1663  trn
30567A  1970  1648  1836  1696  1728  1663  2358  2589  1353  1371  2094  trn
30567A  1980  2203  2206  2410  1868  1680  1717  1329  1015  1155  1516  trn
30567A  1990  1748  1422  2047  1853  1651  1753  1740  1773  2058  2205  trn
30567A  2000  1643  1361  1353  2381  2584  2367  1902  1676  1711  1993  trn
30567A  2010  1748   680   465    98 -9999
30567B  1936  5805  5466  4015  1507
30567B  1940  1411  1512  2026  1726  1047  1008  2038  2338  2258  1491  trn
30567B  1950  2083  2001  3480  3523  3368  4096  3389  3699  4238  2791  trn
30567B  1960  4241  3594  3923  3011  3751  3726  2983  4247  3718  3718  trn
30567B  1970  3523  3944  3919  4041  4414  6307  6223  4052  3846  4958  trn
30567B  1980  4704  4074  4340  4109  4046  4180  3494  2444  3300  4390  trn
30567B  1990  5168  3594  4992  4625  3443  4447  4466  4065  4274  5360  trn
30567B  2000  3872  3016  3105  6100  6510  6277  5528  5057  2150   919  trn
30567B  2010  1629  1486  1246   302 -9999
70626A  1930  2756  3076  3172  2665  3149  2853  3191  3689  3409  3724  trn
70626A  1940  2766  2710  2499  3090  2698  2968  2533  1704  1490   777  trn
70626A  1950  1111   518   557  1034   968  1343  1711  1579  1609  1490  trn
70626A  1960  1575  1641  1249  1209  1062  1268  1105  1405  1439  1430  trn
70626A  1970  1488  1499  1457  1175   847   975  1040   773  1451  1468  trn
70626A  1980  1494   934  1257  1120   884  1027   793   793   562   641  trn
70626A  1990   789   995   887   930   672   577   992   690   891   170  trn
70626A  2000   456   614   715   968   292   363   446 -9999
100961  1969  3112
100961  1970  3272  2396  2714  2915  2398  2509  1998  1942  1636  2014  trn
100961  1980  2399  1679  2288  1825  1489  1430   880  1171  1179  1302  trn
100961  1990  1361  1156  1016  1676   895   705  1190   575  1062  1033  trn
100961  2000  1049  1133   484   642   196   871  1537   876 -9999
100974  1936  1241  1181  1098   514
100974  1940   317   673  1011   897   762   593   100   259   234   246  trn
100974  1950   479   746   624   940  1289  1905  2312  1917  2141  1554  trn
100974  1960  2251  1683  1410  1645  1346  1459   519  1342  1282  1258  trn
100974  1970  1289   862  1128  1620  1636  1044   654   701   959  1406  trn
100974  1980  1506  1677  1732  1976  2037  1968  1726  1492  1823  2209  trn
100974  1990  2344  1644  1700  1652  1775  1539  1462  1441  1417  1260  trn
100974  2000  1551  1617  1579  1745  1373  1538 -9999
91391   1900  5272  4705  4235  3299  2841  3072  2787  2701  2348  2527  trn
91391   1910  1749  1088  1032   641   441   302   887  1505   791   636  trn
91391   1920  1024  1689  1859  1938  2196  2575  3089  2568  2642  2789  trn
91391   1930  2816  2778  2740  2296  2336  2504  2613  2635  2882  2629  trn
91391   1940  3260  2524  2664  2506  2411  2527  2536  2753  2710  3382  trn
91391   1950  2611  3299  2586  2430  3722  2318  2651  2662  3066  2273  trn
91391   1960  2411  2504  2394  2313  2059  2271  2089  2799  2604  2584  trn
91391   1970  2281  2193  2662  2602  2591  3076  2882  2051  2742  1992  trn
91391   1980  2740  2638  2749  2204  2059  2490  2812  2929  3142  2411  trn
91391   1990  3053  2604  2981  2872  3218  2584  3166  2559  2265  2227  trn
91391   2000  2543  2051 -9999
111094  1931  2987  3087  3087  2900  2816  3691  4172  4450  3172
111094  1940  3414  3218  2995  2633  2987  2416  2327   372  1673  1114  trn
111094  1950  1421  1440  1284  1542  3419  3817  4420  4016  4788  3514  trn
111094  1960  3666  3589  3177  3744  2833  3310  1975  1928  2931  2726  trn
111094  1970  3140  2684  2451  1963  2071  2684  2449  2430  1687  2390  trn
111094  1980  3233  2065  2387  2387  2339  3433  3783  2823  2835  1762  trn
111094  1990  3174  1934  1739  2233  2611  1749  1736  1332  1602  2189  trn
111094  2000  1496  2287  1998  1158   719   932   821  1616  1123   703  trn
111094  2010 -9999
60172   1880  1407  1350  1820  1708  1604  1361  1751  1905  1599   921  trn
60172   1890  1304  1251  1208  1815  1503  1405  1343  1394  1660  1449  trn
60172   1900  1316  1158  1268  1079  1046  1055   897   623   682   356  trn
60172   1910   208   422   664   381   399   778  1377  1608  1582  1615  trn
60172   1920  1660  1841  2434  1886  1785  2055  1748  2017  1934  1818  trn
60172   1930  1794  1461  1832  1525  1455  1600  1451  1359  1653  1350  trn
60172   1940  1798  1907  1540  1318  1216  1037   820   350  1067   691  trn
60172   1950  1133   872   904   925  1280  1073  1323  1420  1812  1295  trn
60172   1960  1492  1435   918  1128  1119  1052   865   483  1037  1211  trn
60172   1970   890   928   893  1111   824   526   623  1158  1256   981  trn
60172   1980  1875  1911  1780  1384  1323  1665  1544  1239  1490  1433  trn
60172   1990  1525  1424  1447  1431  1582  1412  1517  1278  1133  1564  trn
60172   2000  1493  1355  1433  1359  1221  1355  1961  1519 -9999
92183B  1965  4911  5013  4798  5270  5496
92183B  1970  4735  6210  5671  6252  6013  6778  4976  3659  4691  4997  trn
92183B  1980  5085  3966  4640  4570  3868  2975  3332  4817  5413  5521  trn
92183B  1990  4955  4602  3795  3415  3212  1923  3935  3035  3043  2608  trn
92183B  2000  2170  2963  2313  1977  1380  1696  2119   530   492   968  trn
92183B  2010   507 -9999
40522   1930   324   456   478   947   868  1090  1168  1201   866   762  trn
40522   1940   992  1095  1044   988   814   635   724   665   514   590  trn
40522   1950   611   629   419   398   383   216   233   400   381   116  trn
40522   1960   426   378   336   233   207   463   171   143   444   210  trn
40522   1970   571   395   146   346   301   306   419    78   474   400  trn
40522   1980   369   351   722   613   637   546   569   546   428   633  trn
40522   1990   699   786   720   803   997   805   793   777   817   909  trn
40522   2000   850   817   902  1318  1198  1227   780   603   693   866  trn
40522   2010   792 -9999
80288   1906  3952  2760  3254  2800
80288   1910  2495  2465  2756  2773  2368  2197  2715  2728  2412  2490  trn
80288   1920  1810  2340  2195  2704  2537  2667  2877  2622  2468  2037  trn
80288   1930  2372  2011  2672  1912  2096  1949  2089  2717  2858  1976  trn
80288   1940  2238  1828  1915  1823  2351  2044  2610  2023  2226  2739  trn
80288   1950  2457  2633  2152  1734  1767  1807  1706  1794  1717  1274  trn
80288   1960  1448  1026   922   499   389   804   419   691   412  1066  trn
80288   1970  1778  1778  2518  3041  2395  2918  2826  2255  3038  2456  trn
80288   1980  2663  2452  3151  2349  1717  1380  1683  1418  2113  2124  trn
80288   1990  1947  1274  1266   985   760   526   852   804   985   703  trn
80288   2000   158   912   463   841   961   599   766 -9999
131032  1880  2901  2029  2286  2100  1678  1951  1797  2147  1559  1692  trn
131032  1890  1358  1532  1249  1319  1646  1968  1974  1829  1566  1562  trn
131032  1900  1770  1834  1792  1917  1730  1613  1625  1287  1408  1447  trn
131032  1910  1358  1203  1282  1137     0  1932  1792  1491  1532     0  trn
131032  1920  1757  2215  2532  2122  2452  2033  2237  2135  2143  1873  trn
131032  1930  1826  1900  1655  1634  1319  1675  1546  1780  2045  1423  trn
131032  1940  1972  1684  1787  1454  1319  1383  1301     0  1412  1187  trn
131032  1950  1165  1044  1282  1346  2517  2882  3064  3087  3298  2765  trn
131032  1960  2745  2642  2332  2580  2262  2259  2223  2163  2262  2265  trn
131032  1970  2230  1968  2237  2416  2186  2198  2312  2172  2133  2457  trn
131032  1980  2488  2286  2627  2399  2096  2489  2425  2531  2212  2576  trn
131032  1990  2950  1887  1953  2203  2444  2082  2096  1907  1882  1875  trn
131032  2000  1601  1855  2372  2191  2411  2135  2056  2392  2346  2119  trn
131032  2010 -9999
60386   1902  2729  2862  2785  2573  2445  2265  2186  2109
60386   1910  2395  1792  2276  2280  2016  2328  2474  2572  2362  2646  trn
60386   1920  2465  2624  2783  2243  2483  2522  2616  2806  2847  2853  trn
60386   1930  2425  2534  2223  2329  2463  2310  2633  2223  2238  1900  trn
60386   1940  1915  2117  1985  1674  1760  2053  1831     0     0  1678  trn
60386   1950  1951  1824  1817  2003  1810  1796  2127  1961  1683  1723  trn
60386   1960  1976  1788  1868  1526  1437  1451  1437  1292  1508  1489  trn
60386   1970  1521  1190  1306  1349  1165  1319  1516  1090  1302  1352  trn
60386   1980  1270  1377  1648  1384  1440  1117  1135  1489  1174  1531  trn
60386   1990  1448  1448  1487  1319  1648  1358  1460  1422  1473  1153  trn
60386   2000   929  1148  1040  1230  1437  1489  1326  1333  1346  1563  trn
60386   2010 -9999
111212  1952  2590  2756  2973  2903  2891  2881  2856  2492
111212  1960  2860  2437  2360  2796  2279  1909  1317  2802  2402  2003  trn
111212  1970  2142  2067  1490  3628  4450  3630  3426  2349  2355  2067  trn
111212  1980  2014  1813  1409  1172   951   649  1192   974   804   649  trn
111212  1990  1125   863  1132   966  1381  1139  1654   687   262   275  trn
111212  2000   517   879   742   589   733   236   528   517   300   210  trn
111212  2010 -9999
92183A  1952   742   801   735  1027   943   920   726   778
92183A  1960   871  1069  1088   549   673  1097   329  1194  1531  1439  trn
92183A  1970  1511  1375  1163  1523  1454  1708  1460  1763  1459  1489  trn
92183A  1980  1701  1145  1407  1235  1241  1220  1212  1388  1377  1101  trn
92183A  1990  1406  1622  1612  1326  1004  1072   937   749   813   390  trn
92183A  2000  1266   970   968   825   648   787   664   518   483   500  trn
92183A  2010   433   135   122   374   305   496   356 -9999
152053A 1923   693   321   478   592   396   465   912
152053A 1930   673   429   504   300  1052   959   909  1439  1056   991  trn
152053A 1940  1358  1513  1558  1266  1239  1128  1603  1100  1255  1176  trn
152053A 1950   954  1504  1168  1218  1301  1405   943   679   966   901  trn
152053A 1960   669   137   290   752   478  1209  1094  2114  2501  2783  trn
152053A 1970  2470  2253  2101  2360  2007  2310  2263  1990  2279  1960  trn
152053A 1980  2424  2411  2027  2326  1703  1792  1742  1762  1576  1873  trn
152053A 1990  1430  1244  1682  1178  1207  1052  1094  1275  1102  1368  trn
152053A 2000  1070  1255   951   837   860   746   936   826   655   885  trn
152053A 2010   811   438   415   820   925  1140 -9999
100680  1931  1723  1969  2110  1838  2198  2774  3128  2709  2189
100680  1940  1900  2510  1951  2208  2469  2313  2168  1592  1900  1723  trn
100680  1950  2279  3059  2652  2592  2501  2554  2750  2565  2545  2099  trn
100680  1960  1878  2094  2333  2518  1786  1702  1532  2002  2280  1596  trn
100680  1970  2068  1748  1606  2007  1532  1342  1083   795  1059  1340  trn
100680  1980   964  1150  1487   593   723   811  1088   600   839   723  trn
100680  1990  1412   520   894   589  1148   958   689   894   585   654  trn
100680  2000   468   369   146   852   597   710   426   504 -9999
112256A 1955  1306  1110  1044  1230  1072
112256A 1960   801   892   922   890   832   775   782  1390  1747  1557  trn
112256A 1970  1422  1547  1485  1571  1419  1431  1424  1263  1316  1090  trn
112256A 1980  1299  1490  1305  1195   839   767   764   580   327   146  trn
112256A 1990   381   579  1132  1120  1058  1034   923  1173   826   367  trn
112256A 2000   374   424   482   420   390   694   362   268   166   515  trn
112256A 2010   437   225   251   340   415   263 -9999
172210A 1938  1364   983
172210A 1940   820   743   755   523   529   679   448   160   234   436  trn
172210A 1950   574   416   514   288   414   324   364   660   356   324  trn
172210A 1960   409   407   184   381   430   515   286   288   356   245  trn
172210A 1970   661   855   473   391   245   626   613   520   404  1194  trn
172210A 1980  1588  1662  1534  1448   927  1289  1252  1301  1129  1046  trn
172210A 1990  1032   975   936  1030  1059   783   762   538   562   586  trn
172210A 2000   755   485   420   504   165   541   257   279   432   243  trn
172210A 2010   299   330   103   212   266 -9999
172210B 1938  3816  3491
172210B 1940  4108  3165  2994  2004  2415  1872  1823  1051   471   914  trn
172210B 1950   830  1061   633   989  1682   867  1033   989  1378   558  trn
172210B 1960  1393   969   883   851   342   984  1299   538   919  1275  trn
172210B 1970  1864  2355  1438  1814  1307  1254   984   408   878  2932  trn
172210B 1980  3532  3684  3508  2984  2518  2837  2771  3220  2661  2218  trn
172210B 1990  2213  2305  2007  2805  2322  2220  1692   700   934  1393  trn
172210B 2000  1620  1532  1061   909   583  1093   652  1023   769   525  trn
172210B 2010   577   769 -9999
91321   1881  2949  2672  2342  2249  2571  2822  2306  2472  1710
91321   1890  2072  1984  2820  3494  3359  3145  3654  3403  2910  2267  trn
91321   1900   983  1630  1903  1999  2306  2024  1707  1008   525   813  trn
91321   1910   842   544   600   720   544  2291  2856  3081  2283  2603  trn
91321   1920  2241  3170  3536  3368  3167  3137  2703  3252  3338  3404  trn
91321   1930  3094  2582  2806  2792  3027  2496  2867  2945  2989  2355  trn
91321   1940  2801  2406  2478  2714  2617  2346  2688  2046  1974  1958  trn
91321   1950  2864  2384  2329  2379  1881  2132  2039  1940  2114  2195  trn
91321   1960  1956  2044  1626  1573  1268  1841  1356  1320  1824  1739  trn
91321   1970  1800  1827  1382  1528  1382  1287  1096   591   842   905  trn
91321   1980  1292   898   307   842  1062   636   645  1258  1020   636  trn
91321   1990   662   422   120  1333  1008  1130   912 -9999
70269   1890   680   730   815   944   789   864   944  1224  1172  1237  trn
70269   1900   920   315   505   505   445   778   441   242   647   432  trn
70269   1910  1004  1277   953   625   923   617   158  1511   778  1015  trn
70269   1920   231   570  1425  1265  1680  1702  1591  3192  3230  2737  trn
70269   1930  2165  2108  2477  2130  1764  1904  2548  2265  2575  1569  trn
70269   1940  2051  2350  2549  2140  2437  2965  1710  1170  2133  1923  trn
70269   1950  2190  1682  1862  2595  2644  3005  3201  2965  3124  2293  trn
70269   1960  2643  2331  1925  2318  1890  2411  2023  2048  2037  2537  trn
70269   1970  2276  1668  1428  1864  2029  2177  2263  1319  1917  1724  trn
70269   1980  1219  1245  1622  1658  1554  1535  1539  1528  1722  1390  trn
70269   1990  1884  1214  1728  1500  1578  1390  1597  1021  1103  1080  trn
70269   2000  1736  1801  1728  1411  1511  1459  1257  1766  1750  1645  trn
70269   2010 -9999
121088  1902  1322  1777  2111  1692  1728  1418  1199   650
121088  1910   856   601   888   920   735  1037  1045   499   605    94  trn
121088  1920   179   332   597  1050  1875  2354  2562  2543  1875  1279  trn
121088  1930  1855  1504  2102  1964  1564  2015  1788  1681  1768  1073  trn
121088  1940  1292  1183   871   690   871   668   987   686  1070   900  trn
121088  1950   748   445   989  1039  1559  2006  1802  1749  1906  1377  trn
121088  1960  1785  1644  1589  1582  1524  1567  1480  1824  1718  1715  trn
121088  1970  1573  1102  1174  1451  1117  1124  1551  1330  1117  1444  trn
121088  1980  2038  1900  1463  1557  1129  1037  1153  1008   865   987  trn
121088  1990   989  1052   981   831  1107   880  1016   838   968   962  trn
121088  2000   900   765   865   917   676   593   819  1122   912   856  trn
121088  2010 -9999
101159r 1871   489   806  1029   811  1152  1569  1259  1527  1865
101159r 1880  2070  1451  1706  1786  1911  2114  1802  2096  1838  1480  trn
101159r 1890  1606  2002  2426  2368  2502  2318  2060  2183  2727  2378  trn
101159r 1900  1634  1556  1382  1333  1501  1697  1976  1560  1353  1475  trn
101159r 1910  1072   896   734   446   728  1279  1228  1343  1242  1432  trn
101159r 1920  1068  1486  1379  1611  1941  2044  2129  2269  2259  2532  trn
101159r 1930  2109  2369  1925  2013  2203  2036  2327  2022  1907  1604  trn
101159r 1940  2189  2077  2061  1443  1803  1644  1285   793   871  1505  trn
101159r 1950  1404  1226  1225  1080  1146  1176  1068  1199  1146   731  trn
101159r 1960  1111   711   676   685   250   664   410   422   270   458  trn
101159r 1970   598   919   694   887   111  1019   957   515   694   772  trn
101159r 1980   842   910   759  1091  1059   868  1160  1181  1107  1057  trn
101159r 1990   358   737   529   547   682   995   706   903   591  1045  trn
101159r 2000   778  1049   995 -9999
172218Ar1907  2785  3003  2638
172218Ar1910  2118  1739  1792  1548  1132  1377  1048   955  1202   824  trn
172218Ar1920   915   554   907   439   903   379   641   909  1089   525  trn
172218Ar1930   582   617   709   666   651   123   780   752   795   278  trn
172218Ar1940   704   913  1180   985  1348  1497  1522   752   807   831  trn
172218Ar1950   855  1048   556  1130  1443  1383  1560  1263  1695  1348  trn
172218Ar1960  1731  1691  1625  1777  1609  1680   884  1491  1712  1405  trn
172218Ar1970   872  1068  1512   816   718   286   452   622   745  1050  trn
172218Ar1980   880  2266  3249  3095  2414  2784  2537  2322  2031  2042  trn
172218Ar1990  2439  2112  2167  1845  1836  2090  1645  1414  1160   846  trn
172218Ar2000   699   770   426   706   525   609   915  1253   761  1105  trn
172218Ar2010 -9999
