  year  #   1       2
  1950  -0.849  -1.895
  1951  -0.822  -1.716
  1952  -1.081  -1.686
  1953  -0.445  -1.909
  1954   0.788  -1.230
  1955   1.585  -0.955
  1956   2.376  -0.947
  1957   2.050  -0.826
  1958   3.185  -0.234
  1959   1.232  -0.664
  1960   1.970  -0.090
  1961   1.345  -0.378
  1962   0.314  -1.006
  1963   0.548  -0.691
  1964  -0.169  -0.701
  1965   0.067  -0.514
  1966  -0.780  -0.906
  1967   0.024  -0.572
  1968   0.466  -0.403
  1969   0.298  -0.314
  1970   0.100  -0.402
  1971  -0.394  -0.169
  1972  -0.197  -0.155
  1973  -0.026  -0.043
  1974  -0.735  -0.462
  1975  -0.435   0.043
  1976  -0.567  -0.138
  1977  -1.171  -0.457
  1978  -0.288  -0.134
  1979  -0.370   0.540
  1980   0.351   1.758
  1981   0.392   2.035
  1982   0.812   2.343
  1983   0.268   1.716
  1984  -0.447   0.828
  1985   0.027   1.439
  1986  -0.048   0.963
  1987  -0.182   1.001
  1988  -0.145   1.017
  1989  -0.182   1.322
  1990   0.852   1.654
  1991  -0.784   0.625
  1992  -0.631   0.683
  1993  -0.534   0.664
  1994  -0.504   0.450
  1995  -1.018   0.239
  1996  -0.787   0.460
  1997  -1.378   0.010
  1998  -1.212  -0.187
  1999  -1.419   0.120
  2000  -1.450  -0.125
