cagl_drop.rwl -- no data title --                         1st itrdb line missing     
cagl_drop.rwl -- no data title --                         2nd itrdb line missing     
cagl_drop.rwl -- no data title --                         3rd itrdb line missing     
60059   1902   980  1057  1110  1015   896   880   750   911
60059   1910   940   496   702   587   548   814  1006   741   530   400  ind
60059   1920   512   621  1153   699  1031   627   627   842   848  1089  ind
60059   1930  1098  1156  1123  1446  1248  1063  1213  1214  1141   992  ind
60059   1940  1229  1425  1160   912   940   976  1021   661   914   939  ind
60059   1950   851   874   620   596  1042  1371  1359  1221  1770  1633  ind
60059   1960  1456  1534   853   787   726   769   726  1125  1296  1105  ind
60059   1970  1103  1068  1261  1562   957  1250   987   866  1290  1320  ind
60059   1980   920   894  1035  1259   846  1134  1107  1026  1056   918  ind
60059   1990  1334   970  1221  1266  1095   987  1040   827   848   728  ind
60059   2000   837  1188   888   802  1107   880  1031  1076  1008  1008  ind
60059   2010 -9999
70065   1929   480
70065   1930  1449   854  1640  1052   878  1159  1434  1478  1414  1275  ind
70065   1940  1249  1201  1141   835   835   748   326   362   148   654  ind
70065   1950   624   734   700   561   399   496   669   954   946  1050  ind
70065   1960  1117  1041   925  1015   921   945   888   978   975  1033  ind
70065   1970  1027  1074  1157  1172   893   925   860   850   817   834  ind
70065   1980  1266  1367  1244  1342  1043  1282  1304   939  1348  1551  ind
70065   1990  1215  1252  1024  1235  1124  1198  1297  1239   942  1030  ind
70065   2000   873   937  1186  1136   906  1159   852   931   852   739  ind
70065   2010 -9999
80625   1901  1766  1942  1717  1251   487   693   401   340   185
80625   1910   206    51    31   404   220   278  1036  1431  1256  1262  ind
80625   1920  1305  1326  1560  1276  1459  1142   988  1164   990   972  ind
80625   1930   992   909  1051  1081   981  1023  1086  1137  1250  1118  ind
80625   1940  1158  1084  1079  1136  1044  1067   866   495   663   858  ind
80625   1950   814   951   752   815   747   930  1163  1207  1491  1112  ind
80625   1960  1347  1498  1289  1298  1085  1149  1095  1174  1292  1132  ind
80625   1970  1354  1323  1524  1282  1256  1296  1152   860  1016  1085  ind
80625   1980  1109  1181  1205  1038   687   851  1041  1052  1112  1102  ind
80625   1990  1330   986   888  1198   977   894   799   827   637   632  ind
80625   2000   824   888   921   948   633   535   602   562   691 -9999  ind
90522   1905   894   894   934   644   879
90522   1910   842   399   680   546   474  1131  1808    87    -9   454  ind
90522   1920   613   606   664   532   799   285   614   741  1073  1383  ind
90522   1930  1193  1355  1410  1401  1123  1491  1608  1568  1560  1483  ind
90522   1940  1470  1635  1413  1379  1226  1234  1288   958  1680  1392  ind
90522   1950  1363  1205  1046  1162  1061  1033   980  1282  1620  1174  ind
90522   1960  1057  1081  1030   975   931   833   937   980  1070   940  ind
90522   1970   959   875   929  1015   878   846  1052   882   848   991  ind
90522   1980   762   671   807   748   720   824   855   680  1115   838  ind
90522   1990   870   797   902   886   967  1160   771   590  1072   854  ind
90522   2000   876   877   758 -9999
121105  1906  1588  1125   877   970
121105  1910  1020   676  1082  1297  1391  1307  1364  1230   981   977  ind
121105  1920  1163  1220  1209  1101  1373  1133  1191  1147  1151  1114  ind
121105  1930  1095   928   929   765   763   770   799   805   793   689  ind
121105  1940   749   617   723   417   515   495   341   343   328   411  ind
121105  1950   196   337   376   616   689  1131  1130  1289  1300  1098  ind
121105  1960  1284  1239  1009  1233   963  1103   974  1087  1113  1129  ind
121105  1970  1075   943  1123  1073   926  1222  1340  1147  1428  1317  ind
121105  1980  1368  1292  1391  1139  1160  1093   930  1683  1577  1520  ind
121105  1990  1439  1056  1129   753   943   989  1195   834   858   723  ind
121105  2000   702   811   799  1174   969   989   958   721  1010   946  ind
121105  2010 -9999
131113  1907   638   780   904
131113  1910   894   620   912  1083   832  1170  1297  1071   793   996  ind
131113  1920  1085  1238  1218  1023  1220  1171  1311  1295  1160  1153  ind
131113  1930   917   958   865   931   946  1024  1235  1433  1510   978  ind
131113  1940  1077   998   956   743   689  1042   962   714   859   894  ind
131113  1950   869   892   714   867   897  1042  1069  1262  1354  1044  ind
131113  1960  1123   974   975   935   755   858   697   827  1061   988  ind
131113  1970  1103   991  1115  1116  1048  1014  1077   827   571   608  ind
131113  1980   808   903   991   993   955  1049  1103  1009  1012  1131  ind
131113  1990  1188  1017  1017  1221  1196  1097  1014  1036  1040  1136  ind
131113  2000  1000  1206  1026  1127   827   978   834   908  1000   977  ind
131113  2010 -9999
91327   1935   608   941  1205   877   724
91327   1940   722   961  1020   967   983   707   914   986   677  1146  ind
91327   1950  1013  1129  1020  1036  1286  1158  1460  1239  1509  1245  ind
91327   1960  1357  1107   723  1126  1005   955   699  1097  1169  1329  ind
91327   1970  1010   973   820  1032   861  1289   700   547  1017   624  ind
91327   1980   982   996  1149  1083  1003  1164  1096   942  1119  1196  ind
91327   1990  1429   841  1153  1036  1232   714   524   575   721   752  ind
91327   2000   714  1140  1030   941  1248   675  1128  1166  1200  1082  ind
91327   2010 -9999
70332   1891   518   491   121   307   292  1395  1663  1619  1364
70332   1900  1403  1537  1430  1467  1430  1731  1760  1325  1122  1311  ind
70332   1910  1366   457   183   117     4  -214   264   275   913  1132  ind
70332   1920   904   975  1011  1283  1419  1418  1715  1290  1280  1525  ind
70332   1930  1322   911   775   818   843   932   968   908   723   464  ind
70332   1940   749   655   773   410   887   848   772   653   459   567  ind
70332   1950   528   563   427   579   658   682  1330  1637  1569  1460  ind
70332   1960  1878  1853  2018  1735  1403  1507  1429  1303  1101  1154  ind
70332   1970  1242  1182  1008  1010   892   953   581   643  2581  1305  ind
70332   1980  1268  1100  1108  1175   905  1015   995  1207  1209   739  ind
70332   1990   825   562   790   942   979   797   885   470   796   815  ind
70332   2000   737   824   784   777   670   969   642  1093   937  1069  ind
70332   2010 -9999
90542   1868   339   697
90542   1870   393   260   594   733   614   620   568   719   922   811  ind
90542   1880   719   722   706   915   722   724   844   720   849   570  ind
90542   1890   889  1722  1817  1181  1160  1488  1389  1304  1081  1057  ind
90542   1900   935  1161  1281  1320  1354  1042  1212  1379  1035   960  ind
90542   1910   953   450   936   984   950   971  1460  1430   772   829  ind
90542   1920  1001  1023  1258  1197  1266  1106  1002  1405  1440  1559  ind
90542   1930  1292  1051  1321  1528  1486  1377  1469  1485  1735  1319  ind
90542   1940  1300  1404  1082  1038   997   720  1024   541  1106  1160  ind
90542   1950   851  1243   855   663   881   788  1073   949  1190   919  ind
90542   1960  1000  1496  1038  1207   949   942   911  1092  1374  1194  ind
90542   1970  1010   973   954   923  1100  1093  2732   566   877   632  ind
90542   1980   529   427   469   431   546   559   494   795   274   458  ind
90542   1990   625   571  1049 -9999
60252   1878  1550  1244
60252   1880  1446  1236  1241  1187  1079   829   767   746  1005   607  ind
60252   1890   465   804   519   726   820   883   759  1028  1071   929  ind
60252   1900   898   842   696   798   965  1091   948  1069  1089   859  ind
60252   1910   870   778   622   684   846   936  1136   963   963   751  ind
60252   1920   732   886  1103   703  1357  1074  1170  1244  1323  1239  ind
60252   1930  1139  1355  1129  1226  1163  1150  1372  1137  1119   873  ind
60252   1940  1496  1151   965   805   665  1158   760     0     0   739  ind
60252   1950   736   791     2  1371  1797  1744  1642  1742  1475  1670  ind
60252   1960  1537  1497  1468  1372  1485  1296     9  1415  1387  1411  ind
60252   1970  1228  1050  1067   947   955   796  1200   991  1147  1068  ind
60252   1980  1275  1365  1216  1011   672   834   908   855   944   534  ind
60252   1990   915   745   724   978  1019   881  1004   758   877  1115  ind
60252   2000   850   757   764   774   857   762   654   706   978 -9999  ind
80301   1890   434   706   789  1193  1198   849   880  1189  1226  1088  ind
80301   1900  1283  1331  1251  1387  1306  1367  1411  1070  1080  1045  ind
80301   1910  1244   932  1097  1093   948  1082   924   656   423   682  ind
80301   1920    31   797   610   713   780   832   742  1026   900   868  ind
80301   1930   860   874   963  1046   996   932   882  1088  1240   797  ind
80301   1940   894   902   837   824   892  1000   890   853   980   964  ind
80301   1950  1014  1070  1081  1182  1185  1226  1112  1410  1248  1192  ind
80301   1960  1326  1076   973  1169  1234  1245  1026  1072  1275  1110  ind
80301   1970   961   983   942   975   872   974   855   903   901   977  ind
80301   1980  1053  1020   904  1000   869   872   920  1116  1037  1131  ind
80301   1990  1002   836   846  1079   974  1123  1212  1224 -9999
50244   1921  1528  1085  1303  1424  1289  1613  1325  1531  1218
50244   1930  1140  1148   898   879   427   347   134   595   414   518  ind
50244   1940   825  1052   772   830   636   636   456   135   328   291  ind
50244   1950   416   972   680  1070  1142  1212  1176   994  1215  1182  ind
50244   1960  1268  1161   990  1057  1264  1214   970  1379  1268  1232  ind
50244   1970  1201  1200  1080   792   795   811  1004   971  1135  1359  ind
50244   1980  1402  1698  1932  1580  1736  1477  1283  1306  1101  1268  ind
50244   1990  2097  1645   952   678   543   548   815   598   545   675  ind
50244   2000   872   858   394   768   718   490   852   771   674 -9999  ind
70256   1956  1170   850   678   785
70256   1960   884   849   672  1066   659   921   560  1349  1262  1348  ind
70256   1970  1316  1301  1289  1389   954  1085  1167   959  1300  1153  ind
70256   1980  1436  1921  1562  1210  1569  1197   955   907  1041   473  ind
70256   1990   631   629   444   364   549    96   478   367   227   270  ind
70256   2000   467   549  1311  1098  1306  1641  2311  1523  1669 -9999  ind
91487   1917   353   652   679
91487   1920  1228  1954  1313   690  1034  1147  1324  1117  1399  1531  ind
91487   1930  1318  1160  1115  1025   997   909   950   986  1068   556  ind
91487   1940   675   663   653   700   491   658   602   328   446   533  ind
91487   1950   259   394   518   544  1422  1440  1504  1462  1711  1392  ind
91487   1960  1512  1451  1216  1062  1062  1209  1080  1028  1359  1127  ind
91487   1970   998   957  1051  1030   819   862   645   588  1111   903  ind
91487   1980  1118  1276  1460  1324  1199  1198  1128  1189  1241  1186  ind
91487   1990  1377   820  1166   879   424   594  1281   973  1236   744  ind
91487   2000   563   687   250  1160  1540 -9999
70152   1916    59  -142  -298  -264
70152   1920   -59   169   871  2188  2979  1438  1625  1689  1505  1534  ind
70152   1930  1234   957  1016  1233  1247  1324  1331  1412  1208  1078  ind
70152   1940  1439  1479  1348   974  1297  1067  1047   580   963   769  ind
70152   1950   847   995   995  1201  1323  1198  1484  1236  1316   839  ind
70152   1960  1166  1094   804  1001   982  1005   781  1084  1163  1224  ind
70152   1970  1016   946   732   812   681   519   960   689   792   493  ind
70152   1980   926  1310  1058   974   792   946  1085   844   544   721  ind
70152   1990   963  1005   598   858   993  1168  1262   824  1135  1033  ind
70152   2000  1069  1077  1192  1121  1120  1156  1321  1191  1422 -9999  ind
50246   1901  1680  1409  1406   759  1415   764   870   774   436
50246   1910   468   359   903   175   485   440   729   770   779   446  ind
50246   1920   447   525   412  1009  1029  1801  1338  1554  1705  1909  ind
50246   1930  1707  1121  1205  1143  1170  1264  1149  1124  1289   348  ind
50246   1940  1165  1366   791   572   645  1020   749   343   757   553  ind
50246   1950   761   714   906  1081  1267  2110  2091  2046  2313  1966  ind
50246   1960  2158  1501  1618  1416  1024  1096   887   895  1082   639  ind
50246   1970   762   548   428   800   581   637   592   380   723   618  ind
50246   1980  1168  1188  1248  1085   567   659   919   708   891   835  ind
50246   1990   896   774   746  1441  1039  1098  1033   888  1056   716  ind
50246   2000   812  1015  1026  1297   884 -9999
30567A  1932  1288  1101   507   427   738   541   494   595
30567A  1940   471   506   470   492   531   471   454   378   565   399  ind
30567A  1950   659   681   804   840   759  1141   811   902   996   887  ind
30567A  1960  1170   978  1013   897   939   942   953  1229  1212  1156  ind
30567A  1970  1146  1277  1179  1202  1156  1640  1800   941   953  1456  ind
30567A  1980  1532  1534  1676  1299  1169  1194   925   706   803  1054  ind
30567A  1990  1216   989  1424  1289  1148  1219  1210  1233  1431  1533  ind
30567A  2000  1142   946   941  1656  1797  1646  1323  1166  1190  1386  ind
30567A  2010  1216   473   323    68 -9999
30567B  1936  1622  1527  1122   421
30567B  1940   394   423   566   482   293   282   570   653   631   417  ind
30567B  1950   582   559   972   984   941  1144   947  1034  1184   780  ind
30567B  1960  1185  1004  1096   841  1048  1041   834  1187  1039  1039  ind
30567B  1970   984  1102  1095  1129  1233  1762  1739  1132  1075  1385  ind
30567B  1980  1314  1138  1213  1148  1131  1168   976   683   922  1227  ind
30567B  1990  1444  1004  1395  1292   962  1242  1248  1136  1194  1498  ind
30567B  2000  1082   843   868  1704  1819  1754  1545  1413   601   257  ind
30567B  2010   455   415   348    84 -9999
70626A  1930   499   791   930   661  1055   923  1213  1607  1478  1746  ind
70626A  1940  1158  1173  1082  1526  1309  1535  1286   772   668   228  ind
70626A  1950   489   127   187   538   526   807  1082  1022  1068  1014  ind
70626A  1960  1096  1164   924   919   842  1000   910  1130  1171  1182  ind
70626A  1970  1237  1260  1248  1073   868   967  1024   857  1324  1347  ind
70626A  1980  1376  1011  1238  1156  1007  1113   964   973   826   887  ind
70626A  1990   994  1139  1074  1109   943   885  1169   972  1113   635  ind
70626A  2000   832   942  1015  1189   740   792   851 -9999
100961  1969   943
100961  1970  1237   583  1002  1306   953  1161   799   843   654  1080  ind
100961  1980  1507   928  1548  1193   949   951   507   820   873  1029  ind
100961  1990  1124   976   885  1518   841   699  1166   635  1101  1097  ind
100961  2000  1134  1230   661   822   434  1061  1680  1094 -9999
100974  1936   941   895   833   390
100974  1940   241   510   767   681   578   450    76   196   177   187  ind
100974  1950   363   566   474   712   977  1445  1753  1454  1624  1179  ind
100974  1960  1707  1277  1069  1248  1021  1106   393  1018   972   954  ind
100974  1970   977   654   856  1229  1241   792   496   532   727  1066  ind
100974  1980  1142  1272  1314  1499  1545  1492  1309  1131  1382  1675  ind
100974  1990  1777  1247  1289  1252  1346  1167  1109  1093  1075   955  ind
100974  2000  1176  1226  1197  1323  1041  1166 -9999
91391   1900  2119  1892  1702  1326  1142  1235  1120  1086   944  1016  ind
91391   1910   703   437   415   258   177   121   357   605   318   256  ind
91391   1920   411   679   747   779   883  1035  1242  1032  1062  1121  ind
91391   1930  1132  1117  1102   923   939  1006  1050  1059  1159  1057  ind
91391   1940  1310  1015  1071  1007   969  1016  1019  1107  1089  1360  ind
91391   1950  1050  1326  1040   977  1496   932  1066  1070  1233   914  ind
91391   1960   969  1006   963   930   828   913   840  1125  1047  1039  ind
91391   1970   917   882  1070  1046  1041  1236  1159   825  1102   801  ind
91391   1980  1102  1060  1105   886   828  1001  1130  1177  1263   969  ind
91391   1990  1227  1047  1198  1154  1294  1039  1273  1029   911   895  ind
91391   2000  1022   825 -9999
111094  1931   870   918   926   860   835  1189  1388  1506  1009
111094  1940  1113  1043   963   828   977   759   732   -33   490   277  ind
111094  1950   407   423   369   480  1230  1395  1642  1490  1804  1308  ind
111094  1960  1376  1354  1200  1432  1080  1277   757   747  1152  1079  ind
111094  1970  1251  1079   995   810   861  1112  1027  1028   742  1028  ind
111094  1980  1370   916  1052  1060  1049  1490  1637  1266  1278   862  ind
111094  1990  1429   947   878  1082  1239   906   910   758   873  1113  ind
111094  2000   847  1168  1062   739   573   666   630   952   766   608  ind
111094  2010 -9999
60172   1880   802   796  1191  1133  1078   913  1230  1365  1144   635  ind
60172   1890   940   908   883  1356  1123  1053  1010  1053  1260  1101  ind
60172   1900  1001   882   969   825   801   809   689   479   525   275  ind
60172   1910   162   327   514   296   310   602  1063  1240  1221  1246  ind
60172   1920  1281  1420  1876  1455  1377  1585  1349  1556  1492  1403  ind
60172   1930  1385  1129  1414  1178  1125  1236  1122  1051  1277  1044  ind
60172   1940  1388  1472  1190  1019   941   804   637   275   827   537  ind
60172   1950   877   676   701   717   990   831  1023  1098  1399  1001  ind
60172   1960  1153  1109   712   873   866   815   671   378   804   937  ind
60172   1970   690   719   693   860   640   410   485   896   972   760  ind
60172   1980  1447  1475  1374  1070  1023  1286  1193   958  1151  1107  ind
60172   1990  1178  1101  1119  1106  1223  1091  1172   988   877  1208  ind
60172   2000  1154  1047  1107  1051   945  1047  1514  1174 -9999
92183B  1965   562   629   594   780   887
92183B  1970   677  1185  1046  1267  1224  1505   959   570   936  1069  ind
92183B  1980  1131   805  1056  1068   876   623   772  1284  1510  1579  ind
92183B  1990  1431  1352  1126  1038  1007   626  1308  1053  1089   984  ind
92183B  2000   877  1166   991   918   759   895  1066   589   611   798  ind
92183B  2010   684 -9999
40522   1930   524   738   775  1534  1406  1765  1891  1944  1403  1234  ind
40522   1940  1606  1773  1691  1601  1318  1029  1172  1077   832   956  ind
40522   1950   989  1019   678   644   621   349   377   648   617   188  ind
40522   1960   690   613   545   377   335   749   277   231   720   340  ind
40522   1970   925   640   236   561   487   495   678   126   767   648  ind
40522   1980   597   569  1169   992  1032   884   922   884   694  1025  ind
40522   1990  1131  1273  1166  1300  1614  1303  1285  1258  1324  1472  ind
40522   2000  1377  1324  1461  2134  1939  1988  1264   976  1122  1403  ind
40522   2010  1282 -9999
80288   1906  1716   991  1306  1037
80288   1910   859   851  1041  1062   823   728  1059  1077   893   951  ind
80288   1920   542   880   801  1127  1034  1125  1265  1118  1034   778  ind
80288   1930   996   784  1203   744   868   788   885  1283  1381   847  ind
80288   1940  1020   777   842   796  1132   953  1313   961  1098  1425  ind
80288   1950  1262  1381  1095   847   878   914   862   927   890   627  ind
80288   1960   745   495   442   191   134   401   174   352   190   605  ind
80288   1970  1055  1066  1533  1867  1479  1813  1766  1424  1919  1570  ind
80288   1980  1708  1589  2031  1547  1167   969  1167  1014  1454  1471  ind
80288   1990  1373   968   974   810   682   549   760   741   864   700  ind
80288   2000   375   851   584   828   913   700   814 -9999
131032  1880  1500  1049  1182  1085   868  1009   929  1110   806   875  ind
131032  1890   702   792   646   682   851  1017  1020   946   809   808  ind
131032  1900   915   948   927   991   895   834   840   665   728   748  ind
131032  1910   702   622   663   588     0  1000   927   771   792     0  ind
131032  1920   908  1145  1309  1097  1268  1051  1157  1104  1108   968  ind
131032  1930   944   982   856   845   682   866   799   920  1057   736  ind
131032  1940  1019   870   924   752   682   715   673     0   730   614  ind
131032  1950   602   540   663   696  1301  1490  1584  1596  1705  1430  ind
131032  1960  1419  1366  1206  1334  1169  1168  1149  1118  1169  1171  ind
131032  1970  1153  1017  1157  1249  1130  1136  1195  1123  1103  1270  ind
131032  1980  1286  1182  1358  1240  1084  1287  1254  1308  1144  1331  ind
131032  1990  1525   975  1010  1139  1264  1076  1084   986   973   970  ind
131032  2000   828   959  1226  1133  1246  1104  1063  1237  1213  1095  ind
131032  2010 -9999
60386   1902  1004  1089  1060   958   901   816   785   756
60386   1910   922   608   882   895   763   944  1034  1098   995  1160  ind
60386   1920  1072  1169  1266   984  1124  1155  1216  1329  1361  1374  ind
60386   1930  1153  1221  1062  1129  1211  1137  1321  1108  1125   951  ind
60386   1940   968  1086  1023   863   918  1085   974   -10    -1   915  ind
60386   1950  1070  1010  1014  1122  1025  1025  1211  1129   985  1015  ind
60386   1960  1159  1064  1114   936   895   909   908   836   960   956  ind
60386   1970   980   807   876   906   813   902  1014   790   911   944  ind
60386   1980   905   969  1121   984  1020   851   866  1063   897  1096  ind
60386   1990  1057  1062  1088  1002  1185  1033  1093  1078  1110   942  ind
60386   2000   825   949   895  1002  1119  1152  1068  1076  1087  1209  ind
60386   2010 -9999
111212  1952   655   786   947   935   958   983   998   807
111212  1960  1060   835   819  1113   830   637   309  1237  1026   815  ind
111212  1970   929   914   596  1919  2446  1981  1887  1266  1300  1157  ind
111212  1980  1155  1063   850   737   633   481   840   738   665   602  ind
111212  1990   920   792   985   915  1196  1080  1422   867   641   679  ind
111212  2000   856  1105  1052   990  1107   837  1044  1068   966   942  ind
111212  2010 -9999
92183A  1952   453   522   463   768   691   676   488   550
92183A  1960   652   862   890   351   485   925   153  1040  1391  1306  ind
92183A  1970  1389  1259  1051  1426  1365  1632  1388  1705  1404  1444  ind
92183A  1980  1667  1111  1385  1219  1234  1221  1222  1410  1406  1135  ind
92183A  1990  1453  1682  1680  1398  1079  1156  1028   846   920   498  ind
92183A  2000  1397  1105  1111   975   804   953   837   697   670   696  ind
92183A  2010   636   342   337   602   541   743   609 -9999
152053A 1923   555   257   383   474   317   372   730
152053A 1930   538   343   403   240   841   767   728  1151   845   793  ind
152053A 1940  1087  1210  1246  1012   991   902  1283   880  1004   941  ind
152053A 1950   763  1203   934   975  1040  1124   755   544   773   721  ind
152053A 1960   535   110   232   602   383   967   875  1691  2001  2226  ind
152053A 1970  1976  1802  1680  1888  1606  1848  1810  1592  1823  1568  ind
152053A 1980  1939  1929  1621  1860  1362  1433  1393  1410  1261  1498  ind
152053A 1990  1144   995  1346   942   966   841   875  1020   882  1094  ind
152053A 2000   856  1004   761   670   688   597   749   661   524   708  ind
152053A 2010   649   350   332   656   740   912 -9999
100680  1931   345   525   636   477   732  1127  1378  1123   802
100680  1940   633  1050   705   891  1081   998   922   565   786   689  ind
100680  1950  1072  1601  1354  1334  1294  1347  1495  1393  1399  1126  ind
100680  1960  1001  1161  1337  1477  1018   982   890  1216  1418   989  ind
100680  1970  1317  1127  1053  1335  1043   938   788   619   810  1013  ind
100680  1980   787   928  1167   602   706   783   983   683   858   802  ind
100680  1990  1271   707   971   791  1175  1070   914  1067   884   948  ind
100680  2000   845   800   673  1154  1006  1099   933  1003 -9999
112256A 1955   885   680   623   856   695
112256A 1960   404   527   582   565   518   472   500  1216  1646  1447  ind
112256A 1970  1312  1475  1423  1542  1387  1420  1431  1267  1348  1107  ind
112256A 1980  1366  1606  1412  1306   917   854   871   679   408   220  ind
112256A 1990   509   756  1410  1417  1365  1356  1249  1555  1177   669  ind
112256A 2000   697   775   860   809   794  1162   801   713   615  1036  ind
112256A 2010   966   742   792   912  1019   863 -9999
172210A 1938  2182  1574
172210A 1940  1312  1188  1207   837   847  1087   717   256   374   697  ind
172210A 1950   919   666   822   461   663   519   582  1056   570   519  ind
172210A 1960   654   652   294   610   689   824   458   461   570   393  ind
172210A 1970  1058  1367   757   625   393  1002   980   832   646  1911  ind
172210A 1980  2541  2659  2455  2317  1484  2063  2003  2082  1806  1673  ind
172210A 1990  1652  1560  1498  1647  1694  1252  1219   861   900   937  ind
172210A 2000  1207   776   672   806   265   866   411   447   692   389  ind
172210A 2010   478   529   165   339   426 -9999
172210B 1938   613   877
172210B 1940  1638  1289  1378   881  1262   992  1023   566   222   538  ind
172210B 1950   503   669   400   641  1101   573   684   659   915   380  ind
172210B 1960   927   651   595   575   242   662   869   371   620   853  ind
172210B 1970  1238  1559   960  1206   874   840   663   286   594  1937  ind
172210B 1980  2329  2428  2313  1970  1666  1874  1831  2125  1759  1470  ind
172210B 1990  1467  1526  1332  1853  1538  1471  1126   477   631   931  ind
172210B 2000  1079  1021   713   614   401   735   446   689   522   363  ind
172210B 2010   397   522 -9999
91321   1881  1062   933   779   740   904  1034   789   876   511
91321   1890   695   659  1074  1410  1351  1253  1509  1393  1159   852  ind
91321   1900   231   554   695   749   905   775   626   292    63   210  ind
91321   1910   231    93   127   192   113   973  1256  1373   990  1154  ind
91321   1920   983  1444  1630  1555  1463  1456  1251  1526  1574  1614  ind
91321   1930  1469  1226  1342  1342  1464  1211  1399  1444  1473  1170  ind
91321   1940  1394  1208  1251  1373  1332  1207  1381  1074  1045  1045  ind
91321   1950  1494  1267  1246  1278  1041  1171  1132  1091  1182  1229  ind
91321   1960  1119  1169   972   953   811  1097   867   856  1109  1075  ind
91321   1970  1112  1131   921  1000   935   895   809   569   699   736  ind
91321   1980   932   747   465   733   847   646   657   964   854   673  ind
91321   1990   693   583   442  1042   890   956   856 -9999
70269   1890   417   448   500   579   484   530   579   751   719   759  ind
70269   1900   564   193   310   310   273   477   271   149   397   265  ind
70269   1910   616   784   585   383   566   379    97   927   477   623  ind
70269   1920   142   350   874   776  1031  1044   976  1958  1981  1679  ind
70269   1930  1328  1293  1520  1307  1082  1168  1563  1389  1580   963  ind
70269   1940  1258  1441  1564  1313  1495  1819  1049   718  1309  1180  ind
70269   1950  1343  1032  1142  1592  1622  1843  1963  1819  1916  1407  ind
70269   1960  1621  1430  1181  1422  1159  1479  1241  1256  1250  1557  ind
70269   1970  1396  1023   876  1143  1244  1335  1388   809  1176  1058  ind
70269   1980   748   764   995  1017   954   942   944   938  1057   853  ind
70269   1990  1156   745  1060   920   968   853   980   626   676   663  ind
70269   2000  1065  1105  1060   866   927   895   771  1083  1074  1009  ind
70269   2010 -9999
121088  1902   956  1313  1576  1251  1281  1041   872   446
121088  1910   608   411   638   664   521   759   767   343   428    31  ind
121088  1920    99   221   430   784  1430  1805  1969  1956  1437   975  ind
121088  1930  1426  1154  1622  1517  1206  1560  1385  1303  1373   833  ind
121088  1940  1006   923   681   542   685   529   779   547   848   717  ind
121088  1950   601   367   793   834  1240  1592  1434  1395  1519  1108  ind
121088  1960  1429  1320  1279  1276  1233  1268  1202  1472  1392  1391  ind
121088  1970  1282   917   975  1193   934   942  1277  1106   942  1199  ind
121088  1980  1664  1558  1219  1295   963   893   986   874   765   862  ind
121088  1990   866   917   863   748   965   790   898   761   864   862  ind
121088  2000   815   711   791   834   648   586   763  1001   840   798  ind
121088  2010 -9999
101159r 1871   -42   196   365   213   467   778   559   761  1013
101159r 1880  1169   724   916   981  1079  1233  1012  1233  1052   796  ind
101159r 1890   895  1190  1506  1470  1574  1446  1264  1361  1764  1516  ind
101159r 1900   979   929   808   779   907  1057  1267   970   825   921  ind
101159r 1910   633   511   399   196   408   816   785   876   808   953  ind
101159r 1920   694  1005   934  1110  1357  1439  1507  1615  1614  1820  ind
101159r 1930  1517  1714  1396  1466  1612  1496  1715  1499  1422  1207  ind
101159r 1940  1640  1565  1559  1115  1384  1274  1019   667   729  1199  ind
101159r 1950  1131  1008  1013   914   969   997   925  1026   994   698  ind
101159r 1960   981   696   677   690   379   687   508   524   419   563  ind
101159r 1970   671   912   754   901   341  1010   971   655   792   856  ind
101159r 1980   913   969   865  1114  1097   964  1184  1205  1158  1127  ind
101159r 1990   624   907   762   781   886  1121   916  1067   845  1183  ind
101159r 2000   994  1198  1165 -9999
172218Ar1907  2192  2364  2076
172218Ar1910  1667  1368  1411  1218   891  1084   825   751   946   649  ind
172218Ar1920   720   436   714   345   710   299   504   715   857   413  ind
172218Ar1930   458   485   558   525   512    97   614   592   626   219  ind
172218Ar1940   554   718   928   776  1061  1178  1198   592   635   654  ind
172218Ar1950   673   825   438   889  1136  1088  1228   994  1334  1061  ind
172218Ar1960  1363  1331  1279  1398  1266  1322   696  1174  1347  1105  ind
172218Ar1970   686   840  1190   642   566   225   355   490   586   826  ind
172218Ar1980   693  1784  2557  2436  1900  2191  1997  1828  1598  1607  ind
172218Ar1990  1919  1662  1705  1452  1445  1645  1294  1113   913   666  ind
172218Ar2000   550   606   335   556   413   479   720   987   599   869  ind
172218Ar2010 -9999
