cagl_drop.rwl -- no data title --                         1st itrdb line missing     
cagl_drop.rwl -- no data title --                         2nd itrdb line missing     
cagl_drop.rwl -- no data title --                         3rd itrdb line missing     
60059   1902  1119  1159  1172  1048   970  1014   898  1118
60059   1910  1080   612  1021   835   835  1124  1192   821   719   699  res
60059   1920   878   940  1410   700  1207   672   835  1069   971  1191  res
60059   1930  1085  1120  1055  1385  1037   921  1165  1104  1019   902  res
60059   1940  1209  1300   930   791   947   983  1007   623  1037   964  res
60059   1950   848   909   647   738  1207  1329  1138   985  1596  1213  res
60059   1960  1068  1235   529   773   782   857   798  1213  1202   909  res
60059   1970   986   964  1174  1388   634  1191   828   813  1310  1151  res
60059   1980   716   874  1052  1214   691  1160  1024   942  1013   868  res
60059   1990  1348   802  1200  1151   948   919  1034   806   925   809  res
60059   2000   975  1284   818   853  1217   856  1096  1086   992  1022  res
60059   2010 -9999
70065   1929   394
70065   1930  1570   805  1550   859   659  1179  1431  1317  1168  1041  res
70065   1940  1087  1093  1064   787   911   913   509   713   601  1187  res
70065   1950  1052  1033   970   804   688   877  1066  1272  1118  1143  res
70065   1960  1175  1040   919  1066   966   989   943  1043  1020  1050  res
70065   1970  1020  1049  1116  1085   763   877   874   870   852   879  res
70065   1980  1327  1282   997  1108   799  1115  1143   690  1228  1408  res
70065   1990   881   975   823  1109   993  1051  1166  1058   746   956  res
70065   2000   855   953  1240  1096   810  1168   839   956   941   834  res
70065   2010 -9999
80625   1901  1375  1389  1002   723   311  1201   626   849   712
80625   1910   872   669   792  1199   648   914  1660  1386   896  1098  res
80625   1920  1122  1103  1338   815  1295   757   900  1203   838   995  res
80625   1930  1016   905  1137  1030   905  1045  1065  1064  1145   901  res
80625   1940  1076   947  1013  1071   918  1033   785   571  1078  1098  res
80625   1950   884  1089   740  1004   853  1118  1192  1038  1324   654  res
80625   1960  1283  1194   848  1065   808  1075   938  1080  1130   854  res
80625   1970  1255  1002  1269   819  1035  1083   890   714  1143  1048  res
80625   1980  1028  1092  1056   862   644  1135  1160  1013  1087  1026  res
80625   1990  1290   711   948  1347   816   963   922  1037   802   978  res
80625   2000  1178  1073  1071  1079   721   913  1054   944  1130 -9999  res
90522   1905  1256  1168  1215   861  1252
90522   1910  1073   597  1104   783   772  1524  1968     0   465   901  res
90522   1920   848   782   845   654  1002   275   883   822  1144  1330  res
90522   1930   980  1254  1214  1175   857  1387  1319  1236  1244  1151  res
90522   1940  1165  1348  1018  1091   919   996  1045   651  1624   950  res
90522   1950  1102   925   823  1024   853   885   840  1212  1460   832  res
90522   1960   938  1000   933   906   889   805   974   978  1076   900  res
90522   1970   996   893  1001  1076   893   932  1177   896   955  1126  res
90522   1980   805   822  1007   876   884  1013  1001   800  1374   853  res
90522   1990  1046   934  1089  1019  1126  1307   787   776  1379   900  res
90522   2000  1059  1037   906 -9999
121105  1906  1245   655   639   976
121105  1910  1022   610  1245  1298  1200  1017  1116   957   765   937  res
121105  1920  1189  1144  1068   953  1315   920  1081  1048  1072  1043  res
121105  1930  1048   892  1000   859   957  1000  1030  1020  1001   896  res
121105  1940  1026   869  1050   683   950   926   752   847   855   949  res
121105  1950   668   927   919  1122  1045  1424  1141  1226  1139   881  res
121105  1960  1194  1068   810  1190   806  1072   896  1065  1045  1024  res
121105  1970   948   834  1112   974   812  1223  1199   867  1260  1009  res
121105  1980  1078   988  1130   818   974   937   802  1718  1188  1056  res
121105  1990  1026   678  1003   632  1050  1058  1220   705   913   824  res
121105  2000   881  1038   968  1359   922  1001   996   761  1222  1027  res
121105  2010 -9999
131113  1907   801  1003  1040
131113  1910   960   690  1134  1127   784  1268  1191   901   751  1102  res
131113  1920  1064  1172  1066   886  1191  1023  1198  1099   978  1048  res
131113  1930   811   986   863   984   959  1033  1203  1285  1259   691  res
131113  1940  1096   946   953   764   830  1209   930   740  1024   970  res
131113  1950   931   971   780  1035   974  1107  1054  1237  1223   866  res
131113  1960  1125   920  1010   964   807  1010   785  1009  1164   963  res
131113  1970  1127   947  1138  1064  1000  1003  1082   794   680   853  res
131113  1980  1022  1005  1044   997   960  1074  1071   950  1006  1119  res
131113  1990  1108   908  1004  1203  1062   983   955  1021  1009  1104  res
131113  2000   912  1200   898  1109   745  1071   830   992  1036   966  res
131113  2010 -9999
91327   1935   775  1133  1355   914   773
91327   1940   842  1098  1103   992  1001   720   970  1037   673  1184  res
91327   1950  1002  1064   947   960  1222  1039  1326  1064  1331  1049  res
91327   1960  1173   943   592  1112   978   892   667  1128  1169  1258  res
91327   1970   900   903   811  1063   877  1310   666   560  1156   696  res
91327   1980  1058  1065  1162  1064   974  1161  1075   911  1129  1199  res
91327   1990  1392   747  1138  1054  1226   688   566   734   900   893  res
91327   2000   824  1252  1062   923  1262   636  1150  1186  1138  1003  res
91327   2010 -9999
70332   1891   783   836   493   920   813  1905  1452  1148   902
70332   1900  1110  1238  1042  1140  1088  1409  1246   772   852  1209  res
70332   1910  1156   203   520   705   657   520  1146   863  1453  1254  res
70332   1920   835  1037  1045  1287  1242  1132  1417   802  1045  1330  res
70332   1930   969   674   823   986   994  1062  1038   947   799   666  res
70332   1940  1132   871  1026   593  1293   969   879   811   699   938  res
70332   1950   842   890   732   966   953   910  1531  1408  1088  1000  res
70332   1960  1488  1198  1345   957   798  1140  1020   938   827  1021  res
70332   1970  1090   971   831   953   850   989   591   892  2810   275  res
70332   1980   923   881  1004  1082   772  1055   988  1207  1075   592  res
70332   1990   988   710  1104  1130  1053   839  1045   592  1183  1023  res
70332   2000   912  1049   962   977   880  1250   741  1382   961  1161  res
70332   2010 -9999
90542   1868   792  1205
90542   1870   778   664  1090  1144   918   929   874  1037  1205   993  res
90542   1880   888   921   902  1119   840   860  1002   822   972   638  res
90542   1890  1037  1866  1670   840   986  1420  1211  1100   892   937  res
90542   1900   836  1114  1187  1159  1164   809  1077  1242   797   794  res
90542   1910   850   319   989   959   842   866  1388  1205   441   698  res
90542   1920   950   913  1136   996  1056   870   795  1280  1211  1277  res
90542   1930   950   754  1152  1328  1188  1058  1197  1204  1459   938  res
90542   1940  1013  1188   817   856   872   596  1015   445  1161  1119  res
90542   1950   703  1214   725   586   933   799  1109   908  1172   830  res
90542   1960   971  1523   878  1136   875   928   937  1149  1410  1117  res
90542   1970   944   990  1013  1000  1211  1164  2915   111   883   822  res
90542   1980   753   716   815   786   926   922   843  1195   565   888  res
90542   1990  1091   970  1488 -9999
60252   1878  1367   967
60252   1880  1262  1014  1090  1061   985   804   862   895  1156   679  res
60252   1890   689  1106   713   994  1024  1026   875  1172  1114   937  res
60252   1900   963   937   827   988  1115  1153   950  1110  1090   854  res
60252   1910   956   886   775   905  1044  1054  1185   929   980   795  res
60252   1920   863  1033  1172   690  1446   944  1086  1141  1173  1052  res
60252   1930   984  1235   940  1103  1023  1026  1245   931   990   788  res
60252   1940  1474   914   822   782   733  1267   701   105   459  1222  res
60252   1950   910   889   126  1729  1634  1273  1158  1298  1016  1299  res
60252   1960  1119  1119  1122  1048  1199   985     0  1721  1236  1137  res
60252   1970   961   870   980   881   940   803  1249   904  1102   987  res
60252   1980  1202  1213  1019   885   671   987  1027   934  1037   624  res
60252   1990  1148   874   893  1159  1098   932  1104   840  1046  1247  res
60252   2000   893   897   972   992  1069   948   883   990  1237 -9999  res
80301   1890   596  1003  1029  1339  1147   694   879  1263  1158   929  res
80301   1900  1180  1177  1030  1195  1073  1141  1180   802   956   998  res
80301   1910  1217   823  1083  1084   902  1104   922   689   610  1040  res
80301   1920   320  1325   951   958  1025  1023   893  1207   975   930  res
80301   1930   964   987  1073  1113  1002   938   926  1170  1243   675  res
80301   1940   931   998   903   915  1003  1082   906   890  1058   992  res
80301   1950  1018  1055  1029  1112  1066  1081   947  1288  1019   963  res
80301   1960  1162   863   836  1141  1146  1083   840   982  1221   954  res
80301   1970   828   957   941   989   880  1022   882   959   964  1032  res
80301   1980  1077   992   871  1027   880   918   997  1173   996  1079  res
80301   1990   926   791   904  1176   964  1106  1155  1093 -9999
50244   1921  1138   659  1200  1190   977  1417   907  1328   875
50244   1930  1018  1092   837   997   551   786   627  1257   758   990  res
50244   1940  1240  1265   817  1068   826   957   767   555   971   796  res
50244   1950   943  1427   735  1329  1130  1143  1050   878  1225  1034  res
50244   1960  1137   961   850  1031  1196   995   771  1359   959   991  res
50244   1970   981   998   871   653   851   866  1053   885  1076  1195  res
50244   1980  1087  1364  1407   883  1290   921   904  1070   851  1173  res
50244   1990  1929   898   495   701   762   872  1157   758   861  1044  res
50244   2000  1168  1028   566  1281   985   791  1332  1011   973 -9999  res
70256   1956  1299   855   723   968
70256   1960  1064   952   743  1220   674   993   602  1490  1180  1100  res
70256   1970  1047  1017  1013  1125   633   909  1057   780  1204   983  res
70256   1980  1264  1721  1113   779  1400   986   807   962  1203   587  res
70256   1990   948  1039   812   799  1065   529  1038   869   641   734  res
70256   2000   922   884  1565   992  1058  1341  1826   622   863 -9999  res
91487   1917   536  1015   832
91487   1920  1394  1781   685   508  1232  1093  1222   905  1341  1286  res
91487   1930  1003   991  1042   976  1009   938  1039  1049  1116   545  res
91487   1940  1007   891   896   951   706  1014   834   597   888   881  res
91487   1950   545   860   877   823  1704  1145  1241  1151  1431   937  res
91487   1960  1276  1115   918   909   993  1134   905   943  1307   852  res
91487   1970   890   919  1035   951   754   935   674   760  1320   764  res
91487   1980  1149  1160  1259  1011   984  1059   985  1096  1108  1025  res
91487   1990  1264   572  1302   757   503   961  1532   783  1294   607  res
91487   2000   761   982   449  1673  1449 -9999
70152   1916   619   513   461   588
70152   1920   754   828  1447  2373  2236     0  1569  1272  1020  1209  res
70152   1930   809   744  1002  1160   995  1097  1040  1136   834   869  res
70152   1940  1368  1093   957   647  1322   739   957   412  1250   645  res
70152   1950   952  1035   923  1183  1153   936  1391   852  1197   554  res
70152   1960  1351   933   709  1176   956  1027   753  1298  1106  1153  res
70152   1970   876   983   774  1041   798   735  1363   656  1064   597  res
70152   1980  1361  1394   833  1000   827  1145  1148   770   646  1069  res
70152   1990  1152  1014   536  1182  1056  1170  1141   575  1310   865  res
70152   2000  1027   985  1108   924   990  1017  1168   875  1266 -9999  res
50246   1901  1371   979  1044   491  1443   667   910   940   630
50246   1910   851   820  1391   446   953   952  1169  1077   985   644  res
50246   1920   801   963   812  1423  1179  1755   923  1148  1313  1378  res
50246   1930  1040   514   934   991  1023  1118   952   957  1161   173  res
50246   1940  1378  1429   552   563   895  1281   815   450  1121   830  res
50246   1950  1019   925  1079  1168  1212  1893  1417  1157  1446   994  res
50246   1960  1280   646  1031   959   648   967   838   932  1169   649  res
50246   1970   937   791   747  1226   868   929   918   720  1169   958  res
50246   1980  1450  1231  1132   939   499   883  1230   874  1083   996  res
50246   1990  1032   899   914  1634   913   977   993   867  1118   744  res
50246   2000   956  1198  1083  1285   749 -9999
30567A  1932  1481  1113   701  1020  1256   783   968  1059
30567A  1940   833   990   889   945   955   861   892   797  1044   691  res
30567A  1950  1139   908  1082  1020   925  1396   713  1153  1081   904  res
30567A  1960  1304   837  1085   868   998   927   934  1213   975   992  res
30567A  1970  1009  1133   916  1042   942  1499  1285   360  1070  1367  res
30567A  1980  1066  1144  1316   800   986  1012   666   644   844   982  res
30567A  1990   992   693  1382   844   916  1066   968  1023  1222  1194  res
30567A  2000   754   877   924  1656  1272  1207  1025  1076  1150  1317  res
30567A  2010  1005   404   781   436 -9999
70626A  1930   687  1107  1109   708  1245   924  1239  1498  1096  1388  res
70626A  1940   652   969   961  1472  1012  1305   957   540   771   461  res
70626A  1950  1000   544   774  1155   928  1167  1287  1020  1057   981  res
70626A  1960  1085  1112   811   930   887  1091   917  1167  1094  1046  res
70626A  1970  1088  1076  1041   864   754  1001  1034   815  1381  1163  res
70626A  1980  1109   715  1155  1000   860  1069   881   961   831   979  res
70626A  1990  1079  1160   996  1050   871   905  1259   905  1122   584  res
70626A  2000  1042  1119  1103  1226   657   945  1048 -9999
100961  1969   963
100961  1970  1248   598  1023  1268   954  1178   786   838   614  1031  res
100961  1980  1441   911  1559  1172   990   968   516   828   851  1038  res
100961  1990  1140  1011   927  1541   874   781  1181   649  1141  1094  res
100961  2000  1167  1255   686   833   383   991  1554  1015 -9999
100974  1936  1268  1097  1060   587
100974  1940   764  1191  1266   954   901   824   478   910   773   790  res
100974  1950   976  1059   776  1123  1227  1556  1534   933  1375   705  res
100974  1960  1686   744   856  1226   811  1099   188  1500   929   953  res
100974  1970   993   592  1088  1354  1065   529   540   808   998  1232  res
100974  1980  1042  1133  1072  1252  1153  1053   879   815  1250  1388  res
100974  1990  1275   574  1058   974  1117   833   914   942   937   813  res
100974  2000  1172  1053   985  1160   728  1109 -9999
91391   1900  1413  1059   926   710   783  1100   991   992   901  1067  res
91391   1910   747   618   835   765   773   806  1106  1254   747   758  res
91391   1920  1040  1252  1129  1041  1108  1199  1299   919   997  1104  res
91391   1930  1072  1030  1017   841   957  1072  1075  1038  1122   958  res
91391   1940  1247   831   970   964   940  1028  1018  1093  1027  1292  res
91391   1950   827  1201   848   852  1517   667   952  1058  1185   763  res
91391   1960   944  1051   968   947   871  1025   934  1246  1032   979  res
91391   1970   879   911  1164  1048   998  1211  1026   659  1153   790  res
91391   1980  1181  1068  1045   804   848  1127  1187  1113  1137   770  res
91391   1990  1171   934  1111  1039  1162   834  1174   871   808   931  res
91391   2000  1108   838 -9999
111094  1931   942  1017  1010   932   940  1329  1357  1320   719
111094  1940  1064  1022   959   874  1109   830   888   151  1081   714  res
111094  1950   866   844   754   885  1600  1361  1402  1088  1443   795  res
111094  1960  1066  1087   927  1248   792  1136   558   783  1287  1006  res
111094  1970  1155   901   876   757   917  1178   954   957   677  1118  res
111094  1980  1368   680   998  1012   976  1434  1362   838  1022   653  res
111094  1990  1450   737   828  1156  1230   780   936   839  1041  1260  res
111094  2000   851  1285  1062   740   761  1000   950  1291   947   836  res
111094  2010 -9999
60172   1880   914   943  1351  1044   977   853  1285  1242   894   504  res
60172   1890  1161  1001   957  1455   925   942   973  1052  1240   943  res
60172   1900   916   879  1054   868   924   964   839   702   894   637  res
60172   1910   673   941  1037   677   803  1114  1391  1241  1050  1063  res
60172   1920  1084  1198  1565   834   963  1274   915  1247  1081  1006  res
60172   1930  1052   818  1271   885   946  1124   946   934  1223   857  res
60172   1940  1325  1223   844   842   907   842   771   531  1338   744  res
60172   1950  1203   823   933   960  1224   889  1150  1125  1358   759  res
60172   1960  1125  1035   643  1062  1003   935   822   623  1255  1157  res
60172   1970   770   937   921  1101   775   660   907  1300  1106   791  res
60172   1980  1607  1226  1019   769   925  1256  1000   787  1140  1001  res
60172   1990  1074   955  1011   995  1117   910  1058   837   828  1254  res
60172   2000  1002   885  1018   935   854  1030  1447   794 -9999
40522   1930   341   790   737  1486   979  1395  1352  1343   776   889  res
40522   1940  1378  1377  1214  1177   955   825  1141  1000   813  1082  res
40522   1950  1078  1105   762   915   933   686   865  1144   986   572  res
40522   1960  1304   992   955   826   874  1320   635   816  1344   711  res
40522   1970  1478   898   612  1144   906   934  1106   443  1352   908  res
40522   1980   886   872  1478   982  1079   898   993   924   733  1149  res
40522   1990  1077  1142   943  1114  1352   861   978   954  1022  1127  res
40522   2000   943   922  1079  1682  1132  1252   493   557   861  1070  res
40522   2010   793 -9999
80288   1906  1383   527  1109   885
80288   1910   764   918  1156  1084   792   814  1247  1126   850   994  res
80288   1920   617  1134  1000  1264  1033  1081  1197   960   915   748  res
80288   1930  1109   863  1318   721   958   941  1042  1403  1274   600  res
80288   1940  1008   829   967   955  1289   959  1309   836  1048  1392  res
80288   1950  1035  1145   851   721   951  1036   958  1037   981   725  res
80288   1960   978   744   782   628   709  1060   717   928   739  1171  res
80288   1970  1441  1112  1438  1524   854  1282  1173   775  1439   946  res
80288   1980  1124  1034  1489   833   591   721  1118   927  1383  1226  res
80288   1990  1009   665   903   855   815   797  1108  1025  1102   891  res
80288   2000   628  1301   896  1143  1180   870  1068 -9999
131032  1880  1384   782  1085  1015   806  1081   977  1180   792   975  res
131032  1890   824   989   829   920  1114  1205  1098   985   878   957  res
131032  1900  1100  1087  1028  1101   974   943  1000   824   971  1000  res
131032  1910   928   861   951   868   272  1621  1192   858   968   150  res
131032  1920  1479  1461  1337   987  1232   964  1142  1079  1086   945  res
131032  1930   983  1061   912   951   808  1080   953  1073  1172   741  res
131032  1940  1162   933  1000   819   813   912   862   160  1254   920  res
131032  1950   811   770   928   913  1510  1414  1298  1225  1312   964  res
131032  1960  1057  1059   914  1134   929   977   990   964  1035  1017  res
131032  1970   985   849  1063  1122   923   966  1049   943   944  1145  res
131032  1980  1087   935  1168   981   836  1149  1051  1084   891  1157  res
131032  1990  1308   598   855  1087  1153   871   943   874   907   930  res
131032  2000   785   992  1243   992  1103   919   921  1154  1056   909  res
131032  2010 -9999
60386   1902  1065  1112  1037   963   961   891   901   872
60386   1910  1049   622  1115   903   804  1065  1018  1052   920  1157  res
60386   1920   947  1123  1143   814  1143  1041  1104  1184  1155  1166  res
60386   1930   942  1152   915  1094  1110  1000  1245   908  1089   873  res
60386   1940  1004  1086   956   857  1004  1114   910    23   627  1383  res
60386   1950   972   964  1033  1130   968  1046  1219  1022   960  1067  res
60386   1960  1171   992  1125   901   979   991   975   906  1075   983  res
60386   1970  1029   841  1021   979   878  1029  1070   789  1067   987  res
60386   1980   946  1037  1143   918  1063   847   971  1130   842  1173  res
60386   1990   981  1041  1055   952  1190   908  1090  1010  1060   865  res
60386   2000   856  1023   871  1029  1068  1043   955  1018  1008  1122  res
60386   2010 -9999
111212  1952   912  1046  1111  1014  1049  1050  1045   857
111212  1960  1190   818   942  1194   761   755   527  1537   788   779  res
111212  1970   974   872   590  1979  1700  1091  1313   763  1141   950  res
111212  1980  1043   960   827   846   806   723  1137   836   860   837  res
111212  1990  1161   860  1136   952  1264   994  1394   682   809   921  res
111212  2000  1041  1172   997   987  1122   800  1147  1029   937   971  res
111212  2010 -9999
92183A  1952  1018  1049   940  1244  1069  1018   801   884
92183A  1960   965  1129  1071   447   681  1129   168  1216  1416  1138  res
92183A  1970  1186  1010   789  1223  1068  1314   984  1341   961  1039  res
92183A  1980  1287   641  1042   852   886   889   898  1106  1069   780  res
92183A  1990  1194  1400  1335  1038   788   990   887   741   896   473  res
92183A  2000  1540  1083  1105  1011   887  1123  1006   898   938  1010  res
92183A  2010   968   694   787  1117  1014  1243  1084 -9999
152053A 1923  1104   737   992  1067   832   949  1294
152053A 1930   894   731   930   772  1432  1057   934  1380   852   880  res
152053A 1940  1254  1220  1124   849   946   915  1337   750  1012   960  res
152053A 1950   793  1330   858   953  1045  1078   653   628  1037   896  res
152053A 1960   691   381   765  1138   689  1300   927  1652  1519  1401  res
152053A 1970   967   886   911  1215   849  1199  1088   848  1204   875  res
152053A 1980  1335  1177   813  1223   673   975  1003  1034   895  1213  res
152053A 1990   774   783  1287   738   919   874   978  1134   920  1182  res
152053A 2000   868  1108   844   866   990   916  1118   974   865  1144  res
152053A 2010  1019   730   894  1287  1202  1265 -9999
100680  1931   711   941   972   750  1054  1359  1473  1110   847
100680  1940   755  1228   701  1008  1121   957   894   529   867   669  res
100680  1950  1096  1507  1064  1130  1082  1145  1276  1118  1161   870  res
100680  1960   834  1041  1172  1268   747   876   790  1172  1279   777  res
100680  1970  1283   972   978  1305   912   919   800   682   947  1100  res
100680  1980   804  1041  1245   578   891   926  1115   736  1028   902  res
100680  1990  1419   663  1142   849  1319  1071   949  1158   909  1039  res
100680  2000   903   888   765  1309   984  1139   926  1055 -9999
112256A 1955  1123   865  1004  1222   816
112256A 1960   718  1048   894   846   812   787   828  1502  1279   875  res
112256A 1970  1028  1251  1006  1213   930  1137  1076   910  1149   790  res
112256A 1980  1301  1248   914  1057   714   982   954   733   641   647  res
112256A 1990  1039   976  1500   981  1109  1152  1041  1450   762   681  res
112256A 2000  1070   985  1013   908   968  1343   640   986   867  1361  res
112256A 2010   881   837  1073  1090  1103   884 -9999
172210A 1938  1542   831
172210A 1940   965  1000  1096   760   996  1213   752   562   931  1155  res
172210A 1950  1186   847  1145   724  1122   866  1013  1404   691   931  res
172210A 1960  1064   976   648  1130  1000  1077   654   855   925   684  res
172210A 1970  1378  1258   527   744   569  1234   842   720   617  1859  res
172210A 1980  1695  1474  1230  1220   528  1525  1118  1247   954  1001  res
172210A 1990  1059   997  1006  1191  1164   757  1000   699   957   980  res
172210A 2000  1228   704   885  1076   524  1407   655   988  1198   806  res
172210A 2010  1089  1097   761  1150  1141 -9999
91321   1881  1103   920   858   940  1151  1157   785  1085   609
91321   1890  1112   916  1404  1431  1097  1044  1403  1065   907   760  res
91321   1900   328  1186  1064  1011  1139   865   810   560   578   919  res
91321   1910   813   641   788   824   679  1682  1280  1183   666  1156  res
91321   1920   824  1466  1284  1052  1012  1073   849  1316  1137  1142  res
91321   1930   949   800  1123  1023  1157   779  1194  1085  1083   728  res
91321   1940  1224   832  1036  1134   991   891  1186   707   933   954  res
91321   1950  1449   834  1008  1059   777  1117   968   961  1098  1077  res
91321   1960   923  1073   818   964   825  1259   773   959  1245  1003  res
91321   1970  1080  1075   832  1095   960   975   915   726  1067  1001  res
91321   1980  1191   830   679  1205  1108   801   983  1310   940   839  res
91321   1990  1010   873   812  1586   927  1137   973 -9999
70269   1890  1073  1069  1100  1153   987  1079  1113  1272  1128  1168  res
70269   1900   918   587   937   898   836  1083   726   672  1035   746  res
70269   1910  1189  1190   825   675  1004   693   443  1559   595   922  res
70269   1920   316   794  1314   878  1164  1035   912  2068  1546  1083  res
70269   1930   833  1004  1306   929   758   993  1412   978  1250   444  res
70269   1940  1101  1200  1207   829  1162  1454   369   380  1313   866  res
70269   1950  1070   632   916  1402  1179  1376  1392  1141  1325   701  res
70269   1960  1225   937   741  1180   772  1270   849   975   988  1350  res
70269   1970  1003   641   699  1130  1120  1151  1160   462  1207   928  res
70269   1980   610   817  1110  1012   912   937   958   956  1102   808  res
70269   1990  1263   646  1213   920  1028   886  1096   633   879   872  res
70269   2000  1342  1169  1063   864  1049  1000   873  1307  1138  1044  res
70269   2010 -9999
121088  1902  1035  1383  1365   830  1123   851   871   568
121088  1910  1071   734  1123   965   800  1155   969   533   955   475  res
121088  1920   860   921  1035  1228  1602  1472  1346  1205   687   629  res
121088  1930  1450   806  1505  1020   794  1400   936   996  1130   523  res
121088  1940  1131   901   723   773  1025   749  1129   690  1184   805  res
121088  1950   793   645  1262   959  1344  1376   939  1028  1183   664  res
121088  1960  1319   947   996  1023   982  1053   956  1285   988  1056  res
121088  1970   946   663  1013  1186   750   970  1303   864   840  1233  res
121088  1980  1502  1029   778  1127   728   925  1074   889   871  1059  res
121088  1990   987  1040   948   878  1193   842  1099   873  1092  1008  res
121088  2000   967   902  1068  1049   829   918  1149  1252   902   995  res
121088  2010 -9999
101159r 1871   690  1038  1092   782  1099  1286   817  1095  1267
101159r 1880  1229   626  1063  1093  1113  1195   853  1183   902   708  res
101159r 1890   998  1286  1407  1117  1185   995   867  1101  1488   967  res
101159r 1900   494   818   829   882  1054  1133  1229   767   761  1003  res
101159r 1910   677   710   724   607   969  1293   968  1000   880  1050  res
101159r 1920   709  1157   941  1104  1261  1158  1129  1182  1102  1292  res
101159r 1930   857  1205   819  1049  1217   998  1266   934   949   821  res
101159r 1940  1412  1114  1073   640  1192  1003   761   581   914  1425  res
101159r 1950  1059   887   984   905  1024  1040   941  1086  1007   706  res
101159r 1960  1186   779   881   962   641  1146   834   901   819  1027  res
101159r 1970  1070  1221   891  1092   459  1457  1113   685  1026  1066  res
101159r 1980  1058  1067   914  1220  1069   895  1203  1114  1009  1002  res
101159r 1990   514  1117   890   943  1065  1235   860  1094   813  1263  res
101159r 2000   904  1163  1039 -9999
172218Ar1907  1257  1358   988
172218Ar1910   797   817  1084   910   741  1149   818   911  1161   775  res
172218Ar1920  1024   744  1181   689  1244   661  1092  1182  1163   653  res
172218Ar1930   971   998  1042   963   967   596  1335  1008  1016   621  res
172218Ar1940  1183  1142  1202   913  1254  1184  1104   526   950   977  res
172218Ar1950   975  1097   640  1287  1244  1007  1145   842  1290   834  res
172218Ar1960  1259  1052  1002  1143   946  1072   471  1304  1194   827  res
172218Ar1970   585  1010  1255   517   774   546   888   947   937  1084  res
172218Ar1980   799  1864  1877  1195   732  1353  1026   980   896  1067  res
172218Ar1990  1367   935  1124   888  1047  1257   816   869   833   755  res
172218Ar2000   828   977   707  1086   837   981  1174  1264   728  1213  res
172218Ar2010 -9999
33337A  1954   501  1055  1419  1187  1447   599
33337A  1960  1201  1309  1312   655   668   855   810   854  1007  1402  res
33337A  1970   682  1019  1507  1057   802  1028   618   926   715   751  res
33337A  1980  1015  1162   904  1502  1014   981   971   614  1143   705  res
33337A  1990  1416  1225  1275  1484   474  1307   973   871   915   925  res
33337A  2000   456  1012   541  1428  1280  1319  1097   786  1301  1140  res
33337A  2010   700   894  1095   886   802 -9999
