  year  #   1       2       3       4       5       6       7       8       9      10      11      12      13      14      15      16      17      18      19      20      21      22      23      24      25      26      27      28      29      30      31      32      33      34      35      36      37      38      39      40      41      42      43      44      45      46      47      48      49      50      51
  1950   4.408  -1.300  -7.908   0.184  -3.030  -0.898  -0.604   1.272   0.581  -0.201   1.675   0.553  -2.057   0.610  -0.303   0.472   0.460  -0.461  -0.561   0.326  -1.808   0.264  -0.384   0.386  -0.193  -0.275   0.127   0.050   0.340  -0.227  -0.129  -0.136   0.361   0.141  -0.169  -0.196  -0.030   0.018  -0.080  -0.030  -0.091  -0.039  -0.032   0.027  -0.002  -0.042   0.007   0.069   0.078  -0.001   0.000
  1951   5.310  -2.053  -6.183  -1.299   0.211  -1.186   0.024   0.518  -0.993   1.246   0.950   1.031   0.088  -0.899   0.580  -1.809  -0.209   1.628   0.646   0.613   1.076   0.047   0.153  -0.188  -0.613  -0.133   0.197  -0.105   0.004   0.167   0.413  -0.343  -0.229  -0.113   0.130   0.235  -0.151  -0.160  -0.092  -0.152   0.209   0.109   0.131   0.119  -0.104  -0.092  -0.024  -0.014  -0.047  -0.012   0.000
  1952   2.949  -1.375  -4.660  -2.376   1.653   0.072   0.232   0.168  -0.251   1.372  -1.464  -0.098   0.920  -0.821  -0.269  -0.927  -0.296   0.462   0.309   0.655   0.354  -0.325   0.687   0.312  -0.426  -0.115  -0.239   0.209   0.047   0.006  -0.512   0.571   0.184   0.045  -0.196  -0.215   0.492  -0.064   0.100   0.138  -0.298  -0.196  -0.162  -0.199   0.208   0.087   0.000   0.002  -0.002   0.004   0.000
  1953  -0.276   0.060  -3.708  -3.419   1.975   0.336  -0.799   0.758   1.950  -0.541  -2.262  -1.504   0.142   1.391  -1.132   0.415  -2.378  -0.119  -0.236  -0.443  -0.033  -0.222  -0.411   0.156   0.010   0.169   0.646   0.222   0.363  -0.444  -0.092   0.086  -0.407  -0.139   0.148   0.190  -0.273  -0.143  -0.052   0.129   0.001   0.139   0.054   0.079  -0.093   0.066  -0.027  -0.017   0.011  -0.002   0.000
  1954  -1.411   2.393   0.679  -4.257   3.468   0.560  -0.239   0.771   2.065   0.125  -0.633   0.429   0.348  -0.348   0.478  -0.659   0.091  -0.648  -0.021   0.056  -0.694  -0.424  -0.274  -0.282   0.599  -0.400   0.111  -0.233  -0.147   0.658   0.580  -0.038   0.320  -0.395  -0.210  -0.286   0.239   0.303   0.143  -0.263  -0.030  -0.119   0.018   0.058  -0.086  -0.197   0.062   0.002   0.002   0.000   0.000
  1955  -0.073   3.609   1.412  -3.819   4.390   0.629  -0.423   0.619   0.106   0.972   0.807   1.179  -0.335   0.052   0.754   0.205   0.900   0.084  -0.717  -1.017   0.144  -0.190  -0.326   0.368  -0.395   0.020  -1.360   0.442   0.293  -0.455  -0.197  -0.405   0.083   0.578  -0.028   0.063  -0.220  -0.061  -0.083   0.034   0.158   0.004   0.104  -0.023   0.052   0.062  -0.010  -0.009   0.032  -0.009   0.000
  1956   1.976   2.971   3.903  -1.686   1.867  -0.945  -1.505   0.986  -0.801   0.555   1.678  -1.010  -0.230   0.304   0.222  -0.981   0.768  -0.708   0.799  -0.101  -0.598   0.336   0.933   0.497  -0.290   0.313   0.871  -0.626  -0.270  -0.145  -0.284   0.257  -0.481   0.230   0.020  -0.056  -0.135  -0.115   0.205  -0.191  -0.258  -0.050  -0.048   0.147  -0.078   0.072  -0.064   0.096  -0.018  -0.015   0.000
  1957   0.385   2.062   4.654   0.761   1.402   0.094  -0.094   1.094  -1.117   0.597   1.660  -0.214   0.274   0.209  -1.721  -1.410  -0.517   0.095   0.134   0.193  -0.545  -0.072  -0.499   0.289  -0.198  -0.258   0.477   0.028   0.139  -0.669   0.024  -0.250   0.346  -0.606   0.267   0.085   0.112  -0.317  -0.119   0.156   0.207   0.083  -0.087  -0.271   0.085  -0.100   0.051  -0.012   0.040   0.017   0.000
  1958   3.783   2.180   3.891   0.568  -0.058   1.652   0.730   1.306  -0.395  -0.750   1.248   1.267  -0.363   0.953  -0.972   0.101  -1.057   0.834   0.083   0.911   0.344   0.142  -0.185  -0.270  -0.109  -0.636   0.580   0.840  -0.038   0.523  -0.051   0.238   0.200   0.281  -0.194  -0.169  -0.075   0.323  -0.088   0.217  -0.197  -0.132   0.223   0.028  -0.029   0.060  -0.044  -0.072  -0.003  -0.047   0.000
  1959  -1.028   0.379   2.793  -0.929  -1.424   0.742  -0.979   0.626  -1.782  -0.474   0.298   0.407  -0.908  -0.095   0.116   0.767  -1.752   1.309  -0.040  -0.497  -0.013  -0.017  -0.431  -0.689  -0.723   1.086  -0.393   0.209   0.245   0.079  -0.063   0.094  -0.176  -0.114  -0.269  -0.104   0.248  -0.097  -0.096  -0.446  -0.148  -0.106  -0.228   0.137  -0.063  -0.024   0.071  -0.022   0.045   0.030   0.000
  1960   2.188   2.481   2.458   0.818  -1.282   0.631  -2.062   2.293   1.699  -0.616  -0.226   1.386  -0.914   0.152   0.494   0.638  -0.215   0.387  -0.454   1.434   0.819  -0.162   0.626  -0.015   0.409   0.190  -0.446  -0.611   0.338  -0.185  -0.169   0.137  -0.117  -0.055  -0.061   0.301   0.288  -0.068   0.267   0.247  -0.040   0.240   0.150   0.003   0.030  -0.083  -0.053   0.083  -0.014   0.041   0.000
  1961   1.639   0.631   2.066   0.668  -2.414   0.623  -3.068   1.125   1.258   0.245  -1.389  -0.004   0.017  -1.509   1.493   0.068   0.172   0.597  -0.504  -0.538  -0.215  -0.092  -0.170   0.177  -0.821   0.084   0.370  -0.365  -0.279   0.368  -0.013  -0.370   0.195  -0.484   0.034  -0.369  -0.254   0.138  -0.130  -0.006   0.021   0.252  -0.071  -0.118   0.114   0.147  -0.067  -0.031   0.011  -0.035   0.000
  1962  -0.413   1.509   1.955   1.510  -2.765  -0.275  -1.069   0.452   0.588   0.476  -2.352   0.165   0.226  -1.716  -0.892  -1.638  -0.220  -0.587   0.024  -0.655  -0.402  -0.096  -0.271  -0.649  -0.072  -0.112   0.435   0.119   0.134   0.258  -0.210  -0.078   0.120   0.952  -0.075   0.037  -0.082  -0.253  -0.198   0.035   0.160  -0.207   0.091   0.010  -0.010  -0.086   0.001   0.042  -0.039   0.029   0.000
  1963  -3.413   1.536   0.799   1.223  -1.029  -1.176  -0.703   0.469  -0.290   0.130  -0.798  -0.028   0.521  -0.838   0.356  -0.111   0.900  -0.197  -1.143   1.009  -0.439   0.187  -0.523   0.813  -0.082  -0.082  -0.262  -0.050   0.591  -0.448   0.487   0.294  -0.214  -0.118  -0.148   0.431   0.068  -0.082   0.008   0.124  -0.080  -0.302  -0.203   0.053  -0.186  -0.002  -0.060  -0.135  -0.060  -0.034   0.000
  1964  -6.494   0.528  -0.394   0.365  -1.536  -1.426  -1.344   1.219   0.067   0.031  -1.050  -1.000   0.487   0.613  -1.251   0.039   1.149   0.428   1.063   0.153   0.357   0.471   0.528  -0.057   0.207   0.521  -0.036   0.284   0.101  -0.603   0.286  -0.495  -0.029   0.144  -0.442   0.006   0.342   0.224  -0.011  -0.113   0.041   0.153   0.145   0.005   0.062   0.020   0.175   0.015   0.019  -0.052   0.000
  1965  -8.722  -0.732  -0.488   1.313  -0.837  -0.551  -0.592   0.300  -0.127   0.928   0.948   0.164  -0.225  -0.464   0.143  -0.074   0.235   0.588   0.038  -0.990   0.581  -0.604   0.025   0.642   0.300  -0.341   0.128   0.645   0.576  -0.184   0.515   0.543  -0.006  -0.360   0.122  -0.425  -0.067   0.178  -0.106   0.030  -0.007  -0.128   0.174  -0.017  -0.102   0.133  -0.005   0.127  -0.051   0.042   0.000
  1966 -11.934  -2.349  -0.817  -0.010  -0.454   0.732  -0.847  -0.384  -0.293   1.319   0.859  -0.302   0.218  -0.292  -0.537  -0.625  -0.242   0.421  -1.282   0.013  -0.481   0.241   0.663  -0.017   0.301  -0.757   0.015   0.192  -0.568   0.074  -0.249  -0.049  -0.070   0.265   0.154   0.197   0.030   0.133   0.076  -0.234  -0.294   0.351   0.045   0.045   0.028  -0.041  -0.064  -0.124   0.047   0.028   0.000
  1967  -9.078  -1.259  -0.413   0.523   1.261   0.081   0.488  -0.972   0.483   0.940   0.888   1.218  -1.360   0.392   0.562   1.265  -0.939  -0.012  -0.153  -0.091   0.321   0.085  -0.072   0.047  -0.058  -0.276   0.743  -0.764   0.235   0.232   0.255   0.185  -0.319   0.392   0.025  -0.269   0.153  -0.317   0.077   0.136   0.307  -0.035  -0.156   0.031   0.234  -0.046   0.057  -0.011  -0.042  -0.037   0.000
  1968  -4.377  -1.881   0.467   2.211   0.786  -0.517   0.424  -0.150   1.740   0.532  -0.321   0.902  -0.574   0.735   1.561  -0.333   0.087  -0.142   1.238   0.144  -0.127   0.092   1.072  -0.472   0.111   0.606   0.116   1.142  -0.302  -0.079   0.094  -0.301   0.170  -0.198  -0.139   0.044  -0.346  -0.330   0.171   0.263  -0.057  -0.173  -0.153  -0.007  -0.054  -0.046  -0.057  -0.030   0.095   0.008   0.000
  1969  -3.839  -1.290   1.137   2.081   1.292  -1.023   3.072  -0.096   0.804  -0.896  -1.419   1.434  -1.446   0.989  -0.232  -1.055   0.095  -0.686   0.653   0.452  -0.465  -0.085  -0.549   0.042  -1.064  -0.461  -0.371   0.096  -0.044   0.248  -0.170  -0.329  -0.443  -0.037   0.153   0.165   0.309   0.255  -0.030  -0.240   0.002   0.169  -0.093  -0.115  -0.082   0.116  -0.042   0.063  -0.056   0.005   0.000
  1970   0.137  -2.256   1.149   3.483   1.950  -0.228   1.453  -0.450   0.531   0.139  -0.637  -1.329   0.677   1.723   1.206  -0.834   0.679   0.615   0.399   0.242  -0.098   0.136  -0.720   0.270  -0.479   0.213  -0.097  -0.757   0.634  -0.035  -0.144   0.509   0.349   0.027  -0.322  -0.117  -0.305  -0.019  -0.224  -0.120  -0.156   0.084   0.206   0.129   0.141  -0.073   0.020  -0.062   0.018   0.023   0.000
  1971  -0.057  -3.204   0.156   1.328   1.708   2.275   0.128  -0.725  -0.221  -1.325   0.409  -1.888   1.046   0.553   0.755   0.292  -0.782   1.384  -1.122   0.032  -0.949   0.319   1.051  -0.148  -0.212  -0.132   0.042  -0.161   0.259   0.238   0.147  -0.580   0.399   0.130  -0.102   0.300   0.119  -0.019   0.208  -0.072   0.194  -0.236   0.055  -0.115  -0.054   0.067  -0.011   0.095  -0.067  -0.003   0.000
  1972   4.178  -3.269   1.488   2.005   1.184   0.188   0.358  -0.843   0.101  -0.537  -0.682   0.532   1.438  -0.491   0.726   0.110   0.207   1.133  -0.182  -0.385  -0.022  -0.035  -0.339   0.670   0.847   0.005   0.259   0.162   0.054  -0.287  -0.302  -0.118  -0.477   0.196   0.474  -0.191   0.431   0.198  -0.274   0.041   0.007  -0.021  -0.068   0.096  -0.052  -0.118  -0.065   0.074   0.145  -0.026   0.000
  1973   4.545  -2.020   1.239   0.590   0.603  -0.365   0.591  -2.645   0.106  -0.529  -1.097   2.708   0.317  -0.729  -1.384   0.099  -0.293   0.702  -0.646  -0.502  -0.528   0.593   0.166   0.364  -0.042   0.167  -0.089  -0.127  -0.536  -0.629   0.412   0.170  -0.076  -0.102  -0.119   0.032  -0.512   0.079   0.322  -0.006  -0.271   0.030   0.014   0.006   0.087  -0.040   0.114   0.056  -0.054  -0.001   0.000
  1974   5.433  -2.708   1.209   0.695  -0.039   0.881   0.094  -2.089   0.536   0.126   0.462   1.042   0.020  -0.270  -0.794  -0.612  -0.459  -1.311   0.042   0.324   0.071  -1.029   0.726  -0.015   0.455   0.416   0.003  -0.394   0.282  -0.315   0.513   0.050   0.576   0.164   0.032  -0.076   0.266  -0.115  -0.065  -0.216   0.183   0.141   0.001   0.182  -0.060   0.233  -0.026  -0.079   0.056   0.001   0.000
  1975   5.562  -4.013   1.658  -0.342  -1.703   2.685  -0.574  -2.158   0.937   0.895   1.054  -1.545  -1.438  -0.454  -0.383   0.297   0.201  -0.284   1.126  -0.839  -0.259  -0.834   0.172  -0.217   0.052  -0.091  -0.403   0.208   0.624  -0.266  -0.055  -0.143  -0.491  -0.055  -0.078  -0.027   0.033   0.199   0.111   0.015  -0.124   0.016   0.035  -0.134   0.034  -0.155  -0.074  -0.069  -0.099  -0.016   0.000
  1976   3.454  -3.578   3.325  -1.750  -1.113   1.319  -0.065  -1.530   1.531   1.540   0.374  -1.448  -0.625  -0.252   0.244   0.529   0.534  -0.561  -0.486   0.796   0.720   0.605  -0.056   0.483  -0.514  -0.525  -0.078   0.424  -0.358   0.515  -0.022   0.190  -0.038  -0.054   0.060   0.318  -0.005  -0.173  -0.341   0.106  -0.023   0.037  -0.055   0.071  -0.095   0.027   0.226   0.063   0.036   0.006   0.000
  1977  -1.715  -1.589   2.018  -3.703  -1.537  -0.063   0.501  -1.752  -0.345   0.835  -0.612  -0.405   0.710   0.382  -1.100   0.572   0.973   0.531   0.046   1.784   0.067   0.843  -0.652  -0.832   0.457  -0.247  -0.216  -0.054   0.176  -0.148  -0.103  -0.170  -0.140  -0.106  -0.145  -0.496  -0.302  -0.085   0.114  -0.126   0.255  -0.042  -0.076   0.012   0.021   0.053  -0.160   0.055   0.020   0.015   0.000
  1978   2.771  -1.135   1.057  -3.598  -3.241   0.166   0.967   0.955  -1.654   1.155  -1.217   0.642   0.744   2.460   0.715   0.489   0.993   0.299   0.357  -0.828  -0.528   0.012  -0.010  -0.095  -0.118   0.204   0.289  -0.208   0.029   0.265   0.670  -0.023   0.185   0.282   0.544   0.123   0.172   0.123   0.129   0.328  -0.103   0.078  -0.054  -0.036  -0.007   0.009   0.011  -0.038  -0.019   0.026   0.000
  1979   0.249  -1.878   1.176  -2.484  -3.628   0.136   1.464   0.991  -1.023  -0.832  -0.553   0.944  -0.371   1.049   0.929  -1.131  -0.664  -0.684  -0.220  -0.623   0.257   0.317   0.611   1.079   1.226  -0.116  -0.157  -0.005   0.002   0.209  -0.592   0.127  -0.119  -0.345  -0.272   0.202  -0.180  -0.058  -0.128  -0.307   0.260  -0.135   0.060  -0.088   0.090  -0.003   0.015  -0.026  -0.013  -0.014   0.000
  1980   0.821   4.441   1.016  -0.821  -2.471  -5.210   1.048  -2.716   0.242  -0.602   0.386  -1.236  -0.037   0.861   1.067  -0.202  -1.328   0.265  -0.511  -0.090   0.482  -0.796   0.251  -0.132  -0.157  -0.596  -0.420  -0.330  -0.586  -0.479  -0.008  -0.177   0.157   0.155  -0.112  -0.382   0.101  -0.109  -0.066   0.126  -0.127   0.025   0.026  -0.090  -0.130  -0.052   0.004  -0.001  -0.008  -0.009   0.000
  1981   1.020   6.792  -0.550   0.845  -1.569  -2.215   0.760  -1.649   1.293   0.721   0.822  -0.650   0.313  -0.261  -0.508  -0.364  -0.228   0.829   0.419  -0.630  -0.658   0.193  -0.002  -0.560   0.224  -0.084  -0.506   0.182   0.346   0.579  -0.117   0.416   0.032  -0.300   0.340   0.557   0.015   0.204   0.212   0.015   0.162  -0.035  -0.057   0.203   0.199   0.066  -0.009   0.030   0.044  -0.017   0.000
  1982   1.299   8.233  -2.350   0.708   0.202   1.421   2.619  -2.063  -0.420   0.726  -0.358   0.350   0.289  -0.722   0.641   1.331   0.573  -0.245  -0.261   0.387  -0.025   0.242   0.287  -0.008   0.360   0.624   0.806   0.310   0.581   0.246  -0.001  -0.019  -0.101   0.040   0.015   0.049  -0.032  -0.213  -0.150  -0.316  -0.171   0.213   0.097  -0.291  -0.075  -0.011   0.018  -0.004   0.005   0.002   0.000
  1983  -0.306   5.541  -2.360   0.925   0.152   3.559   1.183  -1.043  -1.589  -0.173  -0.407  -0.902  -0.762  -0.203   0.083  -0.690  -0.065  -0.005   0.092   0.411  -0.236  -0.438  -0.005   0.736   0.294   0.200  -0.008  -0.088  -0.615   0.022   0.163  -0.565  -0.342  -0.087  -0.417  -0.121  -0.019   0.264  -0.194   0.432   0.098   0.006  -0.102   0.247   0.092   0.027   0.007   0.000  -0.022   0.037   0.000
  1984  -2.233   2.397  -2.234   1.306  -1.069   4.202  -0.376  -0.291  -0.603  -0.183  -0.633  -0.700  -0.394   0.342  -0.210  -0.107  -0.415  -0.589   0.654  -0.508   0.838   0.746  -0.321   0.258  -0.560  -0.124  -0.560  -0.296  -0.726  -0.283   0.436   0.711   0.399   0.128   0.074   0.083   0.007   0.007   0.187  -0.135   0.144   0.003  -0.004  -0.110  -0.097  -0.090  -0.114   0.060   0.079  -0.028   0.000
  1985  -2.057   1.504  -1.980   0.364  -0.103   2.352  -0.990   0.036   0.237  -1.257   0.195   0.166  -0.367   0.025   0.906  -0.685   0.453   0.532   0.604   0.628   0.300  -0.208  -0.253  -0.738   0.674  -0.234   0.011  -0.323   0.080  -0.602  -0.711   0.068   0.279   0.154   0.670  -0.124  -0.301   0.225   0.106  -0.054  -0.014  -0.071  -0.196  -0.017  -0.110   0.057   0.186  -0.044  -0.062  -0.003   0.000
  1986   1.488   1.030  -1.566   0.489  -0.792   1.133  -1.055   0.143   0.184  -2.073   0.297   0.360   1.337   0.818   0.144   0.519   1.443  -0.538  -0.440   0.065  -0.073  -1.112   0.257  -0.855  -0.733  -0.648   0.176   0.173  -0.528  -0.274   0.226   0.202  -0.750  -0.210   0.091   0.047   0.042  -0.243  -0.073  -0.199   0.087  -0.260   0.170  -0.014   0.161   0.021   0.035  -0.039   0.052   0.015   0.000
  1987  -0.638   0.056  -1.591   0.780  -0.143   0.508  -0.352   0.856   0.963  -1.086   1.556   0.719   2.785   0.825  -1.075   0.267   0.436  -0.099   0.145  -0.460  -0.311  -0.076   0.444  -0.028   0.041   0.318  -0.633   0.163  -0.147   0.547  -0.193   0.356   0.004   0.033  -0.206  -0.231  -0.066  -0.219  -0.386   0.135   0.090   0.315  -0.255   0.022  -0.105  -0.062  -0.021   0.020  -0.115  -0.010   0.000
  1988  -0.969   0.367  -1.831   0.142   0.001  -0.044  -0.989  -1.414   1.485   0.351   1.271   1.110   0.776   0.188  -0.494   0.426  -0.055  -0.528   0.479  -0.955   0.673   1.714  -0.484  -0.060  -0.042   0.289   0.132  -0.783  -0.243  -0.017  -0.389  -0.539   0.041  -0.282  -0.010   0.068   0.339   0.050  -0.182   0.131  -0.161  -0.329   0.158  -0.022  -0.060   0.069  -0.041  -0.069  -0.024   0.027   0.000
  1989  -0.170  -0.816  -1.032   1.802  -0.616  -0.172  -1.115  -1.114  -1.220   0.286   0.227  -0.007   1.125   0.647  -0.214  -0.597   0.081  -1.333  -0.969   0.024   0.693  -0.523  -0.801   0.460  -0.446   0.609   0.035   0.445   0.292   0.659  -0.527  -0.312  -0.037  -0.126   0.073  -0.274   0.021  -0.047   0.800   0.091   0.056   0.049   0.094   0.072  -0.058  -0.044   0.061   0.003   0.014  -0.010   0.000
  1990   3.969  -0.434  -0.544   0.944   1.409  -2.245  -3.211  -0.326  -0.569  -1.016   0.719  -0.656   0.585   0.229   1.186   0.109  -1.147  -1.357   0.349   0.747   0.394   0.818  -0.632   0.196   0.514   0.097  -0.041   0.797  -0.088   0.046   0.614  -0.068  -0.014   0.347   0.160   0.094  -0.056   0.267  -0.100  -0.205  -0.037   0.056  -0.119  -0.096   0.219   0.001  -0.029   0.006  -0.059   0.025   0.000
  1991  -1.501  -1.989  -0.559  -0.281   2.197  -0.820  -2.431  -1.555  -3.104  -1.102  -0.768   0.426  -0.583  -0.718   0.571  -0.066  -0.103  -0.703   0.598  -0.288  -0.747   0.350   0.050  -1.030   0.399  -0.616  -0.370  -0.371   0.419   0.424  -0.057   0.263  -0.159  -0.243  -0.242   0.120  -0.011  -0.116  -0.135   0.402  -0.063   0.180   0.126  -0.067  -0.098   0.047   0.038   0.018   0.064  -0.014   0.000
  1992  -0.057  -0.484  -0.566   0.569   2.217  -1.920  -1.921  -1.191  -0.991   0.008  -0.967  -0.011  -1.789   1.173  -1.547   0.784   1.481   0.333  -0.748  -0.274   1.148  -1.103   0.256  -0.117   0.165   0.317   0.470  -0.166  -0.224   0.396  -0.253  -0.058   0.476  -0.122   0.000   0.367  -0.145   0.211  -0.287  -0.096  -0.016  -0.135  -0.147  -0.024   0.015  -0.075  -0.080   0.028  -0.016  -0.004   0.000
  1993   5.612   0.263  -0.030   2.077   1.921  -2.140  -0.570   0.974  -0.150   0.373  -0.839  -0.617  -0.855  -0.435  -0.434   1.813   0.368   0.962   0.857  -0.170  -0.660   0.275   0.107   0.785   0.238  -0.341  -0.069   0.151  -0.653   0.230  -0.249   0.316  -0.074   0.097  -0.042  -0.206   0.101  -0.063   0.296  -0.101   0.443   0.024   0.075  -0.045  -0.132   0.031   0.037  -0.127  -0.017   0.034   0.000
  1994   0.758   0.351  -0.024   2.758   0.360  -0.224   1.284   2.712  -1.172   1.621  -1.026  -0.403   0.519  -0.324  -0.805   1.592  -1.028  -1.154   0.267   0.328   0.129  -0.083   0.846  -0.021   0.056  -0.507  -0.893  -0.423   0.185   0.187   0.078  -0.529   0.020  -0.196   0.529  -0.232  -0.279  -0.094  -0.148  -0.120  -0.241  -0.173   0.037   0.123   0.041  -0.039   0.017   0.015  -0.004  -0.014   0.000
  1995   2.675  -2.164  -0.537   2.048   0.424   0.279   1.547   2.315   0.027   1.833   0.627  -0.597  -0.013   0.000   0.468   0.052   0.109   0.185  -0.391  -0.497   0.069  -0.670  -1.568  -0.904   1.253   0.117  -0.030  -0.103  -0.814  -0.125   0.071  -0.025  -0.066  -0.013  -0.345   0.270   0.089  -0.317   0.139  -0.039  -0.200   0.045  -0.005  -0.047   0.004   0.120  -0.006   0.053  -0.036  -0.019   0.000
  1996   3.004  -1.547  -0.325   0.825   0.793  -1.241   2.440   2.030   0.142   0.657   0.705  -0.696  -0.059  -0.550  -0.049  -0.437  -0.050  -0.917  -1.442  -0.371   0.536   0.629   0.709  -1.107  -0.280   0.581   0.155  -0.284   0.125  -0.245   0.059   0.338  -0.371   0.042  -0.150  -0.130  -0.154   0.657  -0.004   0.179   0.264   0.004  -0.090  -0.133  -0.052  -0.013   0.029  -0.029   0.053   0.012   0.000
  1997  -0.278  -0.992   0.327  -1.300   0.732  -0.293   1.873   0.364  -0.550  -1.683  -0.551  -0.866  -1.499  -0.999   0.393  -0.033   0.794  -0.474  -0.795  -0.226  -0.088   0.893   0.136  -0.517  -0.129   0.524   0.087   0.716  -0.274  -0.384  -0.151   0.220   0.408  -0.306   0.430  -0.237   0.357  -0.279  -0.069   0.082   0.001   0.099   0.160   0.234   0.093  -0.050  -0.056  -0.010  -0.111  -0.014   0.000
  1998   0.556  -0.535   0.040  -0.982  -0.107  -0.505   2.159   1.330   0.453  -3.378   0.570  -1.003  -0.310  -1.366  -0.806  -0.046   0.909   0.341   0.371  -0.911   1.272   0.241  -0.123   0.396   0.178  -0.704   0.139  -0.208   0.514   0.411   0.354  -0.344   0.058   0.187  -0.117   0.005  -0.124  -0.245   0.285   0.028  -0.229   0.072  -0.190  -0.003   0.036   0.033  -0.009  -0.031   0.068   0.019   0.000
  1999  -6.003  -2.754  -0.031  -2.130  -0.484  -0.952   0.954   0.157   0.329  -1.360   1.085  -0.556  -0.170  -1.337  -0.550   0.110  -0.246   0.226   0.483   1.074  -0.629  -0.830  -0.399   0.516   0.046   1.539  -0.411  -0.445  -0.506   0.529   0.125   0.130  -0.093   0.187   0.380   0.085  -0.194   0.047  -0.111   0.143  -0.024  -0.133   0.210  -0.179   0.020   0.006   0.004  -0.008   0.036  -0.007   0.000
  2000  -3.130  -1.705   0.610  -1.721  -0.714  -0.617   1.583   0.316  -0.776  -0.119   0.489   0.543   1.761  -1.579   0.872   2.067  -0.404  -0.825   1.049   0.086  -0.012  -0.767  -0.294   0.081  -0.660  -0.397   0.667   0.071  -0.062  -0.585  -0.510  -0.007   0.477  -0.035  -0.318   0.460  -0.057   0.315   0.068   0.020   0.111   0.081  -0.008   0.124   0.007  -0.043  -0.029   0.035  -0.012   0.007   0.000
