  year  #   1       2       3       4
  1950   2.488   1.761  -1.781  -1.583
  1951   2.491   1.412  -1.411  -1.042
  1952   1.773   1.413  -1.185  -1.161
  1953   0.786   1.602  -1.199  -1.434
  1954  -0.193   1.545   0.137  -1.309
  1955  -0.209   1.673   0.719  -0.810
  1956   0.015   1.084   1.703  -0.622
  1957  -0.250   0.570   1.782  -0.403
  1958   0.388   0.640   1.908  -0.597
  1959  -0.300   0.157   0.912  -1.003
  1960  -0.010   0.605   1.468  -0.937
  1961   0.168   0.030   1.270  -1.100
  1962  -0.474   0.285   1.058  -0.521
  1963  -1.078   0.305   0.442  -0.703
  1964  -1.547   0.102  -0.388  -1.186
  1965  -1.820  -0.380  -0.557  -1.175
  1966  -2.271  -0.778  -1.127  -1.607
  1967  -1.869  -0.516  -0.680  -1.150
  1968  -0.879  -0.906   0.068  -0.970
  1969  -0.882  -0.772   0.193  -0.744
  1970   0.136  -1.063   0.674  -0.345
  1971   0.260  -1.232   0.301  -0.530
  1972   1.048  -1.311   1.041   0.150
  1973   0.960  -0.898   1.058   0.669
  1974   1.212  -1.068   1.148   0.436
  1975   1.537  -1.625   1.204  -0.093
  1976   0.864  -1.645   1.374  -0.337
  1977  -0.385  -0.852   0.224  -0.204
  1978   0.584  -0.662   0.385  -0.014
  1979   0.102  -0.878   0.057  -0.130
  1980  -0.793   0.941   0.784   1.598
  1981  -0.966   1.644   0.838   1.983
  1982  -0.969   2.369   0.399   2.134
  1983  -0.869   1.546  -0.008   1.431
  1984  -0.778   0.574  -0.400   0.900
  1985  -0.651   0.374  -0.623   0.433
  1986   0.087   0.228  -0.205   0.851
  1987  -0.227  -0.038  -0.573   0.973
  1988  -0.319   0.099  -0.622   1.118
  1989  -0.017  -0.272  -0.455   1.177
  1990   0.728  -0.174  -0.024   1.380
  1991  -0.069  -0.615  -0.960   0.863
  1992  -0.010  -0.168  -0.665   0.756
  1993   1.114  -0.178   0.068   1.358
  1994   0.168  -0.259  -0.644   1.152
  1995   0.980  -0.882  -0.820   0.761
  1996   0.897  -0.684  -0.824   0.763
  1997   0.108  -0.597  -1.070   0.267
  1998   0.194  -0.488  -1.197   0.447
  1999  -0.845  -1.116  -2.110  -0.277
  2000  -0.413  -0.906  -1.683   0.389
