  year  #   1       2
  1950   0.920  -0.903
  1951   1.114  -0.272
  1952  -0.153  -0.179
  1953  -0.958   0.147
  1954  -1.017   0.989
  1955  -0.337   1.344
  1956   0.733   0.436
  1957  -0.231   0.213
  1958   1.110   0.678
  1959  -0.795  -1.151
  1960   0.643   1.270
  1961   0.669  -0.818
  1962  -0.668   0.471
  1963  -1.282   0.213
  1964  -1.356  -0.686
  1965  -1.377  -0.966
  1966  -1.807  -1.811
  1967  -0.960   0.356
  1968   0.678  -0.170
  1969  -0.422   0.144
  1970   1.209  -0.092
  1971   0.510  -1.026
  1972   1.722   0.003
  1973   0.596   0.404
  1974   1.311  -0.360
  1975   1.578  -1.289
  1976   0.246  -0.596
  1977  -1.483  -0.178
  1978   1.617  -0.172
  1979  -0.100  -0.962
  1980  -1.321   3.367
  1981  -0.668   2.222
  1982  -0.978   2.345
  1983  -0.244  -0.280
  1984  -0.276  -1.089
  1985  -0.162  -0.197
  1986   1.037   0.279
  1987  -0.376  -0.238
  1988  -0.449   0.289
  1989   0.466  -0.509
  1990   1.394   0.759
  1991  -1.028  -1.256
  1992  -0.031   0.757
  1993   1.883   1.136
  1994  -0.908  -0.058
  1995   1.422  -0.880
  1996   0.437   0.323
  1997  -0.691  -0.379
  1998   0.386   0.114
  1999  -1.601  -1.957
  2000   0.000   0.216
