litu_drop_live.rwl -- no data title --                    1st itrdb line missin crv2 
litu_drop_live.rwl -- no data title --                    2nd itrdb line missin crv2 
litu_drop_live.rwl -- no data title --                    3rd itrdb line missin crv2 
12490   1940  1323  1286  1249  1212  1175  1138  1102  1067  1032   998  crv
12490   1950   966   936   907   881   857   836   818   802   789   778  crv
12490   1960   770   765   763   764   769   776   786   800   815   833  crv
12490   1970   852   872   892   912   932   952   972   993  1015  1038  crv
12490   1980  1062  1086  1111  1136  1159  1181  1201  1219  1233  1244  crv
12490   1990  1250  1252  1249  1241  1227  1209  1187  1160  1131  1098  crv
12490   2000  1064  1028   991   953   915   876   837   798   759   721  crv
12490   2010 -9999
22545   1922   978   980   982   983   985   987   988   990
22545   1930   992   995   998  1001  1005  1009  1013  1017  1021  1025  crv
22545   1940  1028  1031  1033  1035  1036  1036  1036  1035  1033  1030  crv
22545   1950  1027  1023  1018  1012  1006  1000   994   988   982   976  crv
22545   1960   971   967   963   960   959   958   959   961   964   968  crv
22545   1970   973   978   984   990   996  1001  1006  1010  1013  1016  crv
22545   1980  1019  1020  1022  1024  1025  1026  1026  1026  1026  1025  crv
22545   1990  1024  1023  1021  1019  1016  1013  1010  1007  1003  1000  crv
22545   2000   994   990   985   980   975   969   963   958   952   946  crv
22545   2010 -9999
22604   1964   960   992  1024  1056  1085  1110
22604   1970  1129  1140  1143  1139  1127  1106  1077  1041  1000   953  crv
22604   1980   904   854   804   757   714   676   646   624   613   613  crv
22604   1990   624   647   680   724   774   829   885   942   998  1052  crv
22604   2000  1106  1160  1214  1269  1323  1378  1433  1488  1543  1599  crv
22604   2010 -9999
32189   1936   539   553   568   583
32189   1940   598   615   631   649   668   688   708   730   751   773  crv
32189   1950   796   818   841   863   886   908   931   953   976  1000  crv
32189   1960  1021  1043  1065  1086  1108  1129  1151  1172  1193  1213  crv
32189   1970  1232  1249  1265  1278  1289  1298  1304  1309  1311  1312  crv
32189   1980  1312  1310  1306  1302  1296  1289  1280  1271  1259  1246  crv
32189   1990  1231  1214  1196  1174  1151  1125  1097  1066  1034  1000  crv
32189   2000   963   926   886   846   804   761   718   674   630   585  crv
32189   2010 -9999
42544   1944   969   976   983   990   996  1002
42544   1950  1008  1013  1018  1022  1027  1031  1033  1035  1034  1032  crv
42544   1960  1028  1023  1017  1010  1004  1000   997   997   998  1001  crv
42544   1970  1006  1012  1019  1027  1035  1044  1052  1059  1065  1069  crv
42544   1980  1070  1067  1062  1053  1041  1027  1012   995   979   963  crv
42544   1990   948   935   923   915   909   906   907   911   919   930  crv
42544   2000   945   964   986  1010  1036  1064  1092  1121  1149  1178  crv
42544   2010 -9999
50406   1939  1219
50406   1940  1215  1211  1207  1202  1197  1192  1185  1177  1167  1155  crv
50406   1950  1141  1125  1107  1087  1066  1044  1021   997   973   950  crv
50406   1960   927   905   885   865   848   832   819   808   799   792  crv
50406   1970   787   784   782   781   782   783   785   787   790   793  crv
50406   1980   797   802   807   814   822   832   844   858   874   892  crv
50406   1990   912   934   957   981  1006  1031  1056  1080  1103  1127  crv
50406   2000  1150  1172  1195  1217  1239  1261  1284  1306  1329  1351  crv
50406   2010 -9999
50474   1923  1804  1741  1677  1613  1549  1485  1422
50474   1930  1359  1297  1236  1178  1122  1068  1017   970   925   884  crv
50474   1940   846   811   781   754   730   710   692   678   666   657  crv
50474   1950   649   644   640   638   637   638   640   642   646   651  crv
50474   1960   657   664   672   681   691   703   715   727   741   756  crv
50474   1970   772   788   806   824   843   862   883   903   924   946  crv
50474   1980   966   987  1006  1024  1042  1058  1074  1089  1103  1116  crv
50474   1990  1129  1141  1153  1164  1174  1185  1196  1207  1218  1230  crv
50474   2000  1243  1256  1270  1285  1300  1315  1331  1347  1363  1379  crv
50474   2010 -9999
50555   1919   657
50555   1920   692   726   760   794   827   860   892   924   954   983  crv
50555   1930  1011  1037  1062  1086  1108  1128  1146  1161  1175  1186  crv
50555   1940  1194  1200  1204  1205  1204  1200  1194  1186  1175  1163  crv
50555   1950  1148  1132  1114  1095  1075  1054  1033  1012   991   970  crv
50555   1960   951   933   916   900   886   875   865   857   852   849  crv
50555   1970   848   850   854   859   867   877   889   902   917   933  crv
50555   1980   949   966   983   998  1013  1027  1039  1050  1059  1066  crv
50555   1990  1072  1075  1077  1076  1074  1070  1064  1057  1048  1038  crv
50555   2000  1026  1014  1001   988   974   960   946   931   917   903  crv
50555   2010 -9999
60083   1960   884   907   931   955   979  1003  1028  1053  1077  1098  crv
60083   1970  1117  1130  1139  1142  1140  1134  1123  1108  1089  1066  crv
60083   1980  1039  1009   976   942   909   878   851   830   814   805  crv
60083   1990   800   801   804   810   818   829   842   860   882   910  crv
60083   2000   944   984  1027  1074  1122  1172  1223  1275  1327  1380  crv
60083   2010 -9999
60287   1947   479   516   553
60287   1950   590   627   665   704   742   779   815   850   884   915  crv
60287   1960   945   973  1000  1022  1044  1064  1082  1098  1113  1124  crv
60287   1970  1133  1139  1141  1140  1137  1131  1124  1115  1106  1097  crv
60287   1980  1088  1081  1074  1069  1066  1065  1065  1066  1068  1070  crv
60287   1990  1072  1074  1075  1075  1075  1073  1071  1069  1067  1065  crv
60287   2000  1064  1063  1064  1065  1067  1071  1075  1080  1086  1092  crv
60287   2010 -9999
62248   1952   956   982  1008  1033  1056  1077  1096  1110
62248   1960  1120  1126  1126  1122  1114  1101  1086  1067  1046  1023  crv
62248   1970   998   971   941   910   877   843   808   775   745   720  crv
62248   1980   699   685   676   673   677   687   703   725   753   786  crv
62248   1990   822   862   904   946   988  1029  1068  1105  1139  1170  crv
62248   2000  1199  1225  1249  1272  1294  1315  1336  1358  1380  1401  crv
62248   2010 -9999
70433   1914  1052  1045  1038  1031  1024  1017
70433   1920  1010  1002   995   987   980   973   966   960   954   949  crv
70433   1930   944   941   938   936   935   935   936   938   940   943  crv
70433   1940   947   951   956   961   966   972   978   985   993  1001  crv
70433   1950  1009  1018  1026  1034  1042  1048  1054  1058  1061  1064  crv
70433   1960  1065  1065  1065  1064  1062  1061  1059  1057  1055  1053  crv
70433   1970  1051  1049  1047  1045  1043  1041  1038  1036  1033  1030  crv
70433   1980  1027  1025  1022  1019  1017  1014  1012  1010  1008  1005  crv
70433   1990  1003  1000   998   995   991   987   983   978   973   969  crv
70433   2000   964   959   955   951   947   943   939   935   932   928  crv
70433   2010 -9999
80282   1955   994   987   980   972   963
80282   1960   954   945   938   932   932   937   950   970   996  1027  crv
80282   1970  1062  1097  1131  1160  1184  1201  1210  1211  1204  1189  crv
80282   1980  1169  1144  1117  1089  1060  1030  1001   973   946   923  crv
80282   1990   903   886   874   866   863   865   869   877   888   899  crv
80282   2000   912   926   939   953   966   979   992  1005  1018  1031  crv
80282   2010 -9999
80711   1906  1061  1061  1062  1062
80711   1910  1062  1062  1062  1060  1059  1056  1052  1048  1042  1036  crv
80711   1920  1028  1020  1011  1001   991   980   968   957   945   934  crv
80711   1930   923   913   903   894   886   879   874   869   865   863  crv
80711   1940   861   861   862   865   868   873   878   885   892   900  crv
80711   1950   909   918   927   936   945   954   963   971   978   985  crv
80711   1960   991   997  1002  1006  1011  1015  1019  1023  1027  1031  crv
80711   1970  1035  1038  1041  1043  1045  1045  1045  1045  1043  1041  crv
80711   1980  1039  1037  1034  1032  1030  1028  1027  1026  1026  1026  crv
80711   1990  1028  1029  1032  1035  1039  1043  1047  1053  1058  1064  crv
80711   2000  1070  1076  1082  1088  1094  1101  1107  1114  1120  1127  crv
80711   2010 -9999
80719   1915   981   981   981   981   980
80719   1920   980   979   979   978   978   978   979   980   981   983  crv
80719   1930   985   988   991   994   998  1002  1006  1011  1015  1020  crv
80719   1940  1025  1029  1034  1039  1045  1051  1057  1064  1071  1078  crv
80719   1950  1085  1093  1100  1108  1116  1124  1131  1137  1143  1148  crv
80719   1960  1152  1155  1157  1158  1157  1156  1153  1150  1146  1141  crv
80719   1970  1135  1128  1121  1113  1104  1095  1085  1075  1064  1052  crv
80719   1980  1041  1028  1016  1003   990   977   963   950   936   922  crv
80719   1990   909   896   883   871   859   848   837   827   818   809  crv
80719   2000   801   794   788   782   776   771   766   760   755   750  crv
80719   2010 -9999
82218   1919   792
82218   1920   814   835   856   877   898   919   940   960   980  1000  crv
82218   1930  1019  1038  1057  1076  1094  1111  1128  1145  1160  1174  crv
82218   1940  1188  1199  1209  1217  1223  1226  1227  1226  1221  1213  crv
82218   1950  1203  1189  1173  1155  1134  1111  1087  1062  1036  1010  crv
82218   1960   984   958   933   909   886   865   845   827   811   797  crv
82218   1970   785   775   768   762   758   756   756   759   763   769  crv
82218   1980   776   786   797   810   824   840   857   875   894   913  crv
82218   1990   933   954   975   996  1017  1038  1059  1080  1101  1122  crv
82218   2000  1142  1162  1182  1201  1220  1239  1258  1276  1295  1313  crv
82218   2010 -9999
90287   1920   952   956   960   964   969   973   978   984   989   995  crv
90287   1930  1002  1008  1015  1022  1030  1037  1044  1050  1055  1060  crv
90287   1940  1064  1066  1068  1068  1067  1064  1060  1055  1049  1043  crv
90287   1950  1035  1027  1019  1010  1002   995   987   980   974   968  crv
90287   1960   962   958   953   950   947   945   943   943   943   945  crv
90287   1970   947   949   951   954   957   960   963   966   969   971  crv
90287   1980   974   976   979   981   984   987   990   994   997  1001  crv
90287   1990  1004  1008  1011  1015  1018  1021  1023  1026  1028  1029  crv
90287   2000  1031  1032  1034  1035  1036  1036  1037  1038  1038  1039  crv
90287   2010 -9999
90645   1954  1032  1009   986   963   939   915
90645   1960   891   868   846   827   811   800   795   795   802   814  crv
90645   1970   831   853   878   906   935   967  1000  1032  1065  1098  crv
90645   1980  1130  1161  1190  1218  1243  1266  1286  1301  1312  1318  crv
90645   1990  1317  1311  1297  1278  1254  1224  1189  1149  1106  1059  crv
90645   2000  1011   960   908   854   799   744   689   634   579   524  crv
90645   2010 -9999
91377   1927  1151  1139  1126
91377   1930  1114  1101  1087  1072  1056  1039  1020  1000   977   954  crv
91377   1940   929   904   877   850   823   797   771   747   725   705  crv
91377   1950   688   673   661   653   647   645   645   648   654   662  crv
91377   1960   672   685   700   717   737   758   782   808   836   865  crv
91377   1970   896   927   959   990  1021  1051  1079  1106  1131  1154  crv
91377   1980  1174  1191  1206  1218  1228  1236  1243  1247  1250  1252  crv
91377   1990  1253  1253  1252  1250  1247  1243  1239  1234  1228  1222  crv
91377   2000  1215  1208  1201  1193  1184  1176  1167  1159  1150  1141  crv
91377   2010 -9999
92493   1917   926   942   958
92493   1920   974   990  1005  1020  1033  1046  1057  1067  1076  1084  crv
92493   1930  1090  1096  1100  1103  1105  1107  1107  1107  1106  1104  crv
92493   1940  1102  1098  1093  1087  1079  1071  1061  1050  1037  1023  crv
92493   1950  1009   993   976   958   939   920   901   882   863   845  crv
92493   1960   828   812   797   785   773   764   757   751   748   746  crv
92493   1970   747   748   752   756   762   769   777   786   796   806  crv
92493   1980   817   828   840   852   864   877   891   905   920   936  crv
92493   1990   953   971   991  1012  1035  1060  1087  1116  1147  1180  crv
92493   2000  1216  1253  1293  1334  1376  1420  1464  1508  1553  1597  crv
92493   2010 -9999
102412  1929   925
102412  1930   947   970   992  1015  1036  1057  1077  1095  1111  1124  crv
102412  1940  1135  1143  1147  1148  1145  1140  1131  1118  1103  1085  crv
102412  1950  1064  1040  1015   989   963   936   911   888   866   846  crv
102412  1960   829   815   803   795   789   786   786   788   793   799  crv
102412  1970   807   816   826   836   847   859   871   884   897   910  crv
102412  1980   924   939   954   969   985  1000  1015  1030  1044  1057  crv
102412  1990  1070  1081  1092  1101  1109  1115  1121  1125  1128  1130  crv
102412  2000  1132  1134  1135  1136  1137  1138  1139  1140  1141  1142  crv
102412  2010 -9999
110128  1953   899   923   946   969   990  1010  1028
110128  1960  1043  1055  1064  1070  1073  1075  1075  1074  1072  1068  crv
110128  1970  1063  1056  1046  1035  1022  1008   993   977   962   948  crv
110128  1980   936   925   917   912   910   911   915   920   927   934  crv
110128  1990   942   950   957   964   970   975   980   984   989   995  crv
110128  2000  1002  1009  1018  1029  1042  1057  1074  1092  1111  1130  crv
110128  2010 -9999
110379  1970  1002   997   992   986   980   974   969   966   966   969  crv
110379  1980   974   984   997  1015  1036  1060  1085  1109  1130  1148  crv
110379  1990  1159  1164  1162  1153  1138  1117  1091  1062  1034  1006  crv
110379  2000   980   954   928   901   874   846   817   789   762   735  crv
110379  2010 -9999
110791  1925   899   928   956   985  1013
110791  1930  1040  1066  1091  1115  1136  1155  1171  1185  1195  1202  crv
110791  1940  1205  1205  1202  1196  1186  1173  1157  1139  1119  1097  crv
110791  1950  1073  1048  1022   997   971   946   923   901   880   862  crv
110791  1960   846   832   821   813   808   806   806   809   814   821  crv
110791  1970   829   839   849   859   870   881   892   903   914   925  crv
110791  1980   937   948   959   970   981   991  1001  1011  1021  1030  crv
110791  1990  1039  1048  1056  1064  1071  1078  1085  1092  1099  1105  crv
110791  2000  1112  1119  1126  1133  1140  1147  1154  1161  1169  1176  crv
110791  2010 -9999
110798  1933  1006  1005  1004  1003  1001  1000  1000
110798  1940  1000  1000  1000  1000  1000  1000  1000  1000  1000   998  crv
110798  1950   997   995   992   990   988   985   984   982   981   980  crv
110798  1960   979   979   980   981   984   987   991   995  1001  1006  crv
110798  1970  1012  1018  1023  1027  1031  1033  1035  1036  1037  1037  crv
110798  1980  1037  1036  1035  1034  1033  1031  1029  1026  1022  1018  crv
110798  1990  1013  1007  1001   995   989   983   977   973   969   966  crv
110798  2000   965   966   967   970   973   977   982   987   993   998  crv
110798  2010 -9999
110914  1925   905   914   924   933   942
110914  1930   951   960   969   978   987   997  1007  1017  1027  1036  crv
110914  1940  1046  1054  1062  1068  1074  1078  1081  1083  1083  1081  crv
110914  1950  1077  1072  1065  1057  1047  1036  1025  1013  1001   989  crv
110914  1960   978   967   957   949   941   935   931   928   927   928  crv
110914  1970   930   934   938   944   950   956   962   969   976   983  crv
110914  1980   991   997  1004  1010  1016  1021  1026  1030  1033  1035  crv
110914  1990  1036  1037  1036  1035  1033  1031  1027  1023  1019  1014  crv
110914  2000  1009  1004   998   993   987   981   976   970   965   959  crv
110914  2010 -9999
110950  1938   895   889
110950  1940   883   877   871   865   859   852   846   840   836   833  crv
110950  1950   831   832   834   840   847   857   868   882   897   914  crv
110950  1960   933   954   977  1002  1028  1056  1085  1114  1142  1169  crv
110950  1970  1194  1217  1236  1252  1265  1274  1279  1282  1280  1277  crv
110950  1980  1271  1262  1252  1239  1224  1208  1189  1169  1148  1125  crv
110950  1990  1101  1076  1051  1025  1000   972   945   917   889   861  crv
110950  2000   832   804   776   747   719   691   664   636   609   581  crv
110950  2010 -9999
111014  1926   957   966   975   985
111014  1930   993  1002  1010  1017  1024  1030  1035  1039  1043  1045  crv
111014  1940  1047  1048  1048  1047  1045  1042  1038  1034  1028  1022  crv
111014  1950  1014  1007   998   990   982   973   966   958   951   945  crv
111014  1960   940   935   932   930   929   929   932   936   941   947  crv
111014  1970   955   963   971   980   988   995  1002  1008  1014  1018  crv
111014  1980  1022  1025  1027  1029  1031  1032  1032  1033  1033  1032  crv
111014  1990  1031  1030  1028  1026  1023  1020  1017  1014  1010  1007  crv
111014  2000  1004  1002  1000  1000   998   997   997   996   996 -9999  crv
111030  1923   894   914   933   952   971   988  1005
111030  1930  1020  1035  1048  1059  1070  1079  1086  1092  1096  1099  crv
111030  1940  1100  1100  1099  1096  1092  1087  1080  1073  1064  1053  crv
111030  1950  1042  1029  1015  1001   987   973   959   945   932   921  crv
111030  1960   910   901   893   886   881   878   877   877   879   882  crv
111030  1970   887   893   899   906   913   920   927   935   942   949  crv
111030  1980   957   964   971   978   985   992  1000  1005  1012  1018  crv
111030  1990  1024  1029  1034  1039  1043  1046  1049  1052  1055  1057  crv
111030  2000  1060  1063  1066  1068  1071  1074  1076  1079  1081  1084  crv
111030  2010 -9999
111051  1923   934   948   961   974   987  1000  1013
111051  1930  1025  1036  1047  1058  1068  1078  1087  1096  1104  1112  crv
111051  1940  1118  1124  1128  1131  1132  1132  1130  1125  1119  1111  crv
111051  1950  1101  1090  1076  1062  1046  1030  1013   995   978   960  crv
111051  1960   944   928   913   899   888   877   869   863   859   857  crv
111051  1970   857   858   861   865   869   874   879   885   891   897  crv
111051  1980   904   910   917   925   932   941   949   958   967   976  crv
111051  1990   986   996  1006  1016  1027  1038  1049  1061  1072  1084  crv
111051  2000  1095  1106  1117  1128  1139  1149  1159  1169  1179  1189  crv
111051  2010 -9999
111134  1918   987   991
111134  1920   996  1000  1004  1007  1010  1012  1014  1015  1016  1017  crv
111134  1930  1017  1018  1018  1019  1021  1022  1024  1026  1028  1030  crv
111134  1940  1031  1033  1034  1035  1035  1034  1033  1030  1026  1021  crv
111134  1950  1015  1008  1000   990   979   969   958   947   936   926  crv
111134  1960   916   908   900   894   889   885   884   884   887   891  crv
111134  1970   896   903   911   920   930   940   949   959   969   978  crv
111134  1980   987   996  1004  1012  1019  1026  1033  1039  1045  1050  crv
111134  1990  1055  1060  1063  1067  1069  1072  1073  1075  1076  1076  crv
111134  2000  1077  1078  1078  1078  1079  1079 -9999
121212  1908   765   780
121212  1910   795   811   826   841   856   871   886   900   914   927  crv
121212  1920   940   952   963   973   983   991  1000  1006  1012  1018  crv
121212  1930  1022  1026  1029  1032  1034  1035  1036  1037  1037  1037  crv
121212  1940  1037  1036  1035  1034  1033  1031  1029  1027  1025  1023  crv
121212  1950  1021  1018  1015  1012  1009  1006  1003  1000   996   993  crv
121212  1960   990   987   984   981   979   978   977   976   976   977  crv
121212  1970   978   979   981   982   984   986   988   991   993   996  crv
121212  1980   998  1001  1005  1008  1012  1016  1020  1024  1028  1032  crv
121212  1990  1037  1041  1045  1050  1054  1058  1061  1065  1069  1073  crv
121212  2000  1076  1080  1084  1087  1091  1095  1099  1103  1106  1110  crv
121212  2010 -9999
121284  1922   843   863   882   901   920   940   959   978
121284  1930   996  1015  1033  1050  1067  1083  1099  1113  1126  1138  crv
121284  1940  1147  1156  1162  1166  1168  1168  1166  1161  1153  1143  crv
121284  1950  1130  1115  1098  1079  1058  1036  1013   990   967   944  crv
121284  1960   922   901   881   863   847   833   821   811   805   800  crv
121284  1970   798   799   801   805   811   819   827   838   849   861  crv
121284  1980   874   888   903   918   934   950   966   982   997  1012  crv
121284  1990  1025  1038  1049  1060  1069  1077  1084  1090  1095  1100  crv
121284  2000  1105  1109  1113  1117  1120  1124  1127  1131  1134  1138  crv
121284  2010 -9999
121442  1952   677   709   741   772   802   832   860   888
121442  1960   914   940   965   989  1012  1036  1059  1083  1106  1128  crv
121442  1970  1149  1166  1180  1191  1198  1202  1204  1202  1199  1193  crv
121442  1980  1185  1175  1161  1145  1126  1106  1086  1066  1047  1030  crv
121442  1990  1014  1000   987   975   964   954   946   938   932   927  crv
121442  2000   922   917   912   905   896   885   872   858   844   829  crv
121442  2010 -9999
131017  1950   718   752   787   820   851   880   905   926   943   957  crv
131017  1960   968   976   982   987   991   996  1001  1008  1017  1027  crv
131017  1970  1038  1050  1063  1077  1091  1105  1119  1132  1145  1158  crv
131017  1980  1169  1178  1184  1188  1190  1188  1184  1178  1169  1157  crv
131017  1990  1144  1127  1109  1089  1068  1045  1021   996   971   945  crv
131017  2000   919   893   868   842   817   792   766   741   716   691  crv
131017  2010 -9999
131080  1930  1018  1014  1011  1007  1003  1000   994   989   983   977  crv
131080  1940   971   965   959   954   950   947   946   946   948   951  crv
131080  1950   956   963   971   980   990  1001  1012  1023  1033  1042  crv
131080  1960  1050  1057  1064  1071  1077  1082  1087  1092  1097  1102  crv
131080  1970  1106  1109  1112  1115  1117  1119  1120  1120  1121  1120  crv
131080  1980  1119  1118  1116  1113  1109  1105  1101  1095  1089  1082  crv
131080  1990  1073  1062  1050  1036  1020  1001   981   958   934   908  crv
131080  2000   881   853   825   795   766   736   705   675   644   613  crv
131080  2010 -9999
131304  1930   700   728   757   785   813   841   868   895   920   946  crv
131304  1940   970   994  1016  1038  1058  1076  1093  1107  1119  1129  crv
131304  1950  1137  1142  1144  1145  1143  1140  1134  1128  1119  1110  crv
131304  1960  1100  1090  1079  1069  1059  1050  1041  1034  1028  1023  crv
131304  1970  1019  1015  1012  1009  1006  1003  1000   997   994   991  crv
131304  1980   988   986   983   982   981   981   981   982   983   985  crv
131304  1990   987   989   991   992   992   992   990   988   984   980  crv
131304  2000   975   969   963   956   949   941   933   925   917   908  crv
131304  2010 -9999
140735  1939  1081
140735  1940  1079  1076  1074  1070  1066  1060  1052  1042  1030  1016  crv
140735  1950  1001   984   966   947   928   909   890   873   857   843  crv
140735  1960   830   821   813   809   809   811   818   828   842   860  crv
140735  1970   880   903   927   953   980  1007  1033  1058  1080  1100  crv
140735  1980  1117  1131  1140  1145  1147  1145  1140  1133  1125  1115  crv
140735  1990  1104  1093  1082  1071  1060  1050  1041  1034  1027  1022  crv
140735  2000  1019  1017  1017  1018  1021  1024  1029  1034  1039  1044  crv
140735  2010 -9999
160665  1954   974   986   998  1010  1022  1033
160665  1960  1043  1051  1059  1065  1069  1073  1075  1075  1074  1068  crv
160665  1970  1059  1044  1024  1000   971   940   909   878   848   821  crv
160665  1980   798   780   768   762   763   770   783   801   822   847  crv
160665  1990   873   900   926   951   974   996  1016  1035  1054  1073  crv
160665  2000  1094  1116  1140  1165  1191  1219  1248  1279  1310  1341  crv
160665  2010 -9999
160777  1949  1038
160777  1950  1025  1012   998   984   969   954   938   923   909   896  crv
160777  1960   885   877   872   871   874   882   896   913   934   958  crv
160777  1970   984  1009  1033  1055  1074  1089  1100  1107  1111  1110  crv
160777  1980  1107  1102  1095  1086  1077  1067  1056  1046  1036  1026  crv
160777  1990  1017  1010  1003   997   992   988   985   984   984   985  crv
160777  2000   987   990   993   997  1002  1006  1011  1016  1020  1025  crv
160777  2010 -9999
160930  1925   934   951   968   985  1002
160930  1930  1019  1035  1050  1065  1078  1090  1100  1109  1116  1121  crv
160930  1940  1124  1125  1124  1121  1116  1110  1101  1091  1079  1066  crv
160930  1950  1051  1035  1018  1000   981   962   944   925   908   891  crv
160930  1960   876   862   850   839   831   824   820   819   820   822  crv
160930  1970   827   833   841   849   858   867   877   887   897   907  crv
160930  1980   917   927   938   948   959   970   980   990  1000  1010  crv
160930  1990  1019  1028  1036  1045  1053  1061  1069  1076  1085  1093  crv
160930  2000  1101  1109  1118  1126  1135  1144  1153  1162  1172  1181  crv
160930  2010 -9999
170994  1960  1014  1010  1005  1002  1000   997   997   996   995   994  crv
170994  1970   990   985   980   974   968   964   961   962   965   971  crv
170994  1980   979   990  1002  1014  1027  1040  1052  1062  1070  1075  crv
170994  1990  1078  1077  1073  1066  1057  1047  1035  1022  1008   994  crv
170994  2000   980   968   958   949   944   941   940   942   944   947  crv
170994  2010 -9999
172229  1880   827   845   863   880   898   916   933   950   967   983  crv
172229  1890  1000  1014  1029  1043  1056  1068  1079  1089  1098  1106  crv
172229  1900  1113  1118  1123  1126  1129  1130  1130  1129  1127  1125  crv
172229  1910  1121  1117  1112  1106  1100  1093  1086  1078  1071  1063  crv
172229  1920  1055  1046  1038  1030  1022  1014  1006  1000   991   984  crv
172229  1930   978   971   966   960   955   950   946   942   938   935  crv
172229  1940   932   929   927   925   922   920   918   916   914   912  crv
172229  1950   911   908   906   904   902   900   898   896   895   893  crv
172229  1960   892   891   890   890   890   891   892   893   896   899  crv
172229  1970   902   906   910   914   919   924   930   936   942   948  crv
172229  1980   955   962   969   976   983   991  1000  1007  1015  1023  crv
172229  1990  1031  1040  1048  1056  1065  1073  1081  1090  1098  1106  crv
172229  2000  1114  1122  1130  1138  1146  1153  1161  1168  1176  1183  crv
172229  2010 -9999
180751  1943  1032  1033  1034  1034  1033  1032  1029
180751  1950  1025  1020  1015  1010  1004   998   992   985   977   968  crv
180751  1960   959   949   938   927   917   908   901   897   896   898  crv
180751  1970   903   912   923   937   952   969   988  1007  1026  1044  crv
180751  1980  1062  1078  1092  1104  1113  1120  1125  1127  1126  1124  crv
180751  1990  1120  1113  1106  1096  1086  1074  1061  1047  1033  1017  crv
180751  2000  1001   984   966   948   928   907   886   865   844   822  crv
180751  2010 -9999
180794  1948  1013  1003
180794  1950   992   981   969   958   946   935   925   917   910   905  crv
180794  1960   903   903   906   911   920   931   943   957   971   984  crv
180794  1970   996  1005  1012  1016  1018  1018  1016  1013  1009  1006  crv
180794  1980  1003  1002  1003  1006  1012  1019  1029  1042  1056  1071  crv
180794  1990  1088  1105  1122  1136  1148  1156  1158  1155  1145  1129  crv
180794  2000  1108  1081  1050  1015   977   937   895   853   811   768  crv
180794  2010 -9999
190018  1953  1009  1012  1014  1016  1017  1017  1015
190018  1960  1011  1006  1000   994   987   982   978   975   974   974  crv
190018  1970   976   978   980   983   986   990   993   997  1000  1003  crv
190018  1980  1006  1008  1010  1011  1013  1014  1014  1015  1015  1014  crv
190018  1990  1013  1012  1010  1008  1006  1003  1001  1000   997   997  crv
190018  2000   997   998  1000  1000  1000   998   998   997   996   995  crv
190018  2010 -9999
190438  1936   732   769   806   842
190438  1940   878   914   947   979  1009  1036  1059  1079  1094  1106  crv
190438  1950  1114  1118  1118  1116  1111  1104  1095  1085  1075  1064  crv
190438  1960  1053  1043  1034  1025  1018  1012  1007  1004  1002  1001  crv
190438  1970  1000  1000   998   997   995   993   990   986   982   978  crv
190438  1980   974   971   968   966   965   965   965   967   969   972  crv
190438  1990   974   977   979   981   982   984   985   986   987   989  crv
190438  2000   990   991   993   994   996   998  1000  1001  1003  1005  crv
190438  2010 -9999
200038  1955   991   993   996   998  1001
200038  1960  1004  1007  1010  1012  1014  1015  1017  1017  1018  1017  crv
200038  1970  1015  1013  1010  1006  1002   997   993   989   985   982  crv
200038  1980   978   975   972   969   967   965   964   964   965   967  crv
200038  1990   970   974   977   980   983   985   988   990   992   996  crv
200038  2000  1000  1006  1013  1021  1030  1040  1050  1061  1071  1082  crv
200038  2010 -9999
200168  1950   956   967   977   987   996  1004  1010  1014  1016  1016  crv
200168  1960  1014  1010  1004   998   992   986   982   979   978   978  crv
200168  1970   979   981   983   986   988   991   993   995   996   996  crv
200168  1980   995   993   992   990   989   988   988   988   988   989  crv
200168  1990   990   991   992   992   993   993   993   993   992   992  crv
200168  2000   991   991   991   991   991   992   993   994   995   996  crv
200168  2010 -9999
200389  1950   427   430   433   436   440   444   450   456   465   475  crv
200389  1960   487   503   521   543   568   598   631   668   709   752  crv
200389  1970   798   845   894   942   989  1035  1078  1119  1158  1192  crv
200389  1980  1224  1253  1278  1302  1322  1341  1357  1371  1383  1393  crv
200389  1990  1401  1406  1410  1411  1409  1405  1398  1389  1376  1361  crv
200389  2000  1343  1322  1299  1274  1248  1222  1194  1167  1140  1113  crv
200389  2010 -9999
200988  1954  1017  1021  1024  1027  1029  1031
200988  1960  1031  1030  1028  1025  1023  1020  1019  1017  1015  1013  crv
200988  1970  1008  1000   988   971   950   925   896   864   832   800  crv
200988  1980   769   742   721   706   698   698   706   723   747   779  crv
200988  1990   816   859   904   952  1000  1045  1089  1129  1166  1199  crv
200988  2000  1227  1252  1271  1287  1300  1309  1316  1321  1325  1329  crv
200988  2010 -9999
202162  1980   983   985   988   991   995  1001  1010  1020  1031  1039  crv
202162  1990  1043  1044  1042  1036  1024  1006   983   957   931   911  crv
202162  2000   899   899   910   932   962   997  1034  1074  1115  1157  crv
202162  2010 -9999
80248   1940   776   806   836   865   894   923   949   975   997  1018  crv
80248   1950  1035  1050  1063  1073  1081  1086  1088  1089  1086  1082  crv
80248   1960  1075  1068  1059  1050  1041  1033  1027  1022  1018  1016  crv
80248   1970  1016  1017  1020  1023  1026  1030  1033  1036  1038  1040  crv
80248   1980  1039  1037  1034  1028  1021  1013  1004   995   986   977  crv
80248   1990   968   960   953   948   944   941   940   941   944   948  crv
80248   2000   953   960   967   975   983   992  1000  1009  1018  1027  crv
80248   2010 -9999
192129  1971   714   711   708   706   705   706   709   716   726
192129  1980   740   755   772   790   812   838   871   910   954  1001  crv
192129  1990  1050  1098  1144  1187  1224  1256  1278  1291  1295  1292  crv
192129  2000  1284  1272  1257  1238  1217  1194  1172  1153  1136  1121  crv
192129  2010 -9999
92389   1928   939   945
92389   1930   952   958   965   973   981   989  1000  1008  1019  1030  crv
92389   1940  1040  1051  1061  1071  1079  1086  1091  1094  1094  1092  crv
92389   1950  1088  1082  1074  1065  1054  1043  1031  1018  1005   991  crv
92389   1960   978   964   951   939   928   918   909   903   898   895  crv
92389   1970   894   896   899   904   911   919   929   940   952   963  crv
92389   1980   975   987   997  1006  1014  1020  1025  1029  1032  1034  crv
92389   1990  1036  1037  1038  1038  1038  1037  1037  1036  1035  1034  crv
92389   2000  1032  1031  1029  1028  1026  1024  1023  1021  1019  1018  crv
92389   2010 -9999
90369   1954  1015  1005   995   984   973   961
90369   1960   950   940   931   924   919   919   923   931   945   963  crv
90369   1970   985  1010  1038  1068  1097  1126  1152  1177  1198  1217  crv
90369   1980  1232  1244  1253  1257  1256  1250  1240  1225  1205  1181  crv
90369   1990  1153  1123  1090  1056  1021   987   952   919   887   857  crv
90369   2000   829   804   780   759   738   720   702   684   667   650  crv
90369   2010 -9999
110952  1931   975   970   964   959   953   948   942   936   929
110952  1940   922   915   909   902   896   891   887   885   884   885  crv
110952  1950   889   894   902   911   922   933   945   957   970   982  crv
110952  1960   995  1009  1022  1036  1050  1065  1080  1095  1110  1124  crv
110952  1970  1138  1150  1161  1170  1176  1181  1183  1184  1182  1178  crv
110952  1980  1172  1165  1155  1144  1131  1118  1103  1087  1071  1055  crv
110952  1990  1038  1020  1003   986   969   952   935   919   904   889  crv
110952  2000   875   861   848   836   824   812   801   789   779   768  crv
110952  2010 -9999
192128  1965   275   345   415   486   558
192128  1970   629   698   765   830   894   955  1015  1072  1128  1180  crv
192128  1980  1227  1264  1291  1306  1309  1302  1287  1265  1238  1208  crv
192128  1990  1175  1141  1105  1068  1030   993   959   930   909   899  crv
192128  2000   900   915   942   981  1030  1086  1149  1214  1282  1350  crv
192128  2010 -9999
120924  1938   653   691
120924  1940   729   766   803   838   872   905   937   967   997  1024  crv
120924  1950  1051  1075  1098  1117  1133  1146  1154  1158  1157  1154  crv
120924  1960  1147  1138  1127  1115  1102  1090  1079  1069  1060  1053  crv
120924  1970  1047  1042  1039  1036  1034  1033  1032  1030  1028  1026  crv
120924  1980  1022  1017  1012  1004   996   987   977   967   958   950  crv
120924  1990   942   935   930   927   924   923   923   923   925   928  crv
120924  2000   933   938   944   952   959   968   977   986   995  1004  crv
120924  2010 -9999
12366   1981   716   727   745   778   833   907   992  1075  1147
12366   1990  1204  1242  1264  1268  1254  1225  1181  1127  1065  1000  crv
12366   2000   937   884   845   822   818   830   855   889   926   965  crv
12366   2010 -9999
82317   1922   812   824   835   847   859   872   884   898
82317   1930   912   926   941   958   974   992  1010  1029  1047  1065  crv
82317   1940  1082  1098  1112  1124  1135  1143  1149  1152  1153  1152  crv
82317   1950  1149  1143  1136  1127  1117  1105  1092  1077  1062  1046  crv
82317   1960  1029  1012   996   979   964   949   936   925   915   908  crv
82317   1970   903   901   901   904   909   916   924   935   946   958  crv
82317   1980   971   983   994  1004  1011  1017  1020  1022  1023  1022  crv
82317   1990  1020  1018  1014  1011  1007  1003  1000   995   991   987  crv
82317   2000   984   981   979   977   976   975   974   973   972   971  crv
82317   2010 -9999
50281   1955  1413  1398  1382  1364  1343
50281   1960  1318  1289  1255  1216  1173  1126  1076  1023   970   916  crv
50281   1970   862   809   758   711   668   630   599   574   556   544  crv
50281   1980   539   540   547   561   583   610   644   683   725   770  crv
50281   1990   818   867   917   967  1015  1063  1108  1151  1190  1227  crv
50281   2000  1259  1289  1314  1335  1353  1367  1380  1392  1403  1413  crv
50281   2010 -9999
22603   1962  1202  1152  1102  1056  1012   971   932   895
22603   1970   860   829   805   790   786   794   813   844   883   928  crv
22603   1980   977  1025  1069  1108  1138  1162  1177  1186  1189  1186  crv
22603   1990  1179  1167  1150  1130  1106  1079  1050  1021   992   965  crv
22603   2000   941   922   908   900   897   898   902   909   916   923  crv
22603   2010 -9999
100997  1954   965   978   991  1002  1010  1016
100997  1960  1020  1022  1022  1022  1021  1022  1024  1029  1037  1048  crv
100997  1970  1062  1078  1094  1109  1121  1128  1130  1124  1111  1091  crv
100997  1980  1065  1034  1000   964   929   895   866   841   822   811  crv
100997  1990   805   807   814   826   842   860   882   906   931   959  crv
100997  2000   988  1018  1049  1080  1111  1142  1172  1202  1232  1261  crv
100997  2010 -9999
190497  1950   534   526   519   512   508   505   505   506   510   517  crv
190497  1960   525   536   549   565   584   607   633   663   697   736  crv
190497  1970   779   826   877   930   985  1041  1096  1149  1200  1248  crv
190497  1980  1290  1328  1358  1382  1398  1407  1410  1406  1397  1384  crv
190497  1990  1367  1347  1327  1306  1286  1266  1248  1232  1218  1207  crv
190497  2000  1198  1192  1187  1185  1184  1184  1184  1186  1188  1190  crv
190497  2010  1192 -9999
131047  1950   487   545   603   660   718   774   829   880   926   968  crv
131047  1960  1004  1035  1061  1083  1102  1120  1136  1153  1170  1187  crv
131047  1970  1204  1220  1235  1247  1255  1258  1256  1248  1233  1213  crv
131047  1980  1188  1159  1127  1094  1061  1029   998   970   945   923  crv
131047  1990   905   890   878   870   864   861   860   861   863   867  crv
131047  2000   871   876   881   888   894   902   910   918   927   936  crv
131047  2010 -9999
91491   1928   824   842
91491   1930   859   877   896   915   935   956   978  1000  1024  1047  crv
91491   1940  1069  1090  1110  1128  1144  1159  1170  1180  1188  1193  crv
91491   1950  1196  1196  1194  1189  1181  1170  1156  1140  1121  1100  crv
91491   1960  1077  1053  1029  1004   979   955   932   910   890   871  crv
91491   1970   854   839   826   816   807   801   796   793   793   793  crv
91491   1980   796   800   806   813   821   831   843   855   869   884  crv
91491   1990   901   918   935   954   973   993  1014  1035  1057  1079  crv
91491   2000  1102  1125  1148  1171  1194  1217  1241  1264  1287  1310  crv
91491   2010 -9999
60125   1929   897
60125   1930   914   930   947   964   981   997  1014  1030  1045  1059  crv
60125   1940  1073  1085  1095  1103  1109  1113  1115  1114  1110  1104  crv
60125   1950  1095  1084  1070  1055  1037  1019  1000   980   961   942  crv
60125   1960   925   910   896   884   875   868   863   860   861   864  crv
60125   1970   869   876   886   898   911   926   942   958   974   990  crv
60125   1980  1005  1018  1030  1041  1050  1057  1063  1067  1070  1072  crv
60125   1990  1072  1071  1069  1066  1062  1058  1052  1046  1040  1033  crv
60125   2000  1026  1018  1011  1003   995   987   979   971   964   956  crv
60125   2010 -9999
111033  1915  1099  1082  1065  1048  1031
111033  1920  1013   996   979   962   945   930   916   903   891   882  crv
111033  1930   875   870   867   867   869   874   881   890   901   914  crv
111033  1940   929   945   962   979   997  1015  1031  1047  1061  1074  crv
111033  1950  1084  1093  1101  1107  1112  1115  1118  1120  1121  1122  crv
111033  1960  1123  1123  1124  1124  1124  1124  1123  1122  1121  1120  crv
111033  1970  1117  1114  1110  1105  1098  1090  1081  1070  1058  1044  crv
111033  1980  1029  1012   995   976   957   936   914   892   870   846  crv
111033  1990   823   799   775   750   726   702   678 -9999
52388   1950   850   863   877   890   904   919   933   947   961   974  crv
52388   1960   987   998  1008  1017  1023  1027  1029  1030  1030  1028  crv
52388   1970  1026  1023  1020  1018  1017  1018  1020  1024  1030  1036  crv
52388   1980  1043  1050  1056  1060  1064  1065  1066  1065  1063  1059  crv
52388   1990  1054  1047  1040  1031  1020  1009   997   984   971   958  crv
52388   2000   946   935   924   916   908   901   895   890   884   879  crv
52388   2010 -9999
80746   1953  1051  1056  1061  1064  1063  1058  1048
80746   1960  1036  1023  1010  1000   990   980   971   959   945   926  crv
80746   1970   903   874   840   803   764   725   689   657   632   615  crv
80746   1980   607   609   620   640   670   709   758   815   880   950  crv
80746   1990  1026  1105  1189  1276  1364  1452  1539  1625  1710  1793  crv
80746   2000  1876 -9999
82368   1870   679   690   701   713   724   735   746   757   768   779  crv
82368   1880   789   799   810   820   829   839   849   858   868   877  crv
82368   1890   886   895   904   913   922   931   940   948   956   965  crv
82368   1900   973   981   989   997  1005  1013  1021  1029  1037  1045  crv
82368   1910  1053  1061  1069  1077  1085  1093  1101  1109  1116  1124  crv
82368   1920  1131  1138  1145  1152  1158  1164  1170  1176  1182  1187  crv
82368   1930  1192  1196  1201  1205  1208  1212  1215  1217  1219  1221  crv
82368   1940  1222  1222  1222  1221  1219  1217  1214  1210  1206  1200  crv
82368   1950  1194  1187  1180  1172  1163  1154  1144  1133  1123  1112  crv
82368   1960  1100  1089  1077  1065  1053  1041  1029  1018  1006   995  crv
82368   1970   984   973   963   953   943   934   925   916   908   901  crv
82368   1980   893   886   880   874   868   862   857   852   848   844  crv
82368   1990   840   837   834   831   829   827   826   825   824   823  crv
82368   2000   823   823   824   824   825   826   827   828   829   830  crv
82368   2010 -9999
130579  1924   754   771   787   804   821   838
130579  1930   855   872   888   905   920   936   951   965   979   992  crv
130579  1940  1005  1017  1029  1040  1051  1061  1070  1079  1087  1094  crv
130579  1950  1100  1106  1111  1115  1119  1123  1125  1127  1129  1129  crv
130579  1960  1128  1126  1124  1120  1116  1112  1107  1102  1097  1092  crv
130579  1970  1087  1082  1076  1070  1063  1056  1049  1041  1032  1024  crv
130579  1980  1016  1008  1001   994   987   980   974   968   963   957  crv
130579  1990   952   948   943   939   935   931   928   925   923   922  crv
130579  2000   921   921   921   922   922   924   925   926   927   929  crv
130579  2010 -9999
92486   1921   932   934   936   938   940   943   947   952   957
92486   1930   964   972   981   991  1003  1015  1028  1043  1058  1074  crv
92486   1940  1090  1105  1120  1134  1146  1156  1164  1169  1172  1171  crv
92486   1950  1167  1160  1149  1136  1120  1102  1082  1060  1037  1012  crv
92486   1960   987   962   938   913   890   868   848   830   813   799  crv
92486   1970   787   778   772   767   766   767   771   777   785   796  crv
92486   1980   808   822   838   854   871   889   907   925   944   962  crv
92486   1990   981   998  1016  1032  1048  1064  1079  1093  1108  1121  crv
92486   2000  1135  1149  1162  1175  1188  1201  1214  1227  1240  1253  crv
92486   2010 -9999
