  year  #   1       2       3       4       5       6       7       8       9      10      11
  1950   0.541   4.000   0.304   0.889  -1.186  -0.446  -0.496  -0.804   0.174  -0.024  -1.241
  1951   1.059   4.118   0.208   1.747  -1.221   0.441  -0.024  -0.225  -0.859   1.494  -0.049
  1952  -1.547   1.891   0.079   0.357  -1.009   0.485   1.039   0.370   0.261   0.218  -0.106
  1953  -0.486   1.113   0.319   0.118  -0.897   1.013  -0.312   1.274   1.154  -0.508  -0.309
  1954  -1.354  -2.148  -0.014   1.057  -0.343   1.549  -0.234   1.228  -0.215  -0.046  -0.144
  1955  -0.437  -3.002  -0.077   1.560  -0.179   1.097  -0.848  -0.279  -0.078   0.157  -0.478
  1956   1.594  -3.243   0.018   0.755  -0.198   0.286  -0.431  -1.023  -0.628   0.276  -0.906
  1957   2.268  -0.383   0.612   0.578   1.704   1.389  -0.931  -0.018  -1.092   0.584   0.134
  1958   4.528  -0.273   0.473  -0.843   1.834   0.605  -0.632   0.169  -0.159   0.538  -0.067
  1959  -0.774  -0.710   0.529   0.515   1.226   0.338   0.449  -0.475   0.245  -0.483  -0.574
  1960   0.409  -1.366   1.427  -0.030   0.995   0.275   0.864  -0.509   0.487  -0.334   0.048
  1961   1.791  -1.829  -0.466   0.709  -0.667  -0.672  -0.395  -0.230  -0.222  -0.908   0.367
  1962   0.691  -1.701  -0.953   1.434  -0.089  -1.045  -0.252   0.537   0.733   0.745   0.475
  1963   1.145  -1.581  -1.657   2.126  -0.592  -0.513   0.221   0.344   0.483   0.186   0.328
  1964  -0.285  -1.924  -0.583  -0.133  -0.235  -0.141  -0.780   1.322   0.573   0.036   0.061
  1965  -1.585  -1.222  -0.314  -0.962  -1.317   0.816  -1.028   0.309   0.149   0.054  -0.245
  1966  -3.000  -1.300   0.966  -0.309  -0.640   0.781  -0.220  -0.973  -0.428  -0.208  -0.457
  1967  -2.051  -1.402   0.051  -0.970  -0.260   1.335  -0.080   0.531  -0.011   0.225   0.071
  1968   3.589   0.713  -0.378  -1.621  -0.911   0.366   0.285  -0.403   0.218  -0.616   0.192
  1969   1.829  -0.434  -0.235  -2.067  -1.187   0.524  -1.180  -0.636   0.257  -0.432   0.019
  1970   4.192   1.729   0.016   0.329  -0.582   0.838  -0.075  -1.297  -0.188  -0.710   0.622
  1971  -0.548   0.403   0.286  -0.663  -0.313   0.458  -0.286  -0.916   0.769   0.124   0.805
  1972  -3.068   0.724  -0.737  -0.486   0.734  -0.091  -0.032  -0.458   0.831  -0.186  -0.358
  1973  -4.540   0.029  -0.663  -0.866   0.345   0.528  -0.039  -1.631   0.922   0.687   0.356
  1974  -2.833   0.887  -0.991  -0.041   0.875  -0.672  -0.705  -1.416   0.306  -0.232   0.257
  1975   0.332   1.272  -1.537   0.473   1.320  -0.522  -1.472   0.341   0.741  -0.128   0.286
  1976   0.829   0.458  -1.712   0.693   0.267  -0.730  -0.709   0.322  -0.194  -0.630   0.044
  1977  -2.882  -0.199  -0.762   0.198  -0.321  -0.879   0.135   0.789  -1.080   0.018   0.592
  1978   1.135   1.821  -0.185   0.083  -0.214  -0.231  -0.175   0.680   0.340   0.323   0.452
  1979  -0.037   1.298  -1.193  -1.048   0.384  -0.904  -0.630   0.110  -0.647  -0.525  -0.807
  1980  -3.354   1.423   1.698  -0.349   0.578  -0.727   0.004   0.449  -1.177  -0.212   0.355
  1981  -2.222   0.965   1.946   0.002  -0.973   0.211  -0.360   0.631  -0.025   0.264   0.336
  1982  -0.518   0.077   1.825   1.002   0.108  -0.126  -0.343   0.551   0.100  -0.234   0.288
  1983  -0.372  -0.004   0.981  -0.095  -0.423  -1.692  -0.222  -0.328  -0.140   0.460  -0.753
  1984  -0.737  -1.267   0.410  -0.722  -0.432  -1.308  -0.057   0.975  -0.385  -0.880  -0.181
  1985  -1.199  -2.266   0.097   0.243   0.416  -1.253  -0.090  -1.011  -0.480   0.320  -0.019
  1986   2.476  -1.311   3.043   0.049  -0.131  -0.765  -0.168  -0.615   0.330   0.232   0.818
  1987   0.671  -0.632   0.555  -0.283  -0.148  -1.730   0.706  -0.182   0.631   0.724  -0.147
  1988   0.514  -0.849  -0.822   0.842  -0.490   0.006   2.398  -0.675  -0.031  -0.088   0.052
  1989   1.510   0.051  -0.168   0.894   0.018   0.478   1.678   0.361   0.373  -0.944  -0.291
  1990   2.455   0.173   1.064  -0.790   0.524  -0.642   0.660   0.479   0.757  -0.188  -0.562
  1991  -0.829  -0.565   0.430  -0.540  -0.166  -0.468   0.792   0.095   0.377   0.297   0.022
  1992   1.087  -0.270   0.481  -1.043  -0.291  -0.316   0.453   0.678  -0.615  -0.287   0.502
  1993   1.332  -0.835  -1.497  -1.501  -0.341  -0.126   0.930   0.091  -0.635   1.175  -0.040
  1994   1.013  -0.177  -1.702  -1.370  -0.359   0.050   0.267  -0.244  -1.188   0.184   0.194
  1995   1.126   0.668  -0.018   0.033   0.996   0.223   0.818   0.384  -0.099  -0.067  -0.631
  1996   0.163   0.924  -0.349  -1.214   1.435   0.551   0.658   1.206   0.652   1.059  -0.310
  1997  -2.449   1.034  -0.219   0.995   1.247   0.580   1.005  -0.402  -0.620  -0.814   0.313
  1998   0.486   2.745   0.236   0.778   0.741  -0.177  -1.183   0.062   0.181  -0.246   0.164
  1999  -1.086   1.249   0.087  -0.512   0.296   0.071   0.107   0.720  -0.905  -0.373  -0.007
  2000  -0.570   1.128  -0.908   0.001   0.070   0.886   0.920  -0.255   0.060  -0.079   0.529
