  year  #   1
  1950   1.595
  1951   1.768
  1952   0.786
  1953   1.043
  1954   0.725
  1955   1.013
  1956   1.649
  1957   1.758
  1958   2.482
  1959   0.702
  1960   1.052
  1961   1.272
  1962   0.875
  1963   0.972
  1964   0.443
  1965   0.017
  1966  -0.359
  1967  -0.204
  1968   1.305
  1969   0.664
  1970   1.386
  1971  -0.082
  1972  -0.705
  1973  -1.095
  1974  -0.776
  1975  -0.039
  1976   0.012
  1977  -0.973
  1978  -0.032
  1979  -0.354
  1980  -1.233
  1981  -0.989
  1982  -0.646
  1983  -0.670
  1984  -0.806
  1985  -0.931
  1986  -0.082
  1987  -0.573
  1988  -0.526
  1989  -0.310
  1990  -0.211
  1991  -1.063
  1992  -0.701
  1993  -0.623
  1994  -0.739
  1995  -0.698
  1996  -0.958
  1997  -1.514
  1998  -0.963
  1999  -1.386
  2000  -1.276
