quve_drop_dead.rwl -- no data title --                    1st itrdb line missing     
quve_drop_dead.rwl -- no data title --                    2nd itrdb line missing     
quve_drop_dead.rwl -- no data title --                    3rd itrdb line missing     
quve_d18939990  09990  09990  0   0  1   0  1   0  1   0  1   0  1   0  1   0  1  err
quve_d1900   0  1   0  1   0  1   0  1   0  1   0  1   0  1   0  1   0  12155  2  err
quve_d19102269  23117  2  36  3   3  3 436  31372  3 788  3 500  3 673  3 780  4  err
quve_d1920 684  4 206  4 467  4 418  41307  6 845  8 829  8 748  8 774  8 802  8  err
quve_d1930 576  9 797  9 655  9 671  9 683  9 670  9 638  9 663  9 659  9 626  9  err
quve_d1940 682  9 577  9 628  9 618 10 538 10 584 10 553 11 628 11 552 11 576 11  err
quve_d1950 533 11 516 11 420 11 400 11 300 11 297 11 363 11 367 11 453 11 303 11  err
quve_d1960 329 11 401 11 348 11 325 11 325 11 330 11 237 11 278 11 401 12 392 12  err
quve_d1970 365 12 276 12 247 12 218 12 270 12 309 12 306 12 279 12 319 12 356 12  err
quve_d1980 346 12 297 12 266 12 348 12 340 12 280 12 327 12 362 12 325 12 336 12  err
quve_d1990 378 12 303 12 361 12 394 12 414 12 359 12 380 12 272 12 338 12 352 12  err
quve_d2000 291 12 372 12 306 12 339 12 297 12 325 12 302 12 295 11 280 11 306 11  err
quve_d2010 288 11 314 11 199 11 143 11 187  9 132  8 145  4  74  29990  09990  0  err
quve_drop_dead.rwl -- no data title --                    1st itrdb line missing     
quve_drop_dead.rwl -- no data title --                    2nd itrdb line missing     
quve_drop_dead.rwl -- no data title --                    3rd itrdb line missing     
quve_d18939990  09990  09990  0   0  1   0  1   0  1   0  1   0  1   0  1   0  1  err
quve_d1900   0  1   0  1   0  1   0  1   0  1   0  1   0  1   0  1   0  1 229  2  err
quve_d1910 176  2 200  2 103  3  82  3   2  3 221  3  41  3  55  3 165  3  33  4  err
quve_d1920  46  4 102  4 152  4  30  4 109  6  25  8  45  8  49  8 108  8  87  8  err
quve_d1930  22  9 100  9  67  9  52  9  41  9  49  9  67  9  64  9  65  9  62  9  err
quve_d1940  48  9  33  9   6  9  39 10  48 10  26 10  43 11  88 11  61 11  93 11  err
quve_d1950  91 11  73 11  47 11  49 11  55 11  68 11 106 11  53 11  49 11  40 11  err
quve_d1960  18 11  49 11  57 11  65 11  53 11  38 11  36 11  41 11  55 12  68 12  err
quve_d1970  73 12  35 12  33 12  36 12  46 12  51 12  42 12  42 12  37 12  42 12  err
quve_d1980  64 12  55 12  47 12  43 12  43 12  51 12  60 12  46 12  46 12  40 12  err
quve_d1990  33 12  28 12  27 12  35 12  49 12  28 12  44 12  53 12  47 12  36 12  err
quve_d2000  35 12  73 12  37 12  72 12  60 12  32 12  35 12  35 11  38 11  45 11  err
quve_d2010  37 11  60 11  53 11  64 11  79  9  89  8  18  4  81  29990  09990  0  err
quve_drop_dead.rwl -- no data title --                    1st itrdb line missing     
quve_drop_dead.rwl -- no data title --                    2nd itrdb line missing     
quve_drop_dead.rwl -- no data title --                    3rd itrdb line missing     
quve_d18939990  09990  09990  0   0  1   0  1   0  1   0  1   0  1   0  1   0  1  err
quve_d1900   0  1   0  1   0  1   0  1   0  1   0  1   0  1   0  1   0  1 269  2  err
quve_d1910  71  2 278  2  61  3  25  3 125  3 270  3  25  3   6  3 254  3 100  4  err
quve_d1920  14  4 138  4 129  4  31  4 137  6  23  8  41  8  83  8  56  8  61  8  err
quve_d1930  33  9 107  9  41  9  34  9  33  9  44  9  54  9  44  9  50  9  28  9  err
quve_d1940  48  9  22  9  25  9  27 10  33 10  41 10  49 11  66 11  34 11  59 11  err
quve_d1950  39 11  30 11  33 11  42 11  58 11  54 11  39 11  40 11  34 11  44 11  err
quve_d1960  39 11  49 11  44 11  33 11  30 11  22 11  28 11  44 11  43 12  46 12  err
quve_d1970  56 12  20 12  26 12  27 12  35 12  41 12  26 12  37 12  40 12  34 12  err
quve_d1980  64 12  43 12  32 12  39 12  42 12  35 12  30 12  20 12  25 12  35 12  err
quve_d1990  19 12  20 12  31 12  23 12  36 12  37 12  39 12  49 12  42 12  19 12  err
quve_d2000  38 12  61 12  32 12  57 12  47 12  18 12  28 12  29 11  35 11  27 11  err
quve_d2010  38 11  55 11  45 11  49 11  51  9  71  8  37  4  98  29990  09990  0  err
quve_drop_dead.rwl -- no data title --                    1st itrdb line missing     
quve_drop_dead.rwl -- no data title --                    2nd itrdb line missing     
quve_drop_dead.rwl -- no data title --                    3rd itrdb line missing     
quve_d18939990  09990  09990  0   0  1   0  1   0  1   0  1   0  1   0  1   0  1  err
quve_d1900   0  1   0  1   0  1   0  1   0  1   0  1   0  1   0  1   0  1 233  2  err
quve_d1910  62  2 241  2  53  3  22  3 109  3 233  3  22  3   6  3 220  3  87  4  err
quve_d1920  12  4 120  4 112  4  27  4 119  6  20  8  36  8  72  8  49  8  53  8  err
quve_d1930  29  9  93  9  36  9  29  9  28  9  38  9  47  9  38  9  43  9  24  9  err
quve_d1940  42  9  19  9  22  9  24 10  29 10  35 10  42 11  57 11  29 11  51 11  err
quve_d1950  34 11  26 11  28 11  36 11  50 11  47 11  34 11  35 11  30 11  38 11  err
quve_d1960  34 11  42 11  38 11  28 11  26 11  19 11  24 11  38 11  37 12  40 12  err
quve_d1970  49 12  18 12  23 12  23 12  30 12  36 12  23 12  32 12  35 12  30 12  err
quve_d1980  56 12  37 12  28 12  34 12  36 12  30 12  26 12  17 12  22 12  30 12  err
quve_d1990  16 12  17 12  27 12  20 12  31 12  32 12  34 12  42 12  36 12  17 12  err
quve_d2000  33 12  53 12  28 12  49 12  40 12  15 12  25 12  25 11  30 11  23 11  err
quve_d2010  33 11  48 11  39 11  42 11  44  9  61  8  32  4  85  29990  09990  0  err
