 eigenvalue  3.716   2.411   0.943   0.831   0.619   0.600   0.555   0.510   0.343   0.278   0.194
 eval sderr  0.736   0.477   0.187   0.164   0.123   0.119   0.110   0.101   0.068   0.055   0.038
 % variance  0.338   0.219   0.086   0.076   0.056   0.055   0.050   0.046   0.031   0.025   0.018
 cumulative  0.338   0.557   0.643   0.718   0.774   0.829   0.879   0.926   0.957   0.982   1.000
 brokn stck  3.020   2.020   1.520   1.187   0.937   0.737   0.570   0.427   0.302   0.191   0.091
 series_id   #  1       2       3       4       5       6       7       8       9      10      11
  70228      0.338   0.369  -0.047  -0.159  -0.014  -0.269   0.107  -0.209   0.372   0.446   0.508
  32177      0.357   0.037  -0.300  -0.347  -0.399   0.548  -0.200   0.043   0.118   0.201  -0.325
  182024     0.298   0.131  -0.398   0.568  -0.066   0.157   0.464  -0.330  -0.198  -0.138  -0.037
  82418      0.311  -0.036   0.693   0.090  -0.182   0.398  -0.087  -0.178  -0.147  -0.201   0.347
  142568     0.131   0.470   0.251   0.464   0.100  -0.032  -0.252   0.217   0.444  -0.062  -0.402
  190807     0.305  -0.381  -0.098  -0.177   0.311   0.059   0.213   0.067   0.562  -0.502   0.060
  112440     0.362   0.135   0.219  -0.231  -0.211  -0.325   0.481   0.497  -0.272  -0.070  -0.205
  152651     0.259   0.343  -0.120  -0.220   0.710   0.178  -0.200   0.065  -0.407  -0.069   0.039
  160921     0.371  -0.125  -0.104  -0.033  -0.190  -0.548  -0.503  -0.343  -0.163  -0.286  -0.137
  180778     0.263  -0.360  -0.207   0.408  -0.009  -0.007  -0.277   0.575  -0.090   0.224   0.355
  82059      0.241  -0.444   0.282   0.081   0.334  -0.049   0.124  -0.250  -0.019   0.551  -0.402
