 eigenvalue 11.302   5.083   3.984   2.874   2.389   1.895   1.588   1.328   1.232   1.042   0.854   0.732   0.712   0.623   0.563   0.533   0.475   0.451   0.423   0.392   0.351   0.333   0.284   0.253   0.243   0.226   0.214   0.170   0.167   0.152   0.146   0.123   0.109   0.104   0.088   0.086   0.073   0.063   0.052   0.042   0.035   0.032   0.030   0.026   0.023   0.016   0.013   0.011   0.009   0.004   0.000
 eval sderr  2.238   1.007   0.789   0.569   0.473   0.375   0.314   0.263   0.244   0.206   0.169   0.145   0.141   0.123   0.112   0.105   0.094   0.089   0.084   0.078   0.070   0.066   0.056   0.050   0.048   0.045   0.042   0.034   0.033   0.030   0.029   0.024   0.022   0.021   0.018   0.017   0.014   0.012   0.010   0.008   0.007   0.006   0.006   0.005   0.005   0.003   0.003   0.002   0.002   0.001   0.000
 % variance  0.269   0.121   0.095   0.069   0.057   0.045   0.038   0.032   0.029   0.025   0.020   0.017   0.017   0.015   0.013   0.013   0.011   0.011   0.010   0.009   0.008   0.008   0.007   0.006   0.006   0.005   0.005   0.004   0.004   0.004   0.003   0.003   0.003   0.002   0.002   0.002   0.002   0.001   0.001   0.001   0.001   0.001   0.001   0.001   0.001   0.000   0.000   0.000   0.000   0.000   0.000
 cumulative  0.269   0.391   0.486   0.554   0.611   0.656   0.694   0.726   0.755   0.780   0.800   0.818   0.835   0.849   0.863   0.876   0.887   0.898   0.908   0.917   0.925   0.933   0.940   0.946   0.952   0.957   0.962   0.967   0.971   0.974   0.978   0.981   0.983   0.986   0.988   0.990   0.992   0.993   0.994   0.995   0.996   0.997   0.998   0.998   0.999   0.999   0.999   1.000   1.000   1.000   1.000
 brokn stck  4.519   3.519   3.019   2.685   2.435   2.235   2.069   1.926   1.801   1.690   1.590   1.499   1.416   1.339   1.267   1.201   1.138   1.079   1.024   0.971   0.921   0.873   0.828   0.785   0.743   0.703   0.664   0.627   0.592   0.557   0.524   0.492   0.460   0.430   0.401   0.372   0.344   0.317   0.291   0.265   0.240   0.216   0.192   0.169   0.146   0.124   0.102   0.081   0.060   0.040   0.020
 series_id   #  1       2       3       4       5       6       7       8       9      10      11      12      13      14      15      16      17      18      19      20      21      22      23      24      25      26      27      28      29      30      31      32      33      34      35      36      37      38      39      40      41      42      43      44      45      46      47      48      49      50      51
  100990     0.117   0.154  -0.049  -0.131   0.078   0.049   0.145  -0.054  -0.044  -0.176  -0.062  -0.107  -0.315   0.333   0.128   0.050   0.174  -0.098  -0.227   0.026  -0.004  -0.061  -0.086   0.099  -0.045   0.262   0.080   0.247  -0.018   0.038  -0.211   0.028  -0.076  -0.094   0.052  -0.142  -0.138  -0.047  -0.090   0.029  -0.015  -0.067  -0.160  -0.097   0.059  -0.055   0.136  -0.033   0.111  -0.030   0.050
  90546      0.132   0.095   0.112   0.017  -0.068  -0.168  -0.201   0.007   0.121   0.248  -0.017   0.070  -0.010  -0.207  -0.265   0.033   0.176   0.068   0.009   0.107   0.001  -0.191   0.048  -0.145  -0.132   0.248  -0.014   0.226   0.314   0.101  -0.121   0.277  -0.030   0.003   0.103   0.094   0.115  -0.157  -0.074   0.030  -0.037   0.072  -0.142   0.007  -0.043  -0.119  -0.128   0.161  -0.220  -0.048  -0.015
  60315      0.052   0.162   0.179  -0.023  -0.041  -0.155  -0.121  -0.004  -0.323   0.106   0.113   0.123  -0.129  -0.013  -0.017   0.196   0.140  -0.110  -0.040   0.431   0.017  -0.025  -0.019   0.184   0.106  -0.093  -0.049  -0.069  -0.026  -0.175   0.002  -0.098   0.082   0.029  -0.049   0.052   0.036  -0.005   0.244  -0.129  -0.037  -0.023   0.176   0.012  -0.004   0.046  -0.025  -0.034   0.031  -0.072   0.021
  80371      0.183  -0.063  -0.169  -0.121  -0.036   0.154  -0.051   0.001   0.009  -0.006  -0.095  -0.088  -0.058  -0.109   0.021  -0.099   0.053   0.024  -0.079  -0.033  -0.113  -0.009  -0.052   0.057   0.106  -0.125   0.127  -0.100   0.114   0.165   0.083   0.065   0.035   0.104  -0.207  -0.049   0.106   0.015  -0.142   0.110  -0.081  -0.180   0.028   0.236   0.109   0.000  -0.158   0.289   0.036  -0.057   0.016
  80745      0.146   0.102  -0.070  -0.136   0.043   0.121   0.129   0.013  -0.185  -0.206   0.068  -0.039   0.344  -0.015   0.019  -0.008   0.061   0.024   0.036   0.078   0.141  -0.258   0.009   0.081   0.202  -0.167   0.097   0.171  -0.066   0.107   0.007   0.172  -0.087   0.020  -0.151  -0.046  -0.027  -0.174   0.221  -0.130  -0.009   0.152   0.192   0.116  -0.103  -0.031  -0.012  -0.031  -0.146   0.084   0.053
  70471      0.163  -0.005  -0.192  -0.043   0.203  -0.092   0.006   0.117   0.026  -0.101   0.204   0.043  -0.089  -0.089   0.072   0.055  -0.025   0.123  -0.021   0.038  -0.049   0.008   0.011  -0.045  -0.035   0.007  -0.192  -0.033  -0.018   0.121   0.065   0.066  -0.022  -0.052   0.005   0.150   0.017  -0.011  -0.100   0.017   0.181   0.291   0.133  -0.126  -0.043   0.064   0.165  -0.045  -0.114  -0.035   0.407
  80451      0.170  -0.016   0.012   0.103   0.013   0.015  -0.065  -0.084  -0.233  -0.022  -0.110  -0.248  -0.201   0.149  -0.066   0.253  -0.085  -0.069   0.331   0.006  -0.083  -0.229  -0.009  -0.017   0.133   0.083   0.105  -0.157  -0.048  -0.011   0.050   0.031  -0.213   0.070   0.142   0.066   0.256   0.016   0.049   0.066   0.058  -0.181  -0.076  -0.123   0.104   0.226  -0.014   0.021  -0.037  -0.190   0.176
  50455      0.052  -0.119   0.082  -0.277   0.193  -0.206   0.015   0.119   0.086   0.032   0.116   0.144  -0.111   0.122   0.181   0.077   0.040   0.166   0.007   0.151   0.225  -0.044  -0.018  -0.050  -0.098   0.068   0.155  -0.142   0.003   0.005   0.092   0.003  -0.035  -0.073  -0.185   0.083   0.142   0.095  -0.033   0.052   0.020   0.125  -0.047   0.139   0.097  -0.068   0.083   0.036   0.155   0.128  -0.116
  50322      0.177   0.031   0.129  -0.025   0.073  -0.176   0.139   0.061   0.040   0.111  -0.032   0.041   0.108  -0.019   0.256  -0.009  -0.098  -0.190   0.117  -0.178  -0.002   0.189   0.078  -0.031  -0.048  -0.078  -0.152  -0.071  -0.073  -0.160  -0.036   0.149  -0.161  -0.201   0.092  -0.115  -0.045  -0.053   0.155   0.067  -0.109  -0.007  -0.116   0.032   0.021  -0.032  -0.191   0.120   0.066  -0.234   0.018
  101212     0.080   0.014  -0.028  -0.249   0.315  -0.021  -0.109   0.012  -0.179   0.091  -0.197   0.131  -0.098  -0.061   0.072   0.010   0.029   0.023  -0.025  -0.105  -0.209   0.053  -0.066   0.108  -0.092   0.010   0.063  -0.126  -0.250  -0.004   0.023  -0.088   0.210   0.105   0.224  -0.048   0.039  -0.108  -0.018  -0.103  -0.162  -0.013  -0.146   0.213  -0.133  -0.083   0.076   0.035  -0.214   0.119   0.062
  80540      0.000   0.119   0.007  -0.112  -0.254   0.139  -0.143   0.167   0.198   0.025  -0.082   0.075   0.028   0.040   0.299   0.427   0.119  -0.110   0.117  -0.075  -0.059  -0.038   0.450   0.099   0.075   0.054   0.069   0.094   0.119   0.016   0.036  -0.065   0.187  -0.142  -0.013  -0.087  -0.105  -0.164  -0.022   0.059  -0.072   0.009   0.026   0.017   0.047   0.064  -0.019  -0.104   0.035   0.125   0.018
  70519      0.193   0.027  -0.119  -0.050   0.051  -0.015  -0.221  -0.014  -0.006   0.009   0.130   0.101   0.032  -0.094   0.097  -0.112   0.060  -0.192   0.061  -0.065  -0.175   0.099   0.016  -0.044  -0.100  -0.171   0.110  -0.056   0.012   0.085  -0.156  -0.059   0.031   0.118  -0.065   0.046  -0.030  -0.135  -0.113  -0.192  -0.134  -0.001  -0.127   0.153   0.041   0.226   0.187  -0.048   0.012  -0.139  -0.014
  90130      0.016   0.254  -0.097   0.002   0.006   0.159   0.263  -0.043  -0.053   0.000  -0.084   0.077  -0.025  -0.085  -0.019   0.016   0.192  -0.028  -0.095   0.300   0.006   0.238   0.142  -0.105   0.018  -0.071  -0.131  -0.008   0.077   0.205   0.393  -0.113  -0.027  -0.006   0.156   0.179   0.037   0.095  -0.030  -0.029  -0.067  -0.175  -0.135   0.000   0.084  -0.065  -0.005   0.180  -0.012   0.063  -0.015
  70536      0.142   0.027  -0.123  -0.067  -0.060  -0.135  -0.129  -0.050   0.257  -0.198   0.224  -0.183   0.014   0.176  -0.097  -0.126  -0.038  -0.108   0.025  -0.002  -0.234  -0.004  -0.111   0.356   0.032  -0.079   0.030   0.014   0.069   0.028   0.040   0.144   0.104  -0.039   0.172   0.065  -0.119   0.166  -0.036  -0.039  -0.053  -0.075   0.115  -0.089   0.095  -0.041  -0.132   0.077  -0.082   0.252  -0.021
  60078      0.198   0.002  -0.076  -0.043  -0.108  -0.037   0.125  -0.075  -0.063   0.054   0.098  -0.197  -0.058  -0.075   0.054  -0.034  -0.007   0.144   0.133  -0.179   0.127  -0.096   0.126   0.039  -0.178   0.013  -0.207   0.223  -0.037  -0.125   0.104  -0.038   0.079   0.192  -0.042  -0.048   0.108  -0.056  -0.003  -0.421  -0.042  -0.191   0.147   0.007   0.294  -0.185   0.116   0.004   0.060  -0.075  -0.211
  70371      0.176   0.034   0.181   0.005   0.069  -0.001   0.141  -0.025  -0.057  -0.057  -0.075  -0.200   0.159   0.020   0.274  -0.046  -0.044   0.014  -0.018  -0.123   0.047  -0.108  -0.033  -0.090   0.046   0.018  -0.239  -0.111   0.061   0.058  -0.041   0.065  -0.022  -0.237   0.055   0.100  -0.025   0.053   0.001  -0.178   0.022  -0.025  -0.175   0.079  -0.228   0.149  -0.212   0.119  -0.046   0.142  -0.053
  60121      0.182   0.047   0.123   0.031  -0.054  -0.182  -0.042   0.000   0.007   0.188  -0.112  -0.039  -0.103   0.027   0.029  -0.096   0.116   0.058   0.001  -0.125  -0.222  -0.033  -0.142  -0.125   0.296   0.023  -0.156  -0.189   0.066  -0.077   0.037  -0.051   0.084   0.168  -0.240  -0.038  -0.171  -0.146   0.033   0.181   0.087  -0.139   0.075  -0.167  -0.063  -0.161   0.156   0.052   0.120   0.222  -0.064
  80089      0.136  -0.002   0.200  -0.022  -0.059  -0.152  -0.035  -0.203  -0.095   0.069  -0.254  -0.064   0.060  -0.172   0.175  -0.091   0.175   0.155  -0.021   0.064  -0.159   0.079  -0.053  -0.033  -0.090   0.094   0.120   0.243  -0.012   0.112  -0.195   0.020   0.045  -0.049  -0.104   0.024  -0.107   0.405   0.144  -0.025  -0.042   0.017   0.227   0.060   0.017   0.087  -0.024  -0.065   0.152   0.022   0.203
  60377      0.065  -0.186   0.251  -0.085   0.070   0.014  -0.002  -0.132  -0.060  -0.151  -0.072  -0.028   0.186  -0.034  -0.060  -0.113  -0.138   0.014  -0.040   0.006  -0.067   0.013   0.239   0.139  -0.110  -0.083  -0.140   0.053   0.346  -0.071   0.004  -0.167   0.122   0.222   0.176   0.071  -0.051   0.033   0.040   0.164  -0.001   0.145  -0.127  -0.047   0.210   0.220   0.198  -0.076   0.071  -0.063   0.086
  90558     -0.017   0.310  -0.050   0.055  -0.062  -0.045  -0.034   0.080   0.007   0.008  -0.010   0.098  -0.006   0.093   0.141  -0.105  -0.229  -0.161  -0.039   0.135   0.002  -0.184  -0.173  -0.258  -0.071  -0.141  -0.203  -0.016  -0.019  -0.047  -0.193  -0.155   0.169  -0.055   0.103   0.001   0.122   0.052  -0.114   0.098  -0.128   0.004   0.154  -0.093   0.148   0.025  -0.003  -0.095  -0.070   0.183  -0.060
  70559      0.145   0.121  -0.243  -0.016  -0.019  -0.018   0.063   0.122   0.175   0.006  -0.025   0.022   0.060  -0.011   0.078  -0.063   0.086   0.049  -0.029   0.126   0.040  -0.054  -0.036  -0.054   0.057  -0.006  -0.134  -0.228   0.121  -0.002   0.061   0.333   0.170   0.155  -0.028   0.007  -0.130  -0.060   0.062   0.114   0.060  -0.150   0.047   0.040  -0.072   0.180   0.022  -0.265   0.158  -0.313   0.047
  90283      0.023   0.181  -0.045   0.208   0.273  -0.001  -0.105  -0.154   0.127   0.072  -0.116  -0.109   0.067   0.015   0.036  -0.077   0.125   0.285   0.082  -0.004   0.108   0.016   0.208   0.059  -0.082  -0.132   0.127  -0.110  -0.055  -0.012   0.019  -0.031  -0.122  -0.173   0.132  -0.059   0.018   0.104   0.029   0.275   0.021  -0.218   0.172   0.161   0.098  -0.117   0.067  -0.293  -0.177   0.006  -0.074
  50314      0.096   0.026   0.006  -0.290   0.063  -0.209  -0.094  -0.033  -0.026  -0.161  -0.018   0.191   0.318   0.033  -0.141   0.071  -0.177  -0.029   0.145  -0.057   0.058   0.153  -0.032  -0.098   0.070   0.266   0.187  -0.066   0.107   0.173   0.126  -0.034  -0.084  -0.087  -0.030   0.012   0.149   0.051  -0.080  -0.107  -0.011  -0.252   0.056  -0.185  -0.048   0.021   0.064  -0.137   0.229   0.064  -0.114
  162397     0.070  -0.068   0.161   0.235  -0.053   0.112  -0.235  -0.086   0.184  -0.283  -0.053   0.013   0.081  -0.058   0.015   0.176   0.142   0.051  -0.085   0.035   0.044   0.040  -0.075  -0.162  -0.036   0.099   0.024  -0.138  -0.193  -0.198   0.109   0.066  -0.168   0.081  -0.010  -0.147  -0.223  -0.042  -0.107  -0.141   0.008   0.058   0.079   0.079  -0.010   0.060   0.285   0.209  -0.049  -0.028  -0.064
  162295     0.124  -0.101   0.188   0.102   0.059   0.264  -0.086   0.001   0.063  -0.177  -0.054  -0.033   0.077  -0.199   0.093   0.054  -0.072  -0.029  -0.130   0.091   0.125  -0.047  -0.103  -0.144  -0.023  -0.001  -0.042   0.060  -0.172   0.040  -0.068  -0.084   0.215  -0.017  -0.154   0.127   0.168  -0.095  -0.213   0.044  -0.183  -0.172   0.013  -0.182   0.048  -0.145  -0.149  -0.096   0.129  -0.105   0.179
  172168     0.160   0.038  -0.085   0.180  -0.027  -0.118  -0.138   0.055  -0.017  -0.012   0.268  -0.108  -0.043   0.133  -0.129  -0.189   0.206   0.088   0.145   0.021  -0.053  -0.102   0.229  -0.139  -0.018  -0.046  -0.057   0.094  -0.104   0.005   0.016  -0.315  -0.035  -0.188  -0.132   0.081  -0.044   0.068  -0.171  -0.112  -0.076  -0.020  -0.225   0.068  -0.273   0.078  -0.014  -0.135   0.132  -0.014   0.036
  112142     0.134  -0.187   0.037   0.126  -0.012   0.057   0.053  -0.092  -0.169   0.032   0.112   0.223   0.037   0.215  -0.071   0.051   0.161  -0.252   0.085  -0.019   0.147   0.064  -0.052  -0.112  -0.074  -0.276   0.064  -0.058   0.303  -0.014  -0.188  -0.025  -0.045  -0.085  -0.196  -0.055  -0.058   0.083  -0.039   0.066   0.071  -0.120   0.009   0.118   0.092   0.012   0.028   0.101  -0.143   0.084  -0.038
  180996     0.139   0.067  -0.115   0.072   0.114   0.014  -0.005  -0.252   0.016  -0.052  -0.269   0.111  -0.153  -0.144  -0.224  -0.167  -0.013  -0.222   0.269   0.133   0.154   0.096   0.123   0.078   0.154  -0.066  -0.030   0.003  -0.097  -0.150  -0.039   0.249   0.093  -0.159   0.069  -0.054  -0.018  -0.044  -0.113  -0.062  -0.092   0.288   0.001  -0.084  -0.037  -0.071   0.050  -0.003   0.296   0.084  -0.113
  142539     0.014   0.204   0.200   0.034   0.139   0.113  -0.158   0.072   0.076  -0.054   0.141  -0.001  -0.290  -0.152  -0.119   0.045  -0.053  -0.023  -0.001  -0.305   0.060   0.110   0.009   0.023   0.146   0.064  -0.026  -0.056  -0.028   0.240  -0.038  -0.086  -0.030  -0.104  -0.039   0.247  -0.053   0.016   0.139  -0.006  -0.124   0.103   0.306   0.034   0.130   0.230  -0.111   0.093  -0.019  -0.049  -0.198
  162398     0.110   0.177   0.076  -0.170   0.050   0.043  -0.015   0.012   0.189  -0.161  -0.157  -0.122   0.034   0.113  -0.240   0.127  -0.068   0.202   0.129   0.078  -0.112   0.339  -0.047  -0.058  -0.020  -0.252  -0.058   0.065   0.047  -0.059  -0.179  -0.154  -0.107  -0.028  -0.219   0.013   0.009  -0.244   0.183  -0.029   0.008  -0.016  -0.118  -0.134  -0.012  -0.179  -0.032  -0.004  -0.144   0.018   0.167
  70602      0.205  -0.098   0.012   0.032   0.039  -0.140  -0.005  -0.066  -0.012   0.043  -0.037  -0.026  -0.008   0.153  -0.022   0.160  -0.158  -0.087  -0.009   0.037  -0.041   0.083   0.034  -0.104  -0.010   0.043  -0.043   0.137   0.083  -0.108   0.360  -0.170  -0.021   0.180   0.061  -0.205  -0.089   0.059  -0.245   0.057  -0.114   0.144   0.327   0.106  -0.257  -0.061  -0.290  -0.036  -0.108  -0.033   0.072
  122404     0.156   0.034   0.110   0.003   0.007   0.235   0.031   0.241   0.063   0.061  -0.009  -0.253   0.079   0.056  -0.193   0.055   0.091  -0.145  -0.061   0.033  -0.051   0.056  -0.269  -0.180  -0.042   0.011   0.157  -0.060   0.162   0.088  -0.016  -0.085   0.154  -0.059   0.312  -0.153   0.089   0.065   0.144  -0.136   0.080   0.138   0.054   0.178  -0.107  -0.095   0.098  -0.222   0.125  -0.119  -0.168
  72232      0.069   0.142   0.113  -0.138   0.089   0.123   0.162  -0.180   0.197   0.230   0.093  -0.035  -0.073  -0.041  -0.188   0.296  -0.238   0.080  -0.153  -0.057  -0.043  -0.251  -0.029   0.218  -0.107  -0.206  -0.103  -0.033   0.055  -0.070  -0.015   0.019  -0.081  -0.043  -0.184  -0.008   0.050   0.149  -0.097   0.070  -0.129   0.030  -0.054   0.122  -0.223   0.008   0.170   0.007   0.216  -0.066  -0.053
  60210      0.139  -0.008   0.056  -0.020  -0.024  -0.120   0.312  -0.087   0.100   0.214   0.152  -0.241   0.057  -0.004  -0.150   0.006  -0.104  -0.181  -0.053   0.145   0.069   0.178   0.210  -0.122  -0.041   0.094   0.210   0.020  -0.382   0.200  -0.092   0.015   0.218   0.101  -0.135  -0.133  -0.038  -0.064  -0.013   0.181   0.053   0.011   0.009  -0.054   0.049   0.240   0.052   0.087  -0.151   0.032  -0.037
  92046      0.092   0.150   0.100   0.131  -0.211  -0.089  -0.034  -0.143  -0.222  -0.226   0.030   0.060   0.168   0.086  -0.078   0.018   0.089   0.098  -0.102  -0.102  -0.149  -0.207   0.021   0.021  -0.165  -0.043  -0.020  -0.159  -0.160   0.261   0.200   0.014   0.055  -0.014   0.009  -0.088   0.078  -0.107   0.112   0.279  -0.125   0.242  -0.155  -0.035   0.056  -0.075   0.000   0.044   0.139   0.053  -0.148
  52111     -0.044   0.306   0.036   0.059  -0.025  -0.180   0.017   0.013   0.021  -0.082   0.062  -0.042   0.068  -0.091  -0.072  -0.045  -0.257  -0.007   0.044   0.037   0.047  -0.045  -0.049  -0.074   0.103   0.263  -0.088  -0.069   0.112  -0.082   0.049  -0.061   0.093  -0.155  -0.076  -0.242  -0.028   0.008   0.032  -0.071   0.011  -0.040  -0.089   0.352   0.258  -0.002   0.229   0.115  -0.124   0.026   0.228
  60016     -0.024   0.305  -0.056   0.059   0.155   0.098  -0.035   0.009  -0.023  -0.032   0.106   0.063  -0.049   0.024   0.121   0.054   0.067   0.047  -0.045  -0.108  -0.065   0.174   0.091  -0.190  -0.163  -0.076  -0.053   0.105   0.105   0.007  -0.009   0.139  -0.126   0.275   0.011  -0.252   0.162   0.187   0.112  -0.068   0.093   0.026   0.039  -0.246  -0.140   0.191   0.049   0.171   0.112   0.132  -0.057
  132206     0.150   0.092   0.108  -0.019  -0.179   0.227  -0.013  -0.057  -0.083  -0.112   0.155   0.161  -0.098   0.011  -0.065  -0.008  -0.117   0.032  -0.093  -0.049  -0.117   0.191   0.142  -0.031   0.190   0.183  -0.044  -0.052  -0.108  -0.185  -0.043   0.206   0.009   0.171  -0.128   0.075   0.068   0.304  -0.013  -0.018   0.155   0.041  -0.257   0.217   0.046  -0.114  -0.193  -0.338  -0.120   0.090  -0.019
  112336     0.091  -0.125   0.185   0.080   0.024  -0.079   0.056   0.156   0.298  -0.073  -0.058   0.340   0.012   0.117  -0.018  -0.078   0.046   0.052  -0.010   0.067  -0.165  -0.113  -0.031   0.050   0.254  -0.161  -0.078   0.324  -0.200   0.022   0.016   0.072  -0.050  -0.003   0.099  -0.189   0.384   0.069  -0.005   0.020  -0.031  -0.133   0.002   0.073   0.047   0.180   0.092   0.033  -0.067  -0.045  -0.047
  142565     0.069  -0.005   0.205  -0.070   0.170   0.087   0.144   0.303  -0.199  -0.059  -0.070   0.000  -0.197  -0.085  -0.129  -0.304   0.022  -0.061  -0.081  -0.165  -0.083  -0.109   0.166  -0.082  -0.048   0.005   0.115   0.109   0.103  -0.165   0.206   0.045  -0.053  -0.104  -0.116  -0.072   0.014  -0.215  -0.036   0.105   0.108  -0.015   0.124  -0.039   0.034   0.067   0.011  -0.155  -0.028   0.108  -0.027
  122211     0.151  -0.074   0.148   0.187  -0.031   0.010   0.130   0.050  -0.126  -0.082   0.038   0.124  -0.156   0.013   0.192   0.075  -0.222   0.099   0.221   0.033  -0.065   0.050   0.097   0.065   0.036  -0.055   0.004  -0.035   0.091   0.370  -0.141   0.092   0.137  -0.005   0.067   0.012  -0.077   0.058  -0.141  -0.019   0.141   0.016   0.076  -0.068  -0.129  -0.357   0.246   0.022  -0.160  -0.153  -0.156
  82058      0.193  -0.046  -0.108  -0.084   0.044   0.001  -0.051  -0.048   0.090  -0.115   0.054   0.141  -0.135  -0.133   0.006  -0.063  -0.118  -0.027  -0.157   0.108   0.040  -0.237   0.175  -0.110  -0.178   0.013   0.111  -0.256   0.037   0.035  -0.178  -0.091  -0.230   0.101   0.048  -0.280  -0.097   0.034   0.148  -0.061  -0.107   0.002   0.018  -0.146   0.131  -0.142  -0.269  -0.062  -0.048  -0.005   0.007
  192029     0.108  -0.206   0.107  -0.093   0.131   0.170  -0.152   0.050   0.016  -0.035   0.133  -0.116  -0.075  -0.034   0.009  -0.050  -0.144   0.137  -0.031   0.320   0.066  -0.081   0.172  -0.091   0.153  -0.018  -0.059   0.014   0.008  -0.023  -0.045  -0.010   0.037  -0.058   0.236  -0.029  -0.190  -0.027   0.094   0.034   0.133  -0.173  -0.038   0.071  -0.043   0.057   0.010   0.240   0.181   0.227  -0.038
  32138A     0.130  -0.018  -0.047   0.143   0.121   0.150   0.012   0.102   0.087   0.299  -0.196   0.093   0.259   0.220  -0.011  -0.141  -0.073  -0.072  -0.193   0.129  -0.155  -0.080   0.160   0.177   0.114   0.264  -0.084  -0.124  -0.033   0.072  -0.051  -0.153  -0.239   0.043  -0.124   0.153  -0.056   0.020   0.056  -0.218  -0.049   0.096   0.043  -0.152   0.067  -0.016   0.089   0.010  -0.096  -0.057  -0.134
  60507      0.194  -0.014  -0.119  -0.008  -0.119   0.095   0.132  -0.075   0.010   0.013   0.013   0.092  -0.009  -0.204   0.026   0.053  -0.032  -0.258  -0.029  -0.108   0.040  -0.051  -0.137  -0.068   0.020   0.050   0.035   0.170   0.015  -0.031   0.094  -0.045  -0.319  -0.045   0.087   0.237  -0.128   0.058   0.035   0.194  -0.168  -0.079   0.036   0.063  -0.022  -0.046   0.294  -0.082  -0.065   0.168   0.131
  70601A     0.125  -0.174  -0.127  -0.188   0.052   0.031   0.012  -0.164   0.124  -0.034  -0.009  -0.139   0.021   0.158   0.070   0.077   0.236  -0.038  -0.018  -0.081  -0.015  -0.024   0.071  -0.270   0.089   0.044  -0.081  -0.084   0.003  -0.227  -0.004   0.002   0.174  -0.076   0.000   0.216   0.273   0.111   0.125   0.080  -0.018   0.271   0.073  -0.046   0.156  -0.091   0.081   0.078  -0.150  -0.022  -0.112
  90273      0.097  -0.046  -0.169   0.237  -0.013   0.201   0.125  -0.033  -0.102   0.065  -0.037   0.159  -0.048   0.194  -0.054  -0.014  -0.151   0.367  -0.002  -0.056   0.034   0.048  -0.024  -0.016  -0.003   0.138   0.205  -0.046   0.195  -0.134  -0.002   0.078   0.290  -0.161  -0.056  -0.057   0.034  -0.018   0.085  -0.094  -0.367   0.019   0.037  -0.088  -0.057   0.210   0.016   0.106  -0.045   0.088   0.132
  132177A    0.166   0.062  -0.008  -0.063  -0.177  -0.083   0.065   0.246  -0.144  -0.040  -0.169  -0.143   0.060  -0.111  -0.003   0.112   0.041   0.218   0.000   0.109   0.166   0.116  -0.094   0.154  -0.061  -0.039  -0.037  -0.100  -0.008  -0.133  -0.201   0.039  -0.163   0.102   0.071   0.055   0.023  -0.017  -0.382   0.065  -0.061   0.067  -0.004  -0.029   0.033   0.278  -0.003  -0.086  -0.147   0.210  -0.264
  102371     0.090  -0.038   0.176  -0.107  -0.032   0.266  -0.152  -0.004  -0.007   0.278   0.095   0.101   0.016   0.266  -0.008  -0.058  -0.030   0.074   0.251   0.082   0.009   0.054  -0.229  -0.033  -0.315   0.006  -0.153   0.064  -0.174   0.105   0.233   0.237  -0.053  -0.045   0.006   0.025  -0.214  -0.095   0.011   0.009  -0.019   0.014  -0.002  -0.017   0.250   0.064  -0.053  -0.110   0.025   0.082   0.079
  172036     0.094   0.039  -0.071   0.331   0.161  -0.019   0.185   0.002   0.106   0.050  -0.047   0.060   0.087  -0.121   0.044   0.209  -0.017  -0.042   0.062   0.005  -0.254  -0.075  -0.065   0.059  -0.145  -0.021   0.196  -0.020   0.004  -0.061  -0.016  -0.061   0.023   0.006  -0.018   0.123   0.082  -0.128  -0.081  -0.141   0.402   0.096  -0.001   0.106   0.225  -0.005  -0.190   0.012   0.252   0.271   0.088
  60060      0.186  -0.014  -0.180  -0.040  -0.041   0.094   0.051  -0.062  -0.037  -0.064   0.068   0.142  -0.026  -0.083   0.046  -0.054   0.055   0.162   0.054   0.069  -0.028   0.143  -0.223   0.176   0.055   0.192  -0.151   0.124   0.039  -0.011  -0.023  -0.332  -0.052  -0.175  -0.020  -0.186  -0.011  -0.095  -0.011   0.215   0.183   0.149   0.017   0.064   0.101   0.089  -0.153   0.092   0.058  -0.268  -0.181
  60331      0.153   0.028   0.062   0.145  -0.085  -0.079  -0.249   0.088  -0.108   0.033   0.047  -0.130   0.035   0.117   0.045  -0.084  -0.059  -0.123  -0.415  -0.013   0.128   0.266   0.103   0.245  -0.127  -0.037   0.022  -0.050   0.038  -0.066   0.067   0.164  -0.033  -0.205  -0.024   0.024   0.273  -0.092  -0.068   0.004   0.083  -0.043   0.102  -0.014  -0.006  -0.125   0.092   0.093   0.070  -0.056   0.158
  70535      0.176  -0.062  -0.203   0.032   0.016   0.064  -0.131  -0.015  -0.049  -0.024   0.032   0.130   0.091  -0.137  -0.072   0.094  -0.078  -0.072  -0.002  -0.062   0.036  -0.021  -0.015   0.106  -0.266   0.165  -0.123   0.109  -0.128  -0.145  -0.053  -0.051   0.188  -0.057  -0.005   0.073   0.057  -0.014   0.298   0.188   0.223  -0.271   0.010  -0.044  -0.276   0.043   0.048   0.048  -0.097   0.098  -0.162
  70069      0.146   0.023   0.087   0.088  -0.171  -0.034  -0.050   0.044   0.277  -0.035  -0.179  -0.053  -0.229  -0.083   0.204  -0.187  -0.075  -0.093   0.116   0.073   0.269  -0.042  -0.147   0.168  -0.103  -0.057   0.189  -0.015   0.083   0.044   0.294  -0.154   0.048   0.084  -0.159  -0.004   0.079   0.097   0.237  -0.078   0.072   0.130  -0.243  -0.118  -0.127   0.079   0.028  -0.048  -0.167   0.056  -0.004
  50234      0.135  -0.043  -0.190   0.070  -0.143   0.006  -0.152   0.253  -0.069   0.214  -0.014  -0.039   0.033   0.039  -0.009  -0.002  -0.122   0.105   0.026  -0.152   0.237   0.090   0.034  -0.042   0.192  -0.068   0.006   0.110  -0.094   0.105  -0.132  -0.090  -0.120   0.212   0.156  -0.034   0.074   0.046   0.150   0.136  -0.065   0.158  -0.072   0.113   0.064  -0.154   0.043   0.068   0.267   0.147   0.174
  110870     0.112   0.008   0.040   0.184   0.090  -0.275   0.205   0.247   0.062  -0.200   0.019   0.120  -0.029   0.110  -0.110   0.115   0.016   0.081  -0.099  -0.050   0.060   0.034  -0.022  -0.028  -0.061  -0.036   0.138   0.083  -0.049  -0.141   0.007   0.028   0.083   0.153   0.105   0.319  -0.260  -0.007   0.165   0.020  -0.188  -0.088  -0.066   0.060   0.068  -0.055  -0.090   0.056   0.084  -0.134  -0.065
  62148     -0.049   0.008   0.076   0.204   0.378  -0.005  -0.035  -0.164   0.052  -0.061   0.087  -0.061   0.026   0.123   0.090   0.029   0.124  -0.132   0.054  -0.013   0.259   0.058  -0.076   0.164   0.083   0.217  -0.197   0.067   0.148   0.154  -0.070  -0.004   0.039   0.322  -0.080  -0.034   0.102  -0.183   0.009   0.093  -0.132  -0.016  -0.063   0.151  -0.036  -0.001  -0.083  -0.142   0.010   0.163  -0.001
  90752      0.014   0.238  -0.015  -0.133  -0.088  -0.004  -0.127  -0.211   0.018  -0.034  -0.290   0.144  -0.039   0.318  -0.019  -0.115  -0.176   0.021  -0.108  -0.098   0.203  -0.124   0.071  -0.134  -0.025  -0.083   0.087   0.109  -0.049   0.031  -0.037  -0.058   0.058   0.122   0.053   0.244  -0.081  -0.100  -0.102  -0.034   0.343   0.005   0.096   0.196  -0.073   0.088  -0.062   0.130   0.021  -0.141  -0.008
  102271     0.045   0.215   0.081  -0.070   0.185   0.149  -0.042   0.292  -0.048   0.001  -0.016   0.037   0.218  -0.001  -0.123  -0.028   0.180  -0.100   0.211  -0.112   0.162  -0.160   0.007   0.164  -0.024   0.050   0.038  -0.028  -0.079  -0.125  -0.006  -0.069   0.170   0.088  -0.070  -0.069  -0.128   0.388  -0.181   0.111   0.069   0.016  -0.052  -0.171   0.049  -0.126  -0.026   0.259  -0.038  -0.128   0.149
  50517r     0.004   0.011   0.190  -0.091  -0.274   0.095   0.285  -0.028   0.172  -0.072   0.079   0.140  -0.049   0.063  -0.077  -0.202   0.218   0.013   0.175  -0.044   0.048   0.023   0.086   0.123  -0.165   0.168  -0.065  -0.312  -0.041  -0.019  -0.178  -0.119  -0.063   0.104   0.177   0.045   0.185  -0.122  -0.001  -0.022  -0.019  -0.065   0.273   0.117  -0.196  -0.021   0.003   0.088   0.095   0.085   0.275
  20835r    -0.003   0.236   0.123  -0.015   0.018   0.117  -0.005  -0.143   0.010   0.097   0.343  -0.036   0.143  -0.040   0.304  -0.191  -0.088   0.077   0.109   0.109  -0.112   0.028  -0.069  -0.010   0.116   0.041   0.386   0.090   0.059  -0.285   0.006  -0.019  -0.073   0.111   0.116   0.149   0.061  -0.162  -0.072   0.146  -0.065   0.050  -0.023  -0.092  -0.089  -0.094   0.020   0.095   0.012  -0.109  -0.098
  122474r    0.165   0.018   0.107  -0.035  -0.013  -0.059   0.048  -0.235   0.036   0.208   0.152   0.165   0.042  -0.091  -0.052   0.080   0.171   0.128  -0.234  -0.254   0.248  -0.016  -0.099   0.044   0.269  -0.149   0.068  -0.061  -0.010   0.020   0.056  -0.100   0.107  -0.070   0.256  -0.119  -0.088  -0.064  -0.084  -0.162   0.160  -0.048  -0.114  -0.262   0.092   0.064  -0.047  -0.132  -0.093   0.018   0.132
