 eigenvalue 11.555   3.597   2.403   1.832   1.649   1.599   1.522   1.402   1.280   1.169   1.041   1.009   0.926   0.868   0.801   0.766   0.722   0.697   0.614   0.590   0.558   0.518   0.457   0.444   0.438   0.361   0.338   0.316   0.288   0.253   0.252   0.203   0.190   0.169   0.153   0.152   0.135   0.118   0.104   0.082   0.082   0.065   0.053   0.050   0.035   0.028   0.024   0.019   0.016   0.009   0.000
 eval sderr  2.288   0.712   0.476   0.363   0.327   0.317   0.301   0.278   0.253   0.231   0.206   0.200   0.183   0.172   0.159   0.152   0.143   0.138   0.122   0.117   0.110   0.103   0.091   0.088   0.087   0.072   0.067   0.063   0.057   0.050   0.050   0.040   0.038   0.033   0.030   0.030   0.027   0.023   0.021   0.016   0.016   0.013   0.010   0.010   0.007   0.006   0.005   0.004   0.003   0.002   0.000
 % variance  0.275   0.086   0.057   0.044   0.039   0.038   0.036   0.033   0.031   0.028   0.025   0.024   0.022   0.021   0.019   0.018   0.017   0.017   0.015   0.014   0.013   0.012   0.011   0.011   0.010   0.009   0.008   0.008   0.007   0.006   0.006   0.005   0.005   0.004   0.004   0.004   0.003   0.003   0.002   0.002   0.002   0.002   0.001   0.001   0.001   0.001   0.001   0.000   0.000   0.000   0.000
 cumulative  0.275   0.361   0.418   0.462   0.501   0.540   0.576   0.609   0.640   0.668   0.692   0.717   0.739   0.759   0.778   0.797   0.814   0.830   0.845   0.859   0.872   0.885   0.896   0.906   0.917   0.925   0.933   0.941   0.948   0.954   0.960   0.965   0.969   0.973   0.977   0.980   0.984   0.987   0.989   0.991   0.993   0.994   0.996   0.997   0.998   0.998   0.999   0.999   1.000   1.000   1.000
 brokn stck  4.519   3.519   3.019   2.685   2.435   2.235   2.069   1.926   1.801   1.690   1.590   1.499   1.416   1.339   1.267   1.201   1.138   1.079   1.024   0.971   0.921   0.873   0.828   0.785   0.743   0.703   0.664   0.627   0.592   0.557   0.524   0.492   0.460   0.430   0.401   0.372   0.344   0.317   0.291   0.265   0.240   0.216   0.192   0.169   0.146   0.124   0.102   0.081   0.060   0.040   0.020
 series_id   #  1       2       3       4       5       6       7       8       9      10      11      12      13      14      15      16      17      18      19      20      21      22      23      24      25      26      27      28      29      30      31      32      33      34      35      36      37      38      39      40      41      42      43      44      45      46      47      48      49      50      51
  100990     0.140   0.056  -0.085   0.079  -0.128  -0.072   0.148   0.100   0.134   0.079  -0.197   0.218  -0.064  -0.091   0.117  -0.064   0.201  -0.174  -0.041   0.218  -0.284  -0.041   0.101  -0.095   0.103  -0.061   0.177   0.026  -0.017   0.025  -0.083  -0.112  -0.212  -0.269  -0.010  -0.099   0.067   0.009  -0.009  -0.198  -0.107  -0.092   0.011   0.049  -0.016   0.132   0.052   0.083   0.113  -0.087   0.108
  90546      0.171   0.089   0.014  -0.029  -0.110  -0.077  -0.079  -0.014   0.023  -0.184   0.105   0.060  -0.125  -0.029  -0.001   0.236   0.079   0.001   0.144  -0.142   0.009  -0.014  -0.107   0.093   0.150   0.013  -0.128  -0.440  -0.225  -0.105   0.000   0.031  -0.160  -0.146   0.057  -0.190  -0.080   0.137  -0.047  -0.087   0.062  -0.051  -0.143  -0.126  -0.118  -0.154  -0.020  -0.328  -0.053  -0.044  -0.108
  60315      0.125   0.137   0.033  -0.253  -0.051   0.082  -0.022  -0.052  -0.104  -0.108  -0.130   0.125  -0.127  -0.118   0.140   0.055  -0.006  -0.040   0.290  -0.113   0.088  -0.212   0.197  -0.231  -0.158   0.087  -0.062   0.037   0.017   0.080  -0.154  -0.250   0.077   0.153   0.139   0.132   0.022  -0.090   0.154   0.149  -0.011   0.047   0.028   0.090  -0.071   0.041  -0.055   0.051  -0.002  -0.130  -0.152
  80371      0.128  -0.179  -0.095   0.083   0.247   0.029  -0.002   0.026   0.161   0.065  -0.016   0.074   0.132  -0.025  -0.146  -0.083  -0.051  -0.098  -0.139  -0.100  -0.220   0.171   0.071  -0.220  -0.164   0.002  -0.153  -0.106  -0.001  -0.091   0.175   0.020   0.152   0.012   0.238  -0.020  -0.004  -0.192  -0.027  -0.125  -0.242   0.141  -0.010  -0.111  -0.002  -0.187   0.014  -0.226   0.021  -0.056  -0.090
  80745      0.118  -0.039  -0.139   0.041   0.100   0.113   0.231  -0.126  -0.110   0.105  -0.202  -0.049  -0.101   0.382  -0.007   0.107  -0.035  -0.111  -0.103   0.054   0.140  -0.012   0.030  -0.218  -0.106  -0.004   0.172  -0.180   0.104   0.015   0.173  -0.073  -0.014  -0.063  -0.057   0.051   0.092   0.159   0.034   0.289   0.082   0.085   0.038  -0.040  -0.102  -0.045  -0.116  -0.150  -0.035  -0.027  -0.232
  70471      0.157  -0.166  -0.149   0.128   0.060   0.020   0.085   0.014  -0.090   0.029  -0.080  -0.028  -0.078   0.020   0.052   0.228  -0.153  -0.128   0.105  -0.160  -0.053  -0.073   0.028   0.227  -0.029  -0.114   0.137   0.087  -0.091  -0.101   0.082   0.011   0.113   0.058  -0.037  -0.052  -0.256   0.084   0.168  -0.164   0.180  -0.140   0.021   0.144   0.010   0.233   0.028  -0.061  -0.180  -0.052   0.189
  80451      0.131  -0.003   0.002  -0.034  -0.215  -0.013  -0.106  -0.228   0.224  -0.082  -0.245   0.111   0.023  -0.011  -0.028   0.188   0.085  -0.145   0.040  -0.024   0.103   0.110  -0.065  -0.254   0.080   0.021   0.063   0.298  -0.154  -0.153  -0.075  -0.055   0.142   0.184   0.059  -0.053   0.122   0.104  -0.207   0.024  -0.122  -0.144  -0.096   0.021   0.017  -0.093   0.303   0.020  -0.118  -0.026  -0.027
  50455      0.094  -0.116   0.189  -0.070  -0.031  -0.060   0.295   0.198   0.160   0.174  -0.114  -0.071   0.144   0.094   0.128   0.064  -0.086  -0.075   0.119  -0.101   0.219   0.124  -0.064   0.033  -0.022   0.000  -0.142  -0.002  -0.167  -0.018  -0.140   0.032  -0.112  -0.076   0.167  -0.154   0.011  -0.263   0.074  -0.104   0.049   0.172  -0.096   0.108  -0.014   0.051  -0.068   0.046   0.264  -0.021  -0.171
  50322      0.185   0.050   0.063  -0.176  -0.044  -0.088  -0.033   0.067   0.044   0.031  -0.053  -0.093   0.001   0.081  -0.116  -0.161  -0.118   0.092   0.013   0.010   0.012  -0.038  -0.125   0.264   0.063  -0.015   0.337   0.105   0.232  -0.047  -0.155   0.051  -0.003  -0.041   0.114   0.015   0.122  -0.061  -0.112   0.054   0.100   0.144  -0.160  -0.072  -0.052  -0.104   0.185  -0.020   0.080   0.097  -0.203
  101212     0.105   0.133   0.114   0.004   0.041  -0.020   0.241  -0.173   0.157  -0.310  -0.079   0.019   0.125  -0.085  -0.121  -0.211  -0.034  -0.075  -0.033  -0.066  -0.042   0.086   0.117   0.212  -0.197   0.025   0.023   0.230   0.039   0.093  -0.028  -0.194  -0.209   0.041  -0.153   0.091  -0.131  -0.032   0.126  -0.004  -0.111   0.017  -0.064  -0.131   0.051   0.047  -0.089  -0.202  -0.016   0.098   0.086
  80540      0.028   0.050  -0.057  -0.113   0.193   0.153  -0.231  -0.050   0.287   0.161  -0.131  -0.051  -0.194  -0.129  -0.179  -0.015   0.245  -0.071  -0.023  -0.046   0.247   0.024   0.317   0.110   0.316  -0.016   0.038  -0.183   0.168   0.053  -0.017  -0.011  -0.161  -0.118   0.022   0.150  -0.070  -0.037   0.059   0.018   0.083   0.149   0.067   0.048   0.031   0.022   0.129  -0.011   0.031   0.100   0.067
  70519      0.183  -0.060  -0.091  -0.028   0.061  -0.043  -0.006  -0.156  -0.143   0.040  -0.066  -0.083  -0.051  -0.189  -0.197  -0.169  -0.209   0.100   0.006  -0.077  -0.057   0.140  -0.059   0.067  -0.009   0.019  -0.103  -0.067   0.091   0.004   0.005  -0.134   0.046  -0.123  -0.101   0.030  -0.021   0.032   0.188   0.093  -0.156  -0.086  -0.139  -0.019   0.232   0.156   0.234  -0.087  -0.040  -0.249  -0.193
  90130      0.074   0.196  -0.135   0.115   0.131  -0.050  -0.148   0.135  -0.028   0.027  -0.085   0.228   0.013   0.169  -0.053  -0.134  -0.062   0.264   0.113  -0.195   0.037  -0.141   0.316  -0.074  -0.149   0.139   0.147   0.034  -0.304   0.060   0.029   0.269  -0.047   0.041  -0.064   0.007  -0.107  -0.057   0.078   0.000  -0.080  -0.057  -0.112  -0.030   0.018  -0.115   0.010   0.005   0.051   0.249   0.050
  70536      0.131  -0.093  -0.155  -0.035  -0.030  -0.063   0.177   0.025  -0.143   0.069  -0.127  -0.160  -0.228  -0.343   0.060  -0.030  -0.004  -0.031  -0.166   0.190  -0.151   0.025  -0.017  -0.171   0.067  -0.153  -0.020  -0.026   0.052  -0.021   0.055   0.166  -0.076   0.267  -0.054   0.021  -0.115  -0.102  -0.055  -0.021   0.084  -0.097  -0.035   0.068   0.018  -0.127  -0.031  -0.097  -0.038   0.410  -0.138
  60078      0.159  -0.087  -0.141  -0.122  -0.026  -0.064  -0.117   0.063   0.096  -0.094  -0.069   0.153  -0.147   0.126  -0.034   0.156  -0.093  -0.100  -0.235   0.066   0.084  -0.091  -0.172   0.175  -0.058  -0.081  -0.185   0.050  -0.057   0.115   0.173   0.021  -0.055  -0.066  -0.092   0.099   0.178  -0.020   0.313   0.117  -0.236  -0.095   0.212   0.151  -0.081  -0.268   0.034   0.097   0.224   0.011   0.173
  70371      0.190   0.015   0.067  -0.150  -0.024   0.032   0.049  -0.014   0.152   0.114   0.012  -0.046   0.091   0.230  -0.024   0.010   0.051  -0.087  -0.066   0.034  -0.137  -0.157  -0.134   0.092   0.071   0.060   0.223   0.005   0.147   0.036  -0.019   0.150   0.134  -0.002  -0.070  -0.190  -0.049  -0.033   0.133   0.075  -0.135  -0.081  -0.183  -0.249  -0.140  -0.078  -0.029   0.108  -0.230   0.000   0.080
  60121      0.182  -0.006   0.008  -0.226  -0.135  -0.021  -0.089   0.074   0.082  -0.046   0.092  -0.049   0.113  -0.075  -0.082   0.102   0.029  -0.060   0.113   0.007  -0.228   0.060   0.065   0.080  -0.130  -0.029  -0.133   0.043   0.082  -0.032  -0.010   0.043   0.231  -0.055   0.011   0.291  -0.074  -0.004  -0.132  -0.098   0.146  -0.050   0.024  -0.048   0.001  -0.230  -0.137  -0.001   0.222   0.059   0.078
  80089      0.148  -0.016   0.027  -0.284  -0.006  -0.153  -0.047  -0.036   0.063  -0.116   0.242  -0.045   0.010   0.111  -0.096  -0.145   0.087  -0.071  -0.075  -0.043  -0.226  -0.042  -0.032  -0.056  -0.034   0.037   0.093  -0.208  -0.173   0.204   0.086  -0.191  -0.046   0.139   0.064  -0.078  -0.049  -0.042  -0.152   0.207  -0.012  -0.101   0.002   0.221  -0.233   0.361  -0.057  -0.022   0.068   0.174   0.009
  60377      0.085  -0.081   0.257  -0.087   0.146  -0.068   0.075   0.025  -0.276  -0.063  -0.023   0.100  -0.041   0.137  -0.096  -0.066   0.129   0.101  -0.274  -0.120  -0.029  -0.261   0.070   0.032   0.292  -0.017  -0.280   0.084  -0.016   0.185  -0.005   0.044   0.107   0.102  -0.149  -0.060   0.085   0.023  -0.142  -0.155   0.011  -0.035  -0.092   0.149   0.097  -0.003   0.207  -0.027   0.088  -0.142  -0.100
  90558      0.057   0.213  -0.217  -0.070  -0.006   0.148   0.161   0.075  -0.050   0.160   0.035  -0.099   0.207  -0.223   0.027  -0.052   0.057   0.115   0.217  -0.049   0.120  -0.183  -0.220  -0.040   0.080   0.056  -0.014   0.153   0.026   0.227   0.230  -0.081   0.016  -0.083  -0.003  -0.129   0.004  -0.063  -0.027  -0.029   0.028  -0.222   0.252  -0.036  -0.059  -0.132   0.117  -0.055   0.069   0.124  -0.165
  70559      0.131  -0.021  -0.258  -0.002   0.114   0.011   0.157   0.221   0.076   0.132  -0.014  -0.020   0.029   0.081  -0.104   0.159  -0.035   0.047   0.206  -0.197  -0.162  -0.099  -0.056   0.084   0.000  -0.043  -0.066  -0.135   0.073  -0.168  -0.033  -0.043  -0.003   0.190  -0.082   0.289   0.007  -0.012  -0.275   0.069  -0.049   0.080   0.080  -0.069  -0.004   0.186   0.232   0.186   0.024  -0.085   0.138
  90283      0.108   0.249  -0.076   0.093  -0.116  -0.134  -0.014  -0.091   0.004   0.138   0.189  -0.034   0.090   0.083  -0.148   0.104  -0.019   0.065  -0.311   0.004   0.108   0.022   0.014  -0.017  -0.073  -0.016   0.094  -0.067  -0.011  -0.012  -0.244  -0.003  -0.117   0.233   0.088  -0.118  -0.107  -0.154  -0.158   0.001  -0.122   0.085   0.409   0.081   0.224  -0.031  -0.074   0.059  -0.100  -0.133  -0.016
  50314      0.099  -0.065  -0.009  -0.066   0.145  -0.002   0.317  -0.219  -0.028  -0.193   0.059  -0.149  -0.010   0.112   0.025  -0.113  -0.021   0.163   0.123   0.025   0.001   0.355   0.157  -0.043   0.328   0.025   0.007  -0.066  -0.216  -0.125  -0.111   0.169   0.122  -0.010   0.100   0.031   0.054   0.011   0.141   0.103  -0.041  -0.172   0.180  -0.014  -0.060  -0.033   0.071   0.262   0.111   0.081   0.071
  162397     0.118  -0.050   0.147   0.080   0.132  -0.033  -0.113  -0.291   0.004   0.268   0.246  -0.047  -0.035  -0.016   0.113   0.121   0.196   0.062   0.080  -0.029  -0.053   0.072  -0.074  -0.013  -0.178   0.048   0.055   0.078   0.074  -0.118  -0.173   0.054   0.011  -0.125  -0.169   0.217   0.229   0.092   0.035  -0.084  -0.088  -0.076   0.075   0.211  -0.080   0.123  -0.071  -0.209   0.156   0.120  -0.082
  162295     0.135  -0.074   0.246   0.173   0.187   0.016  -0.025  -0.128   0.067   0.171   0.221  -0.006   0.021   0.091   0.086  -0.007   0.064  -0.020   0.050   0.045   0.034  -0.104  -0.126  -0.085  -0.009   0.141  -0.022   0.036  -0.030   0.099   0.154  -0.166   0.029  -0.074   0.044   0.055  -0.121  -0.169   0.134  -0.129   0.087  -0.101   0.140  -0.205  -0.052   0.004   0.234   0.078  -0.085   0.052   0.040
  172168     0.146  -0.065  -0.119  -0.085  -0.261   0.033  -0.075   0.009  -0.126   0.084   0.035   0.060  -0.120  -0.194  -0.157   0.226  -0.049   0.131  -0.163   0.060   0.115   0.140   0.005  -0.032  -0.122   0.189  -0.009  -0.088  -0.059   0.192  -0.101   0.080   0.109  -0.183  -0.033  -0.057  -0.033  -0.102   0.081  -0.018  -0.038  -0.069  -0.075  -0.335   0.067   0.298  -0.058   0.215   0.107   0.022  -0.048
  112142     0.105  -0.173   0.102   0.059  -0.227   0.032  -0.084  -0.044  -0.220   0.109  -0.189   0.160   0.026   0.066  -0.075  -0.153   0.000   0.235   0.228  -0.137   0.024   0.065  -0.047  -0.064   0.041  -0.045  -0.087  -0.123   0.341   0.066  -0.003  -0.044   0.077  -0.057   0.130  -0.165   0.068  -0.025  -0.110   0.037  -0.183   0.023   0.055   0.098  -0.063  -0.016  -0.117  -0.097  -0.074   0.167   0.367
  180996     0.122   0.052  -0.109   0.140  -0.055  -0.222   0.014  -0.118  -0.100  -0.196   0.168   0.287   0.156  -0.064  -0.156  -0.006  -0.044   0.095   0.044   0.095   0.136  -0.001  -0.139  -0.174   0.040  -0.144   0.210  -0.072   0.175  -0.079   0.059   0.056  -0.084   0.187  -0.010   0.074   0.030  -0.027   0.236  -0.145   0.299   0.148  -0.060   0.018  -0.159  -0.021   0.146  -0.025   0.264  -0.130   0.057
  142539     0.081   0.273   0.161   0.039   0.152   0.046  -0.133  -0.001  -0.015  -0.001   0.084   0.085  -0.109  -0.127   0.111   0.128  -0.169  -0.089   0.091   0.240  -0.040   0.199  -0.001   0.091   0.078  -0.001   0.033   0.001  -0.017   0.078   0.056   0.023   0.234  -0.020  -0.033  -0.136  -0.228  -0.271  -0.076   0.295   0.011   0.092   0.013   0.174  -0.036  -0.092   0.181  -0.143  -0.042  -0.100   0.115
  162398     0.159   0.111  -0.041   0.152   0.006  -0.068   0.011   0.044   0.052  -0.032   0.160  -0.120  -0.248   0.056   0.043   0.058   0.126   0.291  -0.106  -0.100  -0.127   0.004   0.047  -0.149   0.083  -0.210  -0.005   0.282   0.060   0.019  -0.056  -0.077   0.186  -0.183   0.209   0.020  -0.025   0.062   0.095   0.121   0.112   0.059  -0.137  -0.030   0.039  -0.073  -0.197   0.050  -0.031  -0.029   0.067
  70602      0.178  -0.146   0.040  -0.079  -0.175  -0.068   0.026  -0.060   0.099  -0.050   0.054  -0.001   0.007  -0.132   0.061  -0.129  -0.002   0.017   0.027  -0.126   0.129  -0.012   0.132  -0.023   0.018  -0.212  -0.093   0.097  -0.115   0.077   0.020   0.266  -0.004  -0.046  -0.287   0.034   0.160  -0.086  -0.047  -0.036   0.048   0.249   0.316  -0.186  -0.264   0.085  -0.007  -0.109  -0.377  -0.076  -0.017
  122404     0.141   0.023   0.142   0.202  -0.095   0.195  -0.016   0.079   0.211   0.035   0.035  -0.081  -0.164  -0.035   0.031  -0.106  -0.062   0.103   0.125   0.001  -0.186   0.083  -0.040  -0.172   0.047   0.212  -0.097   0.051   0.094   0.075   0.120   0.151  -0.248   0.190  -0.262  -0.126  -0.112   0.254  -0.081   0.160  -0.010   0.069   0.034  -0.069  -0.052  -0.029  -0.056   0.084   0.271  -0.278  -0.001
  72232      0.126   0.173   0.013   0.187   0.092  -0.069  -0.050   0.095   0.134  -0.189  -0.124  -0.130  -0.095   0.005   0.294   0.019   0.088  -0.048  -0.128  -0.112   0.118  -0.071   0.051   0.080  -0.091  -0.183  -0.135  -0.018   0.213   0.002   0.066   0.073   0.211   0.158   0.076  -0.178   0.169  -0.126  -0.010   0.064   0.070  -0.060   0.020  -0.207   0.025   0.300  -0.016  -0.077   0.221   0.024   0.021
  60210      0.115  -0.039  -0.006  -0.014  -0.076  -0.247  -0.068   0.265   0.091  -0.186   0.038  -0.114  -0.171   0.089   0.178  -0.184  -0.235   0.089  -0.080   0.031   0.165   0.044  -0.022  -0.170   0.020   0.263   0.105   0.025   0.034  -0.075   0.207  -0.103  -0.076  -0.245   0.151   0.216   0.032   0.028  -0.185  -0.127   0.034  -0.104   0.125   0.058   0.128   0.070   0.109  -0.115  -0.129  -0.032   0.065
  92046      0.127   0.071  -0.047  -0.247   0.027   0.120   0.030  -0.146  -0.237   0.024  -0.081   0.023  -0.048   0.139   0.059  -0.012   0.292  -0.103  -0.134  -0.134   0.044   0.165  -0.076  -0.045  -0.243   0.246  -0.043   0.159  -0.022  -0.111   0.098   0.192  -0.121  -0.077  -0.050  -0.067  -0.108  -0.061  -0.151  -0.025   0.297   0.083  -0.041  -0.033   0.164   0.003   0.132  -0.053   0.085   0.003   0.218
  52111      0.089   0.256  -0.083  -0.080   0.032  -0.054   0.166   0.097  -0.079  -0.128   0.208  -0.051   0.112  -0.002   0.040   0.162  -0.055  -0.242   0.148   0.028   0.017  -0.034   0.002  -0.076   0.177   0.232  -0.059   0.027   0.217   0.034   0.024   0.330  -0.001  -0.061  -0.034   0.033   0.184   0.074   0.109  -0.030  -0.264   0.144  -0.083   0.167   0.241   0.104  -0.100  -0.092  -0.129   0.070   0.060
  60016      0.084   0.298  -0.090   0.087   0.039   0.070  -0.089  -0.139  -0.043   0.163  -0.032   0.059  -0.045  -0.043   0.014   0.026  -0.188   0.063  -0.078  -0.242  -0.199   0.029   0.019   0.212   0.082  -0.067   0.034   0.151  -0.164  -0.049   0.086   0.019  -0.139  -0.071   0.132  -0.008   0.265   0.032  -0.104  -0.056  -0.011  -0.078   0.002   0.042  -0.096   0.015  -0.096  -0.014   0.002  -0.050  -0.205
  132206     0.168  -0.042   0.063  -0.008   0.199   0.188  -0.208  -0.002  -0.092  -0.152  -0.004   0.064   0.034  -0.132   0.143   0.031   0.006   0.039  -0.027   0.033  -0.082   0.005  -0.120  -0.084   0.060   0.031   0.130  -0.079  -0.073  -0.108   0.220  -0.076  -0.060   0.041  -0.116   0.049   0.198  -0.227  -0.022  -0.146  -0.045   0.267  -0.177   0.034   0.029   0.048  -0.156   0.389  -0.161   0.060  -0.081
  112336     0.107  -0.095   0.181   0.046  -0.064  -0.033   0.080   0.139  -0.185   0.083   0.194  -0.175  -0.055  -0.153  -0.146   0.043   0.244  -0.085   0.152   0.021   0.183   0.081   0.231   0.157  -0.138  -0.148   0.251  -0.002  -0.140   0.008   0.347  -0.088  -0.081   0.179   0.126  -0.086   0.273   0.075  -0.029   0.073  -0.159  -0.059  -0.083  -0.083   0.174  -0.121   0.031   0.016   0.053  -0.102   0.137
  142565     0.063   0.082   0.246   0.099  -0.012   0.206   0.118   0.253   0.013  -0.062  -0.011   0.348  -0.044  -0.025  -0.205  -0.031  -0.070  -0.163  -0.056  -0.051  -0.045   0.214  -0.055   0.072  -0.038   0.012   0.090  -0.054  -0.051   0.124   0.001  -0.037   0.276  -0.045  -0.007   0.028   0.113   0.308  -0.034  -0.010   0.236   0.077   0.256   0.021   0.109   0.038  -0.012   0.067  -0.046   0.223  -0.161
  122211     0.159  -0.061   0.145  -0.083  -0.019   0.075  -0.207   0.030  -0.159  -0.006  -0.062  -0.048   0.107   0.079  -0.144  -0.057  -0.079  -0.240   0.039  -0.132   0.079  -0.029   0.001  -0.123   0.280  -0.175   0.142   0.152   0.040  -0.137   0.092   0.043  -0.060  -0.064  -0.017   0.074  -0.300  -0.109  -0.014  -0.033  -0.017  -0.194   0.147  -0.003   0.083   0.029  -0.390   0.017   0.137  -0.173  -0.099
  82058      0.149  -0.122  -0.086   0.151   0.207  -0.048   0.133   0.053  -0.039  -0.025   0.094   0.107   0.056  -0.229  -0.030   0.024  -0.101  -0.085  -0.115  -0.207   0.160   0.046   0.027   0.017  -0.024   0.126  -0.055   0.060   0.123  -0.112  -0.186  -0.188  -0.142  -0.174  -0.140  -0.241   0.083  -0.078  -0.173   0.217   0.137  -0.106  -0.082   0.165  -0.169  -0.169  -0.106   0.155  -0.062   0.048   0.168
  192029     0.112  -0.175   0.259   0.075   0.107   0.006   0.069   0.059   0.007   0.008   0.041   0.017   0.047  -0.125   0.070   0.319  -0.177   0.042  -0.115  -0.085   0.080  -0.195   0.074  -0.180   0.065  -0.019   0.177   0.023  -0.009   0.128  -0.194  -0.009  -0.072   0.017  -0.010   0.097  -0.169   0.156  -0.063   0.006  -0.205   0.051  -0.047  -0.114   0.051  -0.012   0.114  -0.128   0.122   0.221   0.027
  32138A     0.127   0.002   0.057   0.166  -0.203   0.103   0.040   0.079   0.061  -0.062  -0.077  -0.244   0.233  -0.104  -0.116  -0.024   0.087   0.103  -0.164   0.134   0.015  -0.293   0.221   0.036  -0.033   0.269   0.031  -0.150  -0.109  -0.266  -0.015  -0.040   0.267  -0.091  -0.197   0.059   0.074  -0.077   0.037   0.085   0.117  -0.060  -0.027   0.179  -0.057  -0.096  -0.036  -0.063   0.013  -0.107  -0.018
  60507      0.138  -0.128  -0.123   0.141   0.168  -0.095  -0.187  -0.038   0.029   0.009  -0.140   0.085   0.067   0.036   0.117  -0.230   0.021  -0.069   0.206   0.220   0.113  -0.014  -0.100   0.066  -0.043  -0.061   0.124  -0.123  -0.135   0.092  -0.180   0.135   0.167  -0.002  -0.184  -0.072   0.085  -0.028  -0.166   0.039  -0.022  -0.139   0.028   0.012   0.238   0.066  -0.098  -0.098   0.135  -0.022  -0.047
  70601A     0.079  -0.240  -0.099  -0.027  -0.043  -0.225   0.008  -0.019   0.249   0.110  -0.083   0.080   0.020   0.029   0.068   0.153   0.131   0.214   0.064  -0.066  -0.079   0.139   0.018   0.141   0.147   0.273   0.070   0.073   0.036   0.250   0.118  -0.108   0.046   0.251  -0.031  -0.061  -0.005  -0.031   0.157  -0.046   0.186   0.090   0.003   0.188   0.232  -0.080  -0.202  -0.072  -0.124  -0.050  -0.109
  90273      0.083   0.005  -0.042   0.221  -0.147   0.134  -0.186   0.084  -0.079  -0.082  -0.037   0.003   0.492   0.063   0.159   0.071   0.157  -0.048  -0.117  -0.097  -0.106   0.180   0.030  -0.017   0.182  -0.024  -0.117  -0.069   0.051   0.098  -0.022  -0.030  -0.197   0.032   0.105   0.167   0.065  -0.023   0.141   0.250   0.109  -0.155  -0.028  -0.077   0.092   0.083   0.128  -0.055  -0.080   0.125  -0.033
  132177A    0.091  -0.071  -0.172  -0.083   0.001   0.349  -0.001   0.031   0.144  -0.183   0.286   0.007  -0.140   0.162  -0.059  -0.087   0.036   0.028   0.115   0.001  -0.030  -0.143  -0.048  -0.109  -0.008  -0.161  -0.049  -0.015   0.002  -0.135  -0.210  -0.215  -0.041   0.002  -0.115  -0.245   0.083  -0.065   0.094  -0.105   0.055  -0.007   0.061  -0.051   0.375  -0.091   0.026  -0.071  -0.020   0.123  -0.020
  102371     0.130   0.051   0.251  -0.002  -0.032   0.086   0.003  -0.034   0.093  -0.114  -0.250  -0.176   0.052  -0.042  -0.028   0.065   0.030   0.277   0.023   0.010  -0.036  -0.066  -0.287   0.011  -0.242  -0.247  -0.013  -0.104  -0.104  -0.026   0.046   0.145  -0.182  -0.126   0.054   0.039  -0.104   0.035   0.071   0.112  -0.015   0.076   0.053   0.270   0.188   0.014   0.088   0.111  -0.108   0.066   0.028
  172036     0.098   0.059  -0.097   0.280  -0.209  -0.078  -0.173  -0.089  -0.027   0.043   0.016  -0.277  -0.078   0.043  -0.108  -0.197  -0.001  -0.299   0.028  -0.164   0.100  -0.015  -0.063   0.003   0.017   0.108  -0.121   0.031  -0.045  -0.025   0.021  -0.070   0.141   0.055   0.014  -0.117  -0.143   0.159   0.133  -0.154  -0.100   0.263  -0.051   0.167  -0.109   0.027   0.105   0.183   0.081   0.269  -0.062
  60060      0.148  -0.141  -0.131   0.059   0.127   0.006  -0.066  -0.010  -0.157  -0.126  -0.030  -0.113   0.142   0.031  -0.113   0.085   0.062  -0.039   0.120   0.266  -0.206  -0.115   0.235  -0.009  -0.116  -0.024  -0.028   0.141   0.003   0.227  -0.085   0.104  -0.077  -0.218   0.262  -0.189  -0.022   0.117  -0.038  -0.041   0.081   0.219   0.144   0.081  -0.084   0.022   0.126   0.031  -0.025  -0.127  -0.069
  60331      0.144  -0.001   0.095  -0.145  -0.086   0.193   0.042   0.013  -0.098   0.193   0.007   0.179  -0.021  -0.127   0.268  -0.208  -0.065   0.048  -0.161   0.053  -0.096  -0.112   0.053   0.132   0.045   0.154   0.044  -0.086  -0.001  -0.316  -0.055   0.024   0.011   0.177   0.248  -0.070   0.000   0.113   0.247  -0.032  -0.037   0.063   0.175  -0.006  -0.014   0.043   0.040  -0.124   0.034  -0.041   0.111
  70535      0.122  -0.155  -0.100   0.170   0.082   0.081   0.065  -0.239  -0.020  -0.195   0.001   0.078  -0.068  -0.105   0.055  -0.067   0.084  -0.038   0.006   0.115   0.137  -0.223  -0.198   0.285   0.062   0.210  -0.086   0.029  -0.053   0.061  -0.047   0.053  -0.041   0.079   0.330   0.195  -0.090   0.107  -0.224   0.081  -0.055   0.067   0.021  -0.156   0.026  -0.062  -0.207   0.073   0.001  -0.009  -0.011
  70069      0.148   0.026   0.027  -0.082   0.129  -0.068  -0.053   0.129   0.176   0.282   0.138   0.109   0.063  -0.079  -0.156  -0.202  -0.036  -0.091  -0.007   0.161   0.175  -0.073  -0.049  -0.144  -0.086  -0.107  -0.271   0.067  -0.073  -0.026  -0.057   0.171  -0.071   0.089   0.173   0.064   0.030   0.211   0.102   0.140   0.189  -0.175  -0.243   0.059   0.028   0.094  -0.069   0.059  -0.224  -0.060   0.045
  50234      0.045  -0.162  -0.147  -0.101  -0.093   0.358  -0.119  -0.008   0.063   0.004   0.146  -0.027   0.126   0.130   0.044   0.089  -0.282   0.169  -0.074   0.242   0.162   0.091   0.137   0.098   0.065  -0.055  -0.059   0.231  -0.061  -0.008   0.118  -0.066  -0.052   0.076  -0.013  -0.075   0.026   0.056  -0.129  -0.024  -0.014   0.085  -0.143   0.092  -0.108   0.181   0.019  -0.166   0.116   0.108   0.039
  110870     0.116  -0.032  -0.079   0.173  -0.252   0.093   0.096   0.172  -0.201   0.114   0.155   0.066  -0.162   0.169   0.187  -0.165   0.111  -0.111   0.024   0.025  -0.002   0.096  -0.033   0.098   0.024  -0.109  -0.015   0.030  -0.149   0.151  -0.178  -0.061  -0.036  -0.012  -0.087   0.309  -0.097  -0.203  -0.004   0.099  -0.075   0.112  -0.171   0.047  -0.024  -0.142   0.089  -0.066  -0.070  -0.081  -0.058
  62148      0.081   0.122   0.142   0.079  -0.126  -0.265   0.082  -0.211  -0.044   0.171  -0.062   0.138  -0.012   0.160  -0.092   0.095  -0.150  -0.007   0.156   0.278  -0.087  -0.151   0.166   0.053   0.113  -0.025  -0.291   0.030  -0.036  -0.217   0.194  -0.174  -0.087  -0.073  -0.088  -0.003   0.036  -0.097  -0.078   0.115   0.104   0.103   0.016  -0.180   0.191   0.059  -0.056   0.055   0.016   0.244  -0.006
  90752      0.116   0.198  -0.135  -0.105   0.070  -0.026   0.164   0.000   0.045   0.062   0.003   0.137   0.223  -0.044   0.143  -0.053   0.238   0.188  -0.106   0.065   0.213   0.086  -0.041  -0.003   0.059  -0.188  -0.025  -0.044  -0.053  -0.048   0.156  -0.179   0.213  -0.118  -0.108   0.024  -0.278   0.263  -0.106  -0.084  -0.208   0.175  -0.094   0.041  -0.026   0.057  -0.093   0.029   0.030  -0.043   0.011
  102271     0.101   0.196   0.081   0.172  -0.032   0.279   0.187  -0.081   0.075  -0.034  -0.090  -0.024  -0.126   0.124  -0.232   0.059  -0.020   0.063   0.014   0.149   0.104   0.059   0.004  -0.013  -0.019   0.032  -0.060  -0.110   0.093   0.178  -0.012   0.047  -0.006   0.112   0.094   0.137   0.067  -0.207  -0.079  -0.372   0.002  -0.240  -0.126   0.139  -0.155   0.064  -0.089  -0.048  -0.104  -0.064   0.092
  50517r     0.060   0.040   0.031   0.022   0.204  -0.086  -0.124   0.387  -0.175  -0.085  -0.145  -0.035  -0.081   0.070  -0.217   0.100   0.258   0.139   0.070   0.217   0.039   0.163  -0.154   0.055   0.032   0.148  -0.097   0.225  -0.030  -0.256  -0.144  -0.127  -0.086   0.135  -0.059  -0.039  -0.032  -0.006   0.126  -0.004  -0.143   0.002   0.142  -0.115  -0.237   0.111  -0.063  -0.148  -0.098   0.071  -0.109
  20835r     0.120   0.180  -0.001  -0.110   0.147  -0.050  -0.110  -0.003  -0.133   0.123  -0.189  -0.317   0.098  -0.001   0.071  -0.020  -0.207  -0.048  -0.041   0.053  -0.036   0.072  -0.089  -0.095   0.078  -0.001  -0.018  -0.100  -0.212   0.230  -0.206  -0.246  -0.002   0.114  -0.082   0.044   0.194   0.175   0.040  -0.173   0.151   0.126  -0.003  -0.179   0.008  -0.158  -0.103  -0.065   0.010  -0.052   0.362
  122474r    0.184   0.035   0.055  -0.077   0.026  -0.077  -0.111   0.010  -0.061  -0.043   0.045  -0.008   0.047   0.128   0.273   0.018  -0.062   0.018   0.024   0.086   0.068   0.155   0.276   0.146  -0.214  -0.053  -0.108  -0.140   0.299  -0.002  -0.037  -0.042  -0.099   0.092  -0.082  -0.065  -0.126   0.188  -0.049  -0.216  -0.040  -0.224   0.013   0.013  -0.058  -0.202   0.071   0.275  -0.126   0.018  -0.245
