  year  #   1       2       3       4       5       6       7       8       9      10      11      12      13      14      15      16      17      18      19      20      21      22      23      24      25      26      27      28      29      30      31      32      33      34      35      36      37      38      39      40      41      42      43      44      45      46      47      48      49      50      51
  1950   2.260   2.730   1.867  -1.927   2.650  -1.274  -0.229   0.355   0.752   0.667  -0.818   1.312  -0.700  -1.001  -0.757  -0.324  -0.994   0.922   1.332  -0.792   1.260   1.044   1.055   0.621   0.057   1.173  -0.274   0.535   0.467   0.690   0.540  -1.157   0.745  -0.150  -0.361   0.108  -0.142   0.668  -0.738   0.389   0.541   0.038  -0.013   0.070   0.007   0.188  -0.109   0.073   0.142   0.168   0.000
  1951  -0.797   2.474   3.531  -0.265   2.272   2.645   1.431  -0.560  -0.880  -1.397  -0.832  -0.972   0.454   1.037  -0.012   0.661  -0.429   0.502  -0.541  -0.642  -1.037  -0.836   0.449   0.199   0.007  -0.001   1.037  -1.567   0.047   0.598   0.611  -0.629   1.206   0.297  -0.232   0.246   0.472  -0.507   0.222   0.018  -0.762  -0.132  -0.148   0.341  -0.087  -0.229   0.063  -0.009   0.224  -0.046   0.000
  1952  -4.353   0.874  -0.547  -2.325  -0.280  -2.783  -0.071   0.523   2.101  -0.407   1.028  -0.329  -1.212   1.678   0.688  -0.956  -0.393  -0.191  -0.738   1.014  -0.382  -0.179   0.940  -0.812   0.607  -0.395  -0.185   0.174  -1.043   0.537   0.815  -0.979  -0.079   0.507   0.713  -0.152   0.067   0.477   0.415   0.171  -0.083  -0.101   0.207  -0.717  -0.137  -0.314   0.357  -0.107   0.059   0.010   0.000
  1953  -2.874   2.893   1.480   0.363  -0.044   2.141   0.868   2.943   0.640  -1.482  -3.316   0.352   0.135   0.917   0.077   0.760   1.425   0.980   0.373   0.063  -0.425   0.367  -0.012  -0.704  -0.820  -1.068  -0.228   1.327   0.835  -0.076  -0.686   0.509  -0.091   0.865  -0.086  -0.259   0.276   0.652   0.177  -0.073   0.429  -0.002   0.392   0.000   0.187  -0.225   0.053   0.257   0.069  -0.080   0.000
  1954   3.427  -5.307  -3.337   1.810   4.148  -3.227  -1.855   1.164   1.064  -0.167   0.061   0.108   1.528   1.008   0.346   0.546   0.617   0.484   1.591  -0.126  -0.548   1.168  -1.132  -0.293  -0.177   0.161   0.932  -0.174  -0.119   0.263  -0.413   0.600   1.154  -0.119   0.113   0.383   0.244   0.453   0.318  -0.117  -0.174  -0.033  -0.066  -0.055   0.180  -0.174  -0.040  -0.140   0.008   0.009   0.000
  1955   8.044  -2.633  -3.342   1.795   2.535   1.101   2.241  -0.102  -1.155   0.029  -3.001   0.721  -3.133  -0.400  -0.127  -2.033  -0.069  -1.341  -1.311  -0.170  -0.820   0.442   0.029  -0.281  -0.304  -0.492  -0.242  -0.296   0.129   0.649   1.133   0.649  -0.694  -0.076  -0.026   0.038   0.171   0.107  -0.079   0.203  -0.014  -0.131  -0.084   0.054  -0.132   0.086   0.134  -0.023  -0.017   0.104   0.000
  1956   4.536  -1.789  -2.681  -1.053  -0.153   3.569   0.183  -1.495   1.214  -2.513   0.985   0.162   1.023   0.998   0.651   0.733   0.038   1.083   0.459   0.361  -0.175   0.706   0.272   1.302   1.278   1.071   0.987   0.181   0.374  -0.419   0.480  -0.096  -0.541   0.269  -0.322  -0.994   0.019   0.046   0.300  -0.243   0.714  -0.301  -0.211   0.008  -0.112   0.205   0.300  -0.140   0.034  -0.049   0.000
  1957   3.145  -3.362  -2.449  -0.508   0.353   2.973  -0.231   1.292   1.402   0.547   0.858   0.748   0.402  -0.322  -1.838  -0.877  -2.570   1.018  -1.743   0.867   1.149  -0.391   0.208   0.539  -0.977  -0.198  -0.245   0.912  -0.560  -1.200  -0.479  -0.029   0.361  -0.015  -0.245   0.271   0.056  -0.051   0.210   0.276  -0.455   0.412   0.263  -0.070  -0.008  -0.033  -0.071   0.010   0.334  -0.059   0.000
  1958   7.482   0.696   0.294   1.925  -3.616   0.827  -1.211   0.948   2.146  -3.346  -0.392   0.290   1.145  -1.964  -0.020  -1.185  -1.166   0.723   0.977  -0.187  -0.341  -0.123  -0.788  -0.804   1.405  -0.594  -0.281  -1.198   0.023   0.225   0.513  -0.378  -0.274  -0.650   0.336   0.213   0.305  -0.115  -0.091   0.179   0.081   0.196   0.088  -0.142   0.273  -0.247  -0.228   0.122  -0.047   0.093   0.000
  1959  -6.491  -1.969  -0.660  -0.346   1.911   2.203  -0.958  -1.801   0.628   0.961   1.812  -1.815   1.227  -0.058   0.957  -1.041  -0.396  -1.512   0.463  -0.453   0.870  -0.352   0.678  -0.696  -1.525  -0.011  -0.574  -0.937   0.796   0.474   0.145   0.091  -0.605  -0.174   0.388  -0.292   0.406   0.260  -0.316   0.518   0.543   0.201   0.140   0.370   0.432  -0.265   0.078  -0.069  -0.003  -0.136   0.000
  1960   3.252  -0.745  -1.118   0.188  -1.538  -1.093  -0.780  -2.734  -2.998  -1.450   0.617   1.912  -1.748  -1.476   0.573   2.117   0.998   0.755   0.300  -0.750   0.834  -1.425   0.545   0.483  -0.789  -0.193  -0.742  -1.010  -0.682  -0.005  -0.271   0.222  -0.089   0.347  -0.318   0.371  -0.453   0.737   0.372  -0.163   0.198  -0.025   0.054  -0.076   0.196  -0.250   0.062  -0.053   0.292  -0.001   0.000
  1961   0.547  -0.220   0.443   0.120   0.019  -0.550   2.879  -0.881   1.810  -0.543   1.041  -1.303   0.224  -1.990  -0.817  -0.953   1.136   0.956  -1.277  -0.631  -0.606   1.206  -0.744  -0.366  -0.379   1.824  -0.314  -0.253  -0.164   0.419  -0.478   0.399  -0.006   0.253   0.105   0.213  -0.888  -0.013  -0.792  -0.425  -0.269  -0.109  -0.073  -0.264   0.062  -0.136   0.210   0.270   0.051  -0.229   0.000
  1962  -3.581  -0.688  -0.989  -0.859   0.730  -2.450  -0.714  -0.918  -0.303   1.519  -1.017   0.790   1.035  -0.296  -1.263   0.627  -1.111   0.468  -1.013  -0.085  -0.811   0.453   0.735  -0.153   0.367  -0.051  -0.903  -0.891   1.422  -1.050   0.914  -0.074   0.156  -0.067  -0.976  -0.057  -0.326  -0.400   0.868  -0.052   0.289   0.074  -0.089  -0.145   0.024  -0.227   0.038   0.341  -0.289  -0.070   0.000
  1963  -2.290  -0.345  -0.492   3.521   0.052  -1.810   1.538  -0.276   0.575   1.578  -0.529   0.194   1.070  -2.342   1.615   0.030  -1.232   0.659  -0.917   2.107   0.808  -1.942   0.101   0.536   0.058  -0.476   1.397  -0.020   0.487   0.051  -0.222  -0.055   0.365   1.104   0.411  -0.050   0.044  -0.220  -0.509  -0.268   0.483  -0.151  -0.084   0.113  -0.085  -0.064   0.093   0.031  -0.064   0.141   0.000
  1964  -0.150   0.899   0.844   2.530  -1.432  -2.225  -0.611  -2.580   1.080   0.370  -0.546  -1.650  -0.409   2.038  -2.183   1.039  -0.938   0.186  -0.066  -0.337  -1.278  -0.515  -0.291   1.283   0.441  -0.239  -0.478   1.123   0.002   0.622   0.253   0.582  -0.284  -0.389   0.260  -0.123   0.218   0.125  -0.325  -0.184   0.283   0.838  -0.339   0.322  -0.226  -0.204   0.046  -0.042   0.184  -0.024   0.000
  1965  -1.942   0.669  -0.222   1.715  -1.822  -0.537  -0.134   0.960  -0.076   0.694  -0.252   0.903   3.004   0.696   1.080  -0.333   0.997  -1.370  -1.131  -0.421   0.718   0.553   1.144   1.388   0.878   0.345   0.251  -0.365   0.381   1.550  -0.002   0.602  -0.494   0.140  -0.987   0.483   0.021   0.050   0.093   0.187  -0.378   0.370   0.511  -0.353  -0.018   0.254  -0.018  -0.070   0.118   0.001   0.000
  1966  -5.845  -0.806   0.281   1.448  -0.694   1.828   1.095   1.003  -2.443  -1.230  -0.320  -1.465   0.591   1.866   0.589  -0.001  -1.832  -0.746  -0.848  -1.688   0.480  -0.185  -0.656   0.713   0.084   0.348   0.140   0.198  -0.520  -0.751  -0.105  -0.045   0.537  -0.872   0.121   0.832  -0.650   0.706  -0.295  -0.155   0.396  -0.273   0.153  -0.227  -0.079  -0.136   0.145   0.010  -0.278   0.164   0.000
  1967   7.279   0.486   1.139   1.090  -2.559  -0.908  -0.402  -1.425   0.069   1.714  -1.115   0.847  -0.419   1.116  -1.262   0.243   0.303   0.591   0.085  -0.643   0.399  -0.946   0.720  -0.567  -0.845   1.514   0.961   0.358  -0.717  -0.143  -0.365   0.213   0.250  -0.410   0.055   0.050   1.149  -0.486  -0.057   0.565   0.152  -0.501   0.346  -0.153   0.196   0.029   0.235   0.018  -0.257  -0.126   0.000
  1968   3.452   1.489   0.960   0.811  -0.122   1.130   1.614  -1.541  -1.912   1.243   0.537   1.768   0.619   0.284  -1.035  -2.176  -0.754  -2.256   2.979   0.308  -0.752  -0.538  -0.005  -0.946   0.444   0.457   0.011   0.129   0.682  -0.369  -0.588  -0.067   0.567   0.279   0.382  -0.351  -0.522  -0.029   0.348  -0.595  -0.079   0.389   0.370  -0.219  -0.133   0.019   0.143  -0.049   0.082  -0.009   0.000
  1969   0.690   2.087  -1.793  -1.832  -0.285  -0.594  -2.970   0.133  -0.213  -2.227   1.743  -0.596  -2.445  -1.046   0.766  -0.259  -0.959  -1.457  -1.069  -0.959   0.117  -0.908  -0.626  -0.320  -0.736   0.271   1.683   1.219   1.118   1.009  -0.186  -0.054   0.348  -0.074  -0.348  -0.051   0.172  -0.047   0.364  -0.425  -0.054   0.226   0.060  -0.014  -0.081   0.097  -0.166   0.207  -0.144  -0.093   0.000
  1970   2.415   2.548  -0.929  -1.994   0.321   0.038   0.853   0.658   0.867   1.067   1.568   1.672   0.600   1.004   0.128   0.495  -0.566  -1.251  -0.370   0.048  -0.159  -0.195  -1.965  -0.083   0.518  -0.039  -1.079   0.287  -1.663   0.713   0.584   0.437   0.251   0.622  -0.647  -0.088  -0.155  -0.563  -0.088  -0.218   0.458  -0.401   0.402   0.639   0.143  -0.180  -0.155   0.027  -0.052   0.039   0.000
  1971  -3.134   2.364  -0.801   1.588  -1.438   0.208   0.990  -0.298  -0.536  -0.277   1.599  -0.884  -0.202  -1.227   0.295   0.782   0.112  -0.652  -0.581   1.360  -1.188   1.240   0.458  -1.110  -0.586  -0.852  -0.620  -0.193  -0.395  -0.033  -0.412   0.448   1.445  -1.007  -0.924  -1.060   0.565   0.134  -0.262   0.160   0.249  -0.132  -0.150  -0.280  -0.061   0.239   0.048  -0.069   0.129   0.087   0.000
  1972   0.135   1.821   0.239  -2.040   0.813   0.258   0.913   1.207  -2.166   0.476   0.738   0.209  -0.828   0.270   1.235   1.044  -0.724   0.851  -0.077   0.018   0.192   0.039   0.714  -1.059   1.584   1.043   0.622  -0.092  -0.158  -0.846   0.607   1.734  -0.120   0.454   0.356  -0.364   0.180   0.126  -0.583   0.341  -0.216   0.619  -0.173  -0.249   0.091  -0.169  -0.355  -0.093  -0.091  -0.025   0.000
  1973  -3.097   1.869  -2.065  -0.617  -0.282   0.288  -0.505  -0.368   0.629   0.210  -0.890  -2.369  -2.629   0.147   1.098  -0.566   0.398   0.886   1.641   1.010   0.739  -0.064  -0.723   0.328   1.103  -0.191  -0.809  -0.128   0.910  -0.347  -0.316   0.323   0.432  -0.050  -0.484   1.341  -0.120  -0.936  -0.134   0.269   0.249  -0.134   0.261  -0.113  -0.154   0.043   0.073  -0.267   0.091  -0.146   0.000
  1974  -2.461   2.342  -0.050  -0.912   1.090   1.846  -1.586  -0.603  -0.665   0.703   0.934  -0.287   0.459  -1.144  -0.985   1.196   0.170   0.547   0.085  -0.172   1.262   1.291  -0.429  -0.221  -0.147   0.258  -0.747   0.214   0.128   0.419  -0.050   0.650  -0.455   0.135   0.858   0.553   0.910  -0.576   0.427  -0.504  -0.254   0.019  -0.127  -0.200  -0.020   0.045   0.367   0.144   0.001   0.375   0.000
  1975  -0.667   3.333  -1.079  -0.444   0.242   0.447  -1.319   0.916   0.794   2.086  -0.487  -0.717  -0.926  -0.757   0.339   0.092   0.899  -0.834   0.268   1.773  -0.421  -0.680  -0.862   0.823   1.209   0.897   0.374  -0.893  -0.454  -0.793  -0.508  -0.243  -0.469  -0.648  -0.234  -0.062   0.238   1.253   0.159   0.113  -0.574   0.091   0.068   0.541  -0.006   0.030   0.236   0.287  -0.043   0.003   0.000
  1976   0.599   1.081  -0.799  -0.233   1.477   0.201  -0.395   1.184  -1.627   1.238  -0.455  -0.728   1.312   0.106   1.239  -1.535   0.842   1.484   1.035  -0.055   0.193  -0.478   0.543  -0.795  -0.884  -0.084   0.638   0.089  -1.579   0.225  -0.225  -0.428  -1.053  -0.842  -0.683   0.043   0.033  -0.499   0.089  -0.431   0.475   0.212  -0.318  -0.150  -0.537  -0.216  -0.165   0.184   0.097  -0.041   0.000
  1977  -9.410   0.108  -2.615   1.391  -0.083   0.274  -0.538   1.133   2.280  -0.894  -0.175   1.981   0.031   0.499  -1.099   1.133   1.686  -1.157   0.453  -0.442  -0.104  -1.528   0.264  -0.474  -0.776   0.702  -0.119  -0.485   0.085  -0.930   1.509   0.007   0.050  -0.272   0.614   0.260   0.158  -0.150  -0.500  -0.425  -0.010  -0.196   0.039  -0.096  -0.255   0.338  -0.254   0.068   0.160  -0.040   0.000
  1978   7.696   4.770  -1.304   0.378  -0.203  -0.524  -3.994  -1.706  -1.413   0.083  -0.893  -2.018   2.291   0.642  -0.547  -0.651  -0.495  -0.295  -0.694   0.124   0.460   0.522   0.235  -0.853  -0.302  -0.695  -0.522   0.162   0.152  -0.628   0.307  -0.094  -0.199   0.909   0.074   0.039  -0.240   0.552  -0.520  -0.184  -0.423  -0.684  -0.181   0.014  -0.151   0.143  -0.155  -0.145   0.006  -0.087   0.000
  1979  -3.720   0.768  -1.481   0.218  -1.405   0.284  -0.236  -0.023  -3.088   0.400   1.284   2.366   0.875   0.152  -0.372  -0.801   1.815   1.272  -0.917   0.375  -0.721   0.299  -2.270   0.210  -0.305   0.394   0.083   0.586   1.203   0.266   0.112  -0.772  -0.016  -0.136   0.489  -0.196  -0.081  -0.048  -0.052   1.015  -0.087  -0.071  -0.139   0.064  -0.301  -0.264  -0.057  -0.120   0.034   0.024   0.000
  1980  -1.340  -6.664   5.735  -2.929  -0.575   0.949  -2.017  -3.414   0.276   0.034  -2.048   0.415   0.411  -0.464   1.792  -0.776   0.998  -0.807  -0.697   1.621  -0.349   0.022  -0.677  -0.018   0.234   0.391  -0.303   0.897  -0.166  -0.211   0.446   0.269   0.377  -0.296  -0.083   0.198   0.262   0.148  -0.090  -0.266  -0.015  -0.099   0.023  -0.144  -0.047  -0.030  -0.228   0.054   0.064   0.048   0.000
  1981   2.599  -3.476   2.900   0.831   0.736  -1.264  -1.646   2.492  -1.334  -0.245   0.226   0.636  -0.826   0.967  -0.056   0.486   0.491   0.879  -1.182  -0.210   2.191  -0.104  -0.574  -1.141   0.983  -0.592  -0.582  -0.631   0.548   0.014  -0.013  -0.476   0.001  -0.533  -0.028  -0.944  -0.065  -0.276  -0.573  -0.594  -0.111   0.265   0.337   0.286  -0.115   0.126   0.366  -0.115  -0.006  -0.108   0.000
  1982   1.923  -2.220   2.546  -1.470   0.759  -0.243   0.031   0.414   2.576   0.671   0.661  -0.308   0.239  -0.908   0.242   0.757  -0.401  -0.336   0.608  -2.693  -0.972  -1.494  -1.069  -0.218  -0.197  -0.654  -0.371  -0.509   0.283  -0.473  -0.952   0.338  -0.536   0.681  -0.590  -0.304   0.128   0.181  -0.128   0.616  -0.110  -0.096  -0.063  -0.283  -0.623   0.141   0.092  -0.092  -0.051   0.125   0.000
  1983   2.184  -2.245   1.190   0.443  -0.925  -1.233   1.601   1.294  -0.351  -2.145   0.544  -2.425  -0.133   2.064  -1.249  -0.086   0.481   0.000   0.202   2.172   0.825  -1.090   0.004  -1.143  -1.007   1.676  -0.712  -0.392   0.363   0.359  -0.247  -0.078  -0.299   0.547  -0.457   0.052  -0.371   0.014   0.537   0.275   0.006   0.104  -0.253   0.185   0.050   0.229  -0.206   0.031  -0.069   0.227   0.000
  1984   0.383  -0.806   0.346  -0.067  -1.317   1.016  -1.629   0.099  -0.115   1.118   0.935   0.737  -1.705   2.197  -0.224  -1.470   1.136  -0.192  -0.597  -0.337  -0.578   1.250  -0.203   0.991  -0.214  -0.867   0.419  -1.502  -0.524  -0.478  -0.790  -0.610   0.408   1.152   0.127   0.307   0.291  -0.170  -0.406  -0.131   0.492   0.495  -0.407  -0.183   0.254   0.248  -0.114   0.210  -0.086   0.027   0.000
  1985   1.452  -1.828   2.507  -0.398  -1.880  -0.730   1.451   2.390  -0.699   1.096   2.561  -0.875  -0.551  -1.453  -1.162  -0.202   0.576   0.173   0.464   0.069  -1.374   1.012   0.741   0.369  -0.650  -0.383   0.761   0.422   0.538  -0.689   0.977  -0.316  -0.671   0.145  -0.536   0.821   0.612   0.366  -0.061  -0.610  -0.003  -0.171   0.214   0.293   0.074  -0.166  -0.038  -0.375  -0.054   0.021   0.000
  1986  -0.245   0.748  -0.254   1.746   0.324   1.175   0.229  -0.335   1.381  -1.027  -0.617   0.055  -0.014  -1.377  -0.315   0.078   2.346  -1.727   0.569  -0.447   1.925   0.079   0.474   0.445   0.059  -0.280  -0.240   1.199  -0.816  -0.526   0.402  -0.560   0.537   0.360  -0.577  -0.283  -0.260  -0.300   0.030   0.198  -0.461   0.479  -0.526   0.021   0.053  -0.344   0.108  -0.209  -0.359   0.002   0.000
  1987  -5.624  -2.555   0.136  -0.128  -0.205  -0.169  -0.955   0.543  -0.739  -0.749   1.385   1.731  -0.207   0.928  -0.450  -0.919  -0.741   0.205   1.403   0.195  -0.626  -0.895   1.185  -0.293   1.058  -0.992   0.132   1.061   0.134   0.398  -0.376   0.467  -0.463  -0.171  -0.540   0.278  -0.349  -0.252  -0.607   0.218  -0.569  -0.637  -0.613   0.157   0.399   0.044   0.243   0.262   0.057   0.019   0.000
  1988   3.199  -0.849   0.241  -1.628  -2.882  -1.061   1.912  -0.182   0.347   1.788  -0.570  -1.396   0.241   0.347   0.559   1.536   0.042  -1.185   0.774  -0.539   1.522   1.281  -0.975  -0.662  -0.552  -1.178   1.774   0.051   0.091  -0.408   1.044   0.027  -0.053  -0.252   0.304  -0.047  -0.822  -0.239   0.250   0.438  -0.040   0.024  -0.133   0.082   0.120   0.126   0.118   0.243   0.296   0.014   0.000
  1989   0.333  -0.027   2.230   1.254   0.707  -0.169   0.321   2.497  -0.398   1.496   0.330  -1.168  -0.555  -0.907  -1.112  -0.817   0.519  -1.214  -0.710  -0.914   1.038  -0.552   0.030   1.160   1.558   0.192  -0.473   0.101   0.146   0.128  -0.450   0.226   0.124  -0.224   0.664  -0.524   0.202  -0.001   0.897  -0.042   0.415  -0.715  -0.494  -0.247   0.167  -0.069  -0.324  -0.038   0.224  -0.131   0.000
  1990   5.309  -0.482   1.102  -0.387   2.572  -1.128   0.962   0.482  -2.154  -1.824   1.343  -1.115   0.578  -0.387  -0.005   1.104   0.163  -0.448   1.272   1.390  -0.392  -0.269  -0.061   2.546  -0.744  -0.978  -0.706   0.203  -0.293  -0.060   0.501  -0.120  -0.182  -0.116   0.583  -0.235   0.189  -0.340  -0.316   0.336  -0.175   0.013   0.427  -0.359  -0.053   0.178  -0.045   0.322  -0.184  -0.140   0.000
  1991  -8.810  -1.232   0.167   0.549  -2.070   0.096   0.217  -1.132   0.672   0.034  -0.616   0.497  -1.558   0.198  -0.711  -0.963  -1.384   1.413   1.545   0.074   1.480   1.594   0.034   1.003  -0.807  -0.294   0.303  -0.889  -0.375   0.675  -0.089   0.625  -0.078   0.180   0.070  -0.952  -0.080   0.238   0.228  -0.182  -0.575  -0.388   0.227   0.188  -0.378  -0.098  -0.307  -0.011  -0.204  -0.029   0.000
  1992   0.511  -1.468  -0.899  -0.354  -1.649  -2.000   0.244   1.397  -0.488  -1.662  -0.986   0.867   0.167  -0.458   2.190   0.884  -1.212  -1.906  -0.120  -0.355  -0.650   1.818   1.487   0.009  -0.101   1.006  -0.864   0.141  -0.107  -0.560  -1.264  -0.483  -0.122   0.211   0.734   0.243   0.342  -0.530   0.029   0.141  -0.041  -0.031  -0.154   0.623  -0.356  -0.099   0.023   0.039   0.089  -0.060   0.000
  1993   0.374   0.996  -3.290  -5.854  -0.568  -2.118   3.941  -1.146   0.227  -0.836  -1.396   0.144   1.508   0.480  -0.595  -1.063   0.909   0.401  -0.529  -0.531   0.633  -1.045   0.098   0.535   0.100  -0.988  -0.110  -0.244   0.499  -0.109  -0.940  -0.046   0.137  -0.707   0.279  -0.117   0.546   0.104  -0.203  -0.448  -0.184   0.075  -0.132   0.109   0.222   0.086  -0.100  -0.171  -0.089   0.063   0.000
  1994   1.413   0.064  -0.405   3.334   0.899   0.062   2.002  -2.670   0.979   1.069   2.030  -0.652  -0.627   0.895   2.569  -0.403   0.978   1.977  -0.414  -1.594  -0.242  -0.011   0.715  -0.634   0.839  -0.388  -0.753   1.086   0.147  -0.503   0.109  -0.601   0.055  -0.102   0.274   0.014   0.038   0.107   0.515  -0.031  -0.387  -0.004   0.350   0.297   0.104   0.272  -0.273   0.191  -0.045   0.078   0.000
  1995   1.687   0.126   1.030  -0.953   1.533   1.333  -0.995  -0.908   1.023  -0.464   0.773   0.398   0.024  -0.561  -2.229   0.934   1.477  -0.128  -1.047   0.865  -0.446   0.330   1.779  -0.728   0.863  -1.057   1.060  -0.296  -0.272   0.435  -0.879   0.442   0.068  -0.502   0.710   0.560  -1.079  -0.052   0.153   0.348   0.440  -0.046   0.339   0.319  -0.326   0.009  -0.132  -0.066  -0.170   0.039   0.000
  1996  -8.532   1.933   2.504   0.684   1.667  -1.959   0.442  -0.925  -0.998  -2.164  -0.736   0.829   0.746  -1.549  -0.550  -1.157  -1.019   0.550  -0.231  -0.230  -0.100   0.400  -1.179  -0.599   0.104  -0.187   0.445   0.162  -1.267  -0.428   0.181   0.127  -0.495   0.241   0.035   0.369   0.158   0.112   0.640   0.297   0.262   0.301  -0.092   0.218   0.209   0.610   0.149  -0.209  -0.017  -0.173   0.000
  1997  -0.069  -3.152  -1.880  -0.959  -1.825   2.921   0.535   1.188  -0.721   2.621  -1.106  -0.309   0.396  -0.931   0.090   2.349  -0.932   0.743   0.605   0.169  -0.850  -0.526  -0.058  -0.758   0.237  -0.103  -0.858   0.247  -0.306   1.627   0.134  -0.816   0.319   0.169   0.387   0.340  -0.124   0.393   0.133  -0.164  -0.114   0.186  -0.349  -0.103   0.027   0.338  -0.043  -0.102  -0.238  -0.205   0.000
  1998   2.444   3.637   2.385   1.483   2.020   0.449   1.262  -0.980   2.035   0.375   0.217   2.455  -0.867   1.488   1.080   1.947  -1.342  -0.655  -0.476   1.303   0.247   0.687  -0.765  -0.033  -0.961  -0.099   0.133  -0.236   0.659  -0.053  -0.772  -0.504  -1.150  -0.761  -0.149   0.298  -0.235  -0.072  -0.038  -0.239  -0.211  -0.137  -0.320  -0.412   0.231  -0.089  -0.181  -0.230  -0.060  -0.056   0.000
  1999  -5.741  -1.544  -1.943   0.142   0.889  -0.167  -1.320  -0.523  -1.166   0.312  -2.060  -1.860  -0.648  -0.835  -1.094   1.186  -0.061  -0.319  -0.053  -0.564  -1.443   0.158  -0.169   0.025   0.516   0.537   0.651   0.223  -0.487  -0.155  -0.671  -1.064  -0.766   0.215  -0.185  -0.895  -0.384  -0.708  -0.326  -0.023  -0.197  -0.037   0.554  -0.208   0.493  -0.040  -0.197  -0.145   0.119   0.178   0.000
  2000   2.403   2.603   1.326  -0.875  -0.864  -0.049  -2.453   2.314   1.071   0.847  -0.637   0.146   0.007  -0.170   1.870  -1.212   0.167   1.267  -0.134  -0.319  -1.551  -0.689   0.594   1.258  -1.808   0.357  -0.459  -0.084   0.017  -0.103   0.430   0.785   0.388  -0.463   0.572  -0.522  -1.124  -0.430   0.313  -0.080  -0.131   0.108  -0.093   0.148   0.289   0.148   0.184  -0.245  -0.046   0.104   0.000
