qual_drop.rwl -- no data title --                         1st itrdb line missing     
qual_drop.rwl -- no data title --                         2nd itrdb line missing     
qual_drop.rwl -- no data title --                         3rd itrdb line missing     
qual_d17929990  09990  0 667  1 871  1 452  1 595  11012  21378  31291  31332  3  trn
qual_d18001342  31213  31179  31107  31026  3 837  3 887  41314  4 999  41084  4  trn
qual_d1810 879  4 953  41016  41075  4 932  4 811  41191  4 972  4 998  4 848  4  trn
qual_d1820 723  4 968  4 917  4 817  4 600  4 750  4 594  4 834  4 349  4 625  4  trn
qual_d1830 960  4 639  4 921  4 850  4 993  41149  4 655  41210  4 665  4 541  5  trn
qual_d1840 792  5 992  51376  51259  51394  51204  51653  51241  51302  51147  5  trn
qual_d18501075  51184  51022  5 988  5 872  5 789  5 764  5 615  5 709  5 571  5  trn
qual_d1860 833  6 579  6 928  6 950  61214  61304  61651  71780  72098 102097 10  trn
qual_d18702207 112415 142543 152361 152064 162201 172062 171947 182248 201986 20  trn
qual_d18801743 212136 222113 242070 242013 241878 252022 261850 271690 271839 27  trn
qual_d18902122 272890 282714 282368 292467 292934 342962 362862 382604 392271 39  trn
qual_d19002231 392573 402293 402565 402222 401856 401838 411893 421694 421651 42  trn
qual_d19101679 43 924 431385 431424 431632 442282 442496 462609 482060 492383 49  trn
qual_d19202568 492587 512630 522286 532759 542430 562691 562790 572685 572683 57  trn
qual_d19302357 572466 582349 592463 612430 612362 612597 622667 622599 622211 62  trn
qual_d19402313 622576 622476 622236 622079 622319 622209 621641 621982 622097 62  trn
qual_d19502330 622293 632120 632105 642394 642722 642843 642828 643028 642465 64  trn
qual_d19602589 652507 652256 652200 652257 652188 651950 652421 652534 652437 66  trn
qual_d19702463 662215 662196 662051 662022 662061 662122 661682 662246 662023 66  trn
qual_d19801921 662113 662159 662191 662137 662118 662106 661822 662035 662031 66  trn
qual_d19902245 661735 661815 661887 662068 662123 661693 661795 661997 661728 66  trn
qual_d20001914 662186 662032 662043 641892 641869 641903 631984 632149 602321 59  trn
qual_d2010 453  5 527  5 357  4 537  4 404  4 343  3 522  2 357  29990  09990  0  trn
qual_drop.rwl -- no data title --                         1st itrdb line missing     
qual_drop.rwl -- no data title --                         2nd itrdb line missing     
qual_drop.rwl -- no data title --                         3rd itrdb line missing     
qual_d17929990  09990  01054  11122  1 957  11000  11015  2 990  31028  31090  3  std
qual_d18001190  31052  3 927  31024  3 988  3 737  3 926  41110  4 910  4 962  4  std
qual_d1810 862  4 907  4 981  4 988  4 997  4 921  41092  41076  41046  4 933  4  std
qual_d1820 886  4 987  41028  4 967  4 754  41036  4 941  4 983  4 786  4 979  4  std
qual_d18301167  4 896  41097  41071  4 985  41131  4 812  41049  4 794  4 842  5  std
qual_d1840 839  5 962  51066  5 991  51249  51051  51171  51108  51047  51070  5  std
qual_d18501078  51202  51103  51036  51050  5 896  5 747  5 812  5 860  5 805  5  std
qual_d1860 831  6 761  6 857  6 975  6 961  61118  61019  71095  71162 101191 10  std
qual_d18701039 111056 141073 15 982 15 929 161026 17 975 17 825 18 998 20 871 20  std
qual_d1880 744 21 888 22 890 24 897 24 910 24 802 25 885 26 790 27 702 27 854 27  std
qual_d18901005 271364 281291 281069 291102 291395 341353 361270 381176 39 984 39  std
qual_d1900 981 391134 40 978 401164 401019 40 891 40 883 41 848 42 777 42 791 42  std
qual_d1910 810 43 500 43 660 43 675 43 743 441074 441199 461206 48 855 491043 49  std
qual_d19201084 491131 511182 52 834 531196 54 886 561052 561154 571107 571114 57  std
qual_d1930 927 57 985 58 935 591006 611003 611012 611078 621127 621074 62 863 62  std
qual_d1940 963 621087 621049 62 908 62 841 62 989 62 893 62 614 62 756 62 822 62  std
qual_d1950 981 62 939 63 852 63 824 64 971 641195 641260 641227 641363 64 989 64  std
qual_d19601096 651066 65 940 65 907 65 941 65 922 65 799 651083 651156 651088 66  std
qual_d19701112 66 982 66 987 66 906 66 882 66 892 66 943 66 731 661080 66 944 66  std
qual_d1980 916 661021 661034 661062 661060 661047 661015 66 877 66 995 661002 66  std
qual_d19901157 66 845 66 909 66 959 661023 661058 66 840 66 899 661003 66 877 66  std
qual_d2000 973 661140 661046 661031 64 941 64 918 64 929 63 975 631038 601113 59  std
qual_d2010 928  51033  5 886  41016  4 907  4 712  31072  2 981  29990  09990  0  std
qual_drop.rwl -- no data title --                         1st itrdb line missing     
qual_drop.rwl -- no data title --                         2nd itrdb line missing     
qual_drop.rwl -- no data title --                         3rd itrdb line missing     
qual_d17929990  09990  01042  11102  1 899  11015  11021  2 977  3 998  31083  3  res
qual_d18001234  31020  3 956  3 998  3 975  3 784  31017  41262  4 858  4 998  4  res
qual_d1810 880  4 966  4 995  4 992  41006  4 926  41085  4 975  41089  4 895  4  res
qual_d1820 891  41044  41014  4 950  4 804  41076  4 928  41089  4 804  4 983  4  res
qual_d18301125  4 839  41143  41065  4 981  41209  4 782  41251  4 783  4 892  5  res
qual_d1840 933  51073  51090  5 972  51236  5 961  51078  51087  5 995  51054  5  res
qual_d1850 997  51244  51001  51019  5 986  5 861  5 750  5 900  5 907  5 880  5  res
qual_d1860 925  6 807  61009  61048  6 948  61113  61042  71078  71154 101130 10  res
qual_d1870 960 111073 141065 15 959 15 932 161020 17 980 17 876 181049 20 905 20  res
qual_d1880 810 21 972 22 986 24 958 24 961 24 869 25 979 26 868 27 776 27 997 27  res
qual_d18901075 271376 281078 28 938 291058 291306 341179 361091 381016 39 897 39  res
qual_d1900 947 391158 40 935 401155 40 953 40 879 40 957 41 908 42 861 42 915 42  res
qual_d1910 939 43 620 43 952 43 858 43 902 441252 441184 461091 48 744 491109 49  res
qual_d19201067 491093 511088 52 772 531210 54 827 561070 561097 571008 571041 57  res
qual_d1930 897 57 999 58 947 591022 61 982 61 998 611100 621105 621012 62 837 62  res
qual_d19401036 621133 621021 62 872 62 881 621075 62 920 62 676 62 964 62 959 62  res
qual_d19501079 62 984 63 884 63 912 641069 641217 641136 641093 641210 64 856 64  res
qual_d19601061 651005 65 905 65 928 65 977 65 940 65 843 651190 651134 651011 66  res
qual_d19701076 66 915 661002 66 918 66 937 66 965 661001 66 781 661207 66 933 66  res
qual_d1980 940 661055 661028 661055 661022 661030 66 989 66 848 661066 661017 66  res
qual_d19901145 66 794 66 981 66 992 661036 661047 66 805 66 968 661075 66 875 66  res
qual_d20001040 661170 66 993 66 999 64 926 64 938 64 965 631019 631070 601102 59  res
qual_d2010 934  51074  5 906  41097  4 888  4 732  31163  2 949  29990  09990  0  res
qual_drop.rwl -- no data title --                         1st itrdb line missing     
qual_drop.rwl -- no data title --                         2nd itrdb line missing     
qual_drop.rwl -- no data title --                         3rd itrdb line missing     
qual_d17929990  09990  01056  11134  1 972  11002  11025  2 993  3 997  31084  3  ars
qual_d18001281  31171  31049  31026  3 991  3 782  3 904  41214  4 973  4 987  4  ars
qual_d1810 876  4 903  4 946  4 966  4 991  4 924  41047  41002  41093  4 946  4  ars
qual_d1820 865  4 976  41004  4 955  4 783  4 964  4 911  41044  4 830  4 896  4  ars
qual_d18301073  4 879  41082  41111  41042  41233  4 907  41205  4 894  4 839  5  ars
qual_d1840 851  5 997  51090  51022  51250  51096  51131  51158  51081  51099  5  ars
qual_d18501051  51274  51148  51099  51041  5 885  5 692  5 740  5 772  5 762  5  ars
qual_d1860 802  6 706  6 857  6 975  6 937  61082  61088  71127  71223 101251 10  ars
qual_d18701095 111126 141134 151033 15 952 16 997 17 981 17 869 18 983 20 898 20  ars
qual_d1880 759 21 847 22 908 24 912 24 917 24 828 25 891 26 813 27 680 27 831 27  ars
qual_d1890 989 271372 281277 281086 291106 291364 341374 361290 381171 39 990 39  ars
qual_d1900 944 391131 401006 401161 401040 40 903 40 908 41 862 42 791 42 807 42  ars
qual_d1910 840 43 538 43 711 43 708 43 751 441123 441252 461227 48 866 491041 49  ars
qual_d19201091 491143 511166 52 862 531140 54 904 561022 561111 571069 571080 57  ars
qual_d1930 941 57 970 58 934 59 989 61 979 61 989 611097 621159 621098 62 891 62  ars
qual_d1940 981 621125 621089 62 921 62 842 62 994 62 919 62 636 62 775 62 843 62  ars
qual_d1950 998 62 985 63 878 63 850 64 993 641215 641252 641228 641333 641034 64  ars
qual_d19601081 651050 65 934 65 896 65 925 65 903 65 794 651084 651181 651108 66  ars
qual_d19701136 66 989 66 999 66 921 66 898 66 914 66 959 66 761 661084 66 979 66  ars
qual_d1980 931 661021 661041 661080 661066 661067 661027 66 865 66 997 661018 66  ars
qual_d19901157 66 880 66 920 66 952 661013 661057 66 838 66 885 661017 66 886 66  ars
qual_d2000 983 661164 661082 661044 64 952 64 915 64 923 63 981 631063 601138 59  ars
qual_d20101009  51082  5 952  41074  4 930  4 698  31006  2 955  29990  09990  0  ars
