year	num	seg	age	raw	std	res	ars
   1792	   1.	 218.000	   1.000	   0.667	   1.054	   1.042	   1.056
   1793	   1.	 218.000	   2.000	   0.871	   1.122	   1.102	   1.134
   1794	   1.	 218.000	   3.000	   0.452	   0.957	   0.899	   0.972
   1795	   1.	 218.000	   4.000	   0.595	   1.000	   1.015	   1.002
   1796	   2.	 216.000	   3.000	   1.012	   1.015	   1.021	   1.025
   1797	   3.	 212.667	   3.000	   1.378	   0.990	   0.977	   0.993
   1798	   3.	 212.667	   4.000	   1.291	   1.028	   0.998	   0.997
   1799	   3.	 212.667	   5.000	   1.332	   1.090	   1.083	   1.084
   1800	   3.	 212.667	   6.000	   1.342	   1.190	   1.234	   1.281
   1801	   3.	 212.667	   7.000	   1.213	   1.052	   1.020	   1.171
   1802	   3.	 212.667	   8.000	   1.179	   0.927	   0.956	   1.049
   1803	   3.	 212.667	   9.000	   1.107	   1.024	   0.998	   1.026
   1804	   3.	 212.667	  10.000	   1.026	   0.988	   0.975	   0.991
   1805	   3.	 212.667	  11.000	   0.837	   0.737	   0.784	   0.782
   1806	   4.	 210.500	   9.250	   0.887	   0.926	   1.017	   0.904
   1807	   4.	 210.500	  10.250	   1.314	   1.110	   1.262	   1.214
   1808	   4.	 210.500	  11.250	   0.999	   0.910	   0.858	   0.973
   1809	   4.	 210.500	  12.250	   1.084	   0.962	   0.998	   0.987
   1810	   4.	 210.500	  13.250	   0.879	   0.862	   0.880	   0.876
   1811	   4.	 210.500	  14.250	   0.953	   0.907	   0.966	   0.903
   1812	   4.	 210.500	  15.250	   1.016	   0.981	   0.995	   0.946
   1813	   4.	 210.500	  16.250	   1.075	   0.988	   0.992	   0.966
   1814	   4.	 210.500	  17.250	   0.932	   0.997	   1.006	   0.991
   1815	   4.	 210.500	  18.250	   0.811	   0.921	   0.926	   0.924
   1816	   4.	 210.500	  19.250	   1.191	   1.092	   1.085	   1.047
   1817	   4.	 210.500	  20.250	   0.972	   1.076	   0.975	   1.002
   1818	   4.	 210.500	  21.250	   0.998	   1.046	   1.089	   1.093
   1819	   4.	 210.500	  22.250	   0.848	   0.933	   0.895	   0.946
   1820	   4.	 210.500	  23.250	   0.723	   0.886	   0.891	   0.865
   1821	   4.	 210.500	  24.250	   0.968	   0.987	   1.044	   0.976
   1822	   4.	 210.500	  25.250	   0.917	   1.028	   1.014	   1.004
   1823	   4.	 210.500	  26.250	   0.817	   0.967	   0.950	   0.955
   1824	   4.	 210.500	  27.250	   0.600	   0.754	   0.804	   0.783
   1825	   4.	 210.500	  28.250	   0.750	   1.036	   1.076	   0.964
   1826	   4.	 210.500	  29.250	   0.594	   0.941	   0.928	   0.911
   1827	   4.	 210.500	  30.250	   0.834	   0.983	   1.089	   1.044
   1828	   4.	 210.500	  31.250	   0.349	   0.786	   0.804	   0.830
   1829	   4.	 210.500	  32.250	   0.625	   0.979	   0.983	   0.896
   1830	   4.	 210.500	  33.250	   0.960	   1.167	   1.125	   1.073
   1831	   4.	 210.500	  34.250	   0.639	   0.896	   0.839	   0.879
   1832	   4.	 210.500	  35.250	   0.921	   1.097	   1.143	   1.082
   1833	   4.	 210.500	  36.250	   0.850	   1.071	   1.065	   1.111
   1834	   4.	 210.500	  37.250	   0.993	   0.985	   0.981	   1.042
   1835	   4.	 210.500	  38.250	   1.149	   1.131	   1.209	   1.233
   1836	   4.	 210.500	  39.250	   0.655	   0.812	   0.782	   0.907
   1837	   4.	 210.500	  40.250	   1.210	   1.049	   1.251	   1.205
   1838	   4.	 210.500	  41.250	   0.665	   0.794	   0.783	   0.894
   1839	   5.	 202.600	  34.000	   0.541	   0.842	   0.892	   0.839
   1840	   5.	 202.600	  35.000	   0.792	   0.839	   0.933	   0.851
   1841	   5.	 202.600	  36.000	   0.992	   0.962	   1.073	   0.997
   1842	   5.	 202.600	  37.000	   1.376	   1.066	   1.090	   1.090
   1843	   5.	 202.600	  38.000	   1.259	   0.991	   0.972	   1.022
   1844	   5.	 202.600	  39.000	   1.394	   1.249	   1.236	   1.250
   1845	   5.	 202.600	  40.000	   1.204	   1.051	   0.961	   1.096
   1846	   5.	 202.600	  41.000	   1.653	   1.171	   1.078	   1.131
   1847	   5.	 202.600	  42.000	   1.241	   1.108	   1.087	   1.158
   1848	   5.	 202.600	  43.000	   1.302	   1.047	   0.995	   1.081
   1849	   5.	 202.600	  44.000	   1.147	   1.070	   1.054	   1.099
   1850	   5.	 202.600	  45.000	   1.075	   1.078	   0.997	   1.051
   1851	   5.	 202.600	  46.000	   1.184	   1.202	   1.244	   1.274
   1852	   5.	 202.600	  47.000	   1.022	   1.103	   1.001	   1.148
   1853	   5.	 202.600	  48.000	   0.988	   1.036	   1.019	   1.099
   1854	   5.	 202.600	  49.000	   0.872	   1.050	   0.986	   1.041
   1855	   5.	 202.600	  50.000	   0.789	   0.896	   0.861	   0.885
   1856	   5.	 202.600	  51.000	   0.764	   0.747	   0.750	   0.692
   1857	   5.	 202.600	  52.000	   0.615	   0.812	   0.900	   0.740
   1858	   5.	 202.600	  53.000	   0.709	   0.860	   0.907	   0.772
   1859	   5.	 202.600	  54.000	   0.571	   0.805	   0.880	   0.762
   1860	   6.	 194.833	  46.000	   0.833	   0.831	   0.925	   0.802
   1861	   6.	 194.833	  47.000	   0.579	   0.761	   0.807	   0.706
   1862	   6.	 194.833	  48.000	   0.928	   0.857	   1.009	   0.857
   1863	   6.	 194.833	  49.000	   0.950	   0.975	   1.048	   0.975
   1864	   6.	 194.833	  50.000	   1.214	   0.961	   0.948	   0.937
   1865	   6.	 194.833	  51.000	   1.304	   1.118	   1.113	   1.082
   1866	   7.	 187.571	  44.714	   1.651	   1.019	   1.042	   1.088
   1867	   7.	 187.571	  45.714	   1.780	   1.095	   1.078	   1.127
   1868	  10.	 173.900	  33.000	   2.098	   1.162	   1.154	   1.223
   1869	  10.	 173.900	  34.000	   2.097	   1.191	   1.130	   1.251
   1870	  11.	 170.818	  31.909	   2.207	   1.039	   0.960	   1.095
   1871	  14.	 164.000	  26.071	   2.415	   1.056	   1.073	   1.126
   1872	  15.	 162.267	  25.333	   2.543	   1.073	   1.065	   1.134
   1873	  15.	 162.267	  26.333	   2.361	   0.982	   0.959	   1.033
   1874	  16.	 160.625	  25.688	   2.064	   0.929	   0.932	   0.952
   1875	  17.	 159.118	  25.176	   2.201	   1.026	   1.020	   0.997
   1876	  17.	 159.118	  26.176	   2.062	   0.975	   0.980	   0.981
   1877	  18.	 157.667	  25.722	   1.947	   0.825	   0.876	   0.869
   1878	  20.	 155.100	  24.150	   2.248	   0.998	   1.049	   0.983
   1879	  20.	 155.100	  25.150	   1.986	   0.871	   0.905	   0.898
   1880	  21.	 153.905	  24.952	   1.743	   0.744	   0.810	   0.759
   1881	  22.	 152.773	  24.818	   2.136	   0.888	   0.972	   0.847
   1882	  24.	 150.667	  23.750	   2.113	   0.890	   0.986	   0.908
   1883	  24.	 150.667	  24.750	   2.070	   0.897	   0.958	   0.912
   1884	  24.	 150.667	  25.750	   2.013	   0.910	   0.961	   0.917
   1885	  25.	 149.640	  25.720	   1.878	   0.802	   0.869	   0.828
   1886	  26.	 148.654	  25.731	   2.022	   0.885	   0.979	   0.891
   1887	  27.	 147.704	  25.778	   1.850	   0.790	   0.868	   0.813
   1888	  27.	 147.704	  26.778	   1.690	   0.702	   0.776	   0.680
   1889	  27.	 147.704	  27.778	   1.839	   0.854	   0.997	   0.831
   1890	  27.	 147.704	  28.778	   2.122	   1.005	   1.075	   0.989
   1891	  28.	 146.679	  28.750	   2.890	   1.364	   1.376	   1.372
   1892	  28.	 146.679	  29.750	   2.714	   1.291	   1.078	   1.277
   1893	  29.	 145.655	  29.724	   2.368	   1.069	   0.938	   1.086
   1894	  29.	 145.655	  30.724	   2.467	   1.102	   1.058	   1.106
   1895	  34.	 141.147	  27.206	   2.934	   1.395	   1.306	   1.364
   1896	  36.	 139.639	  26.694	   2.962	   1.353	   1.179	   1.374
   1897	  38.	 138.237	  26.289	   2.862	   1.270	   1.091	   1.290
   1898	  39.	 137.564	  26.615	   2.604	   1.176	   1.016	   1.171
   1899	  39.	 137.564	  27.615	   2.271	   0.984	   0.897	   0.990
   1900	  39.	 137.564	  28.615	   2.231	   0.981	   0.947	   0.944
   1901	  40.	 136.850	  28.900	   2.573	   1.134	   1.158	   1.131
   1902	  40.	 136.850	  29.900	   2.293	   0.978	   0.935	   1.006
   1903	  40.	 136.850	  30.900	   2.565	   1.164	   1.155	   1.161
   1904	  40.	 136.850	  31.900	   2.222	   1.019	   0.953	   1.040
   1905	  40.	 136.850	  32.900	   1.856	   0.891	   0.879	   0.903
   1906	  41.	 136.049	  33.098	   1.838	   0.883	   0.957	   0.908
   1907	  42.	 135.214	  33.310	   1.893	   0.848	   0.908	   0.862
   1908	  42.	 135.214	  34.310	   1.694	   0.777	   0.861	   0.791
   1909	  42.	 135.214	  35.310	   1.651	   0.791	   0.915	   0.807
   1910	  43.	 134.395	  35.488	   1.679	   0.810	   0.939	   0.840
   1911	  43.	 134.395	  36.488	   0.924	   0.500	   0.620	   0.538
   1912	  43.	 134.395	  37.488	   1.385	   0.660	   0.952	   0.711
   1913	  43.	 134.395	  38.488	   1.424	   0.675	   0.858	   0.708
   1914	  44.	 133.523	  38.614	   1.632	   0.743	   0.902	   0.751
   1915	  44.	 133.523	  39.614	   2.282	   1.074	   1.252	   1.123
   1916	  46.	 131.913	  38.891	   2.496	   1.199	   1.184	   1.252
   1917	  48.	 130.292	  38.271	   2.609	   1.206	   1.091	   1.227
   1918	  49.	 129.510	  38.490	   2.060	   0.855	   0.744	   0.866
   1919	  49.	 129.510	  39.490	   2.383	   1.043	   1.109	   1.041
   1920	  49.	 129.510	  40.490	   2.568	   1.084	   1.067	   1.091
   1921	  51.	 127.784	  39.902	   2.587	   1.131	   1.093	   1.143
   1922	  52.	 126.981	  40.135	   2.630	   1.182	   1.088	   1.166
   1923	  53.	 126.226	  40.377	   2.286	   0.834	   0.772	   0.862
   1924	  54.	 125.481	  40.630	   2.759	   1.196	   1.210	   1.140
   1925	  56.	 124.036	  40.179	   2.430	   0.886	   0.827	   0.904
   1926	  56.	 124.036	  41.179	   2.691	   1.052	   1.070	   1.022
   1927	  57.	 123.316	  41.456	   2.790	   1.154	   1.097	   1.111
   1928	  57.	 123.316	  42.456	   2.685	   1.107	   1.008	   1.069
   1929	  57.	 123.316	  43.456	   2.683	   1.114	   1.041	   1.080
   1930	  57.	 123.316	  44.456	   2.357	   0.927	   0.897	   0.941
   1931	  58.	 122.517	  44.690	   2.466	   0.985	   0.999	   0.970
   1932	  59.	 121.763	  44.932	   2.349	   0.935	   0.947	   0.934
   1933	  61.	 120.295	  44.459	   2.463	   1.006	   1.022	   0.989
   1934	  61.	 120.295	  45.459	   2.430	   1.003	   0.982	   0.979
   1935	  61.	 120.295	  46.459	   2.362	   1.012	   0.998	   0.989
   1936	  62.	 119.581	  46.710	   2.597	   1.078	   1.100	   1.097
   1937	  62.	 119.581	  47.710	   2.667	   1.127	   1.105	   1.159
   1938	  62.	 119.581	  48.710	   2.599	   1.074	   1.012	   1.098
   1939	  62.	 119.581	  49.710	   2.211	   0.863	   0.837	   0.891
   1940	  62.	 119.581	  50.710	   2.313	   0.963	   1.036	   0.981
   1941	  62.	 119.581	  51.710	   2.576	   1.087	   1.133	   1.125
   1942	  62.	 119.581	  52.710	   2.476	   1.049	   1.021	   1.089
   1943	  62.	 119.581	  53.710	   2.236	   0.908	   0.872	   0.921
   1944	  62.	 119.581	  54.710	   2.079	   0.841	   0.881	   0.842
   1945	  62.	 119.581	  55.710	   2.319	   0.989	   1.075	   0.994
   1946	  62.	 119.581	  56.710	   2.209	   0.893	   0.920	   0.919
   1947	  62.	 119.581	  57.710	   1.641	   0.614	   0.676	   0.636
   1948	  62.	 119.581	  58.710	   1.982	   0.756	   0.964	   0.775
   1949	  62.	 119.581	  59.710	   2.097	   0.822	   0.959	   0.843
   1950	  62.	 119.581	  60.710	   2.330	   0.981	   1.079	   0.998
   1951	  63.	 118.746	  60.746	   2.293	   0.939	   0.984	   0.985
   1952	  63.	 118.746	  61.746	   2.120	   0.852	   0.884	   0.878
   1953	  64.	 117.906	  61.781	   2.105	   0.824	   0.912	   0.850
   1954	  64.	 117.906	  62.781	   2.394	   0.971	   1.069	   0.993
   1955	  64.	 117.906	  63.781	   2.722	   1.195	   1.217	   1.215
   1956	  64.	 117.906	  64.781	   2.843	   1.260	   1.136	   1.252
   1957	  64.	 117.906	  65.781	   2.828	   1.227	   1.093	   1.228
   1958	  64.	 117.906	  66.781	   3.028	   1.363	   1.210	   1.333
   1959	  64.	 117.906	  67.781	   2.465	   0.989	   0.856	   1.034
   1960	  65.	 116.800	  67.738	   2.589	   1.096	   1.061	   1.081
   1961	  65.	 116.800	  68.738	   2.507	   1.066	   1.005	   1.050
   1962	  65.	 116.800	  69.738	   2.256	   0.940	   0.905	   0.934
   1963	  65.	 116.800	  70.738	   2.200	   0.907	   0.928	   0.896
   1964	  65.	 116.800	  71.738	   2.257	   0.941	   0.977	   0.925
   1965	  65.	 116.800	  72.738	   2.188	   0.922	   0.940	   0.903
   1966	  65.	 116.800	  73.738	   1.950	   0.799	   0.843	   0.794
   1967	  65.	 116.800	  74.738	   2.421	   1.083	   1.190	   1.084
   1968	  65.	 116.800	  75.738	   2.534	   1.156	   1.134	   1.181
   1969	  66.	 115.652	  75.591	   2.437	   1.088	   1.011	   1.108
   1970	  66.	 115.652	  76.591	   2.463	   1.112	   1.076	   1.136
   1971	  66.	 115.652	  77.591	   2.215	   0.982	   0.915	   0.989
   1972	  66.	 115.652	  78.591	   2.196	   0.987	   1.002	   0.999
   1973	  66.	 115.652	  79.591	   2.051	   0.906	   0.918	   0.921
   1974	  66.	 115.652	  80.591	   2.022	   0.882	   0.937	   0.898
   1975	  66.	 115.652	  81.591	   2.061	   0.892	   0.965	   0.914
   1976	  66.	 115.652	  82.591	   2.122	   0.943	   1.001	   0.959
   1977	  66.	 115.652	  83.591	   1.682	   0.731	   0.781	   0.761
   1978	  66.	 115.652	  84.591	   2.246	   1.080	   1.207	   1.084
   1979	  66.	 115.652	  85.591	   2.023	   0.944	   0.933	   0.979
   1980	  66.	 115.652	  86.591	   1.921	   0.916	   0.940	   0.931
   1981	  66.	 115.652	  87.591	   2.113	   1.021	   1.055	   1.021
   1982	  66.	 115.652	  88.591	   2.159	   1.034	   1.028	   1.041
   1983	  66.	 115.652	  89.591	   2.191	   1.062	   1.055	   1.080
   1984	  66.	 115.652	  90.591	   2.137	   1.060	   1.022	   1.066
   1985	  66.	 115.652	  91.591	   2.118	   1.047	   1.030	   1.067
   1986	  66.	 115.652	  92.591	   2.106	   1.015	   0.989	   1.027
   1987	  66.	 115.652	  93.591	   1.822	   0.877	   0.848	   0.865
   1988	  66.	 115.652	  94.591	   2.035	   0.995	   1.066	   0.997
   1989	  66.	 115.652	  95.591	   2.031	   1.002	   1.017	   1.018
   1990	  66.	 115.652	  96.591	   2.245	   1.157	   1.145	   1.157
   1991	  66.	 115.652	  97.591	   1.735	   0.845	   0.794	   0.880
   1992	  66.	 115.652	  98.591	   1.815	   0.909	   0.981	   0.920
   1993	  66.	 115.652	  99.591	   1.887	   0.959	   0.992	   0.952
   1994	  66.	 115.652	 100.591	   2.068	   1.023	   1.036	   1.013
   1995	  66.	 115.652	 101.591	   2.123	   1.058	   1.047	   1.057
   1996	  66.	 115.652	 102.591	   1.693	   0.840	   0.805	   0.838
   1997	  66.	 115.652	 103.591	   1.795	   0.899	   0.968	   0.885
   1998	  66.	 115.652	 104.591	   1.997	   1.003	   1.075	   1.017
   1999	  66.	 115.652	 105.591	   1.728	   0.877	   0.875	   0.886
   2000	  66.	 115.652	 106.591	   1.914	   0.973	   1.040	   0.983
   2001	  66.	 115.652	 107.591	   2.186	   1.140	   1.170	   1.164
   2002	  66.	 115.652	 108.591	   2.032	   1.046	   0.993	   1.082
   2003	  64.	 114.766	 108.484	   2.043	   1.031	   0.999	   1.044
   2004	  64.	 114.766	 109.484	   1.892	   0.941	   0.926	   0.952
   2005	  64.	 114.766	 110.484	   1.869	   0.918	   0.938	   0.915
   2006	  63.	 115.857	 112.508	   1.903	   0.929	   0.965	   0.923
   2007	  63.	 115.857	 113.508	   1.984	   0.975	   1.019	   0.981
   2008	  60.	 117.250	 115.783	   2.149	   1.038	   1.070	   1.063
   2009	  59.	 117.085	 116.593	   2.321	   1.113	   1.102	   1.138
   2010	   5.	  92.600	  87.800	   0.453	   0.928	   0.934	   1.009
   2011	   5.	  92.600	  88.800	   0.527	   1.033	   1.074	   1.082
   2012	   4.	  96.750	  93.000	   0.357	   0.886	   0.906	   0.952
   2013	   4.	  96.750	  94.000	   0.537	   1.016	   1.097	   1.074
   2014	   4.	  96.750	  95.000	   0.404	   0.907	   0.888	   0.930
   2015	   3.	  96.000	  94.667	   0.343	   0.712	   0.732	   0.698
   2016	   2.	  66.000	  65.000	   0.522	   1.072	   1.163	   1.006
   2017	   2.	  66.000	  66.000	   0.357	   0.981	   0.949	   0.955
