 % variance  0.139   0.082   0.107
 cumulative  0.139   0.221   0.329
 series_id   #  1       2       3
  100990     0.378   0.352   0.138
  90546      0.221   0.237   0.432
  60315     -0.072   0.389   0.368
  80371      0.692  -0.143   0.110
  80745      0.479   0.234   0.170
  70471      0.668  -0.019   0.025
  80451      0.440  -0.020   0.365
  50455      0.038  -0.253   0.252
  50322      0.319   0.101   0.559
  101212     0.249   0.036   0.117
  80540     -0.004   0.269  -0.004
  70519      0.662   0.064   0.200
  90130      0.167   0.562  -0.156
  70536      0.530   0.061   0.090
  60078      0.622   0.014   0.279
  70371      0.255   0.112   0.640
  60121      0.342   0.135   0.558
  80089      0.125   0.031   0.595
  60377     -0.135  -0.384   0.555
  90558      0.023   0.690  -0.157
  70559      0.685   0.258  -0.108
  90283      0.121   0.405  -0.049
  50314      0.251   0.068   0.199
  162397    -0.008  -0.128   0.408
  162295     0.103  -0.195   0.563
  172168     0.532   0.091   0.183
  112142     0.309  -0.405   0.357
  180996     0.512   0.151   0.089
  142539    -0.196   0.483   0.318
  162398     0.208   0.417   0.319
  70602      0.532  -0.200   0.448
  122404     0.288   0.104   0.487
  72232      0.052   0.338   0.300
  60210      0.305   0.001   0.372
  92046      0.130   0.358   0.325
  52111     -0.153   0.688  -0.074
  60016      0.012   0.679  -0.180
  132206     0.275   0.233   0.464
  112336     0.019  -0.253   0.495
  142565    -0.063   0.019   0.465
  122211     0.224  -0.136   0.551
  82058      0.646  -0.098   0.227
  192029     0.154  -0.442   0.416
  32138A     0.406  -0.033   0.192
  60507      0.662  -0.027   0.207
  70601A     0.482  -0.394   0.074
  90273      0.462  -0.114  -0.065
  132177A    0.456   0.153   0.314
  102371     0.027  -0.058   0.467
  172036     0.340   0.088   0.072
  60060      0.716  -0.034   0.093
  60331      0.336   0.085   0.404
  70535      0.714  -0.145   0.043
  70069      0.288   0.074   0.431
  50234      0.589  -0.105  -0.022
  110870     0.251   0.033   0.289
  62148     -0.223   0.023   0.020
  90752      0.063   0.536  -0.028
  102271     0.028   0.497   0.190
  50517r    -0.217   0.047   0.308
  20835r    -0.150   0.544   0.156
  122474r    0.315   0.067   0.502
