  year  #   1       2       3
  1950   2.579  -0.003  -1.703
  1951   2.550  -0.098  -1.955
  1952   1.782  -0.232  -1.081
  1953   2.299   0.078  -0.990
  1954   1.828  -0.404  -0.630
  1955   2.097  -0.413  -0.036
  1956   0.816  -1.779  -0.018
  1957   1.292  -1.110   0.454
  1958   1.867  -0.931   0.826
  1959   0.847  -0.674   0.510
  1960   0.222  -1.421   0.556
  1961  -0.033  -1.111   0.954
  1962  -0.705  -1.482   0.728
  1963  -0.218  -1.672   0.919
  1964  -0.681  -1.847   0.797
  1965  -0.574  -2.023   0.852
  1966  -0.582  -1.490   1.292
  1967  -0.093  -0.547   1.730
  1968   0.107  -0.444   1.778
  1969  -0.315  -0.085   1.695
  1970   0.029   0.453   1.686
  1971   0.544   0.992   1.582
  1972   0.442   1.522   1.392
  1973   0.637   1.947   0.969
  1974  -0.272   0.990   0.904
  1975  -0.098   1.542   0.859
  1976  -0.260   1.374   0.718
  1977  -0.897   0.075   0.244
  1978  -0.553   0.568   0.297
  1979  -0.563   1.146   0.571
  1980  -0.242   1.461   0.306
  1981  -0.188   1.352   0.234
  1982  -0.137   1.423  -0.115
  1983   0.062   1.341  -0.160
  1984  -0.013   1.257  -0.247
  1985   0.088   1.240  -0.498
  1986  -0.174   1.336  -0.599
  1987  -0.755   0.066  -0.614
  1988  -0.678   0.253  -0.758
  1989  -0.886   0.552  -0.319
  1990  -0.864   0.119  -0.944
  1991  -1.396  -0.303  -0.737
  1992  -0.947  -0.183  -1.042
  1993  -0.680  -0.169  -1.568
  1994  -0.802   0.073  -1.470
  1995  -0.886   0.204  -1.383
  1996  -1.173  -0.645  -1.223
  1997  -1.223  -0.532  -1.195
  1998  -1.191  -0.668  -1.224
  1999  -1.114  -0.861  -1.277
  2000  -0.898  -0.239  -1.068
