  year  #   1       2       3       4       5       6       7       8       9      10      11      12      13      14      15      16      17      18      19      20      21      22      23      24      25      26      27      28      29      30      31      32      33      34      35      36      37      38      39      40      41      42      43      44      45      46      47      48      49      50      51
  1950   4.739  -1.598   1.928  -2.378  -1.163  -3.627   3.218   1.843   1.335   1.277  -2.344   1.503   0.105   0.031  -0.649  -1.011   0.196   0.346  -0.887   0.753   0.336   1.165  -0.122   0.369  -0.100  -0.245   0.654  -0.507  -0.080  -0.059   0.875   0.062  -0.092   0.021  -0.199  -0.635  -0.030  -0.546   0.051   0.044   0.060  -0.197   0.216  -0.061   0.086   0.169  -0.138   0.015  -0.017   0.024   0.000
  1951   5.167  -2.032   1.390  -1.649  -4.078  -2.390   1.980  -0.292  -1.826  -0.164  -0.326   1.367   0.902   0.280  -1.125   0.393   0.209  -0.956   0.069  -0.162  -0.499  -0.779  -0.528  -0.149  -0.232   0.152   0.317   0.888  -0.103   0.014  -0.860  -0.208  -0.728  -0.642   0.430   0.213  -0.118   0.392   0.222   0.230   0.348   0.440  -0.197   0.037   0.108   0.003   0.047  -0.067  -0.088   0.034   0.000
  1952   3.409  -5.157   0.505  -2.230  -1.844  -1.327   0.433  -0.486  -1.986  -2.266   2.292   0.845  -0.078  -0.237  -0.286   0.003  -1.239   0.735   0.120   0.611   0.541  -0.047  -0.187  -1.110   1.008  -0.172  -0.334  -0.300   1.316  -0.321   0.056   0.702   0.452   0.288  -0.505   0.363   0.223  -0.096  -0.173   0.010  -0.365  -0.105   0.024   0.017   0.097   0.012   0.054  -0.118   0.028  -0.005   0.000
  1953   6.009  -3.431   0.163  -1.194  -0.706  -2.801  -0.386  -1.250  -0.509  -1.234   0.222  -1.387   0.618   0.277   1.728  -2.051  -0.038  -0.283   0.610   0.214  -0.025  -0.238   0.282   0.448  -0.337  -0.146  -0.474   0.525  -1.063   0.394  -0.238   0.221   0.142   0.105   0.465   0.052  -0.171  -0.026   0.463  -0.289  -0.210  -0.431  -0.100  -0.145  -0.019  -0.288  -0.028   0.174   0.116  -0.002   0.000
  1954   3.694  -0.665  -2.088  -2.515   0.582  -2.611  -2.887  -0.197   0.573  -0.669   0.860  -1.861   0.131   0.000   1.356   0.978   1.182   0.597   0.384   0.548  -1.031   0.805  -0.819  -0.722   0.637  -0.518   1.013  -0.016  -0.727  -0.111  -0.045  -0.807  -0.001  -0.260  -0.622  -0.126  -0.215   0.083  -0.203   0.272  -0.180   0.285   0.204   0.144  -0.197   0.035  -0.060   0.003  -0.051  -0.060   0.000
  1955   4.827   1.898  -2.150  -2.108   2.326  -2.927  -3.829  -1.466   1.578  -1.099   0.577   0.348   0.883   1.002   0.039   0.651   0.060   0.155  -0.099  -0.930   0.257   0.567   0.580   0.866  -0.175  -0.137  -0.238   0.171   0.635  -0.192   0.795   0.488  -0.254   0.379   0.530   0.399   0.233   0.283  -0.038  -0.214   0.417   0.024   0.046  -0.135   0.141   0.207   0.020   0.014  -0.136   0.079   0.000
  1956  -2.250   3.937  -4.148  -2.870   2.125  -1.622   0.058   2.176  -3.134   0.100  -2.880  -1.129   0.972  -0.884  -0.109   0.290  -2.775   1.119  -0.373  -0.484   0.004  -0.525   0.393  -0.579  -0.267   0.017  -0.038   0.752  -0.037   0.028  -0.113  -0.066  -0.107  -0.068  -0.077   0.169   0.033  -0.351  -0.228   0.041   0.087  -0.095   0.075   0.027  -0.041  -0.098  -0.006   0.022  -0.026  -0.041   0.000
  1957   1.331   4.713  -3.173  -2.192   2.383  -0.483   2.336   1.364  -0.580  -0.696   0.865   1.577  -2.108  -0.192   0.473   0.027   0.752  -0.796  -0.175   0.029  -0.222   0.052   0.447  -0.283   0.444  -0.947   0.154  -0.817  -0.912  -0.361  -1.175   0.657   0.391   0.151   0.094  -0.019  -0.223   0.195  -0.202  -0.133   0.201  -0.103  -0.219   0.012   0.099   0.219   0.123   0.052   0.059   0.019   0.000
  1958   3.628   5.889  -2.181   0.335   1.872  -1.003   2.330   0.210  -0.284  -0.754   1.788   0.754   0.872  -0.512  -1.510  -0.222   1.368  -0.851   0.764  -0.396   0.569  -1.168   0.038  -0.207   0.228   0.535   0.297  -0.274   0.440  -0.539   0.946  -0.574  -0.206  -0.053   0.056   0.047   0.053  -0.181   0.381  -0.209  -0.344   0.214   0.217  -0.030  -0.142  -0.255  -0.012   0.092   0.070  -0.053   0.000
  1959   0.711   3.190  -2.460  -1.427   1.031   0.290   0.602  -0.310   1.792  -0.582   0.388   0.183   0.284   0.068  -0.846  -0.512   0.314  -0.093  -0.144   0.552  -0.664   0.046  -1.545  -0.836  -1.118   0.894  -1.158   0.093  -0.134   0.802  -0.185  -0.131   0.157  -0.016  -0.109   0.151   0.211   0.317   0.193   0.150  -0.080  -0.432  -0.047  -0.069  -0.072   0.168  -0.207  -0.282   0.021  -0.007   0.000
  1960  -3.318   1.901   0.053  -1.258   1.198  -0.192  -0.645  -0.853  -0.953   1.555   1.350   1.309   1.040   1.494   1.114  -1.901  -0.622  -1.443  -0.834   0.108   0.574  -0.206  -0.524   0.430  -0.190  -0.485  -0.020   0.294   0.323   1.123   0.117   0.244   0.830   0.200  -0.392  -0.409   0.145  -0.186  -0.083   0.243   0.029   0.512  -0.164   0.188  -0.236  -0.062  -0.002   0.041  -0.052   0.037   0.000
  1961  -4.204   2.935   0.604  -0.503   0.877   2.131   0.691  -0.823  -0.748   1.743   1.145   0.748   1.671   1.420   1.256   1.156  -0.486  -0.477  -0.206   0.638   0.068   1.421  -0.847   0.017   0.926  -0.747  -0.114   0.718   0.026  -0.617   0.379  -0.024  -0.874  -0.449   0.139  -0.178  -0.164   0.027   0.075   0.082  -0.199  -0.385  -0.190  -0.247   0.185  -0.156   0.063  -0.051   0.055   0.008   0.000
  1962  -8.323  -1.113  -0.758  -0.488  -0.134   1.814   2.763  -0.701  -1.119  -3.460   0.403  -0.649  -0.828   0.123   0.916  -0.662  -0.134  -0.505  -0.635   0.921  -0.894   1.050  -0.235   0.582  -0.074   1.008   0.004   0.602  -0.178  -0.624   0.375  -0.199   0.267  -0.081   0.705   0.169   0.169  -0.254   0.075  -0.195   0.007   0.199   0.325   0.151  -0.050   0.211   0.024   0.060  -0.095   0.014   0.000
  1963  -5.068   2.569  -0.147  -0.545  -0.513   0.183   0.880  -1.514   0.069  -1.777   0.939  -0.811  -1.004  -0.177  -0.587  -0.647   0.410   1.367   1.262   0.117  -0.396  -0.284   0.759   1.079  -0.611  -0.825   0.738  -0.320   0.538   1.038  -0.364  -0.185  -0.180  -0.327  -0.201  -0.302  -0.110  -0.301   0.013   0.251  -0.197  -0.098   0.066  -0.251   0.373  -0.172   0.066  -0.099  -0.147   0.031   0.000
  1964  -8.968  -0.994   0.916   0.319  -0.409  -1.065   0.437  -0.773  -0.898  -0.403   0.556   0.492   1.571   1.135  -0.471  -0.593   0.500   1.873   1.209   0.583   0.463   0.267   0.389  -0.363  -1.238  -0.069   0.408  -0.697  -0.060  -0.743  -0.105   0.071  -0.375   0.322   0.009   0.147  -0.161   0.271  -0.447  -0.017   0.334   0.099  -0.311  -0.093  -0.329   0.025  -0.201   0.059   0.104   0.002   0.000
  1965  -7.991  -0.739   1.848  -0.483   0.323  -2.501  -0.204   0.185  -0.338   0.246  -0.333  -1.096  -0.806   1.960  -0.854   0.120   0.315  -0.267   0.547  -0.291   0.826  -0.799  -0.313  -0.323   1.019   0.227  -0.019  -0.157  -0.178   0.561   0.390  -0.415   0.263  -0.429   0.061  -0.149   0.580   0.516   0.002  -0.029   0.288  -0.279   0.015   0.284   0.376   0.131  -0.010   0.128   0.045  -0.128   0.000
  1966  -6.659  -0.551   2.381   1.457   1.296  -2.760  -1.289  -0.162   1.391  -0.367  -0.633   0.123   0.004   1.106  -1.404  -0.257  -0.411  -0.140  -1.309  -0.543  -1.196  -0.569  -0.099  -0.202   1.073  -0.191  -1.067  -0.455  -0.215  -0.399  -0.952   0.053  -0.402   0.282  -0.016  -0.367  -0.172  -0.163   0.018  -0.440  -0.318   0.229   0.242  -0.137  -0.043  -0.180  -0.130  -0.049  -0.046   0.067   0.000
  1967  -1.826   0.655   2.737   3.942   1.460  -2.646  -2.310   0.861  -0.437   0.061   0.222   0.201   0.492   0.021  -0.244   0.475   0.434  -0.466  -0.451  -0.468  -0.703   0.541   0.628  -0.338  -1.004   0.602   0.596   0.351   0.351  -0.196  -0.394   0.487   0.483  -1.043  -0.263   0.172   0.251  -0.460   0.303   0.205  -0.373  -0.037  -0.072  -0.170   0.029   0.277   0.133   0.063   0.147   0.023   0.000
  1968  -0.609  -0.346   0.819   4.575   1.811  -2.627  -1.074   0.048  -1.493   0.055   1.499  -0.162  -0.748  -1.912   0.101   0.388  -0.370  -1.260  -0.385   0.465   0.467   0.384   0.224   0.400   0.296   0.624   0.747  -0.304   0.392   0.340  -0.148   0.073  -0.397   0.057   0.401  -0.186  -0.489   0.025  -0.109   0.106   0.373  -0.471   0.043   0.441  -0.175  -0.173  -0.126  -0.146  -0.035   0.044   0.000
  1969  -1.913  -1.686  -0.287   4.367   2.529  -0.989  -0.304   1.381  -0.581   0.206  -1.111   0.996  -0.032  -0.667   1.578  -0.853   0.929   1.250   0.049   0.639  -0.102  -0.625  -0.491  -0.485  -0.174  -0.038  -0.085   0.353  -0.255  -0.086   0.533   0.372  -0.039   0.721   0.080  -0.220  -0.071   0.446   0.336   0.207   0.250   0.308   0.307  -0.164   0.229  -0.087   0.282  -0.191   0.054  -0.046   0.000
  1970   0.777  -0.668  -0.803   4.829   1.734   0.061   0.025   0.115   0.634   0.298  -1.218   1.200  -0.420  -0.968  -0.220  -0.669   0.616   0.958   0.607   0.704   0.379  -0.807  -0.973   0.057   0.438  -0.379  -0.086   0.974   0.050  -0.426   0.041  -0.218   0.233  -0.089  -0.256   0.339  -0.035   0.066  -0.186  -0.093  -0.393  -0.215  -0.462   0.098   0.007   0.120  -0.079   0.200  -0.235   0.076   0.000
  1971   4.254  -0.384  -0.376   4.173   0.730   0.960   0.805  -1.594   0.748  -1.569  -1.290   0.147  -0.604   0.663  -0.555  -0.180  -2.087   0.365   1.574  -1.174  -0.338   0.816  -1.195  -0.320   0.331  -0.782   0.224  -0.554   0.027   0.701   0.410  -0.307  -0.037  -0.362   0.352  -0.110  -0.215  -0.237   0.055  -0.353   0.153   0.208  -0.161   0.095  -0.179   0.129   0.135  -0.056   0.121   0.015   0.000
  1972   3.924  -1.183  -0.578   4.405   0.791   1.432   1.373  -0.814  -0.835  -1.921  -0.320   0.045  -0.377   0.533  -0.533   0.652  -0.173  -0.650  -0.481  -0.483   1.710   0.806   1.161   0.029   0.121  -0.535  -0.484   0.432  -1.064   0.219  -0.107  -0.025  -0.073  -0.181  -0.425   0.036   0.462   0.338  -0.261   0.470  -0.050   0.126   0.342  -0.296  -0.085  -0.027  -0.216  -0.018  -0.015  -0.003   0.000
  1973   6.029  -1.003  -2.902   1.823   0.737   1.588  -1.313  -0.043   0.975  -1.144  -0.909  -0.872   1.206   1.103  -0.614   0.447  -0.161  -0.420  -0.834   2.238   0.149  -0.553   0.732   0.693  -0.387  -0.082  -0.273  -0.294   0.397  -0.645  -0.404  -0.551   0.282  -0.101   0.225  -0.586   0.156  -0.310  -0.221  -0.073   0.084   0.162  -0.373   0.192   0.257  -0.058   0.009  -0.090   0.070  -0.088   0.000
  1974   0.982  -2.775  -2.224   1.359  -0.379   2.076  -0.467   2.367  -2.148   0.537   0.978  -0.660   0.189  -0.319   0.778  -1.083   0.064   0.210  -1.763  -0.544  -0.413  -0.063  -0.280   0.547  -0.163  -0.405   0.077  -1.406   0.298   0.164  -0.028  -0.646  -0.820  -0.203  -0.554   0.296   0.564   0.210   0.583  -0.302   0.164  -0.090  -0.144  -0.144  -0.071   0.107   0.008   0.053  -0.059  -0.012   0.000
  1975   2.505  -2.044  -2.730   1.021  -0.655   2.364  -0.165   2.502  -0.541   1.618   0.849  -0.445   0.315   0.796  -0.367  -0.468  -0.260   0.269   1.275  -1.516  -0.905   0.525  -0.125  -0.200   0.067   0.216   0.069  -0.138   0.585  -0.766  -0.274   0.455   0.883  -0.034   0.663  -0.768  -0.132   0.268   0.251   0.379   0.037  -0.068   0.128  -0.061   0.073  -0.085  -0.214   0.062  -0.092  -0.025   0.000
  1976   1.360  -2.806  -2.349   0.672   0.010   1.618  -0.155   2.124   1.076   1.631   0.956   1.328  -0.026   1.725  -1.416  -0.349   0.271  -0.179   0.947   0.295  -1.093   0.627   0.565  -0.019   0.071   0.695   0.568   0.732  -0.473   0.519  -0.230  -0.012  -0.235   0.363  -0.455   0.528   0.438  -0.334  -0.552  -0.304   0.216  -0.188   0.220   0.118  -0.016  -0.253   0.179   0.009   0.008   0.026   0.000
  1977  -3.754  -3.380  -2.227  -3.242   0.725   0.990  -1.161   2.469   2.483  -0.429   0.053   0.707  -2.868   0.261   1.053   0.516  -0.181   0.144   0.571   0.278   0.838  -0.714   0.910  -0.562   0.288   0.339  -0.271   0.399   0.159   0.090   0.392   0.117  -0.593  -0.635   0.113  -0.185  -0.008  -0.303   0.536   0.188   0.077   0.195  -0.284  -0.029  -0.196  -0.069  -0.097  -0.041   0.050   0.089   0.000
  1978  -1.651  -3.907  -1.653  -1.369   1.464   0.496  -0.193   0.587   0.400   1.932   0.014   0.817   1.157  -0.167   0.010   0.604   0.101   0.312  -0.321   0.261   1.413   0.030  -0.080   0.160   0.089   0.513  -0.110  -0.903  -0.015   0.841  -0.520  -0.712   0.289  -0.256   1.044   0.555  -0.641  -0.003  -0.312   0.048  -0.462   0.079   0.266  -0.227   0.003   0.124   0.121   0.033  -0.021  -0.017   0.000
  1979  -0.245  -3.573  -0.517  -1.735   2.884   1.588   0.703  -1.760   1.093  -0.306   0.866  -0.299  -0.684  -0.372  -1.553   1.328  -0.604   0.422  -0.978  -0.425   0.220  -0.544  -1.346   1.306  -0.456   0.231   0.486   0.685   0.165  -0.067  -0.396   0.530  -0.248   0.480  -0.652  -0.168  -0.532  -0.011   0.293   0.175   0.194  -0.031   0.100  -0.038   0.007   0.056   0.010   0.196   0.104  -0.084   0.000
  1980   1.727  -3.206   1.002  -1.875   3.061   1.201   1.903  -2.394  -0.702   1.612   0.115  -0.239   0.418  -0.754  -0.163  -0.115   0.128   0.452  -0.418  -0.787  -1.712  -0.969   1.526   0.306   0.205  -0.001  -0.042   0.065  -0.311   0.116   0.868  -0.052  -0.257  -0.007   0.187  -0.328   0.169   0.443  -0.422   0.202  -0.460  -0.050  -0.182   0.244  -0.072   0.186   0.021  -0.087   0.070   0.055   0.000
  1981   1.386  -1.368   2.767  -1.563   3.553   0.822   1.435  -3.766   0.157   1.887  -0.437  -0.087  -0.152  -1.726   0.368   0.496   0.975   0.447   0.065  -0.021  -0.033   1.035   0.477  -1.437  -0.123  -0.037  -0.673  -0.065   0.527   0.015  -0.555  -0.405   0.390  -0.180  -0.013   0.042   0.396  -0.374   0.293  -0.209   0.582   0.088  -0.027  -0.022   0.044  -0.214  -0.008   0.074  -0.071  -0.030   0.000
  1982   2.218  -1.190   3.154  -2.360   1.970   2.667  -1.545  -0.160  -1.854   0.185  -2.122  -0.779  -0.754   0.455   0.704  -0.298   0.865  -1.861   1.281   0.088   0.223  -1.274  -1.058   0.359  -0.542  -0.109   0.155  -0.479   0.214  -0.577   0.140   0.591  -0.080  -0.555  -0.236   0.111  -0.027  -0.162  -0.591  -0.249   0.091  -0.095   0.326  -0.179  -0.051  -0.005  -0.051  -0.103  -0.019   0.036   0.000
  1983   3.317   2.596   4.470  -1.263   0.737   1.940  -1.973   0.444  -1.782  -0.564  -1.835  -0.198  -1.619   1.195  -1.250  -0.547   0.183  -0.540   0.154   0.649  -0.343   1.005   0.641  -0.437   0.299   0.661   0.028  -0.265   0.206   0.372   0.149   0.016  -0.411   0.928   0.121   0.231  -0.368   0.121   0.338   0.345  -0.299   0.040  -0.318  -0.079  -0.117   0.020   0.064   0.070  -0.080  -0.116   0.000
  1984   3.069   2.944   3.954  -0.791   0.237   2.017  -0.001   0.786  -0.286   1.454   0.786  -1.671  -0.273   0.856  -0.713   0.034  -0.670   1.523  -0.541   0.576   0.759  -0.190   0.270   0.178   0.188  -0.047   0.949   0.369  -0.526  -0.265  -0.056  -0.278   0.820   0.029  -0.077   0.472  -0.211   0.328   0.588  -0.388   0.038   0.135   0.113   0.121   0.093   0.009  -0.100  -0.150   0.048   0.166   0.000
  1985   3.602   3.663   3.999  -0.422  -1.242   1.102  -1.693   1.788   0.604   0.167   1.451  -0.009  -0.669  -1.574  -0.510  -0.785  -0.348   1.425  -0.079   0.744  -0.229   0.035  -0.714   0.522  -0.027  -0.518  -1.212  -0.101   0.000   0.009  -0.119   0.113  -0.470  -0.343   0.597   0.028   0.462  -0.029  -0.446   0.448   0.114   0.118   0.286   0.202  -0.030  -0.039   0.042   0.193   0.106   0.030   0.000
  1986   2.990   0.926   4.476   0.161  -1.235   0.741  -0.099   1.703   0.409  -0.896   2.415   0.473  -0.481   0.215   1.122   0.167  -0.175   0.715  -0.814  -1.417   0.620  -0.485   0.214  -0.656  -0.774   0.527  -0.222   0.679  -0.397  -0.057   0.181  -0.574  -0.024   0.025  -0.059  -0.682  -0.385  -0.233  -0.567  -0.470   0.069  -0.108  -0.147  -0.113  -0.003   0.101   0.080  -0.060  -0.108  -0.120   0.000
  1987  -1.774  -0.524   1.598  -1.856  -0.425  -0.021   0.075   1.428   0.222  -2.062  -1.910   1.107   0.018  -0.167   0.976   1.550   0.772  -0.065  -0.226  -1.666   0.371   0.711  -0.757   0.711  -0.666   0.148   0.094  -0.346   0.159  -0.255  -0.233  -0.794   0.400   0.618  -0.044   0.027   0.425   0.189  -0.074   0.188  -0.315  -0.092  -0.206   0.288   0.080  -0.348   0.065  -0.021   0.070   0.108   0.000
  1988  -0.590   1.816   1.904  -0.551  -1.350   0.848   0.052   0.194   1.889  -1.096  -1.268   2.078   1.240  -0.897   0.832   0.692  -0.698   0.603   0.000   0.499  -0.742  -0.158   0.646   1.158   0.807   0.507   0.227  -0.351   0.040   0.231   0.044   0.614   0.622  -0.818  -0.338   0.131  -0.008   0.684   0.109  -0.220   0.133  -0.067   0.017  -0.084  -0.297  -0.186   0.004  -0.011  -0.048  -0.139   0.000
  1989  -0.903   0.384   2.105   1.011  -0.516   2.493   0.193   0.432   1.569  -0.912   0.270   0.183   2.601  -0.514   1.236   1.115  -0.334  -0.477   0.417  -0.212  -0.208  -1.026   0.038  -0.840   0.121  -0.218   0.701  -0.606  -0.822   0.455  -0.026   0.785  -0.374   0.620   0.246   0.382   0.226  -0.682   0.282   0.168  -0.029   0.044   0.009   0.224   0.257   0.125  -0.200   0.038  -0.055  -0.028   0.000
  1990  -1.329   0.881   0.480  -0.398  -1.319   1.557   0.292   1.336   1.112  -1.067  -0.967  -0.954   2.195  -1.061   0.537  -0.995   0.693  -0.978   0.992  -0.170   0.250   0.113   0.879  -0.118   0.892  -0.062  -0.394   0.753   1.145   0.272  -0.639  -0.669  -0.190   0.410  -0.564  -0.301  -0.418   0.229   0.010  -0.039   0.224  -0.105   0.203  -0.006  -0.036   0.331   0.047   0.051   0.104   0.085   0.000
  1991  -5.125  -1.394  -0.074  -0.881  -1.954   0.791  -1.481   0.081   2.244  -0.130  -0.042  -0.340  -0.454  -1.869  -1.544  -1.318  -0.316  -1.703  -1.223  -0.330  -0.256  -0.065   0.091  -0.771  -0.278  -1.621   0.902   0.471   0.028  -0.411   0.583  -0.346   0.465   0.126   0.449   0.500  -0.031   0.160  -0.185   0.093   0.102  -0.094  -0.098  -0.214  -0.012  -0.124   0.007  -0.054   0.034  -0.069   0.000
  1992  -1.726   0.213  -1.259  -0.226  -2.297   0.411  -1.855  -1.970   0.217   0.736   0.266   1.032  -0.113  -0.945  -0.394   0.180  -2.010  -1.143   0.766   0.594   0.090   0.102   0.372  -0.718  -1.048   0.590  -0.500  -0.889  -0.870  -0.529   0.470  -0.323  -0.020  -0.066  -0.702  -0.379  -0.315   0.398   0.206   0.001  -0.077  -0.011   0.180   0.113   0.236  -0.005   0.153   0.141  -0.067   0.095   0.000
  1993  -0.155   1.849  -1.608   0.600  -3.847   0.078  -1.977  -3.597  -0.874   1.839  -0.625   2.265  -1.460   0.470   0.922  -0.279   0.025   0.635   0.263  -0.536   0.071  -0.764   0.307   0.784   0.401  -0.067   0.054   0.228  -0.056  -0.648  -0.470  -0.735   0.070   0.410   0.105   0.169   0.214  -0.541   0.283   0.183   0.018  -0.231   0.253   0.056  -0.140   0.204  -0.062  -0.111   0.063  -0.080   0.000
  1994   0.732   2.005  -3.023   1.060  -3.290   1.111  -1.045  -1.546  -0.866   0.590  -1.002   0.320  -1.293  -0.764   0.791   0.115   0.776   0.354  -1.088  -0.032  -0.194   0.431  -0.204  -0.619   0.070   0.777   0.629   0.249   0.577   0.812   0.147   0.533  -0.249   0.009   0.085  -0.158  -0.085   0.280  -0.471  -0.498  -0.200   0.297  -0.034  -0.090   0.330  -0.078  -0.261   0.114   0.135   0.022   0.000
  1995   0.594   1.285  -1.780   1.217  -3.571   1.031   0.720  -1.581   0.305  -0.433  -0.968  -1.631   0.371   1.524  -0.361   0.985   1.347   0.728  -1.638   0.065   0.245  -0.887  -0.108  -1.081   0.114  -0.032   0.077  -0.333   0.125   0.159   0.253   0.623   0.179  -0.074   0.216  -0.277  -0.081  -0.115   0.004   0.236   0.180  -0.364   0.093   0.019  -0.369  -0.086   0.282   0.086  -0.061   0.106   0.000
  1996  -2.524   0.054  -1.606  -1.352  -1.581   0.424  -1.154  -0.596   0.032   0.780  -0.162  -1.623   0.951  -2.022  -1.405  -1.197   0.903   0.268   0.483  -0.818   1.409   0.971  -0.408   0.696   0.824   0.870  -0.088  -0.055  -1.008  -0.336  -0.190   0.864  -0.164  -0.092  -0.101  -0.299   0.315  -0.270   0.007  -0.109  -0.118   0.190  -0.335   0.049  -0.022   0.042   0.151  -0.169  -0.030  -0.027   0.000
  1997  -2.071  -0.577  -0.954   0.568  -1.826  -0.256   0.671   1.103  -0.401   1.180  -0.307  -0.440  -0.272   0.346  -0.255   1.023   1.190  -0.091   0.258  -0.211   0.165   0.681   0.565   0.295  -1.088  -1.483  -1.255   0.333   0.310   0.150   0.259   0.656  -0.131  -0.185  -0.178   0.349  -0.509   0.035   0.289  -0.377  -0.307   0.090   0.180   0.558  -0.036   0.020  -0.015  -0.058  -0.027  -0.105   0.000
  1998  -1.193  -0.112  -0.009   1.316  -2.070  -1.188   0.562   1.048  -1.456   0.627   0.582  -0.903  -0.201  -0.541  -0.207   1.624   0.544  -0.356   0.301   0.006  -1.034  -0.250  -0.095   0.924   0.618   0.271  -1.266  -0.273  -0.419   0.267   0.968  -0.306   0.745   0.241  -0.337   0.439  -0.485  -0.516  -0.185   0.206   0.444   0.124  -0.316  -0.339   0.095  -0.015  -0.078   0.000   0.047   0.045   0.000
  1999  -0.655   0.393   0.737   0.714  -1.553  -1.967   1.444   0.725   0.471   2.023   0.422  -1.587  -0.905  -0.794   0.348   2.249  -0.969  -0.886   1.139   1.061   0.033  -0.212  -0.180   0.334  -0.426  -0.294   0.305   0.211   0.295   0.223  -0.294   0.067  -0.008   0.797   0.339  -0.450   0.841   0.266   0.031  -0.328  -0.278   0.086  -0.028  -0.316  -0.274   0.119   0.060   0.012  -0.033  -0.007   0.000
  2000   1.843   1.708   0.075   1.802  -0.487  -1.818   3.228  -0.650   3.254   1.661  -0.122  -2.316  -0.979   0.977   1.907  -1.266  -1.062  -0.384  -0.205  -0.619   0.182   0.015   0.098   0.126  -0.078   0.788  -0.052  -0.421   0.579  -0.688  -0.249   0.167  -0.324  -0.033  -0.336   0.767  -0.156   0.117  -0.338   0.366  -0.062   0.153  -0.081   0.061   0.106  -0.085   0.047  -0.021  -0.015  -0.042   0.000
