 eigenvalue 10.716   3.354   3.118   2.500   2.218   2.188   2.058   1.755   1.665   1.579   1.464   1.387   1.332   1.267   1.076   0.974   0.929   0.871   0.826   0.775   0.719   0.710   0.672   0.599   0.533   0.501   0.469   0.444   0.422   0.397   0.341   0.293   0.275   0.250   0.220   0.197   0.163   0.154   0.120   0.106   0.101   0.080   0.066   0.045   0.035   0.025   0.014   0.013   0.004   0.001   0.000
 eval sderr  2.122   0.664   0.618   0.495   0.439   0.433   0.408   0.347   0.330   0.313   0.290   0.275   0.264   0.251   0.213   0.193   0.184   0.172   0.163   0.154   0.142   0.141   0.133   0.119   0.106   0.099   0.093   0.088   0.084   0.079   0.068   0.058   0.054   0.049   0.044   0.039   0.032   0.030   0.024   0.021   0.020   0.016   0.013   0.009   0.007   0.005   0.003   0.003   0.001   0.000   0.000
 % variance  0.214   0.067   0.062   0.050   0.044   0.044   0.041   0.035   0.033   0.032   0.029   0.028   0.027   0.025   0.022   0.019   0.019   0.017   0.017   0.016   0.014   0.014   0.013   0.012   0.011   0.010   0.009   0.009   0.008   0.008   0.007   0.006   0.005   0.005   0.004   0.004   0.003   0.003   0.002   0.002   0.002   0.002   0.001   0.001   0.001   0.000   0.000   0.000   0.000   0.000   0.000
 cumulative  0.214   0.281   0.344   0.394   0.438   0.482   0.523   0.558   0.591   0.623   0.652   0.680   0.706   0.732   0.753   0.773   0.791   0.809   0.825   0.841   0.855   0.869   0.883   0.895   0.905   0.915   0.925   0.934   0.942   0.950   0.957   0.963   0.968   0.973   0.978   0.981   0.985   0.988   0.990   0.992   0.994   0.996   0.997   0.998   0.999   0.999   1.000   1.000   1.000   1.000   1.000
 brokn stck  4.519   3.519   3.019   2.685   2.435   2.235   2.069   1.926   1.801   1.690   1.590   1.499   1.416   1.339   1.267   1.201   1.138   1.079   1.024   0.971   0.921   0.873   0.828   0.785   0.743   0.703   0.664   0.627   0.592   0.557   0.524   0.492   0.460   0.430   0.401   0.372   0.344   0.317   0.291   0.265   0.240   0.216   0.192   0.169   0.146   0.124   0.102   0.081   0.060   0.040   0.020
 series_id   #  1       2       3       4       5       6       7       8       9      10      11      12      13      14      15      16      17      18      19      20      21      22      23      24      25      26      27      28      29      30      31      32      33      34      35      36      37      38      39      40      41      42      43      44      45      46      47      48      49      50      51
  121455A    0.107   0.028   0.135   0.015  -0.095   0.104  -0.266   0.273   0.063   0.093   0.001  -0.182   0.127  -0.015  -0.245   0.098  -0.050   0.263   0.076  -0.202  -0.283   0.024   0.037  -0.073   0.312   0.013  -0.181   0.187  -0.231   0.116  -0.001  -0.074  -0.152   0.082   0.039   0.030  -0.004   0.074   0.164   0.268   0.163  -0.049   0.013  -0.111   0.154   0.043   0.108  -0.028   0.089   0.067   0.011
  192697     0.193  -0.125   0.006  -0.043   0.104  -0.186  -0.061  -0.100  -0.050   0.101  -0.184   0.067  -0.209  -0.140   0.101  -0.040  -0.137   0.028  -0.046  -0.085  -0.050   0.016  -0.005   0.109   0.222  -0.152   0.013  -0.336   0.001  -0.094  -0.295  -0.091  -0.291   0.021  -0.070   0.279   0.008  -0.023  -0.011  -0.110   0.139  -0.249   0.076   0.068   0.112  -0.134   0.182   0.038  -0.182  -0.193   0.131
  142178     0.202  -0.145  -0.020   0.018   0.031   0.038  -0.041   0.205  -0.198  -0.132   0.051   0.205  -0.099   0.055  -0.110   0.055   0.186   0.072   0.145   0.223  -0.017   0.102  -0.054   0.001  -0.132   0.142   0.048  -0.029   0.136  -0.140   0.237  -0.068  -0.138  -0.021  -0.019   0.183  -0.161  -0.023   0.103   0.142   0.042   0.158   0.084  -0.046   0.117   0.078   0.093  -0.068  -0.063  -0.416  -0.346
  202536     0.171   0.071  -0.048  -0.178  -0.065  -0.074  -0.144  -0.063  -0.105  -0.119   0.104   0.137  -0.011   0.366   0.073  -0.265  -0.126   0.001  -0.063  -0.068   0.190   0.140   0.122   0.032   0.161   0.075  -0.142  -0.082  -0.011   0.149  -0.062   0.026   0.006   0.128  -0.031  -0.005   0.075  -0.066   0.450  -0.087  -0.107   0.124  -0.008  -0.077  -0.298  -0.129   0.176   0.051   0.106   0.085  -0.114
  161024     0.166  -0.006  -0.098  -0.210   0.152   0.123  -0.054   0.039  -0.044  -0.158   0.011   0.122  -0.008  -0.257   0.195  -0.002   0.136  -0.256   0.144  -0.009  -0.205   0.066   0.074   0.018  -0.129   0.304  -0.126  -0.044   0.013   0.155  -0.014  -0.134   0.001   0.155   0.277  -0.100  -0.081  -0.107  -0.005   0.055   0.138  -0.096   0.103   0.362   0.001  -0.017   0.121  -0.059   0.091   0.246   0.038
  182396     0.130   0.117  -0.170   0.233   0.209  -0.095  -0.013   0.262   0.090  -0.110  -0.260   0.099   0.123   0.050  -0.013  -0.070  -0.011  -0.021   0.086   0.104   0.071   0.042  -0.033   0.024  -0.094  -0.062  -0.063   0.069  -0.186  -0.217   0.090   0.128   0.185  -0.094  -0.031   0.181   0.048  -0.090   0.058   0.018  -0.124  -0.134  -0.165   0.004   0.085  -0.199   0.162   0.221   0.232   0.021   0.007
  101292     0.167  -0.008  -0.266  -0.027   0.099  -0.078   0.052  -0.072   0.015   0.041  -0.064   0.004  -0.138  -0.044   0.308   0.113   0.150  -0.029  -0.163  -0.187   0.115  -0.217  -0.023   0.135  -0.177  -0.147  -0.134   0.146  -0.158   0.004   0.241  -0.043  -0.062  -0.137   0.038  -0.148   0.031   0.230   0.298   0.097   0.101  -0.111   0.177  -0.206   0.123   0.046  -0.072   0.012   0.139  -0.071   0.150
  182678     0.170   0.104  -0.080  -0.194  -0.128  -0.025   0.197  -0.160  -0.103  -0.055   0.029   0.054  -0.122   0.126   0.012  -0.110   0.099   0.199   0.184   0.049  -0.026   0.214   0.295   0.153   0.035  -0.094   0.033   0.321  -0.024  -0.035  -0.116   0.011  -0.044   0.053   0.082  -0.025  -0.095   0.004  -0.315  -0.046   0.142  -0.019  -0.195  -0.077   0.264  -0.225  -0.133   0.185   0.137   0.045  -0.008
  192707     0.065   0.274  -0.325  -0.089  -0.015   0.026  -0.133   0.010  -0.119   0.060  -0.164   0.066  -0.047   0.006   0.015   0.071  -0.125  -0.075  -0.164   0.163  -0.089  -0.015  -0.100  -0.033   0.080  -0.159  -0.239   0.059  -0.089  -0.014  -0.035   0.241   0.090   0.147   0.278   0.236  -0.099   0.139  -0.149   0.086   0.003   0.309  -0.014  -0.018  -0.102  -0.008  -0.140  -0.216  -0.287  -0.007   0.032
  171421     0.161  -0.075  -0.042  -0.131  -0.181  -0.009   0.175  -0.064   0.273  -0.108  -0.030  -0.197   0.117  -0.097  -0.021   0.049   0.045  -0.019  -0.266  -0.028  -0.040   0.285  -0.053  -0.043   0.082  -0.160   0.085  -0.068   0.185   0.051   0.332  -0.138  -0.020   0.145   0.179   0.012  -0.230  -0.171   0.182  -0.129  -0.195   0.078  -0.124  -0.095   0.194  -0.007   0.047   0.047  -0.138  -0.013   0.138
  12303      0.069   0.132   0.074   0.061  -0.383   0.022   0.054   0.046   0.177   0.113   0.218   0.275  -0.256  -0.021   0.106  -0.112   0.010  -0.079   0.033   0.054   0.188  -0.101  -0.115  -0.025  -0.040  -0.049  -0.011  -0.029  -0.217   0.182  -0.039   0.157  -0.125  -0.153   0.043   0.048  -0.197  -0.237   0.018   0.099   0.105  -0.179  -0.201  -0.052   0.065   0.290   0.038  -0.065  -0.067   0.087  -0.091
  192641     0.076  -0.200  -0.263   0.105  -0.088  -0.088   0.098  -0.069   0.225   0.229   0.134  -0.182  -0.011   0.074  -0.005  -0.062   0.003   0.112  -0.130   0.165  -0.050   0.148  -0.032  -0.083   0.022   0.385   0.036  -0.096   0.016  -0.150  -0.092   0.116  -0.056  -0.078   0.340   0.106   0.228   0.006  -0.016  -0.037   0.223  -0.019   0.203  -0.147  -0.099   0.048  -0.125   0.101   0.158   0.023  -0.102
  10539      0.213  -0.026  -0.098   0.081   0.095  -0.157  -0.130   0.117   0.078  -0.027   0.161   0.188   0.014  -0.069  -0.146  -0.105   0.018  -0.044  -0.018   0.064   0.091  -0.054  -0.140  -0.117   0.106   0.026   0.025   0.244   0.113  -0.196   0.206  -0.163  -0.185   0.099  -0.275  -0.104   0.005  -0.080  -0.088  -0.182   0.238  -0.057   0.029  -0.114  -0.163  -0.182  -0.195  -0.177  -0.189   0.307   0.117
  141124     0.089   0.061  -0.007   0.442  -0.053   0.058  -0.112   0.033  -0.240   0.011  -0.023  -0.093  -0.026   0.066  -0.020  -0.062  -0.101  -0.255   0.156   0.096   0.002   0.188   0.075  -0.141   0.140  -0.137  -0.024   0.070   0.178   0.058  -0.055  -0.013  -0.010  -0.083   0.239  -0.145  -0.247  -0.088   0.019  -0.051  -0.133  -0.291   0.198  -0.070  -0.096   0.059  -0.142  -0.030   0.145  -0.152   0.220
  142703     0.145  -0.004   0.057   0.083  -0.175   0.294   0.098  -0.208  -0.043   0.180  -0.020   0.073   0.073   0.200  -0.034   0.173  -0.019  -0.204  -0.182  -0.015   0.128   0.185   0.087  -0.050  -0.065  -0.033  -0.077  -0.053   0.086  -0.221   0.064   0.105  -0.127   0.256  -0.237  -0.171   0.013   0.270  -0.091   0.281   0.128  -0.099   0.020   0.134  -0.035  -0.048   0.166  -0.016   0.063  -0.026  -0.012
  202775     0.180  -0.154   0.107   0.041  -0.003   0.055   0.140   0.004  -0.001   0.014  -0.196   0.255   0.029   0.022   0.038   0.243  -0.267  -0.157   0.024   0.014   0.007   0.187  -0.073   0.134   0.148   0.203   0.154   0.122  -0.208  -0.012  -0.125   0.056   0.213  -0.070  -0.009  -0.187   0.176  -0.101   0.029  -0.042  -0.154   0.052   0.192  -0.197   0.294   0.014   0.032  -0.160  -0.196   0.152  -0.072
  152659     0.064   0.211  -0.048  -0.088   0.149   0.292   0.189   0.142   0.178  -0.165   0.103   0.156  -0.227   0.155  -0.158  -0.052   0.101   0.045  -0.064   0.010  -0.092   0.100   0.027  -0.079   0.011  -0.029   0.218  -0.084   0.076   0.053  -0.100  -0.126  -0.140  -0.280  -0.007   0.185   0.146   0.208  -0.053   0.164  -0.234   0.025   0.132  -0.056  -0.068   0.025   0.058  -0.102   0.044   0.138   0.326
  132525     0.167  -0.044   0.147   0.051  -0.232  -0.190  -0.096   0.203   0.028  -0.156  -0.131  -0.070  -0.056   0.100   0.179   0.013   0.007  -0.076   0.058  -0.117   0.141  -0.210   0.007   0.082   0.155   0.002   0.010  -0.147   0.297  -0.191  -0.099  -0.058  -0.015   0.003   0.037   0.086  -0.095   0.252  -0.057   0.049  -0.101   0.223   0.075   0.103   0.200   0.148  -0.238   0.024   0.193   0.310  -0.117
  40131      0.194  -0.005   0.036   0.168  -0.018   0.034   0.263  -0.157  -0.053  -0.005   0.000   0.003   0.127  -0.012   0.104   0.083  -0.006   0.183   0.178   0.124   0.049  -0.307  -0.070  -0.154   0.123   0.172  -0.112   0.104  -0.089  -0.130  -0.111  -0.196  -0.130  -0.073   0.167  -0.141  -0.129   0.182   0.000  -0.200  -0.087   0.227  -0.206   0.004  -0.149   0.068   0.357   0.002  -0.058  -0.057   0.167
  140881     0.204  -0.111  -0.129   0.140  -0.147   0.034  -0.044  -0.055   0.133  -0.095   0.198   0.019  -0.005   0.027   0.134   0.092  -0.058   0.157  -0.083  -0.083  -0.091   0.025  -0.060  -0.027   0.020  -0.113   0.176   0.285   0.023  -0.066  -0.206  -0.157   0.348  -0.063  -0.051   0.114   0.064   0.011   0.198   0.123   0.018  -0.094  -0.099   0.485  -0.115  -0.029  -0.152  -0.045  -0.115  -0.164  -0.036
  40934A     0.107   0.021   0.084  -0.273  -0.107  -0.004  -0.003   0.062  -0.197   0.103  -0.052  -0.053   0.358  -0.114   0.101  -0.213  -0.137   0.100   0.015  -0.029   0.319   0.078  -0.362  -0.085  -0.142   0.165   0.101   0.190   0.023   0.041  -0.005   0.083  -0.119  -0.013  -0.012   0.195  -0.005  -0.008  -0.093   0.203  -0.113  -0.081   0.154   0.091   0.019   0.030  -0.020   0.176  -0.017  -0.029   0.245
  40935A     0.136   0.034  -0.073   0.186   0.134   0.240   0.078  -0.069  -0.274  -0.028  -0.015  -0.166  -0.128  -0.102   0.032  -0.233   0.232   0.016  -0.121   0.073  -0.034  -0.161  -0.067  -0.200   0.126  -0.063   0.266  -0.030  -0.019   0.071  -0.140   0.135   0.172   0.234  -0.189  -0.012   0.013  -0.157   0.141   0.054   0.178   0.210   0.093  -0.083   0.185   0.130   0.042   0.230  -0.040   0.139   0.028
  102453A    0.132  -0.180   0.080  -0.180   0.047   0.144  -0.078   0.044   0.050   0.026   0.063  -0.003  -0.155   0.365  -0.163   0.141  -0.126   0.078   0.276  -0.029   0.033  -0.230  -0.225   0.012  -0.163  -0.086   0.016  -0.121   0.115   0.165   0.059   0.049   0.266   0.067   0.181  -0.084  -0.103   0.089  -0.017  -0.087   0.166  -0.102   0.113  -0.088  -0.004  -0.161  -0.033   0.244  -0.190  -0.015   0.132
  111290A    0.132   0.095  -0.042   0.081  -0.185   0.181  -0.213   0.048   0.118   0.077  -0.064  -0.126   0.048   0.072   0.371  -0.081  -0.058   0.192   0.186   0.214  -0.188  -0.135   0.182  -0.070  -0.225  -0.049   0.102  -0.123   0.032  -0.044   0.181   0.024  -0.078   0.215  -0.047   0.021   0.287  -0.034  -0.068  -0.079  -0.227  -0.193  -0.014  -0.070   0.050  -0.011   0.076  -0.105  -0.163   0.104  -0.036
  172565A    0.191   0.217  -0.108   0.008  -0.021  -0.145  -0.088   0.043   0.070  -0.132   0.180  -0.139  -0.011  -0.132  -0.159  -0.090  -0.002   0.006  -0.028  -0.005  -0.039   0.044  -0.014   0.000  -0.094   0.187   0.075  -0.020  -0.125   0.201  -0.123   0.277  -0.100   0.021  -0.179  -0.250  -0.093   0.394   0.015  -0.291  -0.195  -0.061   0.115   0.117   0.183  -0.035  -0.059  -0.012  -0.092  -0.205  -0.108
  192260A    0.061   0.119   0.129   0.093   0.106  -0.141   0.077   0.142  -0.034   0.382   0.133  -0.182  -0.079   0.286  -0.003  -0.177   0.339  -0.220  -0.023  -0.060  -0.030   0.006  -0.138   0.160  -0.004   0.130  -0.196  -0.004  -0.036  -0.045  -0.057  -0.182   0.008   0.042   0.074  -0.087   0.159  -0.109  -0.004   0.124  -0.198   0.057  -0.133   0.126   0.176  -0.144  -0.063  -0.021  -0.252  -0.079   0.069
  192666A    0.020   0.264   0.022   0.226   0.223   0.199  -0.001   0.069   0.133   0.163  -0.107   0.196   0.033  -0.080   0.038  -0.111  -0.187   0.225  -0.037  -0.158   0.056   0.198  -0.078   0.264  -0.092  -0.081   0.038  -0.048   0.027   0.024   0.018  -0.252  -0.125   0.114   0.128  -0.164  -0.043   0.047  -0.026  -0.080   0.055   0.120   0.045   0.061  -0.121   0.220  -0.147   0.320  -0.098   0.018  -0.227
  12234A     0.055   0.206   0.097   0.103  -0.071  -0.287   0.322  -0.031   0.033   0.208  -0.094   0.151   0.056  -0.003  -0.193   0.081  -0.055   0.139   0.026   0.083  -0.042  -0.103  -0.031  -0.207  -0.206  -0.073   0.115  -0.203  -0.126   0.139  -0.014  -0.128   0.059   0.265   0.029   0.073  -0.124  -0.036   0.147   0.049   0.021   0.026   0.185   0.125   0.036  -0.246  -0.102  -0.200   0.260   0.078  -0.028
  20432A     0.079   0.181   0.138  -0.157   0.168   0.192   0.149   0.105  -0.195   0.199  -0.056  -0.090  -0.146   0.037   0.230   0.236  -0.059   0.103  -0.157  -0.031  -0.015  -0.157   0.026   0.011   0.274   0.237   0.153   0.113   0.098   0.102   0.185   0.070  -0.060  -0.037  -0.049   0.100  -0.079  -0.106   0.022  -0.143  -0.091  -0.170  -0.089   0.013  -0.140  -0.134  -0.230  -0.098   0.146  -0.103  -0.165
  30039A     0.150  -0.037   0.027   0.005   0.300   0.018  -0.122  -0.306   0.145   0.119   0.039  -0.045  -0.074  -0.053  -0.268  -0.019  -0.020   0.016   0.003   0.071   0.085  -0.118  -0.218   0.182  -0.002  -0.116  -0.003   0.218   0.302   0.032  -0.048   0.196  -0.048   0.120   0.148   0.081   0.073  -0.016   0.026  -0.007  -0.168  -0.126  -0.132   0.061   0.119   0.149   0.207  -0.203   0.236   0.134  -0.164
  30109      0.067   0.124   0.204   0.113   0.219  -0.046   0.058   0.147  -0.057  -0.100   0.346   0.062   0.211   0.015   0.257   0.052  -0.054   0.281  -0.105  -0.085   0.055   0.147   0.007  -0.037  -0.015  -0.118  -0.152  -0.204   0.206  -0.038   0.004   0.308   0.095  -0.127   0.099  -0.115   0.070  -0.085  -0.052  -0.026   0.252   0.084  -0.018   0.018   0.196  -0.054   0.078  -0.232   0.018  -0.026   0.138
  40853A     0.164  -0.231  -0.052   0.056  -0.016   0.148  -0.108   0.044  -0.104   0.160   0.142  -0.020   0.069  -0.021   0.022   0.294   0.272   0.025  -0.041  -0.162  -0.066   0.137  -0.138  -0.055  -0.122  -0.203  -0.055  -0.115  -0.214  -0.016  -0.103   0.152  -0.148  -0.165  -0.058   0.088  -0.177  -0.091  -0.111  -0.206  -0.235   0.098   0.032   0.050  -0.159  -0.166  -0.004   0.145   0.075   0.284  -0.142
  41025A     0.123  -0.196   0.041   0.070  -0.064  -0.027   0.077   0.087  -0.017   0.244  -0.182   0.122   0.300  -0.041  -0.015  -0.282   0.195  -0.108   0.092  -0.098  -0.134  -0.046   0.178   0.245   0.043  -0.113   0.329   0.023   0.098   0.239   0.099   0.206   0.021  -0.173   0.097   0.031  -0.013   0.224   0.058  -0.004   0.156   0.084  -0.086  -0.009  -0.196  -0.077   0.058  -0.168  -0.089   0.001   0.001
  101259A    0.044   0.001   0.258  -0.009   0.121   0.051  -0.211  -0.236   0.125   0.034  -0.206  -0.043  -0.165  -0.100   0.136   0.009   0.226   0.026   0.312  -0.025   0.212   0.372  -0.117  -0.280  -0.019   0.033   0.013  -0.052  -0.134   0.038   0.014  -0.020   0.074   0.014  -0.003   0.082   0.109   0.188   0.120  -0.065   0.087   0.115  -0.197  -0.073  -0.030   0.002  -0.235  -0.176   0.046  -0.061   0.069
  162470     0.225  -0.076   0.120  -0.010  -0.076  -0.054   0.038  -0.153  -0.007  -0.110   0.021   0.052  -0.093  -0.146  -0.003  -0.087  -0.172  -0.081   0.071   0.052  -0.214  -0.102  -0.143  -0.077   0.078  -0.224  -0.103  -0.014  -0.008   0.152   0.171   0.054  -0.201  -0.144   0.015  -0.218   0.388  -0.167  -0.133   0.196  -0.105   0.274   0.053   0.077  -0.083  -0.147  -0.153   0.144   0.159  -0.182  -0.063
  162591A    0.179   0.048  -0.035  -0.091  -0.160   0.004  -0.004   0.314  -0.098  -0.015   0.038  -0.161  -0.172  -0.158  -0.186   0.152  -0.023  -0.049   0.043  -0.100   0.157   0.024   0.003   0.274  -0.077  -0.025   0.224  -0.115  -0.148  -0.194  -0.015   0.055   0.062   0.241   0.074  -0.117   0.206  -0.130  -0.055  -0.115   0.068   0.100  -0.170   0.007  -0.231   0.158   0.053  -0.105   0.207  -0.156   0.258
  172493A    0.101  -0.087  -0.149  -0.229   0.096   0.140   0.118   0.071  -0.154   0.136   0.174  -0.198   0.125  -0.253  -0.078  -0.096  -0.118   0.055   0.140   0.278   0.229   0.012   0.113   0.052   0.044  -0.230  -0.094  -0.217  -0.044  -0.081  -0.132  -0.234   0.114  -0.160  -0.017  -0.143  -0.019   0.091   0.131   0.182  -0.089  -0.110  -0.056  -0.109   0.012  -0.037  -0.144  -0.152  -0.054   0.115  -0.211
  182455A    0.059   0.370  -0.008   0.018  -0.142  -0.125   0.054  -0.028  -0.020   0.050   0.207   0.011   0.046  -0.252   0.017   0.207   0.125  -0.214   0.154  -0.137   0.057   0.038  -0.065  -0.081   0.187  -0.045   0.011  -0.007   0.180   0.071   0.101  -0.116   0.261  -0.023   0.030   0.196   0.228   0.155  -0.112  -0.027   0.058  -0.107   0.089  -0.186  -0.076  -0.073   0.262   0.224  -0.068   0.001  -0.225
  192154A    0.171  -0.122   0.104   0.190   0.102  -0.028  -0.032   0.022  -0.109   0.025   0.089  -0.032   0.009  -0.045  -0.160   0.200  -0.184  -0.124  -0.160   0.144   0.222  -0.044   0.416  -0.045  -0.184   0.093  -0.101   0.034  -0.014   0.332   0.094  -0.069  -0.082  -0.045   0.011   0.298   0.181   0.060   0.025  -0.069   0.055   0.086  -0.192   0.097   0.115   0.085  -0.115   0.191  -0.116   0.094   0.129
  192552A    0.083   0.173  -0.134  -0.090  -0.015   0.207  -0.254  -0.248   0.159   0.232   0.133   0.055   0.224   0.080  -0.064  -0.044  -0.038  -0.111   0.130  -0.039   0.053  -0.138   0.141   0.106   0.121   0.049   0.030  -0.107  -0.097  -0.093   0.131  -0.130   0.120  -0.184  -0.155   0.130  -0.104  -0.195  -0.070  -0.184   0.052   0.245   0.207   0.109   0.218   0.061  -0.036  -0.066   0.191  -0.170   0.147
  192568A    0.176   0.063   0.010  -0.190  -0.078   0.090   0.031   0.147   0.100   0.200  -0.195   0.145   0.036  -0.112  -0.071  -0.040  -0.060  -0.115  -0.095  -0.001  -0.294  -0.026  -0.028  -0.204  -0.188   0.098  -0.250  -0.035   0.330  -0.074  -0.249   0.038   0.139  -0.144  -0.216  -0.089  -0.017  -0.019   0.132  -0.125   0.065  -0.008  -0.271  -0.152   0.009   0.094  -0.100   0.128   0.107  -0.091   0.052
  192583A    0.164   0.161  -0.086  -0.062   0.136  -0.200  -0.061  -0.227  -0.146  -0.072  -0.075  -0.055   0.058   0.148  -0.166   0.028  -0.084   0.001   0.021  -0.169  -0.123  -0.012   0.017  -0.162   0.071   0.132   0.231  -0.290  -0.120  -0.191   0.248   0.097   0.006  -0.226   0.082  -0.141  -0.069  -0.021  -0.019   0.212   0.029  -0.163  -0.276   0.117  -0.023   0.176  -0.072   0.094  -0.144   0.156  -0.049
  201248A    0.132   0.085   0.273   0.117   0.053   0.078  -0.107  -0.178   0.090  -0.153   0.150  -0.142  -0.004  -0.160   0.031  -0.093  -0.152  -0.137  -0.097  -0.199  -0.076  -0.132   0.109   0.123  -0.304   0.153   0.108   0.043  -0.051  -0.196  -0.160  -0.018   0.008   0.013   0.096   0.138  -0.230  -0.062   0.006   0.225  -0.031   0.084  -0.015  -0.363  -0.118  -0.293  -0.034  -0.047  -0.055  -0.042  -0.054
  202528A    0.118   0.102   0.205   0.035  -0.125  -0.038  -0.181  -0.026   0.119   0.025  -0.242  -0.152  -0.216  -0.125  -0.055  -0.001   0.126   0.223  -0.230   0.360   0.114   0.053   0.030   0.206   0.058   0.113  -0.098  -0.039   0.030   0.067   0.105   0.005   0.219  -0.269  -0.091  -0.161  -0.148  -0.035  -0.095   0.109   0.075   0.019   0.152   0.132  -0.153  -0.160   0.188   0.062  -0.038   0.098   0.063
  30062      0.037  -0.014   0.360  -0.142   0.061  -0.113  -0.027  -0.095  -0.016   0.029   0.198   0.296   0.111  -0.097  -0.024   0.028   0.220   0.054  -0.052   0.254  -0.186  -0.048   0.143   0.116   0.127  -0.073  -0.053   0.013  -0.135  -0.259   0.034   0.144   0.103   0.185   0.083   0.053   0.006   0.094   0.143  -0.023  -0.186  -0.145   0.144  -0.035  -0.113   0.233  -0.194   0.221  -0.030  -0.013   0.168
  172542     0.063   0.057   0.255  -0.236   0.151  -0.004   0.110   0.187   0.197   0.036  -0.065  -0.226  -0.055   0.110   0.026  -0.113  -0.093  -0.245  -0.038   0.036   0.067  -0.012   0.173  -0.305  -0.052  -0.262   0.073   0.233  -0.154  -0.218  -0.001   0.064  -0.071  -0.100   0.133  -0.014  -0.014  -0.016   0.022  -0.178   0.165   0.044   0.213   0.189  -0.040   0.079   0.152   0.020  -0.077  -0.028  -0.220
  202379     0.098  -0.078  -0.072  -0.040   0.210  -0.361   0.055   0.016   0.048   0.226   0.142  -0.149  -0.145   0.071   0.225   0.073  -0.195   0.009   0.187   0.030  -0.197   0.209   0.069   0.030  -0.080  -0.023   0.039   0.101   0.044   0.126   0.034  -0.009   0.101   0.061  -0.321   0.035  -0.218  -0.003  -0.129   0.181  -0.077   0.171   0.056  -0.099  -0.160   0.284   0.151   0.007   0.051   0.052   0.100
  140939A    0.070  -0.041  -0.063   0.097   0.104   0.153   0.361   0.037   0.363  -0.171  -0.037  -0.141   0.074  -0.048  -0.004   0.005   0.012  -0.075   0.294  -0.039   0.105  -0.058   0.028   0.135   0.229   0.097  -0.252  -0.118  -0.025   0.035   0.046   0.292  -0.042   0.141  -0.188   0.130  -0.097  -0.069   0.028   0.125   0.018  -0.047   0.028   0.078  -0.137  -0.028  -0.179   0.060  -0.110  -0.052   0.021
  190735A    0.055   0.232   0.064  -0.038   0.005  -0.054  -0.011  -0.083  -0.001  -0.229  -0.062  -0.196   0.319   0.251   0.080   0.260   0.104  -0.163   0.010   0.341  -0.131   0.035  -0.235   0.261  -0.080  -0.103   0.103  -0.006  -0.025   0.137  -0.220  -0.112  -0.217  -0.076  -0.101   0.036   0.058  -0.070   0.109  -0.036   0.266  -0.036  -0.039  -0.081  -0.062   0.098  -0.085  -0.004   0.026   0.023  -0.030
  192683A    0.189   0.083  -0.001  -0.007  -0.090  -0.061   0.140  -0.151  -0.142  -0.101  -0.225  -0.078   0.038   0.050  -0.195   0.014   0.206   0.235   0.066  -0.299   0.056  -0.015   0.182  -0.003  -0.203  -0.018  -0.246   0.086   0.106   0.000  -0.075   0.000   0.041  -0.082  -0.047   0.062   0.135  -0.262  -0.043  -0.072  -0.057  -0.083   0.271  -0.038  -0.127   0.252  -0.046  -0.182  -0.188   0.014  -0.064
  41006A     0.141  -0.079  -0.091  -0.081   0.179  -0.104  -0.187   0.096   0.255  -0.031  -0.084   0.143   0.204   0.076   0.061   0.124   0.230   0.019  -0.174  -0.003   0.246  -0.143   0.170  -0.221   0.118  -0.017   0.127  -0.052  -0.007   0.209  -0.236  -0.081   0.024   0.155   0.073  -0.197  -0.027  -0.124  -0.313   0.205  -0.100  -0.049  -0.038  -0.152  -0.066   0.034  -0.016   0.022   0.030  -0.235  -0.074
  162458r    0.188  -0.163   0.134   0.041   0.022   0.083   0.113  -0.004  -0.073  -0.170   0.018  -0.048   0.053   0.118   0.018  -0.303  -0.048  -0.046  -0.246  -0.029  -0.127   0.012  -0.192   0.029   0.025  -0.012  -0.178  -0.111  -0.259   0.117   0.152  -0.220   0.261   0.070  -0.062   0.162  -0.015   0.173  -0.356  -0.164   0.050  -0.179  -0.051  -0.079  -0.035   0.167  -0.007  -0.151   0.177  -0.048  -0.105
