  year  #   1       2       3       4
  1950   1.738  -0.616  -1.098  -0.779
  1951   1.727  -0.637  -0.724  -0.665
  1952   1.339  -1.992  -0.374  -0.734
  1953   1.869  -1.111   0.083  -0.387
  1954   0.892  -0.134   0.478  -1.450
  1955   1.025   0.924   0.563  -1.317
  1956  -1.080   1.470   0.763  -2.311
  1957  -0.134   2.083   0.640  -1.901
  1958   0.452   2.836   0.878  -0.764
  1959  -0.194   1.300   0.550  -1.325
  1960  -0.964   0.572  -0.506  -0.338
  1961  -1.304   1.101  -0.685  -0.015
  1962  -2.294  -0.796  -0.208  -0.408
  1963  -1.605   0.853  -0.467  -0.312
  1964  -2.227  -0.822  -0.698   0.343
  1965  -1.949  -0.846  -1.213   0.434
  1966  -1.649  -0.821  -0.916   1.402
  1967  -0.437   0.259  -0.257   2.470
  1968  -0.247   0.120   0.779   2.245
  1969  -0.466  -0.576   1.231   1.910
  1970   0.073   0.048   1.603   1.898
  1971   1.005   0.142   1.390   1.681
  1972   0.988   0.059   1.548   1.633
  1973   1.398  -0.146   1.998   0.135
  1974   0.293  -0.992   1.455   0.109
  1975   0.592  -0.729   1.636  -0.071
  1976   0.437  -1.177   1.386  -0.133
  1977  -0.863  -1.820   0.146  -1.673
  1978  -0.170  -1.781   0.491  -0.900
  1979   0.136  -1.525  -0.054  -0.754
  1980   0.931  -1.441  -0.609  -0.569
  1981   0.800  -0.676  -1.395  -0.103
  1982   1.120  -0.735  -1.677  -0.252
  1983   1.187   0.967  -2.094   0.449
  1984   0.985   1.402  -1.778   0.613
  1985   1.062   1.673  -1.725   0.775
  1986   1.132   0.553  -1.699   1.113
  1987  -0.201  -0.402  -1.191  -0.521
  1988  -0.121   0.721  -1.060   0.116
  1989  -0.101   0.251  -0.689   0.869
  1990  -0.365   0.315  -0.419  -0.135
  1991  -1.310  -0.970  -0.387  -0.270
  1992  -0.658   0.002   0.339  -0.344
  1993  -0.411   0.709   0.659  -0.158
  1994  -0.307   0.943   1.386  -0.386
  1995  -0.174   0.578   0.916  -0.094
  1996  -0.859   0.020   0.168  -0.985
  1997  -0.631  -0.363   0.438   0.022
  1998  -0.406  -0.055   0.234   0.542
  1999  -0.309   0.282  -0.221   0.545
  2000   0.256   0.980   0.392   0.746
