fram_drop.rwl -- no data title --                         1st itrdb line missing     
fram_drop.rwl -- no data title --                         2nd itrdb line missing     
fram_drop.rwl -- no data title --                         3rd itrdb line missing     
fram_d18699990  09990  09990  09990  09990  09990  09990  09990  09990  04185  1  trn
fram_d18702798  33754  33430  33947  34045  33129  33788  32131  33137  33382  4  trn
fram_d18802789  43502  43210  53673  53557  53232  73637  73089  73168  73792  7  trn
fram_d18903227  73660  73545  83247  93412  93076 103186 123616 123300 123328 13  trn
fram_d19003454 134166 133714 134137 133711 133273 133201 133472 132829 132807 13  trn
fram_d19102987 142144 142873 142730 142638 152288 162572 172678 172538 182418 18  trn
fram_d19202293 192415 191929 211722 212144 212308 222349 232755 232732 242463 26  trn
fram_d19302048 262201 272253 272343 292408 322298 342068 361902 402271 412012 41  trn
fram_d19401999 432008 432145 462165 472026 482234 492069 501782 501917 521986 54  trn
fram_d19502364 542360 552213 552403 562264 592412 592073 612241 622402 642260 64  trn
fram_d19601922 652003 661653 661824 661608 661544 661510 661846 661939 661887 66  trn
fram_d19702073 662194 662220 662255 661973 682102 682002 681758 681837 681843 68  trn
fram_d19801942 682032 682062 682194 692185 692148 692063 691751 691856 691871 69  trn
fram_d19901783 701467 701696 701770 701831 701749 701550 701542 701582 701606 70  trn
fram_d20001761 691727 681793 671780 671460 671381 651390 651412 641186 581016 58  trn
fram_d2010 816 39 825 38 672 34 656 29 700 22 662 20 494 14 706  59990  09990  0  trn
fram_drop.rwl -- no data title --                         1st itrdb line missing     
fram_drop.rwl -- no data title --                         2nd itrdb line missing     
fram_drop.rwl -- no data title --                         3rd itrdb line missing     
fram_d18699990  09990  09990  09990  09990  09990  09990  09990  09990  01054  1  std
fram_d1870 789  3 946  3 967  31016  31044  3 869  3 965  3 949  3 999  3 899  4  std
fram_d1880 726  4 947  4 984  5 993  51048  5 890  71077  7 983  7 949  71156  7  std
fram_d18901092  71179  71131  8 917  9 951  9 909 10 885 12 979 12 955 12 968 13  std
fram_d19001036 131213 131160 131330 131177 131030 13 994 131075 13 923 13 945 13  std
fram_d19101033 14 759 141073 14 999 14 946 15 936 161048 171031 17 971 18 929 18  std
fram_d1920 890 19 952 19 772 21 706 21 937 21 935 22 957 231122 231134 241063 26  std
fram_d1930 905 26 991 27 999 271052 291108 321054 34 904 36 911 401144 41 939 41  std
fram_d1940 942 43 964 431063 461016 47 945 481060 49 948 50 795 50 888 52 908 54  std
fram_d19501103 541114 551030 551086 561037 591114 59 939 611059 621177 641038 64  std
fram_d1960 938 65 980 66 780 66 890 66 786 66 768 66 802 66 971 661006 66 978 66  std
fram_d19701067 661124 661147 661166 66 991 681055 681033 68 793 68 880 68 889 68  std
fram_d19801000 681051 681068 681154 691153 691166 691114 69 907 691003 691041 69  std
fram_d1990 963 70 811 70 965 70 955 70 991 701016 70 889 70 933 70 964 70 998 70  std
fram_d20001049 691083 681143 671144 67 946 67 962 65 965 651018 64 934 58 852 58  std
fram_d2010 881 39 934 38 895 34 938 29 947 22 845 20 905 141081  59990  09990  0  std
fram_drop.rwl -- no data title --                         1st itrdb line missing     
fram_drop.rwl -- no data title --                         2nd itrdb line missing     
fram_drop.rwl -- no data title --                         3rd itrdb line missing     
fram_d18699990  09990  09990  09990  09990  09990  09990  09990  09990  01038  1  res
fram_d1870 752  31109  31025  3 963  31034  3 920  31071  3 840  31050  3 957  4  res
fram_d1880 780  41166  41010  5 967  51015  5 898  71126  7 935  7 982  71185  7  res
fram_d18901016  71096  71049  8 865  9 999  9 932 10 912 121046 12 980 121020 13  res
fram_d19001081 131279 131048 131285 131028 13 933 13 922 131052 13 878 13 961 13  res
fram_d19101071 14 758 141220 14 997 14 946 15 974 161077 171003 17 939 18 941 18  res
fram_d1920 925 191011 19 832 21 793 211113 21 962 22 995 231176 231114 24 965 26  res
fram_d1930 849 261043 271024 271043 291091 32 990 34 896 36 959 401199 41 844 41  res
fram_d1940 969 43 995 431043 46 989 47 936 481074 49 925 50 812 50 977 52 970 54  res
fram_d19501154 541091 55 974 551068 561012 591086 59 896 611105 621175 64 976 64  res
fram_d1960 920 65 998 66 786 66 978 66 843 66 869 66 901 661066 661034 66 995 66  res
fram_d19701090 661107 661099 661088 66 917 681047 681008 68 781 68 953 68 965 68  res
fram_d19801054 681031 681023 681131 691080 691083 691034 69 858 691025 691050 69  res
fram_d1990 959 70 817 701037 70 986 701020 701037 70 881 70 962 70 990 701007 70  res
fram_d20001057 691060 681108 671081 67 892 67 961 65 978 651046 64 916 58 876 58  res
fram_d2010 912 39 973 38 941 34 978 29 986 22 912 20 957 141032  59990  09990  0  res
fram_drop.rwl -- no data title --                         1st itrdb line missing     
fram_drop.rwl -- no data title --                         2nd itrdb line missing     
fram_drop.rwl -- no data title --                         3rd itrdb line missing     
fram_d18699990  09990  09990  09990  09990  09990  09990  09990  09990  01053  1  ars
fram_d1870 772  3 996  31027  3 981  31028  3 938  31041  3 862  3 981  3 950  4  ars
fram_d1880 739  41037  41034  5 990  51014  5 907  71078  7 983  7 977  71169  7  ars
fram_d18901113  71157  71137  8 946  9 974  9 920 10 869 12 980 12 973 121009 13  ars
fram_d19001088 131308 131221 131379 131244 131077 13 969 131039 13 901 13 911 13  ars
fram_d19101028 14 762 141100 141056 14 981 15 967 161062 171041 17 965 18 924 18  ars
fram_d1920 885 19 953 19 801 21 665 21 949 21 938 22 965 231155 231196 241080 26  ars
fram_d1930 894 26 991 271023 271059 291124 321063 34 934 36 926 401157 41 937 41  ars
fram_d1940 938 43 966 431028 461008 47 944 481047 49 954 50 778 50 862 52 899 54  ars
fram_d19501102 541147 551060 551103 561072 591126 59 971 611091 621217 641103 64  ars
fram_d1960 982 65 992 66 772 66 860 66 758 66 730 66 752 66 943 661007 661002 66  ars
fram_d19701093 661157 661183 661188 661029 681066 681048 68 801 68 849 68 886 68  ars
fram_d1980 998 681034 681045 681154 691164 691173 691132 69 936 69 995 691050 69  ars
fram_d1990 990 70 806 70 940 70 957 701001 701041 70 905 70 914 70 948 70 982 70  ars
fram_d20001051 691090 681156 671167 67 990 67 959 65 960 651028 64 934 58 838 58  ars
fram_d2010 823 39 881 38 879 34 916 29 945 22 883 20 896 14 981  59990  09990  0  ars
