fram_drop.rwl -- no data title --                         1st itrdb line missing     
fram_drop.rwl -- no data title --                         2nd itrdb line missing     
fram_drop.rwl -- no data title --                         3rd itrdb line missing     
fram_d18699990  09990  09990  09990  09990  09990  09990  09990  09990  0   0  1  err
fram_d1870 875  3 685  31258  3 100  3  48  3 918  3 535  3 123  3 611  3 510  4  err
fram_d1880 313  4 433  4 645  5 944  5 767  5 322  7 541  7 314  7 518  7 552  7  err
fram_d1890 380  7 695  7 547  8 470  9 380  9 381 10 360 12 317 12 349 12 348 13  err
fram_d1900 385 13 386 13 424 13 426 14 423 14 329 14 345 14 269 14 241 14 212 14  err
fram_d1910 245 15 244 15 322 15 301 15 331 16 217 17 311 18 329 18 305 19 255 19  err
fram_d1920 220 20 254 20 211 22 189 22 195 22 254 23 238 24 227 24 253 25 188 27  err
fram_d1930 119 27 130 28 162 28 158 30 167 34 152 36 166 38 155 42 160 43 149 43  err
fram_d1940 121 45 146 45 126 48 140 49 135 51 154 52 147 53 149 53 134 55 147 57  err
fram_d1950 155 57 157 58 152 58 159 60 153 63 163 63 146 65 152 66 153 68 154 68  err
fram_d1960 132 69 132 70 114 70 125 70 110 70 114 70 121 70 122 70 137 70 117 70  err
fram_d1970 130 70 145 70 145 70 148 70 124 72 146 72 132 72 121 72 116 72 124 72  err
fram_d1980 118 72 122 72 124 72 138 73 137 73 137 73 143 73 119 73 118 73 113 73  err
fram_d1990 114 74  95 74 113 74 123 74 136 74 125 74 113 74 107 74 117 74 117 74  err
fram_d2000 138 73 126 72 134 71 137 71 122 70 105 68 112 68 107 67  91 61  91 61  err
fram_d2010  90 41  84 40  73 36  79 31  77 24 101 21  75 15 223  59990  09990  0  err
fram_drop.rwl -- no data title --                         1st itrdb line missing     
fram_drop.rwl -- no data title --                         2nd itrdb line missing     
fram_drop.rwl -- no data title --                         3rd itrdb line missing     
fram_d18699990  09990  09990  09990  09990  09990  09990  09990  09990  0   0  1  err
fram_d1870 216  3  55  3 160  3  77  3  48  3  49  3 111  3  11  3  66  3 171  4  err
fram_d1880 189  4 162  4  61  5  46  5  25  5 111  7  48  7  46  7  72  7  67  7  err
fram_d1890 101  7  93  7  89  8 101  9  54  9  57 10  71 12  66 12  76 12  75 13  err
fram_d1900  72 13  78 13  77 13  75 14  75 14  55 14  65 14  45 14  29 14  35 14  err
fram_d1910  47 15  49 15  65 15  48 15  55 16  67 17  72 18  67 18  59 19  44 19  err
fram_d1920  46 20  49 20  52 22  40 22  43 22  43 23  46 24  34 24  42 25  51 27  err
fram_d1930  52 27  47 28  39 28  38 30  31 34  33 36  34 38  38 42  36 43  35 43  err
fram_d1940  22 45  37 45  34 48  29 49  26 51  39 52  35 53  41 53  37 55  35 57  err
fram_d1950  37 57  34 58  36 58  34 60  30 63  34 63  32 65  28 66  28 68  25 68  err
fram_d1960  26 69  29 70  28 70  26 70  28 70  26 70  30 70  27 70  29 70  28 70  err
fram_d1970  26 70  21 70  26 70  25 70  24 72  26 72  26 72  27 72  24 72  28 72  err
fram_d1980  27 72  29 72  28 72  31 73  27 73  30 73  29 73  21 73  22 73  23 73  err
fram_d1990  21 74  24 74  23 74  27 74  23 74  23 74  22 74  18 74  18 74  18 74  err
fram_d2000  24 73  27 72  27 71  24 71  25 70  22 68  20 68  30 67  23 61  25 61  err
fram_d2010  38 41  27 40  27 36  37 31  46 24  57 21  75 15  45  59990  09990  0  err
fram_drop.rwl -- no data title --                         1st itrdb line missing     
fram_drop.rwl -- no data title --                         2nd itrdb line missing     
fram_drop.rwl -- no data title --                         3rd itrdb line missing     
fram_d18699990  09990  09990  09990  09990  09990  09990  09990  09990  0   0  1  err
fram_d1870  84  3 185  3 145  3 105  3   4  3 146  3 100  3 225  3  19  3 100  4  err
fram_d1880  67  4  66  4  82  5  13  5  25  5  92  7  48  7  29  7  28  7  65  7  err
fram_d1890  77  7  68  7  46  8  67  9  47  9  39 10  48 12  56 12  49 12  45 13  err
fram_d1900  50 13  47 13  59 13  24 14  57 14  45 14  39 14  36 14  29 14  35 14  err
fram_d1910  42 15  56 15  53 15  31 15  33 16  82 17  54 18  46 18  31 19  36 19  err
fram_d1920  35 20  38 20  48 22  33 22  32 22  25 23  30 24  31 24  34 25  33 27  err
fram_d1930  37 27  38 28  25 28  28 30  31 34  26 36  29 38  35 42  28 43  36 43  err
fram_d1940  24 45  29 45  25 48  28 49  23 51  34 52  28 53  30 53  26 55  24 57  err
fram_d1950  29 57  25 58  27 58  23 60  23 63  25 63  29 65  24 66  20 68  19 68  err
fram_d1960  23 69  22 70  24 70  24 70  25 70  21 70  21 70  20 70  20 70  20 70  err
fram_d1970  17 70  19 70  21 70  23 70  19 72  22 72  20 72  25 72  20 72  26 72  err
fram_d1980  24 72  22 72  26 72  24 73  20 73  21 73  24 73  17 73  20 73  21 73  err
fram_d1990  18 74  20 74  19 74  21 74  18 74  17 74  22 74  17 74  18 74  16 74  err
fram_d2000  21 73  24 72  23 71  19 71  25 70  20 68  18 68  25 67  23 61  22 61  err
fram_d2010  34 41  21 40  22 36  28 31  32 24  38 21  49 15  97  59990  09990  0  err
fram_drop.rwl -- no data title --                         1st itrdb line missing     
fram_drop.rwl -- no data title --                         2nd itrdb line missing     
fram_drop.rwl -- no data title --                         3rd itrdb line missing     
fram_d18699990  09990  09990  09990  09990  09990  09990  09990  09990  0   0  1  err
fram_d1870  70  3 154  3 121  3  88  3   3  3 122  3  84  3 188  3  16  3  84  4  err
fram_d1880  56  4  55  4  68  5  11  5  21  5  77  7  40  7  25  7  24  7  54  7  err
fram_d1890  65  7  57  7  38  8  56  9  39  9  33 10  40 12  47 12  41 12  37 13  err
fram_d1900  41 13  39 13  50 13  20 14  47 14  38 14  33 14  30 14  24 14  30 14  err
fram_d1910  35 15  47 15  44 15  26 15  28 16  69 17  45 18  39 18  26 19  30 19  err
fram_d1920  29 20  32 20  40 22  28 22  26 22  21 23  25 24  26 24  29 25  28 27  err
fram_d1930  31 27  32 28  21 28  24 30  26 34  22 36  25 38  29 42  24 43  30 43  err
fram_d1940  20 45  24 45  21 48  23 49  19 51  28 52  23 53  25 53  22 55  20 57  err
fram_d1950  25 57  21 58  22 58  19 60  19 63  21 63  24 65  20 66  17 68  16 68  err
fram_d1960  19 69  18 70  20 70  20 70  21 70  18 70  18 70  17 70  17 70  17 70  err
fram_d1970  14 70  16 70  18 70  19 70  16 72  18 72  17 72  21 72  16 72  21 72  err
fram_d1980  20 72  18 72  21 72  20 73  17 73  18 73  20 73  15 73  17 73  17 73  err
fram_d1990  15 74  17 74  16 74  18 74  15 74  14 74  18 74  15 74  15 74  13 74  err
fram_d2000  18 73  20 72  19 71  16 71  21 70  17 68  15 68  21 67  19 61  18 61  err
fram_d2010  28 41  18 40  19 36  23 31  27 24  32 21  41 15  81  59990  09990  0  err
