  year  #   1       2       3       4       5       6       7       8       9      10      11      12      13      14      15      16      17      18      19      20      21      22      23      24      25      26      27      28      29      30      31      32      33      34      35      36      37      38      39      40      41      42      43      44      45      46      47      48      49      50      51
  1950   6.961   3.085  -3.984  -3.125  -2.099  -0.053   0.464   2.556   1.444  -0.298   0.289  -0.573  -2.225  -0.048   0.340  -0.837   0.441   0.448   0.813  -0.330   0.590  -0.034  -0.442   0.640  -0.292  -0.341   0.537   0.554   0.204  -0.354   0.498   0.061   0.240  -0.010  -0.081   0.386   0.064   0.086   0.314  -0.139   0.055  -0.033   0.049   0.050   0.110  -0.024   0.025  -0.040  -0.022  -0.004   0.000
  1951   6.768   4.140  -4.656  -1.760  -2.736   1.118  -0.096   1.326  -0.232   1.633  -0.609  -0.167  -0.223   0.900  -0.718  -0.492  -0.324   0.225   0.197   0.178  -0.918  -0.287   0.373  -0.539   0.102  -0.210  -0.577  -0.135   0.312   0.142  -0.241  -0.284   0.168   0.090   0.095  -0.406  -0.145  -0.163  -0.372   0.114  -0.033   0.369  -0.201   0.171  -0.135  -0.024  -0.083   0.011  -0.047  -0.005   0.000
  1952   5.521   2.486  -3.630  -2.769  -3.395  -0.775   0.312  -0.156  -1.702   1.067  -0.711  -0.806   1.103  -0.536  -0.220   0.154  -0.441  -0.016  -0.960   0.351   0.841   0.843  -0.275  -0.015   0.519   0.495   0.197  -0.445  -0.611   0.751   0.007   0.612   0.006  -0.109  -0.274  -0.095   0.223  -0.060   0.117   0.044   0.165  -0.118   0.169  -0.086   0.057  -0.033  -0.057   0.016   0.065  -0.004   0.000
  1953   7.209   3.038  -3.205  -1.323  -2.685  -0.227  -0.576  -0.514  -0.041  -0.986  -0.009   0.627   0.665  -0.726   1.101   1.014   0.038  -0.722  -0.125  -0.523  -0.673  -0.125   0.089  -0.130   0.271   0.071  -0.213  -0.040   0.511  -0.469  -0.393  -0.176  -0.342   0.110   0.414   0.236  -0.190   0.354  -0.269  -0.054  -0.092  -0.382   0.108  -0.104  -0.158  -0.044   0.150   0.045   0.028  -0.015   0.000
  1954   6.376   1.224  -3.201   0.134  -0.401  -1.052   0.631  -2.860  -0.502  -1.188   1.133   0.935   1.018  -0.389   0.273   0.868   0.519   1.119   1.465   0.477  -0.064   0.061   0.789   0.068  -0.511  -0.219   0.345  -0.071  -0.421  -0.096  -0.149  -0.285  -0.065  -0.003  -0.510   0.035  -0.143  -0.256   0.034   0.164   0.149   0.080  -0.115  -0.141   0.082   0.123   0.013  -0.090  -0.032   0.030   0.000
  1955   7.819   0.781  -2.449   0.999   1.306  -0.689  -0.642  -3.306  -0.844  -0.535   1.288   1.368  -0.501  -0.255  -0.067  -0.217   0.299  -0.632  -0.840   0.152   0.362  -0.514  -0.161   0.406  -0.258   0.498  -0.244   0.733  -0.269   0.067   0.397   0.203   0.205   0.013   0.405  -0.334   0.176   0.110   0.054  -0.237  -0.272   0.209   0.074   0.129   0.069  -0.034  -0.058   0.106  -0.055   0.010   0.000
  1956   3.751  -3.100  -4.249   2.497   2.619  -2.023   2.006  -0.357   1.786  -1.055  -3.285   0.399   0.345  -0.519   0.738  -2.079  -0.389   0.457  -0.919  -0.123   0.077   0.187   0.338  -0.130  -0.061   0.209  -0.116  -0.141   0.264   0.273  -0.164  -0.214   0.004  -0.042  -0.051  -0.066  -0.077   0.068   0.159  -0.095   0.055  -0.064  -0.134  -0.052  -0.046   0.004   0.022  -0.028  -0.021   0.022   0.000
  1957   5.868  -1.122  -1.968   2.237   3.264  -1.421   0.652   0.971   0.372  -0.767   0.932  -2.275  -0.392   0.132  -1.149   0.705  -0.260   0.300  -0.429  -0.140  -0.516  -0.154   0.168  -0.033  -0.609  -0.139   0.590  -0.545  -0.304  -0.243  -0.667   0.502  -0.170   0.615   0.201  -0.019  -0.088  -0.168   0.037   0.057  -0.076  -0.023   0.043   0.184   0.120  -0.082   0.053   0.070   0.038  -0.025   0.000
  1958   7.567  -0.540  -1.228   3.335   2.719   0.501  -0.521   1.644   0.400   0.540   1.058  -0.604   0.558   0.326  -1.343  -0.270   0.490  -1.161   0.093  -0.367  -0.410   0.555  -0.132  -0.320   0.296  -0.379  -0.051   0.199  -0.745   0.050   0.547  -0.268   0.494  -0.374  -0.063  -0.007  -0.028   0.229  -0.066   0.124  -0.056  -0.029  -0.002  -0.360  -0.127   0.051   0.073  -0.025   0.014   0.011   0.000
  1959   4.596  -0.900  -0.917   2.147   2.357  -0.618  -0.268   0.784  -1.164  -0.147   1.112   0.085  -0.058   0.263  -0.346  -0.293  -0.032  -0.393   0.942   0.451   0.828  -0.149   0.000  -0.799   0.666   0.425   0.191  -0.463   1.010  -0.066   0.133  -0.291  -0.415  -0.195   0.038  -0.054   0.222   0.030  -0.209  -0.202  -0.039  -0.143   0.137   0.118   0.149   0.016  -0.152  -0.166   0.040  -0.009   0.000
  1960   2.207  -3.805  -1.795  -0.392   1.580  -0.647  -0.273  -0.218   1.411   1.782   0.484   0.640  -0.614   0.255   0.430   1.100  -1.508  -0.329  -0.284  -0.959   0.320  -0.587  -0.540  -0.401   0.331   0.617   0.056   0.330   0.008   0.050   0.060   0.232  -0.430   0.051  -0.327   0.567   0.241  -0.113  -0.019   0.286   0.083   0.121  -0.169   0.034  -0.090   0.181   0.017   0.023  -0.052  -0.020   0.000
  1961   1.801  -3.778  -0.414  -0.147   2.543   0.146  -0.066   1.036   0.552   2.325   0.110   1.598  -0.078   0.085   0.220   1.106  -0.832   0.990   0.372   0.616   0.380  -0.147   0.465   0.879  -0.372   0.156  -0.548  -0.169   0.010  -0.298   0.019  -0.086   0.582  -0.324   0.138  -0.159  -0.059  -0.136   0.013   0.079   0.109  -0.302   0.111   0.028  -0.094  -0.221  -0.026   0.023   0.037  -0.005   0.000
  1962  -1.645  -4.861  -0.703  -0.541   0.284  -0.453  -0.286   2.382  -2.686  -0.874  -1.101  -0.566   0.901  -0.501   0.214   1.226  -0.540   0.678   0.210   0.169  -0.212  -0.369  -0.156   0.572   0.638  -0.069   0.516   0.406  -0.015   0.167  -0.346  -0.352   0.074  -0.349   0.601  -0.002   0.057   0.324   0.127  -0.067   0.023   0.293  -0.088  -0.092   0.148   0.051   0.009   0.022  -0.065   0.016   0.000
  1963   0.824  -4.500  -1.313   0.231   1.551   0.994  -0.887   0.611  -1.934   0.017   0.112  -0.967   1.019  -0.100   0.955  -0.084   1.375   0.088  -0.106  -0.016  -0.535   0.011  -0.672  -0.171  -0.636  -0.337  -0.655   0.430   0.511   0.156   0.244   0.166  -0.381   0.182  -0.569   0.281  -0.231  -0.009   0.093   0.033   0.193   0.063   0.168   0.012  -0.126  -0.143  -0.120   0.080  -0.024   0.060   0.000
  1964  -1.728  -6.442  -1.159  -1.618  -0.925   0.465  -0.337   0.405  -0.484   1.244  -0.144   0.932   0.351  -0.004   0.582   0.335   1.408  -0.658  -0.657   0.011   0.535   0.629  -0.597  -0.148  -0.398  -0.361   0.655  -0.065  -0.097   0.212  -0.077  -0.292   0.151   0.480   0.186  -0.324  -0.189  -0.260   0.055   0.051  -0.291  -0.112  -0.086   0.149  -0.045   0.060   0.076  -0.164  -0.048  -0.068   0.000
  1965  -0.935  -6.763  -1.468  -2.531  -0.796   0.544  -0.053  -0.316  -0.165  -0.607  -0.355   0.142  -0.654   1.614  -0.013   0.247   0.274  -0.400   0.335  -0.490  -0.161   0.349   0.677  -0.079   0.075  -0.379  -0.530  -0.306  -0.267  -0.110   0.342   0.120  -0.383  -0.423  -0.107  -0.206   0.242  -0.124   0.018  -0.355   0.019   0.068  -0.104   0.151   0.073   0.060   0.161   0.072   0.142   0.063   0.000
  1966  -0.271  -6.162   0.636  -1.987  -1.185   1.588  -0.930  -1.072  -0.615  -0.739   0.295   0.346  -0.945   1.095  -0.109  -1.453  -0.241   0.095   0.403   0.004  -0.851  -0.518   0.186   0.447   0.387   0.516   0.259  -0.969  -0.010  -0.140  -0.126   0.252   0.384   0.447   0.067   0.202  -0.030   0.023   0.087   0.055  -0.075   0.045   0.299  -0.263  -0.110   0.092  -0.070  -0.004  -0.033  -0.012   0.000
  1967   2.025  -3.781   1.959  -0.260  -1.646   3.122  -0.194  -1.772   1.364  -0.439   0.407   0.414   0.308   0.116  -0.767  -0.660  -0.277  -0.227   0.058   0.172  -0.065  -0.118  -0.078  -0.425  -0.094  -0.431   0.602   0.595   0.693   0.406  -0.588   0.289   0.078  -0.498  -0.197  -0.165   0.115   0.266   0.002   0.353   0.131   0.046   0.032   0.008   0.184  -0.200   0.093   0.008   0.017  -0.060   0.000
  1968   2.550  -3.289   1.953   0.891  -2.339   1.825  -0.679  -1.438   1.503  -0.192   0.338  -1.313   1.377  -0.440  -0.854  -0.119  -1.031   0.348   0.246   0.239  -0.095  -0.016  -0.384   0.382   0.448  -0.575  -0.504   0.504  -0.137  -0.119   0.241   0.261   0.033   0.302   0.253  -0.027  -0.304  -0.026   0.040  -0.349   0.191  -0.300  -0.226   0.112  -0.021   0.139  -0.129  -0.047  -0.007  -0.018   0.000
  1969   0.941  -3.301   3.072   0.983  -2.222   0.699   0.456  -0.199   1.727  -0.344  -0.343  -0.102  -0.852  -1.607   0.065   0.759   0.944   0.504   0.002  -0.419   0.209   0.553   0.335  -0.480   0.358   0.528   0.398   0.062  -0.168  -0.122   0.292  -0.173  -0.010   0.301   0.273   0.215   0.203  -0.258  -0.328  -0.117  -0.010   0.269  -0.142  -0.196  -0.064  -0.236  -0.117   0.019   0.071   0.010   0.000
  1970   2.440  -1.431   3.569   2.016  -1.878   1.005  -0.601   0.553   0.546   0.307  -0.478  -0.570  -1.359  -1.221  -0.090   0.025   0.755   0.214   0.380   0.143   0.313   0.500   0.065  -0.531   0.273   0.621  -0.492  -0.005  -0.343  -0.107  -0.642  -0.427   0.180  -0.252  -0.262  -0.117  -0.107  -0.039   0.023   0.055  -0.019  -0.155   0.252   0.226   0.093   0.180   0.046   0.141  -0.111   0.051   0.000
  1971   4.423   0.477   3.676   1.992  -1.531   1.508  -1.422   1.081  -1.216  -0.386  -1.072  -0.230  -0.414  -0.484   1.183  -0.391  -0.473  -0.513  -0.026   1.081   0.656  -0.709   0.554  -0.242  -0.982   0.036  -0.050  -0.415  -0.248  -0.026   0.627   0.259  -0.156  -0.173   0.142   0.225  -0.361   0.123   0.020   0.287  -0.164   0.036  -0.215   0.000   0.061   0.082  -0.011   0.036   0.081  -0.055   0.000
  1972   3.475   1.331   4.027   2.035  -2.089   0.738  -0.777   0.983  -0.895  -0.776  -0.947   0.106   0.026   0.278  -0.822   0.456  -0.752  -0.443  -0.996  -1.008   0.469   0.160   0.622   0.915  -0.595  -0.135  -0.594   0.157   0.220  -0.553  -0.207  -0.101  -0.331   0.147  -0.412  -0.205   0.404  -0.171   0.076  -0.049  -0.016   0.108   0.128  -0.133  -0.006  -0.032   0.011  -0.156  -0.071  -0.011   0.000
  1973   3.979   2.827   3.771   2.678  -0.632  -0.517   0.331  -0.226  -1.455  -0.644  -0.314   2.028  -0.352   0.619  -0.438  -0.388  -0.269   0.387   0.035   0.073  -0.637   0.783  -1.590   0.351   0.163  -0.051   0.216  -0.100  -0.109  -0.198  -0.359  -0.330   0.044  -0.001   0.032   0.306   0.029  -0.063   0.237   0.097   0.071   0.092  -0.088   0.218  -0.139   0.007  -0.006   0.003   0.142   0.024   0.000
  1974   0.440   0.181   3.392   1.186  -1.751  -1.308   2.561  -0.370   0.347   0.462  -0.448  -0.420   1.217   0.018   0.695   0.499  -0.331   0.729   0.340  -1.071  -0.316  -0.801  -0.793   0.023  -0.107  -0.399   0.285  -0.577   0.244   0.053   0.687   0.072   0.432   0.020  -0.457  -0.328   0.195   0.234  -0.301   0.007  -0.395  -0.040   0.077   0.062   0.091   0.012   0.008   0.041  -0.008   0.039   0.000
  1975   1.347   1.228   3.804   1.531  -1.170  -1.410   2.278   0.319   0.482   0.938   0.033  -0.013   0.701   0.576   1.032  -0.354   0.636  -1.021   0.508   0.539  -0.382  -0.532   0.201  -0.116  -0.286  -0.380   0.055  -0.006  -0.300   0.318  -0.268   0.580  -0.011  -0.268   0.689   0.310   0.465  -0.326  -0.054  -0.092   0.288   0.015   0.131   0.054  -0.094   0.001   0.032  -0.067  -0.083   0.046   0.000
  1976   0.390   0.573   3.693   0.867  -1.347  -1.907   1.935   0.797   0.032   1.346   0.912  -0.009  -0.664   1.402   0.134   0.282   0.282  -0.447   0.103   0.960  -0.207  -0.101   0.655   0.328   0.211   0.417   0.407   0.551   0.336   0.545  -0.270  -0.230  -0.311   0.443  -0.429  -0.282  -0.105   0.267   0.337  -0.215  -0.095  -0.139  -0.211  -0.192  -0.069  -0.001  -0.023   0.105   0.018  -0.008   0.000
  1977  -2.858  -1.353   1.548  -1.445   0.481  -2.772   2.347  -0.982  -1.229  -1.430   1.403  -1.285  -1.585  -0.194   0.478   0.325  -0.088   0.088  -0.757   0.463  -0.357   1.259   0.338   0.170   0.240  -0.170  -0.616  -0.021   0.430  -0.168   0.222   0.246   0.372  -0.381  -0.056   0.118   0.037   0.179  -0.210   0.223   0.008   0.005  -0.122   0.100  -0.125   0.033  -0.023  -0.053  -0.048  -0.082   0.000
  1978  -1.584  -0.458   2.065  -1.105  -0.864  -3.484   0.548  -0.420   0.991   0.782   0.808   0.641  -0.802  -0.013  -0.584  -0.395  -0.093   0.125  -0.194  -0.356   0.533  -0.101  -0.465   0.135   0.307  -0.684  -0.530  -0.507  -0.340   0.103   0.167  -0.208  -0.829  -0.098   0.371  -0.155  -0.738   0.138   0.044   0.190   0.079   0.138   0.147  -0.134   0.150  -0.096  -0.010  -0.018  -0.042   0.028   0.000
  1979  -0.918   0.583   3.334  -1.451   0.406  -3.192  -1.693  -0.091  -1.642   0.120   0.185  -0.271   0.524   0.596  -0.294  -1.034   0.077   0.965  -0.417   0.271   0.916  -0.876   0.041  -0.826   0.523   0.021  -0.367   0.549  -0.111  -0.303  -0.157   0.036   0.507   0.356  -0.203   0.320  -0.086  -0.188  -0.238  -0.139   0.019  -0.014  -0.075  -0.046   0.030  -0.092   0.206  -0.028   0.016   0.004   0.000
  1980  -0.107   1.585   3.044  -2.135   0.726  -3.062  -2.495   0.591   0.975   0.335  -0.027  -0.101   1.124  -0.179   0.270  -0.605   0.717   0.230  -0.526  -0.637  -1.630  -0.025   0.519   0.275   0.030   0.615   0.346   0.400   0.147  -0.111   0.520  -0.270  -0.103  -0.160   0.138  -0.275   0.116  -0.273   0.086   0.237   0.181  -0.099   0.073   0.086   0.173   0.095  -0.054   0.011   0.056  -0.057   0.000
  1981  -0.147   1.931   2.658  -2.235   1.527  -1.986  -3.984  -0.126   1.565  -0.189   0.362  -0.240   0.582  -0.719  -0.673  -0.014   0.178   0.107   0.566   0.011   0.474   0.498  -0.054   0.506  -0.593  -0.056   0.131  -0.828   0.453   0.827  -0.251   0.137   0.009  -0.192  -0.037   0.149   0.201   0.252  -0.015  -0.194  -0.136   0.096  -0.185   0.046  -0.213   0.002   0.029   0.024  -0.049   0.038   0.000
  1982  -0.281   2.587   2.213  -3.301   2.209  -0.901  -0.336  -0.752   0.552  -0.447  -2.315   0.241  -0.617   0.111  -0.241   1.415  -0.259  -0.645   0.440   0.353  -0.607  -0.011  -0.462  -1.368  -0.113  -0.163  -0.085   0.061  -0.043  -0.557  -0.114   0.429   0.241  -0.184  -0.098  -0.203  -0.154  -0.064   0.510  -0.180  -0.131   0.008   0.026  -0.144   0.021  -0.035  -0.100  -0.045  -0.025  -0.012   0.000
  1983   0.658   2.787   1.941  -1.921   3.181   2.019  -0.016  -1.147   0.116  -0.974  -2.322  -0.576  -0.696   1.167  -0.306   0.652  -0.132  -0.573   0.248   0.692   0.176   0.266   0.011   0.675   0.434   0.181   0.443   0.319  -0.082   0.400   0.559  -0.192  -0.130   0.449   0.037   0.003  -0.118  -0.010  -0.463   0.275   0.102  -0.129   0.060   0.106   0.027  -0.046   0.052  -0.028  -0.042   0.094   0.000
  1984   0.381   2.590   1.703  -1.526   2.937   1.647   0.585   0.170   0.911   0.281  -0.367   0.102   0.875   1.346   1.102  -0.338   0.394   0.706   0.032  -0.527   0.742   0.536   0.235   0.217  -0.014  -0.362   0.062   0.436  -0.576  -0.096  -0.701   0.088  -0.185  -0.178  -0.047   0.172  -0.144   0.199  -0.409  -0.177  -0.196   0.137   0.199  -0.020  -0.006   0.110  -0.132   0.037   0.052  -0.103   0.000
  1985   0.407   3.017   1.343  -1.206   2.488   3.357   1.298  -0.704   0.205   0.554   0.629  -1.230   0.796  -0.174   0.772  -0.351   0.746   0.113   0.322   0.093   0.508  -0.138  -0.829   0.271   0.219   0.749  -0.508  -0.656   0.137  -0.656   0.040  -0.151  -0.159   0.133   0.161  -0.468   0.224   0.062   0.259   0.029   0.274   0.153  -0.203  -0.101   0.002  -0.012   0.137   0.021  -0.016  -0.056   0.000
  1986  -0.739   3.012   1.535  -2.025   0.915   3.140   1.423  -0.169   0.090  -0.408   1.697  -0.437   0.826   0.202   0.248   0.151  -0.329  -0.227  -1.234  -0.851   0.322  -0.167   0.710  -0.213   0.202  -0.046   0.018  -0.216   0.395   0.375  -0.101  -0.501   0.372  -0.214   0.193   0.439  -0.311  -0.341   0.460   0.044  -0.204  -0.030  -0.050   0.048   0.059  -0.006  -0.050  -0.007   0.019   0.104   0.000
  1987  -3.762   0.774  -0.110  -1.967   0.775   0.499   1.138  -0.014  -0.790  -1.385  -0.153   0.299  -1.065  -0.760  -1.222   0.162   0.279   0.174  -0.490  -0.160   0.383  -1.364  -0.195  -0.361  -0.493  -0.696   0.115  -0.127  -0.262   0.514   0.071  -0.749  -0.090  -0.044   0.001  -0.118   0.382  -0.084  -0.085  -0.043   0.287  -0.225   0.051  -0.044  -0.197   0.080  -0.063   0.093   0.022  -0.078   0.000
  1988  -3.357   1.491  -0.206  -0.847   1.616   2.059   0.331   0.878  -0.596   0.695   0.527   0.644  -0.948  -1.706  -0.353  -0.767   0.411   0.731  -0.651   0.557  -0.681  -0.421  -0.208   0.418   0.357  -0.176   0.288   0.240  -0.001  -0.313  -0.267   0.780  -0.508  -0.381  -0.155  -0.237   0.046  -0.238  -0.247   0.012  -0.314  -0.159  -0.151  -0.139  -0.043   0.074   0.016  -0.055   0.013   0.089   0.000
  1989  -3.869   1.035   1.229  -1.107   1.172   1.342   0.903   1.028  -0.420   0.863   0.667   1.657   0.528  -1.350  -0.360  -0.288  -0.628   0.332  -0.123  -0.012  -0.195   0.621   0.972  -0.786  -0.192  -0.234   0.209   0.059  -0.114  -0.227   0.399   0.248  -0.004   0.692   0.057  -0.041   0.118   0.676   0.129  -0.042   0.231   0.138   0.154   0.175  -0.035   0.070   0.045  -0.028   0.004   0.043   0.000
  1990  -4.593   1.276  -0.606  -0.138   1.118   0.648   1.333   1.373  -0.033  -0.585  -0.036   1.388   0.312  -1.385  -0.458  -0.024  -0.177  -1.133   0.826  -0.021  -0.782   0.016  -0.161   0.534   0.147   0.296  -0.852  -0.139  -0.044   0.775  -0.008   0.115   0.173   0.249  -0.335   0.370  -0.209  -0.274  -0.160  -0.226  -0.058   0.074  -0.016   0.004   0.280  -0.042   0.066   0.009  -0.001  -0.098   0.000
  1991  -7.346  -0.412  -0.608  -1.218  -0.364  -0.422   0.392  -0.707  -1.397   0.208   0.562  -1.381  -0.214  -0.403   0.352  -1.183  -1.510  -0.435   1.424  -0.932  -0.191   0.282  -0.178  -0.233  -0.952   0.811   0.053   0.580  -0.683   0.091  -0.241  -0.367  -0.181  -0.107   0.131  -0.187   0.003   0.032  -0.039   0.033  -0.162  -0.132  -0.036   0.021  -0.093  -0.132  -0.015  -0.069   0.018   0.029   0.000
  1992  -5.507   1.179  -1.472   1.152  -0.025  -0.164  -0.707  -1.288  -0.475   1.577   0.031  -0.396   0.103  -0.381   0.355  -0.522  -1.246  -0.853  -0.395   0.711  -0.062   0.717  -0.050   0.126  -0.149  -0.670   1.057  -0.264   0.370  -0.766   0.209  -0.471   0.010  -0.163  -0.175   0.134  -0.089  -0.361  -0.191  -0.294   0.121   0.102   0.076  -0.085   0.053  -0.002   0.030   0.154  -0.051  -0.016   0.000
  1993  -5.114   2.360  -2.219   2.708   0.014   1.007  -2.065  -1.880   0.096   1.862  -0.229  -0.818  -1.770   0.230   1.055   0.532   0.416   0.364  -0.801  -0.010  -0.895  -0.369  -0.031   0.043  -0.013  -0.326  -0.312  -0.305  -0.376   0.375  -0.275  -0.331   0.166   0.073  -0.084   0.243   0.245   0.432   0.017  -0.136   0.110  -0.049  -0.065  -0.016   0.221  -0.039  -0.019  -0.145   0.036   0.008   0.000
  1994  -5.322   2.798  -1.692   3.829  -0.022   0.460  -0.583  -1.028  -0.196   0.360  -0.537  -0.810  -0.683  -0.307   0.117   0.517  -0.115   0.884   0.712  -0.386   0.220  -0.018   0.298   0.014   0.472  -0.129   0.021   0.393   0.571   0.665   0.362   0.321  -0.056  -0.029   0.223  -0.226  -0.262  -0.309   0.307  -0.003  -0.094   0.172   0.317  -0.007  -0.246   0.073   0.139  -0.029   0.065  -0.057   0.000
  1995  -5.620   2.767  -1.353   2.755  -0.384   0.974  -0.829   0.391  -1.522  -0.481  -0.176   1.287  -0.176   1.458  -0.212  -0.127   0.445   0.777   0.359  -1.329   0.225   0.697   0.201  -0.427   0.065  -0.005   0.163  -0.223   0.027   0.064   0.243   0.554  -0.054  -0.007   0.286   0.015   0.039  -0.058   0.029   0.058   0.082  -0.321  -0.280  -0.066   0.113  -0.072  -0.047   0.116  -0.133  -0.028   0.000
  1996  -7.245   0.403  -2.660   0.671  -0.109  -1.852  -0.239  -0.678  -0.100   0.432  -0.932  -0.227   0.447  -0.785  -0.258  -0.324   0.856  -1.468   0.860  -0.432   0.868  -0.447   0.541   0.632   0.794  -0.659  -0.169   0.055   0.044  -0.621  -0.423   0.142   0.257   0.260  -0.091   0.020   0.203   0.098   0.174   0.393  -0.076   0.010  -0.104   0.102  -0.019  -0.003  -0.115   0.056   0.070   0.024   0.000
  1997  -7.559   0.381  -2.023   0.708  -1.422  -0.708   0.743   0.240   0.518  -0.038  -0.071   0.097  -0.009   0.582  -0.958   0.591   0.586  -0.356  -0.463  -0.212   0.498  -0.095  -0.456   0.090  -1.120   0.887   0.031   0.159   0.638  -0.188  -0.238   0.322   0.456  -0.100   0.180  -0.091  -0.423   0.125  -0.344  -0.050   0.309   0.079   0.007  -0.138   0.069   0.189  -0.021  -0.024   0.078   0.066   0.000
  1998  -7.355   0.495  -2.245   0.950  -1.784   0.425   0.664  -0.087   0.823  -0.269  -0.401  -0.110   1.239   0.637  -1.381   0.250   0.782   0.176  -0.439   0.601  -0.221  -0.649   0.238   0.153   0.199   0.810   0.407  -0.197  -0.534  -0.496   0.352  -0.087  -0.300  -0.515  -0.297   0.405  -0.205   0.238   0.128  -0.103  -0.121   0.037   0.038   0.259  -0.163  -0.128   0.019  -0.058  -0.062  -0.046   0.000
  1999  -6.989   0.307  -2.955   0.086  -1.293  -0.106  -0.035   0.511   1.708  -0.626   0.265  -0.061   0.922   0.774  -0.399   0.015  -0.305   0.724  -0.062   1.538   0.027   0.570  -0.421  -0.331  -0.409  -0.119  -0.810   0.250   0.156  -0.050   0.149  -0.305  -0.218   0.296   0.331   0.222   0.622  -0.086   0.095   0.252  -0.384  -0.034   0.117  -0.153   0.115   0.057   0.006   0.050   0.010   0.017   0.000
  2000  -5.874   1.269  -1.680   1.460  -0.696  -0.083  -1.743   2.245   1.818  -2.922   1.742   0.581   0.030   0.403   1.925   0.224  -0.766  -0.426  -0.402   0.406   0.190  -0.251  -0.290  -0.165   0.522  -0.061   0.169  -0.086  -0.483   0.076  -0.114   0.117   0.185   0.066  -0.326  -0.579  -0.076  -0.089  -0.061   0.008   0.175   0.067   0.024   0.058  -0.085  -0.064  -0.031  -0.018  -0.005   0.029   0.000
