 eigenvalue 16.252   6.341   5.244   2.805   2.578   2.076   1.268   1.156   0.988   0.804   0.762   0.607   0.600   0.495   0.428   0.396   0.354   0.315   0.305   0.278   0.256   0.217   0.195   0.178   0.165   0.153   0.151   0.128   0.121   0.116   0.101   0.090   0.072   0.068   0.064   0.055   0.049   0.041   0.038   0.026   0.024   0.020   0.017   0.015   0.012   0.008   0.005   0.004   0.003   0.002   0.000
 eval sderr  3.218   1.256   1.038   0.555   0.511   0.411   0.251   0.229   0.196   0.159   0.151   0.120   0.119   0.098   0.085   0.078   0.070   0.062   0.060   0.055   0.051   0.043   0.039   0.035   0.033   0.030   0.030   0.025   0.024   0.023   0.020   0.018   0.014   0.014   0.013   0.011   0.010   0.008   0.007   0.005   0.005   0.004   0.003   0.003   0.002   0.001   0.001   0.001   0.001   0.000   0.000
 % variance  0.350   0.137   0.113   0.060   0.056   0.045   0.027   0.025   0.021   0.017   0.016   0.013   0.013   0.011   0.009   0.009   0.008   0.007   0.007   0.006   0.006   0.005   0.004   0.004   0.004   0.003   0.003   0.003   0.003   0.003   0.002   0.002   0.002   0.001   0.001   0.001   0.001   0.001   0.001   0.001   0.001   0.000   0.000   0.000   0.000   0.000   0.000   0.000   0.000   0.000   0.000
 cumulative  0.350   0.486   0.599   0.660   0.715   0.760   0.787   0.812   0.833   0.851   0.867   0.880   0.893   0.904   0.913   0.921   0.929   0.936   0.942   0.948   0.954   0.959   0.963   0.967   0.970   0.974   0.977   0.980   0.982   0.985   0.987   0.989   0.990   0.992   0.993   0.994   0.995   0.996   0.997   0.998   0.998   0.999   0.999   0.999   1.000   1.000   1.000   1.000   1.000   1.000   1.000
 brokn stck  4.519   3.519   3.019   2.685   2.435   2.235   2.069   1.926   1.801   1.690   1.590   1.499   1.416   1.339   1.267   1.201   1.138   1.079   1.024   0.971   0.921   0.873   0.828   0.785   0.743   0.703   0.664   0.627   0.592   0.557   0.524   0.492   0.460   0.430   0.401   0.372   0.344   0.317   0.291   0.265   0.240   0.216   0.192   0.169   0.146   0.124   0.102   0.081   0.060   0.040   0.020
 series_id   #  1       2       3       4       5       6       7       8       9      10      11      12      13      14      15      16      17      18      19      20      21      22      23      24      25      26      27      28      29      30      31      32      33      34      35      36      37      38      39      40      41      42      43      44      45      46      47      48      49      50      51
  121455A   -0.023   0.167   0.237  -0.180   0.053   0.150   0.111   0.069   0.157  -0.063   0.000  -0.031   0.062  -0.307  -0.221  -0.164  -0.030   0.058   0.125   0.121  -0.250   0.107   0.012  -0.264  -0.091   0.030  -0.151   0.033  -0.139   0.324   0.019   0.027  -0.295  -0.125  -0.022   0.041   0.203  -0.168   0.019   0.129  -0.089   0.032  -0.023   0.161   0.047  -0.098  -0.061  -0.072   0.092   0.011   0.066
  192697     0.191  -0.029  -0.004   0.122  -0.170  -0.046  -0.022  -0.052  -0.048  -0.095   0.031  -0.066  -0.027   0.057  -0.065   0.163  -0.022  -0.106  -0.182   0.252  -0.128   0.031   0.031  -0.118  -0.178  -0.126  -0.048   0.374  -0.102  -0.022  -0.061   0.051  -0.079   0.305  -0.270   0.041  -0.066  -0.069   0.129   0.254  -0.019  -0.044   0.056  -0.087   0.026   0.200  -0.071  -0.009   0.236  -0.080  -0.105
  142178     0.087   0.250   0.015  -0.029   0.073   0.085  -0.045  -0.118  -0.146  -0.370  -0.045   0.331   0.038   0.009   0.107   0.215   0.092  -0.039   0.018  -0.076   0.076   0.027  -0.058   0.126   0.028   0.190  -0.246  -0.064  -0.112   0.074  -0.084  -0.129  -0.074   0.025   0.062  -0.227   0.110  -0.073   0.068  -0.058  -0.092   0.023  -0.077  -0.104   0.070   0.064   0.263  -0.236  -0.048   0.212  -0.122
  202536    -0.053   0.256  -0.173  -0.049   0.062   0.201   0.008  -0.036   0.064   0.066   0.143  -0.105  -0.116   0.034   0.093   0.086   0.029  -0.009  -0.278   0.225   0.112   0.029  -0.089  -0.109   0.145  -0.089   0.086  -0.058  -0.048  -0.035   0.100   0.008  -0.110   0.050  -0.283   0.070   0.014  -0.033   0.230  -0.227  -0.026   0.207  -0.046  -0.048   0.026  -0.335  -0.199   0.081  -0.067   0.296  -0.109
  161024     0.183   0.016   0.060   0.003   0.123   0.076  -0.120  -0.079  -0.061  -0.135  -0.014   0.237   0.039  -0.226   0.042  -0.001  -0.279  -0.239  -0.130   0.031   0.266  -0.279  -0.066   0.170   0.077  -0.031  -0.105   0.076  -0.036  -0.133   0.171   0.215  -0.102  -0.020  -0.034   0.106   0.010  -0.252  -0.112   0.030   0.092  -0.003   0.035   0.103  -0.288   0.034  -0.203  -0.068  -0.008  -0.116   0.145
  182396     0.020   0.007   0.161   0.293   0.327   0.054  -0.016   0.230  -0.137   0.022  -0.097   0.119  -0.067   0.026  -0.076   0.223  -0.150   0.130   0.025   0.066   0.028   0.253  -0.049  -0.008   0.047   0.231  -0.018  -0.040   0.104  -0.022  -0.043  -0.044   0.020   0.002  -0.091  -0.076  -0.022   0.153  -0.012   0.148  -0.020  -0.079  -0.030  -0.123   0.056  -0.028  -0.330   0.258  -0.156  -0.084   0.074
  101292     0.105  -0.156   0.050   0.239   0.270  -0.121  -0.009   0.016  -0.035  -0.005   0.149   0.029   0.070   0.079  -0.136   0.001   0.073  -0.205  -0.237   0.014   0.007  -0.187   0.097  -0.176  -0.108   0.251  -0.028  -0.008   0.022  -0.019   0.132  -0.055   0.033   0.066   0.148  -0.075  -0.136  -0.102   0.057   0.028  -0.277   0.183   0.023   0.312   0.241  -0.085   0.069   0.089  -0.025   0.102  -0.123
  182678     0.104   0.098  -0.202   0.048   0.072   0.101  -0.241  -0.222   0.162   0.137   0.233   0.087  -0.042  -0.030  -0.009  -0.085   0.069  -0.123  -0.296  -0.222  -0.206   0.304  -0.328  -0.034  -0.050  -0.182  -0.127  -0.037   0.126  -0.058  -0.138   0.028  -0.017  -0.115   0.066   0.011   0.055  -0.074  -0.175   0.214  -0.050  -0.117  -0.086  -0.073   0.013   0.065   0.021   0.095  -0.179  -0.070  -0.002
  192707     0.153  -0.186   0.017   0.050   0.234   0.097   0.011  -0.043   0.004   0.034   0.024  -0.126  -0.115   0.078  -0.060   0.007  -0.037  -0.042   0.103  -0.046  -0.075   0.010  -0.015   0.103  -0.014   0.059   0.127   0.151   0.109   0.177  -0.005   0.219  -0.015  -0.130  -0.182  -0.085   0.233  -0.232   0.033  -0.158  -0.005  -0.121   0.028  -0.122   0.094  -0.100   0.314   0.089  -0.150   0.113   0.044
  171421     0.060   0.240   0.092  -0.038   0.134  -0.224  -0.056  -0.163   0.168   0.150  -0.150   0.005   0.070   0.182   0.178  -0.175   0.246   0.078  -0.021  -0.037   0.082  -0.006  -0.011   0.016  -0.141   0.155  -0.040   0.064  -0.304  -0.080   0.203   0.143  -0.090   0.166   0.193   0.284   0.047   0.069  -0.003  -0.006  -0.078   0.094  -0.088  -0.238   0.057  -0.103  -0.022   0.028  -0.060  -0.126   0.078
  12303      0.065  -0.134  -0.239  -0.144   0.065   0.138  -0.065   0.030   0.168  -0.047   0.062   0.167   0.239   0.351  -0.252   0.047  -0.001  -0.074   0.029   0.200  -0.014   0.071   0.215  -0.249   0.244  -0.035  -0.024   0.025  -0.034  -0.146   0.075   0.228  -0.072   0.090   0.066  -0.192   0.011   0.110  -0.176  -0.073   0.183  -0.106  -0.087  -0.043   0.051  -0.054   0.101  -0.121   0.060  -0.029   0.078
  192641     0.161   0.001  -0.173   0.085  -0.102  -0.203   0.149   0.012  -0.020  -0.033   0.125   0.027  -0.037   0.045   0.034  -0.177   0.182   0.061   0.143   0.110   0.187   0.174   0.043   0.036  -0.014   0.077  -0.052  -0.049  -0.174  -0.052   0.024   0.103   0.191  -0.167  -0.149  -0.031  -0.067  -0.279   0.272   0.201   0.133  -0.235  -0.081   0.049   0.238   0.047  -0.110  -0.159  -0.134   0.058   0.217
  10539      0.148   0.211   0.007   0.091   0.070   0.119   0.062  -0.021  -0.226  -0.092   0.003  -0.017   0.039   0.112  -0.023  -0.173  -0.025   0.087  -0.029   0.110  -0.002   0.034   0.052  -0.033   0.085  -0.049   0.066  -0.031  -0.255  -0.081  -0.027  -0.448  -0.055  -0.057   0.070  -0.001  -0.031  -0.139  -0.145   0.111   0.338  -0.015   0.141   0.088   0.005  -0.067   0.098   0.284  -0.001  -0.035   0.139
  141124    -0.016   0.211  -0.156   0.115   0.047   0.148   0.214   0.342   0.116  -0.202  -0.058  -0.076  -0.097   0.059   0.052   0.037  -0.162   0.147   0.022  -0.219   0.077   0.056  -0.037  -0.034   0.049  -0.019   0.112   0.326  -0.149  -0.193  -0.172   0.300   0.037  -0.134   0.174   0.074   0.054  -0.012  -0.146   0.024  -0.060   0.214  -0.113   0.078   0.116   0.143  -0.058  -0.029   0.030   0.085  -0.062
  142703     0.199  -0.020   0.015  -0.122  -0.045  -0.038  -0.014   0.107   0.154  -0.025   0.006  -0.097   0.003   0.205   0.040  -0.077   0.111   0.163  -0.173  -0.167   0.092  -0.088  -0.081   0.068   0.143   0.025   0.073  -0.034  -0.010   0.238   0.021  -0.068   0.267   0.044  -0.073  -0.166   0.061  -0.295  -0.311  -0.014  -0.265  -0.069   0.237   0.063  -0.006  -0.041  -0.234  -0.024   0.241   0.015   0.022
  202775     0.127   0.171   0.089   0.037  -0.098  -0.090  -0.130   0.176   0.142   0.000  -0.137   0.007  -0.375   0.175  -0.269   0.074  -0.162  -0.217  -0.096  -0.062   0.226   0.047  -0.104  -0.050  -0.050  -0.115   0.167  -0.191  -0.179   0.259   0.008  -0.083   0.041   0.014  -0.004   0.051  -0.104   0.095   0.069   0.042   0.018  -0.015  -0.210   0.020  -0.083   0.048   0.311   0.011   0.135  -0.025   0.056
  152659     0.150  -0.092  -0.130  -0.113   0.069   0.139  -0.271   0.064  -0.007   0.003   0.108   0.186  -0.048  -0.054   0.131  -0.032   0.065   0.214   0.026   0.005   0.280   0.203   0.326   0.109  -0.260  -0.152  -0.048  -0.072  -0.031   0.120  -0.163  -0.009  -0.057   0.050   0.002  -0.011   0.141   0.131   0.157  -0.137  -0.116  -0.049  -0.080   0.245   0.039   0.064  -0.155   0.084   0.123  -0.143  -0.151
  132525     0.134   0.207   0.015  -0.093   0.011  -0.028   0.235  -0.005  -0.017   0.080  -0.156   0.123   0.030   0.200   0.100   0.349   0.097  -0.003  -0.048   0.166  -0.260  -0.136   0.040   0.057  -0.217  -0.180   0.143   0.030   0.108  -0.093  -0.204  -0.049   0.062  -0.028  -0.008  -0.045   0.158  -0.086   0.097  -0.050  -0.190   0.048   0.109   0.052  -0.064   0.040   0.033  -0.063  -0.168  -0.170   0.230
  40131      0.147   0.085  -0.050   0.202  -0.163  -0.068  -0.095   0.214   0.138   0.031   0.118   0.165  -0.019  -0.052  -0.118  -0.109   0.038  -0.077   0.072  -0.082  -0.412  -0.135   0.243   0.301   0.132   0.047   0.038  -0.150  -0.103  -0.064  -0.255  -0.011  -0.122  -0.039  -0.030   0.048  -0.264  -0.152   0.047  -0.123   0.013   0.074  -0.065  -0.148  -0.045  -0.150  -0.132  -0.046   0.000   0.007  -0.188
  140881     0.161   0.112  -0.182   0.010   0.107  -0.137   0.101   0.107  -0.084   0.048   0.064   0.011   0.045  -0.016  -0.011  -0.027  -0.031  -0.202  -0.022   0.012  -0.049   0.086   0.120  -0.076  -0.138   0.125   0.116  -0.137  -0.131   0.008   0.004  -0.059  -0.076  -0.097  -0.033  -0.089   0.225   0.321  -0.226   0.002  -0.118  -0.136   0.170  -0.105  -0.242  -0.171  -0.151  -0.178   0.096   0.017   0.080
  150048     0.052   0.056  -0.126   0.308  -0.022  -0.162   0.143  -0.095   0.396   0.126  -0.147   0.050   0.213  -0.279  -0.039   0.095  -0.030  -0.173   0.185   0.251   0.291   0.090  -0.043   0.012   0.014  -0.074   0.027  -0.088   0.066  -0.018  -0.097   0.012   0.011  -0.173   0.037   0.019  -0.011   0.011  -0.041   0.021  -0.162  -0.004   0.166   0.020   0.035   0.000   0.105   0.068   0.050   0.057  -0.083
  40934A     0.172   0.019   0.155  -0.049  -0.111   0.101   0.070  -0.173   0.168  -0.016  -0.142  -0.049  -0.096  -0.037  -0.036  -0.050  -0.064   0.008   0.046   0.005  -0.108   0.004  -0.142   0.000   0.249   0.172   0.098  -0.366  -0.107  -0.278  -0.004   0.098   0.068   0.228  -0.160  -0.137   0.280   0.088   0.069   0.023   0.032   0.046   0.022   0.253   0.148   0.126  -0.044   0.015  -0.093  -0.254  -0.216
  40935A     0.056  -0.042   0.203   0.253   0.005   0.070  -0.142   0.082   0.237  -0.383   0.174  -0.057   0.026  -0.047   0.421   0.047   0.093  -0.106   0.096  -0.078  -0.116   0.141   0.147  -0.071   0.044  -0.208   0.193   0.073   0.024  -0.049   0.319  -0.124   0.079  -0.060  -0.051   0.023   0.061   0.094   0.008   0.068   0.037   0.020   0.100   0.007   0.003  -0.140   0.131  -0.076  -0.009  -0.133  -0.035
  102453A    0.060   0.154   0.133  -0.224  -0.078  -0.032  -0.112   0.081  -0.102   0.128   0.473  -0.034  -0.145  -0.033  -0.230   0.357   0.137  -0.023   0.323  -0.098   0.149  -0.102  -0.048  -0.013  -0.065  -0.019   0.079  -0.038   0.037  -0.236   0.150   0.057  -0.113  -0.112   0.114  -0.001   0.008  -0.086  -0.034   0.083  -0.031   0.061   0.113  -0.045   0.153  -0.052  -0.020   0.072   0.052  -0.145   0.006
  11290A    -0.025   0.213   0.033  -0.211   0.248   0.013   0.236   0.210   0.119   0.022   0.151  -0.035   0.121  -0.063  -0.092  -0.022   0.043  -0.181  -0.067   0.065  -0.161   0.242   0.026   0.321   0.041   0.014  -0.130   0.067   0.046  -0.032   0.257  -0.043   0.227   0.161   0.092   0.084  -0.110   0.014   0.104  -0.192   0.013  -0.180  -0.008   0.125  -0.081   0.280   0.068   0.160   0.092   0.004  -0.059
  172565A    0.183   0.107  -0.083   0.019   0.110   0.151   0.064  -0.041  -0.060   0.124  -0.079  -0.080   0.015   0.000   0.087  -0.124   0.031  -0.024   0.198  -0.078   0.068   0.103   0.079  -0.140   0.023  -0.225  -0.119  -0.138   0.055   0.098   0.045   0.138   0.000   0.055   0.000  -0.311  -0.277  -0.111   0.117  -0.088   0.009   0.406   0.212  -0.107  -0.172   0.137   0.050   0.126  -0.009  -0.103   0.112
  192260A   -0.038  -0.015   0.090   0.155  -0.165   0.278   0.426  -0.064   0.044  -0.033   0.331   0.317   0.227   0.095   0.003  -0.024  -0.028   0.233  -0.054  -0.009   0.111  -0.124  -0.123  -0.046  -0.135  -0.012   0.126  -0.183   0.037   0.143   0.054   0.038   0.002   0.057  -0.128   0.153  -0.148   0.033  -0.110  -0.026  -0.099  -0.078  -0.189  -0.052  -0.053  -0.011   0.102   0.067   0.001  -0.126   0.020
  192666A    0.153  -0.209   0.043   0.027  -0.004   0.096  -0.052   0.236  -0.004  -0.007  -0.067  -0.073   0.035  -0.045  -0.174  -0.060  -0.035   0.165  -0.113   0.050   0.083   0.217  -0.036   0.072  -0.239   0.034  -0.106  -0.068  -0.007  -0.114  -0.074   0.000  -0.070   0.217  -0.005   0.273  -0.055  -0.115  -0.158  -0.136   0.042   0.166   0.277  -0.033   0.056  -0.117   0.233  -0.239  -0.254  -0.129  -0.010
  10539A     0.061   0.223   0.001   0.156  -0.017   0.204  -0.292  -0.088  -0.220  -0.162  -0.030  -0.061   0.028   0.172  -0.122  -0.187  -0.055   0.092   0.186   0.286  -0.151  -0.101  -0.093   0.026   0.028  -0.100  -0.068  -0.150   0.177   0.021   0.019   0.207   0.277  -0.055   0.195   0.247  -0.028   0.142   0.063   0.088  -0.239  -0.048   0.119   0.043   0.049  -0.022  -0.020  -0.071   0.118   0.120   0.034
  12234A    -0.115   0.007   0.016   0.359  -0.191   0.022  -0.040  -0.009   0.083   0.183  -0.073   0.142  -0.065   0.212  -0.197   0.059   0.061   0.166   0.129  -0.125  -0.017   0.109   0.105   0.146   0.026  -0.005  -0.248   0.065   0.057  -0.081   0.328  -0.057  -0.094   0.095  -0.111   0.005   0.359  -0.140   0.007   0.010  -0.037   0.076   0.023   0.005  -0.245   0.037   0.005   0.082   0.127   0.177   0.045
  20432A     0.074  -0.167   0.234  -0.014  -0.107   0.205   0.010  -0.034   0.277  -0.061   0.125   0.031  -0.064   0.040  -0.038   0.035   0.186  -0.198  -0.059   0.098   0.096  -0.109   0.077   0.139   0.033   0.044  -0.024   0.050  -0.026   0.168  -0.285   0.019   0.090   0.073   0.260   0.095   0.188   0.150   0.071   0.006   0.229   0.105   0.133  -0.069   0.024   0.042  -0.166   0.193  -0.114   0.223   0.284
  30039A     0.048   0.141   0.217   0.183  -0.086  -0.043  -0.183  -0.056  -0.096  -0.017   0.178  -0.316   0.433   0.110  -0.072  -0.066  -0.030  -0.058   0.082  -0.090   0.084   0.058  -0.185  -0.005  -0.217   0.102   0.169   0.071  -0.140  -0.028  -0.176   0.099  -0.063   0.014  -0.071  -0.187   0.053   0.024   0.056  -0.282   0.084  -0.077  -0.047   0.067  -0.198   0.150  -0.064   0.021  -0.052   0.105  -0.072
  30109      0.028  -0.076   0.107   0.029  -0.164   0.331  -0.066   0.374  -0.169   0.272  -0.179   0.135  -0.038  -0.145   0.150  -0.077   0.442  -0.130  -0.090   0.169   0.039  -0.005  -0.221  -0.104   0.025   0.118   0.043   0.079  -0.080  -0.150   0.035   0.084   0.059  -0.133   0.034  -0.096  -0.009  -0.014   0.019  -0.010  -0.020  -0.147   0.002  -0.004  -0.130  -0.029   0.131  -0.017   0.112   0.011  -0.098
  40853A     0.208  -0.001  -0.010  -0.072  -0.064  -0.067   0.088   0.031  -0.105  -0.112   0.021   0.075   0.006  -0.152  -0.058  -0.094   0.123  -0.004   0.054  -0.117  -0.036  -0.057   0.110  -0.106   0.015   0.104   0.002   0.070   0.002   0.189   0.045   0.239   0.158   0.167  -0.039  -0.110   0.008   0.148  -0.001   0.283  -0.054   0.131  -0.092  -0.223  -0.189  -0.039   0.036   0.247  -0.167  -0.006  -0.149
  41025A     0.198  -0.008   0.058   0.041  -0.066  -0.087   0.057  -0.094   0.022  -0.089  -0.134   0.081   0.022  -0.175  -0.110   0.047   0.016   0.243  -0.089  -0.042   0.006   0.162  -0.130  -0.057   0.078  -0.093   0.303   0.072   0.216  -0.033   0.070  -0.021  -0.184   0.230   0.481  -0.166  -0.074  -0.132   0.193  -0.086   0.047  -0.191  -0.010  -0.099   0.005  -0.157  -0.118  -0.031   0.137   0.083  -0.004
  101259A    0.169  -0.103   0.137  -0.035  -0.052  -0.027  -0.042   0.031  -0.107   0.068  -0.052  -0.025   0.259  -0.108  -0.023   0.331  -0.140   0.060  -0.129  -0.251  -0.068   0.105   0.025  -0.136   0.264  -0.098  -0.176  -0.094  -0.267   0.076   0.041   0.101   0.206  -0.129  -0.066   0.238  -0.035   0.051   0.224  -0.155  -0.073  -0.114   0.081  -0.142   0.065  -0.088   0.002  -0.012   0.032  -0.004   0.141
  162470     0.206   0.022  -0.097  -0.029  -0.119  -0.099  -0.001   0.047  -0.038   0.052  -0.048  -0.002  -0.031   0.053   0.031   0.044  -0.043   0.053   0.051  -0.023  -0.084  -0.009   0.008   0.048  -0.008  -0.038   0.039   0.109   0.057   0.079   0.118   0.116  -0.007  -0.001   0.071   0.044  -0.025   0.065   0.068   0.024   0.042  -0.088  -0.173   0.513  -0.275  -0.290   0.056   0.048  -0.337   0.048   0.052
  162591A    0.194   0.068   0.009  -0.112   0.057   0.091   0.055  -0.059   0.104  -0.003  -0.064   0.050  -0.114   0.013  -0.008   0.029  -0.035  -0.134   0.360  -0.075   0.061   0.008  -0.058  -0.286  -0.171   0.076  -0.094   0.094   0.190  -0.064  -0.052  -0.235   0.311   0.186  -0.099   0.215  -0.062  -0.107  -0.124  -0.131   0.149  -0.109  -0.065  -0.089  -0.083  -0.113  -0.172  -0.125  -0.057   0.164  -0.224
  172493A    0.199  -0.108   0.021  -0.051  -0.058  -0.036   0.001  -0.064  -0.050  -0.034   0.070   0.044  -0.076  -0.096   0.080  -0.143   0.017  -0.066   0.202  -0.039  -0.034   0.133  -0.158   0.051   0.176   0.091  -0.029   0.184   0.048  -0.193  -0.140  -0.125  -0.143   0.167  -0.203   0.038  -0.129   0.189  -0.090  -0.156  -0.322   0.108  -0.171   0.107   0.081  -0.053   0.099   0.085   0.207   0.086   0.471
  182455A    0.161  -0.112  -0.067   0.019   0.147   0.206   0.037  -0.031   0.026   0.159  -0.198   0.082   0.145   0.093  -0.105  -0.086   0.052  -0.061   0.141  -0.305  -0.003  -0.285  -0.007  -0.083   0.019  -0.259   0.019   0.146  -0.167  -0.057   0.030  -0.229  -0.155  -0.090  -0.007   0.105   0.005   0.111   0.147   0.037  -0.097  -0.154   0.027   0.062   0.154   0.130  -0.076   0.085  -0.076   0.059  -0.147
  192154A   -0.022   0.286   0.127   0.079  -0.138  -0.066   0.094   0.085  -0.001  -0.084   0.013  -0.049  -0.098   0.152  -0.024  -0.206   0.065  -0.106  -0.131  -0.113   0.209  -0.064   0.132  -0.150   0.231   0.071  -0.247   0.157   0.368   0.058  -0.122   0.022  -0.227  -0.056  -0.062   0.033  -0.004   0.097   0.125  -0.162  -0.048  -0.254   0.188  -0.011   0.060  -0.032   0.012  -0.023  -0.128  -0.307  -0.031
  192552A    0.183  -0.052  -0.081  -0.111   0.122   0.067   0.077   0.127   0.006   0.077   0.172  -0.208   0.155   0.004  -0.076  -0.109  -0.058   0.104  -0.041   0.016   0.172  -0.055  -0.047   0.201   0.210   0.032   0.098   0.023   0.153  -0.059  -0.016  -0.230  -0.072   0.025  -0.010   0.082   0.156   0.116   0.270   0.374  -0.093   0.118  -0.015  -0.153  -0.188   0.051   0.116  -0.276  -0.040   0.073  -0.067
  192568A    0.162   0.040   0.191  -0.129   0.016   0.028  -0.015  -0.123   0.138  -0.054  -0.116   0.058  -0.074  -0.016  -0.186  -0.123  -0.068   0.181  -0.070   0.144   0.019  -0.070  -0.040   0.328  -0.176  -0.097  -0.012   0.220  -0.033  -0.072   0.196   0.023   0.046  -0.284  -0.193  -0.260  -0.178   0.262  -0.085  -0.068   0.013  -0.037   0.047  -0.153   0.159  -0.135  -0.005   0.031  -0.035   0.017  -0.109
  192583A    0.139   0.077  -0.058   0.195   0.028   0.203  -0.053  -0.101   0.105   0.229   0.094  -0.367  -0.123  -0.135   0.146   0.247  -0.012   0.184   0.068   0.190   0.001  -0.181   0.120   0.048   0.150   0.109  -0.196   0.089  -0.149   0.173   0.011  -0.084  -0.038   0.119   0.156  -0.108  -0.129   0.016  -0.215  -0.027  -0.068  -0.200  -0.201  -0.021  -0.015   0.068   0.057  -0.116  -0.097  -0.130   0.005
  192707A    0.144  -0.141  -0.010   0.107   0.300   0.086   0.075  -0.072   0.028   0.043  -0.006  -0.002  -0.162   0.164   0.121  -0.043  -0.006  -0.054   0.071  -0.007  -0.129  -0.033  -0.102   0.033  -0.076   0.200   0.132  -0.097   0.101   0.122   0.045   0.109  -0.148  -0.151   0.023   0.134  -0.005  -0.048   0.192  -0.099   0.183   0.015  -0.104  -0.070  -0.049   0.083  -0.073  -0.144   0.325  -0.210   0.027
  201248A    0.158   0.074   0.105  -0.053  -0.173   0.059  -0.004   0.251   0.009   0.129  -0.100  -0.146   0.190   0.016   0.236  -0.091  -0.296  -0.144  -0.089  -0.031   0.005  -0.106   0.152   0.017  -0.233  -0.064  -0.155  -0.215   0.249  -0.135   0.086  -0.003  -0.027   0.050   0.052  -0.136   0.146  -0.098  -0.023   0.090   0.040  -0.033  -0.317  -0.149   0.287  -0.073   0.010   0.101   0.085   0.122   0.117
  202528A    0.151  -0.063   0.217  -0.099  -0.021  -0.061   0.042  -0.034   0.075  -0.013  -0.118  -0.092   0.191   0.260   0.058   0.220   0.207   0.023  -0.022   0.007   0.018   0.172  -0.092   0.053   0.066   0.021  -0.225  -0.042   0.164   0.049  -0.069  -0.005  -0.140  -0.266  -0.042   0.040  -0.227   0.058  -0.113   0.191   0.152   0.227  -0.140   0.193  -0.080  -0.050  -0.112  -0.081   0.104   0.052  -0.137
  30062     -0.004   0.111  -0.234  -0.069  -0.282   0.166  -0.182  -0.031  -0.065   0.097  -0.125   0.104   0.247   0.015  -0.029   0.055  -0.099  -0.189   0.062   0.014   0.007   0.155  -0.010   0.131   0.069   0.295   0.269   0.232   0.092   0.317   0.183  -0.147   0.040  -0.044  -0.002   0.080   0.010  -0.056  -0.010  -0.016   0.005   0.216  -0.006  -0.011   0.241   0.035  -0.093   0.001  -0.091  -0.238   0.011
  162458     0.196   0.020  -0.118  -0.079  -0.042  -0.139   0.063  -0.086  -0.112   0.028   0.043   0.003   0.035   0.001   0.165   0.053  -0.096   0.098   0.009   0.085   0.005  -0.009   0.018   0.043   0.081   0.123  -0.055   0.052   0.031  -0.007  -0.157   0.097  -0.032  -0.084   0.028   0.219   0.168  -0.036  -0.069  -0.009   0.132  -0.042   0.126   0.001   0.012  -0.132   0.272   0.396   0.289  -0.003  -0.285
  172542    -0.032   0.049   0.290  -0.096  -0.055   0.092  -0.045  -0.190   0.101   0.335   0.133   0.210  -0.097   0.106   0.148  -0.103  -0.364   0.066  -0.077  -0.017  -0.014   0.173   0.260  -0.146   0.015   0.218   0.098   0.165  -0.053  -0.140  -0.099  -0.008   0.136  -0.125   0.094  -0.073  -0.134  -0.050   0.119   0.110  -0.094   0.016   0.148   0.045  -0.133   0.031   0.103  -0.128   0.012   0.124  -0.030
  202379     0.146  -0.062   0.014   0.191  -0.132  -0.091   0.283  -0.041  -0.249   0.199   0.204   0.077  -0.145  -0.009   0.025  -0.085  -0.112  -0.112  -0.037   0.000  -0.053   0.064  -0.171   0.041   0.011  -0.192  -0.198   0.107  -0.075   0.144   0.099  -0.013   0.099  -0.003   0.192  -0.102   0.181   0.216  -0.048  -0.158   0.163   0.205   0.044   0.058   0.192  -0.040  -0.105  -0.242   0.036  -0.013  -0.118
  140939A   -0.020   0.062   0.134  -0.017   0.198  -0.330  -0.250   0.299   0.110   0.173   0.122   0.298   0.130   0.042   0.147  -0.080  -0.084   0.176   0.129   0.210  -0.037  -0.166  -0.257  -0.109   0.188  -0.168   0.006   0.103   0.025   0.167  -0.088  -0.036   0.031   0.128  -0.089  -0.056   0.095  -0.025  -0.007  -0.032   0.118   0.079  -0.035  -0.005   0.065   0.081   0.054  -0.029  -0.076  -0.025  -0.028
  190735A   -0.173   0.159   0.021   0.034   0.126   0.132   0.038  -0.001  -0.030   0.175  -0.041   0.040   0.063   0.027   0.119   0.074   0.001  -0.111   0.109  -0.225   0.023   0.015  -0.035   0.242  -0.030  -0.047   0.060  -0.020  -0.030   0.139  -0.093   0.226  -0.110   0.363  -0.128  -0.051  -0.162   0.093  -0.026   0.293   0.153  -0.173   0.273   0.162   0.193  -0.260   0.057  -0.121   0.123   0.126   0.024
  192683A    0.092   0.203  -0.202   0.103   0.022   0.010  -0.124   0.011   0.174   0.032   0.015   0.032   0.054  -0.258  -0.108   0.068   0.106   0.266  -0.185  -0.197  -0.077  -0.237   0.001  -0.147  -0.160   0.228  -0.057   0.041   0.170  -0.057   0.023  -0.033   0.181  -0.052  -0.138  -0.044   0.003   0.199   0.114  -0.034   0.330   0.104   0.085   0.125   0.031   0.052   0.112  -0.071   0.180   0.017   0.230
  41006A     0.039   0.159   0.244   0.099   0.169  -0.040   0.009  -0.171  -0.237   0.153  -0.072   0.010   0.032  -0.181  -0.160  -0.039   0.248  -0.017  -0.123  -0.020   0.089   0.075   0.363   0.020   0.173  -0.199   0.267   0.019   0.146  -0.005  -0.087   0.071   0.124   0.009  -0.136   0.147   0.111  -0.058  -0.250  -0.029   0.071   0.084  -0.265   0.034   0.091   0.082   0.041  -0.156   0.043   0.043  -0.012
  162458r    0.208   0.021  -0.012  -0.056  -0.118  -0.078  -0.015   0.060  -0.039   0.016   0.006   0.054  -0.114  -0.013   0.161   0.037   0.004   0.081  -0.035   0.036  -0.083   0.013   0.058  -0.087   0.016   0.066   0.148  -0.169   0.087   0.093   0.230   0.090  -0.320  -0.027  -0.062   0.163  -0.111   0.105  -0.185  -0.046   0.028  -0.087   0.218   0.015   0.097   0.486  -0.033  -0.003  -0.186   0.401  -0.010
