 % variance  0.331   0.125   0.129
 cumulative  0.331   0.456   0.585
 series_id   #  1       2       3
  121455A   -0.148   0.725   0.041
  192697     0.810  -0.020   0.207
  142178     0.413   0.517  -0.401
  202536    -0.109   0.165  -0.834
  161024     0.758   0.183   0.193
  182396     0.010   0.312   0.273
  101292     0.387  -0.159   0.459
  182678     0.536  -0.143  -0.460
  192707     0.608  -0.272   0.472
  171421     0.260   0.658  -0.271
  12303      0.352  -0.662  -0.122
  192641     0.749  -0.244  -0.168
  10539      0.667   0.445  -0.287
  141124     0.029   0.128  -0.683
  142703     0.851   0.044   0.185
  202775     0.547   0.510  -0.082
  152659     0.683  -0.374   0.044
  132525     0.607   0.471  -0.294
  40131      0.663   0.108  -0.116
  140881     0.777  -0.043  -0.421
  40934A     0.683   0.348   0.349
  40935A     0.149   0.282   0.486
  102453A    0.250   0.534  -0.050
  111290A   -0.073   0.480  -0.418
  172565A    0.833   0.109  -0.230
  192260A   -0.201   0.112   0.173
  192666A    0.603  -0.290   0.577
  12234A    -0.507  -0.001  -0.016
  20432A     0.202   0.102   0.769
  30039A     0.141   0.643   0.165
  30109      0.079   0.021   0.351
  40853A     0.899   0.038   0.124
  41025A     0.822   0.145   0.262
  101259A    0.654   0.087   0.548
  162470     0.924  -0.073  -0.058
  162591A    0.842   0.202   0.001
  172493A    0.826  -0.114   0.380
  182455A    0.692  -0.286   0.198
  192154A   -0.092   0.756  -0.331
  192552A    0.809  -0.185   0.064
  192568A    0.633   0.455   0.347
  192583A    0.621   0.078  -0.134
  201248A    0.658   0.355   0.149
  202528A    0.554   0.306   0.584
  30062      0.102  -0.232  -0.592
  172542    -0.238   0.589   0.366
  202379     0.600  -0.047   0.265
  140939A   -0.131   0.369   0.086
  190735A   -0.720   0.296  -0.398
  192683A    0.508   0.059  -0.658
  41006A     0.092   0.746   0.137
  162458r    0.902   0.075   0.082
