 % variance  0.195
 cumulative  0.195
 series_id   #  1
  121455A    0.341
  192697     0.620
  142178     0.643
  202536     0.546
  161024     0.533
  182396     0.418
  101292     0.539
  182678     0.545
  192707     0.208
  171421     0.521
  12303      0.221
  192641     0.251
  10539      0.681
  141124     0.287
  142703     0.464
  202775     0.579
  152659     0.202
  132525     0.538
  40131      0.625
  140881     0.657
  150048     0.176
  40934A     0.343
  40935A     0.437
  102453A    0.419
  111290A    0.425
  172565A    0.617
  192260A    0.198
  192666A    0.062
  12234A     0.181
  20432A     0.255
  30039A     0.480
  30109      0.211
  40853A     0.521
  41025A     0.397
  101259A    0.141
  162470     0.723
  162591A    0.576
  172493A    0.322
  182455A    0.191
  192154A    0.549
  192552A    0.266
  192568A    0.564
  192583A    0.532
  201248A    0.424
  202528A    0.382
  30062      0.117
  172542     0.198
  202379     0.316
  140939A    0.230
  190735A    0.177
  192683A    0.610
  41006A     0.454
  162458r    0.601
