  year  #   1       2       3       4       5       6       7       8       9      10      11      12      13      14      15      16      17      18      19      20      21      22      23      24      25      26      27      28      29      30      31      32      33      34      35      36      37      38      39      40      41      42      43      44      45      46      47      48      49      50      51
  1950   8.399  -1.999   5.305  -2.976  -2.290  -0.070   3.603   1.306   1.685   1.227  -0.043  -2.234   0.468  -0.373   0.786   1.026  -0.266   0.520  -0.141   0.035   0.732  -0.015   0.131  -0.521   0.007   0.110   0.125   0.221   0.368   0.274  -0.397   0.100  -0.018  -0.068   0.266   0.246   0.021  -0.100   0.089   0.071   0.115   0.040   0.020  -0.004   0.024  -0.025   0.057   0.015  -0.005  -0.011   0.000
  1951   8.024  -2.417   5.782  -0.989  -2.397   1.076   1.474  -0.250  -0.690  -1.903  -0.377   0.312   1.094   0.010  -0.466  -0.885  -0.055  -0.619  -0.224  -0.589  -1.228   0.139  -0.573  -0.238  -0.155  -0.455  -0.475  -0.037  -0.086   0.175   0.520  -0.063  -0.328  -0.458  -0.132  -0.132  -0.016   0.282  -0.200  -0.005  -0.005  -0.073  -0.064   0.141  -0.038   0.088  -0.075  -0.008   0.016   0.011   0.000
  1952   5.883  -1.852   3.263  -1.365  -3.208  -1.112  -0.339  -0.082  -2.153  -1.819  -0.220   0.765  -1.204  -0.043  -0.512   0.971  -0.349   0.777   0.118   1.387   0.457   0.783   0.735   0.597  -0.100  -0.180   0.505  -0.394  -0.334  -0.273   0.305   0.150  -0.077   0.526  -0.187  -0.039   0.060   0.008  -0.004  -0.045  -0.042   0.033   0.126  -0.079  -0.041  -0.003   0.007  -0.053  -0.027  -0.003   0.000
  1953   8.034  -1.174   3.605  -0.404  -2.672  -0.681  -1.293  -1.111  -0.313   1.103  -0.004   1.190  -0.612   0.803  -0.305  -1.512   0.734  -0.454  -0.464  -0.916   0.667  -0.586  -0.071   0.620   0.627   0.546  -0.283   0.249   0.242  -0.090   0.120  -0.126   0.485  -0.011   0.035  -0.257  -0.222  -0.313   0.089  -0.073  -0.080   0.066   0.089  -0.174   0.109   0.001   0.064   0.029   0.006  -0.006   0.000
  1954   6.512  -1.914   2.133   0.321  -0.304  -1.259  -3.484   0.565   0.322   1.193   0.467   0.610  -0.532   0.394   1.427   0.942   1.590  -0.328   1.247  -0.300  -1.092   0.151   0.401  -0.421  -0.476  -0.246   0.081   0.514  -0.003  -0.282  -0.557  -0.062  -0.026   0.221   0.087   0.028   0.114   0.076  -0.169   0.019  -0.063  -0.001  -0.038   0.054  -0.052  -0.063  -0.079   0.029   0.019   0.002   0.000
  1955   8.170  -1.534   0.937   1.097   1.903  -0.968  -4.013  -1.255  -0.087   1.235   1.752  -0.690   0.760  -0.070  -0.092  -0.147  -1.276   0.265  -0.295   0.443   0.524  -0.654   0.072  -0.491   0.237   0.018   0.629  -0.723   0.026   0.176   0.100   0.030  -0.241  -0.431  -0.300   0.132  -0.007   0.107   0.171  -0.087   0.087  -0.067  -0.088   0.123   0.022   0.000   0.030  -0.043   0.032   0.010   0.000
  1956   3.049  -4.436  -0.940   1.512   2.232  -1.306  -0.568   1.551   1.172   0.364  -2.492   0.122   0.080   0.876   0.569   0.521  -1.344   0.781  -0.804  -0.028  -0.862  -0.598  -0.111   0.784   0.140  -0.009  -0.801  -0.300  -0.139  -0.058   0.092  -0.356  -0.152   0.434  -0.088  -0.015   0.142  -0.112   0.084   0.211   0.101   0.075  -0.101  -0.105   0.051   0.033  -0.059   0.010   0.013   0.008   0.000
  1957   5.452  -2.597  -1.192   1.901   3.647  -0.532   1.510   1.301   0.555  -0.344  -0.061  -0.843  -1.699  -1.097  -1.001  -0.165   0.623  -0.446  -0.242   0.461  -0.982  -0.390   0.147  -0.248   0.182   1.120   0.500   0.249  -0.381  -0.581   0.437   0.354   0.166  -0.089   0.237  -0.143   0.059   0.146   0.005  -0.002  -0.102  -0.098   0.010   0.087   0.054   0.020   0.089  -0.008  -0.004  -0.017   0.000
  1958   8.103  -2.022  -1.559   2.753   4.085   1.086   1.748   0.333   0.233  -1.091   0.854   0.804  -0.110  -0.307  -0.745  -0.043  -0.732  -1.247  -0.114  -0.187   0.623   0.822   0.333   0.156  -0.929  -0.603   0.031   0.041   0.185   0.048  -0.814  -0.171   0.079  -0.150  -0.175  -0.138   0.023  -0.278  -0.062  -0.166  -0.035   0.025  -0.022  -0.136   0.056  -0.036  -0.030   0.031  -0.015   0.012   0.000
  1959   3.796  -1.408  -1.218   1.429   2.763  -0.735   0.702   0.716  -0.801   0.400   0.948  -0.125   0.159   0.084   0.050   0.206   0.332   0.223   1.289  -0.566   0.240   0.798  -0.938   0.941   0.549   0.046  -0.207  -0.036  -0.052   0.661   0.476   0.138   0.125   0.006  -0.025   0.118  -0.189   0.058   0.307   0.060   0.001   0.267   0.069   0.124  -0.228  -0.045  -0.003   0.030  -0.034  -0.011   0.000
  1960   1.327  -2.984  -2.282  -0.746   1.303  -0.499  -0.045  -0.750   0.944  -0.949   0.271  -0.013   1.061   0.114  -0.921  -0.818   0.593   1.411  -0.354  -0.444   0.863   0.044  -0.432   0.337  -0.003   0.074   0.543  -0.049   0.277  -0.214  -0.193   0.041   0.184   0.497   0.391   0.284  -0.241   0.041  -0.406   0.146  -0.014  -0.316  -0.011   0.061  -0.076   0.008  -0.151   0.003   0.032  -0.003   0.000
  1961   0.757  -1.872  -3.075  -0.916   2.194   0.308   0.872  -0.339   0.059  -0.901  -0.241   0.283   1.907   1.283  -0.112   0.057   1.563   1.379   0.449   0.243  -0.089  -0.495   0.386  -0.754   0.397  -0.132  -0.059   0.147  -0.327   0.064  -0.275  -0.233  -0.238  -0.250  -0.396   0.057  -0.009   0.032   0.059  -0.050  -0.236   0.130   0.218  -0.146   0.067   0.115   0.086  -0.057  -0.033   0.002   0.000
  1962  -2.143  -2.762  -3.247  -0.825   0.003  -0.732   1.357   0.310  -2.546   0.596  -0.796   0.618  -0.940   0.065   0.052  -0.030   0.983   0.305  -0.546   0.478   0.235   0.142  -0.172  -0.340   0.212  -0.388   0.130   0.405   0.382  -0.119   0.272  -0.551   0.206  -0.262  -0.501   0.390   0.089  -0.254  -0.120  -0.001   0.276   0.010  -0.247   0.210   0.048  -0.091   0.060   0.032   0.034   0.003   0.000
  1963  -0.050  -3.182  -3.554  -0.506   1.046   0.626   0.511  -0.546  -1.890  -0.079   0.071   0.499  -0.877  -0.319   1.503  -0.268   0.016  -0.803  -0.181  -0.161   0.446  -0.583  -0.190  -0.670  -0.202   0.200  -0.364  -0.161   0.485   0.512   0.095   0.171  -0.215   0.515   0.487  -0.048   0.153   0.245  -0.099  -0.183   0.260   0.038   0.244  -0.044  -0.029   0.085   0.048  -0.076   0.026   0.034   0.000
  1964  -2.009  -3.579  -3.686  -1.661  -1.408   0.343   0.258  -0.458  -1.140  -0.230   0.169   0.311   0.815   0.841   1.020   0.031  -0.534  -0.626   0.248   0.825   0.713  -0.047  -0.021   0.039  -0.380   0.874  -0.006   0.085   0.005  -0.196   0.083  -0.239  -0.093  -0.432   0.210  -0.206   0.387   0.103   0.214   0.108  -0.271  -0.123  -0.106  -0.076  -0.087   0.041  -0.093   0.147   0.014  -0.032   0.000
  1965  -1.543  -3.978  -3.891  -2.710  -1.166  -0.044  -0.302  -0.124  -0.122   0.265  -0.485   0.301   0.837  -1.493   0.187  -0.691   0.172  -0.626   0.484  -0.230   0.038  -0.048   0.431   0.237  -0.396  -0.529  -0.315  -0.276  -0.495   0.109  -0.006   0.533   0.271  -0.016   0.026   0.081  -0.153   0.173   0.318   0.320  -0.015  -0.103   0.008   0.066   0.226  -0.173  -0.019  -0.066  -0.037  -0.002   0.000
  1966  -1.088  -2.365  -4.456  -2.549  -1.788   0.691  -0.516  -0.321   0.039   0.621   0.661  -0.716   0.752  -1.090   0.000  -0.106  -0.383  -0.202  -0.669  -0.624  -0.725   0.542  -0.131   0.249   0.841  -0.104   0.330   0.342  -0.983  -0.354  -0.200   0.237  -0.317   0.081   0.002   0.086  -0.007  -0.084  -0.091  -0.336   0.164   0.045  -0.113  -0.235  -0.115  -0.032   0.054   0.064  -0.006   0.021   0.000
  1967   1.354   0.094  -4.400  -1.012  -1.865   2.477  -1.574  -0.254   2.056   0.013   0.576   0.425   0.804  -0.370  -0.515   0.512  -0.798  -0.084   0.167  -0.149  -0.401   0.132  -0.095   0.020  -0.491   0.242   0.097   0.510   0.710   0.409   0.665  -0.086  -0.099   0.497  -0.354  -0.067   0.169  -0.159  -0.254  -0.048  -0.061   0.052   0.087   0.145   0.074   0.012   0.120   0.023  -0.039  -0.044   0.000
  1968   2.194   0.326  -4.312   0.550  -2.127   1.331  -1.029  -0.774   1.850  -0.944  -0.036   0.705  -1.412  -0.609  -0.858   0.831   0.244   0.371  -0.212   0.029   0.040  -0.022   0.015  -0.776   0.447  -0.683  -0.257  -0.199   0.673  -0.249   0.111   0.227   0.282  -0.490   0.331  -0.162   0.035   0.020   0.126   0.303   0.049   0.175  -0.152  -0.163  -0.152   0.048  -0.001  -0.044   0.003   0.004   0.000
  1969   0.481   1.216  -4.074   0.759  -2.324   0.864  -0.009  -0.084   1.461   0.656  -0.481  -1.169  -0.747   1.260   0.287   0.292   0.616  -0.661  -0.473   0.337   0.121   0.175   0.327   1.195  -0.032   0.168   0.275  -0.096  -0.146   0.164   0.054  -0.170   0.078  -0.521   0.119   0.291   0.039   0.108  -0.141  -0.270   0.030   0.160   0.088   0.127   0.082   0.070  -0.201  -0.102  -0.029   0.011   0.000
  1970   1.866   2.399  -3.420   1.560  -1.724   1.204   1.035  -0.908   0.192   0.111  -0.418  -1.861  -0.312   1.176   0.250   0.200   0.310  -0.791   0.269  -0.213   0.049   0.654   0.065   0.341   0.181  -0.036  -0.226  -0.472   0.237  -0.501  -0.213  -0.285  -0.413   0.331  -0.296  -0.223  -0.381   0.144   0.124   0.138  -0.178  -0.196   0.005   0.065  -0.032  -0.050   0.160  -0.027   0.091   0.014   0.000
  1971   3.825   3.465  -2.454   1.503  -1.465   1.301   1.423  -1.562  -1.623   0.763  -0.582  -0.247  -0.765   0.912   0.553  -0.448  -1.056   1.330   1.068  -0.353  -0.748  -0.407  -0.279  -0.292  -0.424   0.059   0.465  -0.328  -0.476   0.357  -0.352  -0.092   0.526  -0.001   0.219  -0.248  -0.097  -0.015  -0.175  -0.015   0.033  -0.075  -0.209   0.003   0.025   0.022   0.050   0.000  -0.068  -0.003   0.000
  1972   3.269   4.598  -1.654   2.379  -1.696   0.537   1.134  -0.875  -1.463   0.876  -0.807   0.326   0.149  -1.415  -1.503   0.433  -0.214   0.282   0.261  -0.233   0.066  -1.372   0.522  -0.114   0.165   0.147  -0.641   0.147  -0.057  -0.176  -0.417   0.317  -0.364   0.113  -0.186   0.249   0.120  -0.075   0.089  -0.092  -0.009   0.033   0.184   0.117  -0.065  -0.052  -0.152   0.063   0.031  -0.018   0.000
  1973   3.639   5.221  -0.244   2.819  -0.272  -0.528  -1.204   0.669  -1.305   1.569  -0.078   0.274   1.567  -0.003  -0.274   0.325   0.229  -0.232  -1.142   0.803   0.132   1.353  -0.478  -0.589   0.131   0.232  -0.726   0.267  -0.077  -0.196   0.055  -0.127   0.030   0.022   0.337   0.138  -0.029   0.080  -0.040   0.166   0.070  -0.204   0.083  -0.028   0.037   0.025   0.022  -0.007  -0.091   0.012   0.000
  1974  -0.072   3.128  -1.391   1.508  -1.845  -0.584  -0.805   2.423   0.653  -1.246  -0.487   0.765  -0.597  -0.047   0.617   0.090   0.673   0.868  -1.295  -0.238   0.594  -0.277  -0.822  -0.222  -0.702  -0.140   0.495   0.412  -0.500   0.684  -0.024   0.332  -0.377  -0.003  -0.003  -0.377  -0.163  -0.058   0.313  -0.125  -0.152  -0.049  -0.054   0.088   0.016  -0.045   0.005   0.032   0.027   0.016   0.000
  1975   0.610   4.359  -0.742   1.667  -0.967  -0.855   0.017   2.071   0.485  -1.390   0.012   0.675   0.191   0.667   1.216  -1.181  -0.975  -0.350   0.555  -0.168   0.094  -0.178   0.134  -0.252  -0.272  -0.009   0.339  -0.075  -0.130  -0.533   0.386   0.305   0.093  -0.217  -0.039   0.857  -0.141   0.014  -0.204   0.161   0.030   0.164   0.152  -0.122   0.004  -0.019   0.070   0.054   0.036   0.003   0.000
  1976  -0.183   3.890  -0.653   1.305  -1.160  -1.327   0.731   1.821   0.022  -1.136   0.991  -0.561   1.313  -0.370   0.058  -1.054   0.237  -0.371   1.096   0.151  -0.241   0.011   0.503  -0.227   0.714   0.113   0.325   0.154   0.389   0.132   0.269  -0.282   0.011   0.446   0.051  -0.211   0.337  -0.302   0.293  -0.072   0.137  -0.084  -0.238  -0.082   0.048   0.031  -0.124  -0.101   0.015   0.009   0.000
  1977  -3.270   0.597  -1.000  -1.027   0.255  -1.909  -1.019   2.019  -0.667   0.494   0.756  -1.735  -1.163  -0.833   0.086  -1.115   0.278   0.109  -0.161   0.368   0.069  -0.042   1.124   0.084  -0.079  -0.237  -0.704  -0.239   0.131   0.685  -0.078   0.145  -0.162  -0.132  -0.285  -0.216  -0.389  -0.045  -0.359   0.097  -0.050  -0.062  -0.055  -0.076  -0.063   0.145  -0.014   0.063  -0.022  -0.028   0.000
  1978  -1.826   1.719  -0.522  -0.759  -0.451  -3.163  -0.062   0.556   1.067  -0.394   0.599  -0.902   0.770   0.224  -0.530  -0.019  -0.101   0.236   0.071   0.179   0.542  -0.117  -0.272  -0.114  -0.240  -0.500  -0.761  -0.252  -0.489  -0.394  -0.027  -0.127   0.891   0.083  -0.007  -0.466   0.450   0.285  -0.141  -0.256   0.073   0.126   0.099   0.137  -0.011  -0.029   0.069   0.041   0.045   0.002   0.000
  1979  -1.544   3.310  -0.677  -1.281   1.071  -3.623   0.713  -0.937  -1.093  -0.412   0.819   0.060   0.277  -1.058   0.706   0.801  -0.227   0.208   0.006   0.159  -0.617  -0.272  -0.921   0.779   0.358  -0.491   0.391  -0.073   0.832  -0.441  -0.126  -0.009  -0.447  -0.249   0.343  -0.309  -0.179   0.026  -0.141   0.001  -0.105   0.149   0.057  -0.025   0.205  -0.009  -0.013   0.034  -0.007  -0.013   0.000
  1980  -0.526   3.765   0.358  -2.044   0.966  -3.127   1.242  -1.592   0.849  -0.511   0.329   1.223  -0.460   0.299   0.443  -0.034  -0.383  -1.034  -1.306  -0.133  -0.664  -0.227   0.436   0.017   0.607  -0.068   0.298   0.018  -0.172   0.751  -0.423  -0.280   0.216   0.129  -0.100   0.263   0.277   0.059   0.005   0.162  -0.235  -0.114   0.038   0.059  -0.157  -0.075   0.043  -0.057  -0.017  -0.018   0.000
  1981  -0.395   3.438   0.463  -2.338   1.634  -2.668   1.062  -2.730   1.590   0.153   0.482   0.538  -0.656   0.522  -0.637   1.217   0.325  -0.519   0.729  -0.050   0.481  -0.051  -0.033  -0.333  -0.633   0.349  -0.369   0.178  -0.674   0.172   0.696  -0.006  -0.263   0.129  -0.105   0.123  -0.298  -0.059   0.022   0.037   0.222  -0.059  -0.170  -0.112   0.077   0.078  -0.051   0.040   0.012   0.021   0.000
  1982  -0.546   3.317   1.338  -3.106   1.452  -0.813  -1.056  -0.238   0.200   0.161  -2.540  -0.230   0.155   0.385  -0.826  -1.189   0.736  -0.219   0.144  -0.032  -0.054   0.408  -0.500   0.280  -0.706   0.475   0.245  -0.482   0.674  -0.200  -0.539   0.622  -0.266   0.016  -0.241   0.090   0.358   0.103   0.142  -0.081   0.161   0.108  -0.145  -0.030  -0.068   0.031   0.062  -0.002  -0.039  -0.005   0.000
  1983   0.185   3.037   1.486  -2.020   2.559   1.938  -1.453  -0.573  -0.192   0.544  -2.864  -0.576   0.073  -1.173  -0.384  -0.315  -0.425  -0.023   0.530   0.364   0.116   0.719   0.468  -0.118   0.417  -0.280   0.612   0.413  -0.131   0.574   0.262  -0.378   0.206  -0.091   0.295  -0.155   0.038  -0.003  -0.045   0.090  -0.154   0.086   0.157   0.001   0.038   0.014  -0.023   0.073   0.073   0.037   0.000
  1984  -0.205   2.788   1.570  -1.715   2.495   1.853   0.188   0.002   0.728  -0.346  -1.017   1.089   0.803  -1.071   1.864   0.208  -0.175   0.324  -0.321   0.019   0.173  -0.141   0.741  -0.034  -0.091   0.246  -0.219  -0.058   0.212  -0.695   0.281  -0.243   0.279  -0.107  -0.125  -0.263  -0.581   0.033   0.101  -0.326   0.100  -0.060  -0.042   0.072  -0.142  -0.053  -0.041  -0.053  -0.029  -0.024   0.000
  1985  -0.065   2.525   2.181  -1.426   1.947   3.772  -0.845   0.304   0.150  -1.052   0.369  -0.210  -1.330  -0.130   1.085   0.353   0.202  -0.129   0.296  -0.075   0.677   0.198  -1.161  -0.177   0.997   0.058  -0.445  -0.397  -0.579  -0.072  -0.219   0.290  -0.046  -0.006  -0.319  -0.010   0.367  -0.221  -0.225   0.091   0.008  -0.131   0.012  -0.008   0.114  -0.011  -0.069  -0.028   0.007  -0.036   0.000
  1986  -1.192   2.737   2.338  -1.936   0.496   3.471  -0.294   1.240   0.032  -0.280   2.145   0.632  -0.587  -0.765  -0.461  -0.192   0.257   0.565   0.091   0.197   0.127  -0.859   0.195   1.141  -0.219   0.126  -0.332   0.158   0.002  -0.134  -0.256  -0.669  -0.126   0.077   0.174   0.292   0.150   0.351   0.101   0.112  -0.031   0.008  -0.152   0.036   0.015   0.028   0.103   0.029  -0.027   0.050   0.000
  1987  -3.584  -0.139   1.010  -1.740   0.366   0.190  -0.639   0.968  -0.853   1.311   0.028  -1.072  -0.359  -0.090  -0.954   0.000  -0.249  -0.363   0.222   0.207  -0.323  -0.687  -1.149   0.017  -1.033  -0.554   0.031   0.237  -0.181  -0.203   0.243  -0.500   0.049  -0.131   0.142   0.185  -0.065  -0.316   0.101  -0.056  -0.139  -0.134   0.144  -0.195  -0.126  -0.020  -0.001  -0.147   0.023  -0.029   0.000
  1988  -3.416   0.171   1.532  -1.116   1.217   1.947   0.431  -0.049  -0.928   0.433   0.945  -1.014   0.140   1.660  -0.095   0.342  -0.384  -0.361  -0.681   0.674  -0.512  -0.467  -0.226  -0.359   0.132  -0.247   0.032   0.425   0.547  -0.089   0.159   0.855   0.570   0.419  -0.384   0.033  -0.216   0.103   0.085  -0.032  -0.255   0.091  -0.080  -0.049   0.016  -0.030  -0.122   0.039  -0.011   0.041   0.000
  1989  -3.764   1.279   0.664  -1.377   1.042   1.532   0.111   0.773  -0.702   0.027   1.205   0.535   0.704   1.802  -0.480   0.699   0.278   0.306  -0.347  -0.313  -0.863   0.056   0.858   0.521  -0.216   0.136   0.210  -0.351   0.011   0.113   0.061   0.423   0.010  -0.392   0.263  -0.364   0.098  -0.403   0.036   0.182   0.402  -0.152   0.240   0.060  -0.026  -0.047   0.033   0.029   0.039   0.005   0.000
  1990  -4.346  -0.248   1.735  -0.300   0.995   0.965   0.180   1.457  -0.416   1.080  -0.144   0.761  -0.263   1.914  -1.206  -0.147  -0.377  -0.503  -0.135  -0.656   0.636   0.046   0.581  -0.651   0.452  -0.590   0.276  -0.101  -0.248  -0.159   0.123  -0.156  -0.507   0.275   0.523  -0.091  -0.104   0.332  -0.034  -0.078  -0.020   0.206  -0.165   0.059   0.060  -0.057  -0.008  -0.004  -0.016  -0.056   0.000
  1991  -6.257  -0.951   0.624  -0.897  -0.528  -0.784  -0.527   0.213  -0.823  -0.460   0.704  -0.650  -1.009  -0.641  -0.184   0.392  -0.401   0.618  -0.494  -1.972  -0.353   1.007   0.164  -0.860  -0.307   0.603   0.081  -0.587   0.173  -0.318  -0.044  -0.489   0.187   0.050  -0.167   0.207   0.038  -0.060   0.285  -0.006  -0.146   0.072   0.136   0.067   0.074   0.094  -0.090   0.024  -0.018   0.013   0.000
  1992  -4.797  -1.020   1.664   1.242   0.067  -0.342  -0.816  -1.100  -0.374  -1.276   0.351  -0.147  -0.285   0.300  -0.266  -0.130  -0.826   1.119   0.142   0.192  -0.366   0.922   0.212   0.176  -0.071   0.773  -0.792   0.953   0.196   0.422  -0.400   0.230   0.010  -0.287   0.145   0.185  -0.089   0.222   0.008  -0.143   0.029   0.044  -0.101  -0.089   0.073  -0.115   0.030  -0.100   0.077  -0.026   0.000
  1993  -4.281  -1.469   3.014   2.785   0.212   0.884  -0.696  -3.163   0.375  -1.632   0.389  -1.846   0.048  -0.108   0.673  -1.203   0.510  -0.164  -0.614   0.683  -0.090  -0.221   0.072  -0.154  -0.393  -0.282  -0.007   0.252  -0.383  -0.233  -0.075  -0.216  -0.201   0.282   0.257  -0.009  -0.020  -0.334   0.149   0.186   0.155   0.290   0.040   0.135  -0.035  -0.017   0.006   0.045  -0.040  -0.016   0.000
  1994  -4.640  -0.787   2.921   4.136   0.137   0.395  -0.021  -0.941   0.296  -0.397  -0.689  -0.982  -0.065  -0.258   0.241   0.619   0.903   0.197  -0.042  -0.598   0.049  -0.313   0.284   0.302   0.024  -0.518   0.228  -0.310   0.402   0.350   0.612  -0.074   0.071  -0.103  -0.087   0.187   0.296   0.332   0.027  -0.199   0.053  -0.313   0.033  -0.275   0.026  -0.129   0.029   0.090  -0.039  -0.013   0.000
  1995  -4.871  -0.387   2.782   3.003  -0.263   0.761   0.684  -0.359  -0.994   1.219  -0.037   0.603   1.768  -1.319   0.395   1.093   0.705  -0.367  -0.496  -0.435   0.308   0.008   0.218   0.485  -0.406   0.218   0.274  -0.398  -0.301   0.103   0.073   0.366   0.274   0.091  -0.015   0.040   0.105  -0.103  -0.226   0.127  -0.194   0.218  -0.248  -0.026  -0.007   0.155   0.073  -0.074   0.064  -0.011   0.000
  1996  -5.903  -2.201   1.570   1.094   0.127  -1.626  -0.593  -0.141  -0.055  -0.394  -1.010  -0.204  -0.290   0.437   0.161   0.415  -1.048  -0.234   0.752  -0.831   0.891  -0.274   0.316   0.353   0.394  -0.418  -0.070   0.981   0.064  -0.444  -0.052   0.438  -0.141  -0.256   0.023  -0.063   0.147  -0.197  -0.029   0.007  -0.090  -0.245  -0.006   0.200  -0.051   0.137   0.087  -0.049  -0.063   0.034   0.000
  1997  -6.062  -1.897   1.571   1.091  -1.264  -0.573   0.043   0.771   0.313  -0.042  -0.294  -0.035   0.333  -0.288  -0.549   0.254  -0.203  -0.453   0.352  -0.003   0.451  -0.479  -0.341  -0.374   0.094   1.001   0.337  -0.084  -0.003   0.086  -0.159  -0.354  -0.188  -0.171  -0.374  -0.475  -0.121   0.087  -0.408   0.245   0.081   0.168   0.063  -0.073  -0.068  -0.225  -0.049  -0.050  -0.046   0.041   0.000
  1998  -5.977  -2.251   1.543   1.349  -1.671   0.312  -0.349   0.676   0.614  -0.411  -0.374   0.941   0.138  -0.262  -0.507   0.512  -0.205  -0.902   0.418   0.699  -0.336  -0.177  -0.648   0.018   0.423  -0.041   0.543   0.095  -0.035   0.209  -0.781  -0.211   0.391   0.115  -0.235   0.053  -0.427   0.265   0.233   0.001   0.346  -0.106   0.117   0.011   0.035   0.198   0.007   0.055   0.015  -0.029   0.000
  1999  -5.741  -2.770   1.550   0.414  -1.019  -0.177   0.117   0.246   1.340  -0.020  -0.313   1.060   0.032  -0.036  -0.400  -0.036   0.134  -0.135   0.656   1.018  -0.457   0.088  -0.202  -0.358   0.327   0.159  -0.536  -1.067   0.142   0.263  -0.081   0.084  -0.096  -0.021   0.476   0.308  -0.172  -0.461  -0.057  -0.344  -0.284  -0.069  -0.058   0.122   0.003  -0.064   0.057   0.047  -0.008   0.029   0.000
  2000  -4.632  -1.185   1.704   1.564  -0.338   0.177   2.408  -0.775   1.947   3.245   1.000   1.633  -0.924  -0.387   0.553  -1.617  -0.254   1.053   0.097   0.543  -0.150   0.798  -0.107  -0.002  -0.100  -0.352   0.167   0.090   0.017  -0.288   0.156   0.165  -0.289  -0.009  -0.310  -0.234   0.245   0.118   0.056   0.050  -0.015  -0.044   0.145  -0.019  -0.011   0.036  -0.055  -0.017   0.019   0.007   0.000
