  year  #   1
  1950   0.760
  1951   1.080
  1952  -0.051
  1953  -0.774
  1954  -0.732
  1955   0.030
  1956   0.682
  1957  -0.424
  1958   1.062
  1959  -1.046
  1960   0.933
  1961   0.529
  1962  -0.477
  1963  -1.183
  1964  -1.440
  1965  -1.576
  1966  -2.223
  1967  -0.875
  1968   0.609
  1969  -0.549
  1970   1.120
  1971   0.183
  1972   1.635
  1973   0.651
  1974   1.052
  1975   1.145
  1976   0.046
  1977  -1.486
  1978   1.505
  1979  -0.446
  1980  -0.140
  1981   0.067
  1982  -0.271
  1983  -0.395
  1984  -0.575
  1985  -0.169
  1986   1.083
  1987  -0.445
  1988  -0.312
  1989   0.226
  1990   1.691
  1991  -1.291
  1992   0.130
  1993   2.209
  1994  -0.973
  1995   1.141
  1996   0.560
  1997  -0.745
  1998   0.421
  1999  -2.049
  2000   0.098
