  year  #   1
  1950   1.456
  1951   1.718
  1952   1.055
  1953   0.051
  1954  -0.520
  1955  -0.339
  1956   0.243
  1957  -0.236
  1958   0.584
  1959  -0.405
  1960   0.310
  1961   0.482
  1962  -0.154
  1963  -0.966
  1964  -1.630
  1965  -2.136
  1966  -2.842
  1967  -2.331
  1968  -1.013
  1969  -1.036
  1970   0.156
  1971   0.166
  1972   1.250
  1973   1.196
  1974   1.478
  1975   1.706
  1976   1.111
  1977  -0.414
  1978   0.820
  1979   0.187
  1980  -0.113
  1981  -0.173
  1982  -0.299
  1983  -0.464
  1984  -0.667
  1985  -0.581
  1986   0.376
  1987  -0.118
  1988  -0.266
  1989  -0.014
  1990   1.075
  1991  -0.255
  1992  -0.041
  1993   1.455
  1994   0.149
  1995   0.886
  1996   0.889
  1997  -0.021
  1998   0.196
  1999  -1.288
  2000  -0.671
