 % variance  0.429
 cumulative  0.429
 series_id   #  1
  22545      0.738
  32189      0.715
  50406      0.554
  50555      0.206
  60287      0.386
  70433      0.467
  80711      0.499
  82218      0.606
  90287      0.658
  91377      0.292
  102412     0.634
  110791     0.737
  110798     0.740
  110914     0.805
  111014     0.870
  111030     0.835
  111051     0.754
  111134     0.775
  121212     0.790
  121284     0.753
  131304     0.813
  160777     0.704
  160930     0.806
  172229     0.829
  180751     0.295
  180794     0.388
  190438     0.721
  200389     0.610
  82368      0.204
  130579     0.597
