  year  #   1       2       3
  1950   3.467   2.884  -0.198
  1951   3.288   1.485   0.049
  1952   2.090   1.214   0.053
  1953   0.858   1.774  -0.175
  1954  -0.317   1.714   0.224
  1955  -0.624   1.568   0.837
  1956  -0.747   1.318   1.802
  1957  -0.630   0.732   0.905
  1958  -0.191   0.722   1.356
  1959  -0.869   0.749   0.709
  1960  -0.774   1.093   1.464
  1961  -0.869   0.718   1.955
  1962  -0.790   0.450   0.858
  1963  -1.001   0.589  -0.190
  1964  -1.303   0.932  -0.643
  1965  -1.465   0.820  -0.903
  1966  -1.516   1.116  -1.654
  1967  -1.458   0.765  -1.144
  1968  -1.191   0.256   0.017
  1969  -0.728  -0.035  -0.628
  1970  -0.310  -0.611   0.521
  1971  -0.246  -0.269   0.235
  1972   0.309  -1.314   1.311
  1973   0.554  -1.395   0.944
  1974   0.517  -1.085   1.347
  1975   0.197  -1.075   2.278
  1976  -0.373  -1.021   2.007
  1977  -0.561  -0.383  -0.213
  1978   0.280  -1.110   0.703
  1979  -0.030  -0.762  -0.029
  1980  -0.262  -0.567  -0.307
  1981  -0.215  -0.187  -0.486
  1982   0.160  -0.035  -1.088
  1983   0.047   0.064  -1.075
  1984  -0.323  -0.162  -0.768
  1985  -0.253   0.251  -1.003
  1986   0.430  -0.324  -0.487
  1987   0.244  -0.386  -0.937
  1988  -0.123  -0.317  -0.715
  1989   0.060  -0.630  -0.423
  1990   0.480  -0.992   0.552
  1991   0.029  -0.793  -0.708
  1992  -0.143  -0.320  -0.317
  1993   0.813  -1.300   0.802
  1994   0.463  -0.959  -0.567
  1995   1.203  -1.240  -0.454
  1996   1.220  -1.248  -0.591
  1997   0.212  -0.696  -0.827
  1998   0.606  -0.920  -1.095
  1999  -0.396  -0.080  -1.750
  2000   0.179  -0.998  -1.554
