  year  #   1       2       3       4       5       6       7       8       9      10      11      12      13      14      15      16      17      18      19      20      21      22      23      24      25      26      27      28      29      30
  1950   5.227  -5.381   1.108  -0.035  -1.299   0.452   1.377   1.981  -1.000   0.197  -0.615   0.527   0.121  -0.155   0.094  -1.241  -0.698  -0.020  -0.532   0.256  -0.287   0.348   0.035  -0.003   0.181  -0.266   0.213   0.028   0.153  -0.023
  1951   6.167  -3.809  -1.304  -1.757   0.027   0.378  -0.732  -0.812  -1.042  -0.591  -0.993   0.493   0.644  -1.107   0.296   0.419   0.315  -0.133   0.706   0.243  -0.185  -0.242   0.499   0.303  -0.101  -0.054   0.069  -0.041  -0.086   0.107
  1952   3.785  -2.806  -0.968  -2.400   0.153  -0.678  -0.737  -0.630  -0.451   0.813   0.130  -0.179  -0.306  -0.471   0.078   0.405   0.597  -0.314   0.276   0.145  -0.964  -0.322  -0.528  -0.201  -0.219   0.230  -0.151   0.135  -0.079  -0.272
  1953   0.183  -1.689   0.963  -2.212   0.572  -1.708   0.604   1.468   1.256   1.819   1.766  -0.572  -0.951   0.113   0.220  -0.371   0.128   0.404  -0.422   0.030   0.195  -0.156   0.336  -0.031  -0.073  -0.197  -0.275  -0.144  -0.129  -0.002
  1954  -1.868   0.316   1.140  -2.827   1.485  -2.370  -0.210   0.679   0.930   0.172  -0.076   0.108  -0.502  -0.426  -0.650  -0.054  -0.242   0.423   0.485   0.457   0.262   0.467  -0.038   0.048   0.317   0.463   0.138   0.014  -0.052   0.101
  1955  -1.217   0.858   1.911  -2.845   1.413  -2.368  -0.252  -1.217  -1.001  -0.323  -0.677  -0.394   0.078   0.686  -0.429  -0.190   1.306  -1.059   0.491  -0.298   0.264   0.407   0.252   0.116   0.209  -0.283   0.126   0.113   0.069  -0.014
  1956   0.871   2.611   2.039  -0.878   0.421  -1.361  -1.010  -0.168  -1.158  -1.066  -0.930   0.552  -1.145   0.426   0.560   0.027  -0.948  -0.242  -0.597   0.376  -0.242  -0.626   0.070  -0.119  -0.099   0.081  -0.129   0.100   0.064   0.074
  1957  -0.849   2.112   0.498  -0.080   1.246  -0.450  -0.227  -1.554  -0.304  -0.419   0.058   0.029  -0.676   0.054   0.325  -1.161  -0.914  -0.148   0.160   0.151   0.020   0.419   0.159  -0.524  -0.302  -0.266   0.230   0.041   0.003  -0.110
  1958   2.098   1.657   1.058  -0.031   0.997  -0.018   1.209  -1.292   0.546  -0.578   0.221  -0.243   0.724  -0.718   1.251   0.060  -0.715   0.655   0.457  -0.019  -0.257   0.036  -0.133   0.420  -0.297  -0.296   0.078  -0.218  -0.008   0.025
  1959  -1.454   2.138   0.917  -0.217  -0.411  -0.006   0.604  -1.439  -0.548   0.210   0.394  -0.530   0.350  -1.141   0.592   0.096  -0.063   0.437  -0.372  -0.556   0.010  -0.264   0.202   0.350   0.402   0.281   0.077   0.184   0.162  -0.272
  1960   1.114   1.413   2.423   0.512   0.403  -1.427   2.257   1.000   0.360  -0.141  -0.389  -0.017   0.966  -0.531   0.171   0.710  -0.102  -0.095   0.450  -0.408  -0.456   0.163  -0.366  -0.305   0.139   0.156  -0.390  -0.325  -0.280  -0.029
  1961   1.729   2.302   1.785   1.528  -0.687  -1.116   1.698   0.365   0.104   0.479  -0.213   0.990  -0.211  -1.095  -0.515   0.056   0.763   0.293  -0.520   0.011  -0.102  -0.280   0.512  -0.210   0.183  -0.200   0.415  -0.183   0.097  -0.039
  1962  -0.553   2.207   1.212   1.759   0.085   0.627   0.303   0.207   0.349   1.687   0.044   1.052  -0.370  -1.258  -0.924  -0.126  -0.314  -0.970   0.367  -0.106  -0.044  -0.606  -0.282   0.296  -0.357  -0.002   0.160   0.372  -0.010   0.113
  1963  -3.469   0.741   0.540   0.691  -0.146   0.308  -0.509   0.338  -0.599  -0.032   0.420   0.721  -0.371  -0.293  -0.795  -0.557   0.226  -0.364  -0.275  -0.255  -0.359   0.578  -0.350   0.148   0.020   0.160  -0.578  -0.089   0.125  -0.017
  1964  -5.852   0.304   0.609   0.346  -0.612  -0.158  -0.115   0.769  -0.385   0.357   0.047   0.868   0.159   1.216  -0.108  -0.026  -0.016   0.074   0.075   0.008  -0.721   0.181  -0.047   0.518  -0.492   0.241  -0.035   0.029  -0.083  -0.183
  1965  -7.668  -0.049  -0.581   1.092  -0.114   0.349   0.810  -0.409  -0.851  -0.597  -0.303   0.486   0.279  -0.039   0.151   0.518   0.442   0.081  -0.485   0.195   0.022   0.826   0.197  -0.113  -0.059  -0.183  -0.107   0.048  -0.265  -0.005
  1966 -10.201  -1.081  -1.064  -0.618  -0.997   0.188   0.476   0.101  -0.850   0.036  -0.541   0.281  -0.055  -0.412   0.765  -0.484   0.312  -0.226  -0.086  -0.040  -0.354   0.136   0.054   0.100  -0.073   0.045   0.323  -0.154   0.015   0.255
  1967  -8.365  -0.479  -2.069   0.264   0.164  -0.631   1.080   0.485  -0.167  -0.173  -0.090  -0.616   0.873  -0.217   0.377   0.172  -0.243   0.021  -0.354  -0.177   0.506  -0.425   0.215   0.154  -0.131  -0.114  -0.004   0.305  -0.087  -0.138
  1968  -3.635   0.114  -2.026   1.712   0.957  -1.216   0.487   0.902   0.062  -0.573  -0.984  -0.523   0.645  -0.098  -0.218   0.223   0.155   0.032  -0.059   1.334   0.015  -0.039  -0.276   0.019  -0.055   0.352  -0.207   0.023   0.382   0.054
  1969  -3.718  -0.275  -3.238   0.662   1.731  -0.283  -0.563   0.413   0.985   1.433  -0.025   0.113  -0.539  -0.158  -0.046  -0.025  -0.344  -0.212   0.808   0.485   0.170  -0.069   0.059   0.509   0.102  -0.461   0.182  -0.288   0.020  -0.139
  1970   0.559   0.359  -3.232   2.441   0.884  -0.221  -0.051  -0.391   0.921  -0.711   0.020   0.217  -0.671   0.752  -0.256  -0.783  -0.056  -0.048   0.582  -0.219  -0.507  -0.324   0.247  -0.191   0.551   0.046  -0.013  -0.143   0.080  -0.117
  1971   0.597  -0.946  -1.163   0.998   0.046  -0.578  -0.218  -0.967   1.691  -0.652  -0.257  -0.196  -0.588   0.329   0.874  -0.782   0.336   0.246  -0.460   0.078  -0.421  -0.082   0.247   0.306   0.454   0.366  -0.163   0.170  -0.215   0.093
  1972   4.486   0.763  -1.654   1.183   0.273  -0.110  -0.568  -0.936   0.856  -0.506   0.373   0.761   0.502   0.152  -0.553  -0.321   0.929   0.378  -0.444  -0.141   0.340   0.041  -0.002  -0.059  -0.306   0.062   0.019   0.046  -0.380   0.005
  1973   4.294   1.217  -1.475  -0.386  -0.701  -0.137  -1.200  -0.635   1.394   1.177   0.576   0.443   1.655  -0.560   0.365  -0.550   0.086  -0.810  -0.497  -0.186   0.197   0.656   0.291  -0.203  -0.074   0.066  -0.199  -0.101   0.296   0.100
  1974   5.304   0.732  -1.572   0.297  -1.230   0.017   0.097   0.139   1.021   0.031  -0.371  -1.121   0.162  -0.403  -0.521   0.440  -0.860  -0.933   0.010   0.276  -0.118   0.407   0.173  -0.139  -0.049   0.105   0.024   0.401  -0.103  -0.016
  1975   6.123   1.978  -1.052   0.415  -1.585  -0.097   1.052   0.013   0.303   0.072  -1.296  -1.136  -0.283   0.933  -0.481   0.240  -0.397  -0.158  -0.403   0.006  -0.244   0.314  -0.040   0.063  -0.198  -0.159   0.132  -0.254  -0.076  -0.115
  1976   3.986   3.177  -1.914  -1.320  -1.228  -0.181   0.986   1.457  -0.164  -0.662  -0.551  -0.878  -0.354   0.398   0.053   0.181   0.784  -0.019  -0.014   0.017   0.008  -0.304  -0.165   0.226  -0.091  -0.014   0.216  -0.114  -0.014   0.229
  1977  -1.487   2.235  -1.301  -2.803  -1.799   0.882  -0.913   0.395  -0.236   0.059   0.258  -0.107   0.842   0.576  -0.391  -0.737  -0.124   0.557   0.256  -0.993  -0.418  -0.130  -0.618   0.101   0.263  -0.204   0.143   0.015   0.145   0.046
  1978   2.943   1.894  -0.368  -2.069  -1.292   1.823   1.541  -1.179  -1.249   0.790   0.471   0.548   0.013   0.888   0.141  -0.452  -0.287   0.158   0.060   0.959   0.543  -0.063   0.085   0.446   0.111  -0.060  -0.519   0.143  -0.106  -0.004
  1979   0.671   1.439  -0.571  -1.559  -0.561   2.412   0.749   0.344   0.085   0.058   0.323   1.025  -0.602  -0.189   0.951   0.524   0.301   0.075   0.336   0.767   0.464   0.143  -0.351  -0.692   0.250   0.224   0.115  -0.156   0.065  -0.161
  1980  -0.405   1.505   2.370   1.090  -0.297   3.441  -2.046   1.831   0.253   0.293  -0.039  -0.969  -0.048  -0.231   0.682  -0.061   0.838   0.001   0.497   0.083  -0.234   0.231   0.500   0.111   0.271   0.226   0.148   0.103  -0.062  -0.085
  1981  -0.621   0.122   3.345   1.143   1.255   1.463  -1.291   0.535   0.199  -0.080  -0.478  -0.478   0.683   0.457   0.192  -0.601  -0.361  -0.452   0.670   0.245   0.155  -0.259   0.101  -0.217  -0.027  -0.036  -0.217  -0.063  -0.220   0.171
  1982  -1.073  -1.422   2.419   0.148   0.976   1.696  -0.609  -0.918   0.091  -0.157  -0.707  -0.864   0.610   0.342  -1.047  -0.011   0.109  -0.246  -0.682   0.273   0.480  -0.462  -0.363   0.261   0.340  -0.102   0.006  -0.363   0.137  -0.138
  1983  -1.665  -2.142   1.474   0.325  -0.277   0.973  -0.384  -1.715   0.611   1.060  -1.160  -0.788  -0.669   0.130  -0.229  -0.089   0.189   0.630  -0.166  -0.145   0.053   0.217   0.038  -0.119  -0.851   0.263   0.186  -0.197   0.009  -0.049
  1984  -2.394  -1.517   0.494   0.874  -1.320   0.251   1.492  -1.167   1.043   0.646   0.252  -0.984  -0.656   0.022   0.611   0.113   0.699  -0.227   0.208  -0.093   0.204  -0.228  -0.475  -0.115  -0.155  -0.205  -0.323   0.095   0.271   0.203
  1985  -2.085  -2.181   1.136   0.554  -0.911  -0.263   0.486  -0.484   0.825  -0.509  -1.009   0.090   0.285  -0.232  -0.332  -0.074  -0.006   0.439   0.344  -0.200  -0.105  -0.191  -0.088  -0.498   0.457  -0.586  -0.334   0.305  -0.038  -0.046
  1986   1.348  -1.865   2.151   0.533  -1.291   0.052   0.502  -0.820   0.786  -0.231   0.763   0.336  -0.433   0.445  -0.545   0.707  -0.418   0.134  -0.238   0.044   0.067   0.169   0.012   0.648   0.445   0.230   0.241   0.038  -0.155   0.125
  1987  -0.423  -2.124   1.330  -0.097  -0.355  -0.508   0.583  -0.584   0.893  -1.354   1.491   0.333   0.660   0.800   0.141   0.275  -0.318  -0.614   0.144  -0.015   0.118  -0.091   0.002  -0.131  -0.092   0.496   0.380  -0.004   0.343  -0.046
  1988  -0.956  -1.135  -0.009  -0.009  -1.203  -0.587   0.487   1.234   0.340  -1.010   0.835   0.412   0.766   0.778   0.239  -0.499   0.231  -0.862   0.225  -0.140   0.581  -0.580  -0.116  -0.191  -0.338   0.009   0.212  -0.033  -0.297  -0.129
  1989  -0.049  -0.596  -0.523   1.340  -1.984   0.240   0.056  -0.635  -1.033  -0.469   0.669  -0.060  -1.590  -0.022  -0.251   0.178   0.088  -0.014   0.610  -0.586   0.165  -0.144   0.270  -0.354  -0.096   0.136  -0.129  -0.128   0.084   0.109
  1990   3.858  -0.060   0.951   1.923  -1.150  -1.597  -1.834   1.376  -0.721  -1.801   1.089  -0.632  -0.708  -0.760   0.220   0.041   0.296   0.511   0.300   0.130   0.498   0.486  -0.287   0.430  -0.289  -0.368  -0.104   0.146   0.157  -0.134
  1991  -0.917  -0.571  -0.946   1.394  -1.811  -1.487  -2.927  -1.060  -1.018   0.443   0.442   0.369   0.275  -0.515   0.128   0.428  -0.603   0.011  -0.086   0.172   0.266  -0.029  -0.601  -0.039   0.359  -0.054   0.083  -0.331  -0.247   0.086
  1992  -0.147  -0.205  -0.354   0.769  -1.494  -1.126  -0.871   0.424  -1.021   1.740  -0.954   0.447   0.285   1.190   0.000   1.185  -0.308   0.325   0.357  -0.378   0.387  -0.036   0.702  -0.199   0.131   0.051  -0.138   0.043   0.146  -0.047
  1993   5.221   0.372   0.588   1.650   1.661  -1.446  -1.173   0.394  -0.927   1.020   0.167   0.180   0.984   0.741   0.511  -0.270   0.461   1.056  -0.350   0.085  -0.137  -0.435  -0.016  -0.157  -0.194   0.100  -0.018   0.074   0.137   0.090
  1994   0.536  -0.543  -0.591   1.363   2.524   0.414   0.522  -0.034  -1.718   1.219   1.456  -1.128  -0.033   0.713   0.414   0.692  -0.297  -0.359  -0.356  -0.193  -0.306   0.342  -0.380  -0.284   0.311  -0.137   0.391   0.213  -0.107   0.127
  1995   3.178  -0.864  -1.324   0.628   2.223   1.190   1.832  -0.101  -1.330  -0.218   0.109   0.082   0.250  -0.120  -1.069  -0.496  -0.047   1.142   0.757  -0.365   0.442   0.220  -0.139  -0.059  -0.078   0.339   0.056   0.135   0.005   0.060
  1996   3.191  -1.014  -1.365  -0.116   2.854   1.185   0.390   0.845  -0.752  -0.704  -0.187   0.298  -0.709  -0.339   0.418   0.411  -0.294  -0.956  -0.578  -1.195   0.322  -0.065   0.202   0.320  -0.042   0.120  -0.380  -0.245   0.063  -0.011
  1997  -0.075  -0.023  -0.834  -0.943   0.963   0.712  -1.030   0.482   0.254  -0.042  -1.055   0.300  -0.676  -0.525   0.058  -0.065   0.397   0.088  -1.015  -0.047   0.415  -0.099  -0.519  -0.279   0.113   0.002   0.186   0.178  -0.118  -0.032
  1998   0.704  -0.167   0.293  -0.883   1.499   1.371  -0.691   0.299   2.215  -0.681  -0.241   1.522  -0.169   0.910   0.172   1.318  -0.023   0.464  -0.063  -0.259  -0.206   0.221  -0.154   0.096  -0.159  -0.504   0.047   0.200   0.191   0.072
  1999  -4.623  -0.050  -0.739  -2.382  -0.467   0.359  -1.106   0.914   0.719  -0.479  -0.285  -0.666   0.158  -0.637  -0.414   0.084  -1.086   0.711  -0.123  -0.581   0.252  -0.106   0.238  -0.267  -0.165   0.220  -0.077   0.000  -0.024   0.058
  2000  -2.408   0.429  -0.519  -1.164   0.411   1.342  -0.413  -0.242  -0.566  -1.054   2.051  -0.499   0.343  -0.395  -1.279   0.520   0.098   0.136  -0.452   0.769  -0.752  -0.350   0.637  -0.290  -0.148  -0.319  -0.105  -0.120   0.017   0.070
