litu_drop_canopy.rwl -- no data title --                  1st itrdb line missing     
litu_drop_canopy.rwl -- no data title --                  2nd itrdb line missing     
litu_drop_canopy.rwl -- no data title --                  3rd itrdb line missing     
litu_d18702429  11969  12156  12324  11921  11721  12560  13284  13750  13519  1  trn
litu_d18802282  22389  22566  22469  22315  22031  22266  22090  22302  23101  2  trn
litu_d18903655  23903  23408  23541  24219  24332  24220  24222  23917  23604  2  trn
litu_d19003556  24213  23944  24422  24139  23849  22290  32833  33146  42897  4  trn
litu_d19102932  42371  42956  43224  43605  53595  54804  54310  53285  63669  8  trn
litu_d19204328  94880  95326 114037 134946 143811 173981 184956 194874 195149 20  trn
litu_d19303486 214053 213784 213811 223930 224218 224227 244413 244453 243806 25  trn
litu_d19404256 254521 254619 254236 263928 264883 264174 264187 274677 285217 29  trn
litu_d19504881 304921 304416 303817 323272 333209 343687 343371 353929 353310 35  trn
litu_d19603685 363881 363529 362630 362155 361632 361120 361480 362450 362418 36  trn
litu_d19703578 373353 374033 373999 374373 374438 373826 372877 373837 373175 37  trn
litu_d19803104 372990 372967 372818 372776 372981 373446 373174 372941 373262 37  trn
litu_d19904092 373078 373158 374263 373436 373934 373903 372981 373070 372044 37  trn
litu_d20002628 373044 373324 373025 373048 372998 372522 362788 363282 362921 35  trn
litu_d2010 756  11761  11098  1 756  1 455  1 267  19990  09990  09990  09990  0  trn
litu_drop_canopy.rwl -- no data title --                  1st itrdb line missing     
litu_drop_canopy.rwl -- no data title --                  2nd itrdb line missing     
litu_drop_canopy.rwl -- no data title --                  3rd itrdb line missing     
litu_d1870 943  1 772  1 839  1 898  1 744  1 662  1 980  11250  11424  11342  1  std
litu_d1880 943  2 947  2 937  2 899  2 874  2 751  2 800  2 700  2 748  2 919  2  std
litu_d18901099  21194  21028  21050  21247  21275  21268  21237  21095  21057  2  std
litu_d1900 983  21217  21188  21329  21219  21106  2 803  3 683  3 954  4 857  4  std
litu_d1910 893  4 677  4 805  41000  4 890  51082  51393  51137  5 717  6 826  8  std
litu_d1920 990  91194  91258 11 785 131176 14 779 17 740 181073 191090 191121 20  std
litu_d1930 557 21 835 21 713 21 726 22 816 221012 221010 241090 241108 24 850 25  std
litu_d19401042 251139 251172 25 950 26 875 261292 261056 261123 271268 281433 29  std
litu_d19501298 301345 301226 30 973 32 860 33 930 341033 34 929 351131 35 906 35  std
litu_d19601101 361109 361009 36 824 36 698 36 615 36 393 36 550 36 850 36 814 36  std
litu_d19701020 371008 371193 371218 371256 371276 371134 37 803 371148 371027 37  std
litu_d1980 906 37 887 37 892 37 816 37 789 37 827 371053 37 961 37 863 371005 37  std
litu_d19901420 37 847 37 944 371458 371046 371322 371284 37 944 371031 37 471 37  std
litu_d2000 802 371134 371113 371009 371010 37 956 37 739 36 906 361151 36 970 35  std
litu_d2010 699  11483  11085  1 916  1 782  1 727  19990  09990  09990  09990  0  std
litu_drop_canopy.rwl -- no data title --                  1st itrdb line missing     
litu_drop_canopy.rwl -- no data title --                  2nd itrdb line missing     
litu_drop_canopy.rwl -- no data title --                  3rd itrdb line missing     
litu_d1870 972  1 784  11004  11017  1 783  1 820  11252  11311  11300  11051  1  res
litu_d1880 898  2 995  2 977  2 935  2 938  2 801  2 980  2 798  2 958  21133  2  res
litu_d18901207  21163  2 844  21045  21282  21131  21094  21062  2 895  2 985  2  res
litu_d1900 926  21286  21037  21240  2 976  2 938  2 808  31114  31047  4 946  4  res
litu_d19101065  4 637  41039  41117  4 920  51123  51273  5 884  5 709  61094  8  res
litu_d19201011  91213  91117 11 752 131213 14 801 17 921 181170 191021 191095 20  res
litu_d1930 588 211075 21 856 21 931 221005 221090 221001 241095 241052 24 836 25  res
litu_d19401124 251142 251064 25 850 26 890 261342 26 952 261069 271178 281264 29  res
litu_d19501080 301135 30 982 30 883 32 830 331026 341078 34 916 351185 35 824 35  res
litu_d19601173 361074 36 961 36 835 36 782 36 770 36 619 36 888 361117 36 927 36  res
litu_d19701136 371005 371210 371091 371139 371118 37 965 37 747 371241 37 936 37  res
litu_d1980 916 37 976 37 937 37 877 37 886 37 982 371130 37 917 37 923 371062 37  res
litu_d19901273 37 740 371012 371337 37 849 371199 371086 37 813 371042 37 619 37  res
litu_d20001046 371153 371038 37 976 37 993 37 977 37 847 361024 361148 36 937 35  res
litu_d2010 882  11459  1 847  1 913  1 890  1 910  19990  09990  09990  09990  0  res
litu_drop_canopy.rwl -- no data title --                  1st itrdb line missing     
litu_drop_canopy.rwl -- no data title --                  2nd itrdb line missing     
litu_drop_canopy.rwl -- no data title --                  3rd itrdb line missing     
litu_d1870 960  1 760  1 862  1 934  1 745  1 673  11059  11347  11504  11337  1  ars
litu_d18801086  21041  2 998  2 930  2 895  2 740  2 827  2 698  2 781  21003  2  ars
litu_d18901207  21282  21001  21043  21308  21307  21268  21213  21013  2 989  2  ars
litu_d1900 917  21239  21171  21340  21167  21030  2 824  31009  31049  4 971  4  ars
litu_d19101046  4 665  4 841  41022  4 929  51080  51320  51062  5 744  6 942  8  ars
litu_d1920 974  91197  91229 11 879 131141 14 879 17 849 181080 191064 191130 20  ars
litu_d1930 665 21 876 21 783 21 804 22 889 221023 221011 241099 241107 24 894 25  ars
litu_d19401060 251175 251162 25 939 26 853 261258 261095 261121 271247 281409 29  ars
litu_d19501313 301314 301158 30 969 32 811 33 913 341025 34 927 351141 35 902 35  ars
litu_d19601114 361137 361036 36 853 36 698 36 599 36 402 36 540 36 844 36 835 36  ars
litu_d19701038 371024 371223 371217 371263 371268 371115 37 811 371129 371006 37  ars
litu_d1980 917 37 925 37 891 37 812 37 776 37 850 371041 37 937 37 884 37 991 37  ars
litu_d19901268 37 889 37 945 371308 371020 371210 371205 37 927 37 997 37 621 37  ars
litu_d2000 822 371047 371063 371008 37 995 37 971 37 828 36 922 361101 36 991 35  ars
litu_d2010 875  11391  11065  1 947  1 857  1 825  19990  09990  09990  09990  0  ars
