 eigenvalue 13.198   3.953   3.206   1.629   1.370   1.139   0.913   0.756   0.539   0.483   0.468   0.358   0.295   0.246   0.227   0.202   0.184   0.152   0.132   0.116   0.098   0.076   0.068   0.048   0.044   0.036   0.024   0.017   0.013   0.009
 eval sderr  2.614   0.783   0.635   0.323   0.271   0.226   0.181   0.150   0.107   0.096   0.093   0.071   0.058   0.049   0.045   0.040   0.036   0.030   0.026   0.023   0.019   0.015   0.013   0.010   0.009   0.007   0.005   0.003   0.003   0.002
 % variance  0.440   0.132   0.107   0.054   0.046   0.038   0.030   0.025   0.018   0.016   0.016   0.012   0.010   0.008   0.008   0.007   0.006   0.005   0.004   0.004   0.003   0.003   0.002   0.002   0.001   0.001   0.001   0.001   0.000   0.000
 cumulative  0.440   0.572   0.679   0.733   0.779   0.817   0.847   0.872   0.890   0.906   0.922   0.934   0.944   0.952   0.959   0.966   0.972   0.977   0.982   0.986   0.989   0.991   0.994   0.995   0.997   0.998   0.999   0.999   1.000   1.000
 brokn stck  3.995   2.995   2.495   2.162   1.912   1.712   1.545   1.402   1.277   1.166   1.066   0.975   0.892   0.815   0.743   0.677   0.614   0.555   0.500   0.447   0.397   0.350   0.304   0.261   0.219   0.179   0.141   0.104   0.068   0.033
 series_id   #  1       2       3       4       5       6       7       8       9      10      11      12      13      14      15      16      17      18      19      20      21      22      23      24      25      26      27      28      29      30
  22545      0.150   0.256   0.029   0.123  -0.063   0.325  -0.208   0.415  -0.053  -0.228   0.026   0.167   0.384  -0.046  -0.035  -0.044   0.173   0.396  -0.059  -0.254   0.042   0.090   0.067   0.142  -0.062   0.068  -0.013  -0.113  -0.072  -0.140
  32189      0.057   0.402   0.054  -0.191   0.059  -0.153  -0.145   0.039   0.391  -0.128  -0.090   0.175  -0.108  -0.295  -0.447  -0.099   0.007  -0.020  -0.080   0.335   0.103  -0.140   0.123   0.023   0.142   0.095   0.137   0.044   0.101   0.066
  50406      0.175   0.003  -0.211   0.253  -0.291  -0.270  -0.136  -0.044   0.005   0.181  -0.223   0.020  -0.007   0.181   0.186  -0.231  -0.056   0.544   0.030   0.357  -0.126  -0.058  -0.062  -0.053   0.036  -0.038   0.031   0.065   0.098   0.091
  50555      0.151  -0.193  -0.241   0.097   0.299  -0.175   0.161   0.197   0.093  -0.325   0.124  -0.133   0.163   0.027  -0.140   0.285  -0.317   0.075  -0.136   0.282  -0.092   0.318  -0.053   0.078  -0.246  -0.045   0.112   0.115  -0.035  -0.015
  60287     -0.050   0.363   0.134  -0.146   0.007  -0.274   0.386  -0.103  -0.006   0.158   0.070   0.191   0.420  -0.018   0.245   0.267  -0.039   0.080   0.243   0.065   0.148   0.201   0.050   0.057   0.190  -0.013  -0.117  -0.034  -0.025   0.162
  70433      0.098   0.028   0.320   0.381  -0.187  -0.194   0.263   0.284  -0.121  -0.252   0.081   0.129   0.001   0.108   0.048  -0.226   0.003  -0.314   0.235   0.071   0.068  -0.193  -0.020  -0.040  -0.044  -0.059   0.370   0.069  -0.024  -0.057
  80711      0.083   0.204   0.325   0.313  -0.142   0.144   0.004  -0.066   0.067   0.032   0.455  -0.276  -0.240  -0.233   0.101   0.156  -0.262   0.148  -0.118   0.070  -0.213  -0.068   0.244   0.007   0.069  -0.050  -0.188  -0.001  -0.061   0.048
  82218      0.214  -0.240  -0.011   0.112  -0.156  -0.018   0.143   0.019   0.259   0.103   0.004   0.146  -0.049  -0.051   0.018  -0.164  -0.011  -0.065  -0.309  -0.210   0.192   0.195  -0.077   0.324   0.341   0.101  -0.067   0.384  -0.288   0.126
  90287      0.196   0.034   0.200  -0.076   0.027  -0.166  -0.327  -0.196  -0.325   0.241   0.143  -0.067   0.417   0.123  -0.105  -0.111  -0.136  -0.214  -0.381   0.175   0.096  -0.147  -0.020   0.153  -0.094  -0.024   0.037  -0.055  -0.147  -0.108
  91377     -0.040   0.246  -0.108   0.328   0.422  -0.109  -0.179  -0.459   0.128  -0.264   0.025   0.006  -0.077   0.041   0.269  -0.162   0.118  -0.008   0.124  -0.112   0.139  -0.030  -0.004   0.289  -0.183   0.051  -0.018   0.065  -0.081  -0.029
  102412     0.205   0.027  -0.259  -0.213  -0.060  -0.153   0.026   0.087  -0.194  -0.108   0.173  -0.026  -0.145  -0.197   0.109  -0.316  -0.100   0.014  -0.036  -0.128   0.437   0.090   0.311  -0.214  -0.189  -0.324  -0.147  -0.036   0.019   0.155
  110791     0.231  -0.022  -0.099  -0.268   0.025   0.043   0.020  -0.167  -0.035  -0.179   0.263  -0.236  -0.004   0.063   0.187   0.178   0.307   0.192  -0.040   0.034   0.100  -0.150   0.012  -0.221   0.330   0.070   0.449   0.165  -0.114  -0.183
  110798     0.193   0.131   0.112  -0.330   0.199   0.016   0.045   0.248   0.228  -0.168   0.011   0.025   0.027   0.205   0.377  -0.174  -0.002  -0.106  -0.171   0.029  -0.325  -0.277  -0.243  -0.080  -0.037  -0.108  -0.309   0.102   0.011   0.128
  110914     0.252  -0.123  -0.026  -0.021   0.114   0.073   0.094  -0.092   0.069  -0.034   0.026  -0.123   0.081   0.143  -0.180  -0.077  -0.152   0.050   0.165  -0.181  -0.037  -0.144   0.039   0.394   0.353  -0.391   0.063  -0.250   0.435   0.010
  111014     0.240   0.070   0.149  -0.042   0.045  -0.022  -0.166  -0.134  -0.214  -0.095  -0.219   0.010   0.032  -0.216  -0.045  -0.104  -0.055  -0.108   0.247  -0.029  -0.286   0.370   0.006  -0.163   0.175  -0.160  -0.154   0.400   0.066  -0.368
  111030     0.245   0.052  -0.091  -0.127   0.055   0.044   0.036  -0.081  -0.359  -0.150   0.020   0.088  -0.140   0.134  -0.097  -0.146  -0.096  -0.053   0.124  -0.024  -0.329   0.126   0.184   0.082   0.112   0.481   0.064  -0.184  -0.146   0.421
  111051     0.239  -0.133   0.056   0.058  -0.040   0.228  -0.136  -0.089  -0.024   0.106   0.060   0.062   0.155  -0.304   0.048   0.172   0.320  -0.101   0.113   0.097  -0.045  -0.010  -0.108   0.057  -0.278  -0.128   0.144   0.244   0.251   0.532
  111134     0.218   0.063  -0.133   0.133   0.129   0.153  -0.025   0.078  -0.304  -0.037  -0.351   0.236  -0.185  -0.132   0.133   0.436  -0.280  -0.041  -0.040   0.056   0.241  -0.382  -0.078   0.024   0.150  -0.016  -0.088   0.035  -0.082  -0.025
  121212     0.159   0.257   0.022   0.052   0.033  -0.188   0.468  -0.030  -0.190   0.096  -0.276  -0.369  -0.059  -0.195  -0.160  -0.028   0.217   0.111  -0.290  -0.246  -0.081  -0.090  -0.141   0.066  -0.210   0.119   0.007   0.031   0.136  -0.049
  121284     0.229  -0.063  -0.145   0.049   0.097  -0.091   0.133   0.029  -0.045   0.208   0.263   0.414  -0.245  -0.159   0.047   0.025   0.378  -0.063  -0.075   0.207  -0.197   0.106  -0.066   0.129  -0.024  -0.116  -0.070  -0.349  -0.051  -0.316
  131304     0.217   0.106   0.129   0.109  -0.148  -0.207  -0.144  -0.077   0.040  -0.143   0.018   0.052  -0.183   0.516  -0.326   0.364   0.266  -0.022  -0.038  -0.144   0.108   0.106  -0.015  -0.172  -0.036  -0.148  -0.268   0.011  -0.014   0.130
  160777     0.203   0.104   0.025   0.069  -0.141   0.424   0.176  -0.225   0.178  -0.113  -0.270  -0.213   0.075   0.014   0.013  -0.130   0.006  -0.145  -0.003   0.292   0.152   0.225  -0.186  -0.146  -0.002  -0.149  -0.009  -0.367  -0.286   0.033
  160930     0.188   0.159  -0.177   0.032   0.111   0.338   0.222   0.005   0.158   0.381  -0.012   0.067   0.035   0.349  -0.067  -0.031  -0.034  -0.106   0.080   0.059  -0.001  -0.075   0.465  -0.046  -0.228   0.064   0.040   0.298   0.045  -0.181
  172229     0.218   0.065  -0.216  -0.007   0.010  -0.133  -0.124   0.158   0.153   0.274   0.185  -0.234   0.045  -0.121  -0.210  -0.001  -0.092  -0.027   0.514  -0.171   0.003  -0.190  -0.327  -0.025  -0.064   0.070  -0.082  -0.018  -0.365  -0.019
  180751     0.159  -0.190   0.155   0.237   0.372  -0.200  -0.099   0.050   0.236   0.183  -0.222   0.031   0.153  -0.123   0.085   0.024   0.014  -0.005  -0.110  -0.253  -0.109   0.004   0.282  -0.423   0.116  -0.025   0.168  -0.255  -0.105   0.131
  180794     0.145   0.061  -0.229  -0.105  -0.498  -0.186  -0.153  -0.055   0.249  -0.129  -0.154  -0.053   0.073  -0.087   0.274   0.247  -0.080  -0.316  -0.037  -0.184  -0.187  -0.003   0.209   0.175  -0.154   0.094   0.112  -0.152   0.075  -0.152
  190438     0.216  -0.077   0.199  -0.103  -0.072   0.072   0.092  -0.312   0.146  -0.015   0.156   0.359  -0.041  -0.011  -0.030  -0.038  -0.363   0.199  -0.022  -0.228   0.104   0.015  -0.309  -0.235  -0.261   0.238   0.111  -0.064   0.236  -0.137
  200389    -0.033   0.313  -0.337   0.281   0.040   0.063  -0.120   0.140  -0.038   0.126   0.210  -0.071   0.042   0.057   0.080  -0.044  -0.055  -0.307  -0.180  -0.044   0.068   0.213  -0.270  -0.248   0.283   0.162   0.036  -0.024   0.404   0.052
  82368      0.185  -0.332   0.099   0.078   0.019  -0.053   0.030   0.045   0.060  -0.125   0.010  -0.183   0.153  -0.073   0.046  -0.030   0.175  -0.051   0.142   0.230   0.261  -0.108   0.139  -0.025   0.055   0.481  -0.457  -0.071   0.275  -0.143
  130579     0.145   0.067   0.345  -0.186   0.146  -0.027  -0.210   0.297   0.021   0.247  -0.126  -0.206  -0.362   0.123   0.248   0.064  -0.039   0.039   0.096   0.058   0.239   0.342  -0.051   0.243  -0.093   0.101   0.218  -0.080   0.105  -0.030
