  year  #   1       2       3       4       5       6       7       8       9      10      11      12      13      14      15      16      17      18      19      20      21      22      23      24      25      26      27      28      29      30
  1950  12.639  -4.871  -2.698  -1.244   1.302  -0.294  -1.607   0.055  -0.358   0.502   1.005   0.266   0.273  -0.058   0.710   0.233  -0.033   0.502   0.042   0.376  -0.048  -0.367   0.360  -0.010  -0.129   0.141   0.029  -0.047   0.059  -0.153
  1951  11.185  -2.139  -2.762  -1.473  -0.576   0.128   0.332  -0.929  -1.152  -0.190   0.476  -0.585  -0.675   0.056  -0.176  -0.477   0.159  -0.346   0.172  -0.066   0.299   0.668  -0.134  -0.259   0.127  -0.198  -0.063   0.034  -0.008   0.060
  1952   7.424  -1.843  -1.610  -0.083  -0.874   1.212   1.079  -0.544  -0.160  -0.530  -1.120   0.597  -0.182   0.270  -0.634  -0.096  -0.026  -0.049  -0.588  -0.445  -0.259  -0.506  -0.206   0.104   0.179  -0.032   0.008  -0.179  -0.092   0.220
  1953   3.952  -3.256  -0.390   1.035  -0.890   1.114   0.072  -0.128   1.880   0.104  -1.452   1.178   0.304  -0.903  -0.261   0.351  -0.130   0.308  -0.054  -0.235  -0.045   0.398  -0.251   0.042  -0.382   0.176   0.084   0.253  -0.038  -0.018
  1954   1.225  -3.071   1.373   1.602  -1.608   0.384   0.851  -0.358   1.539   0.050   0.081  -0.018   0.179  -0.170   0.096  -0.128  -0.810  -0.558   0.247   0.076   0.315  -0.172  -0.058   0.287   0.277  -0.250  -0.110   0.035  -0.068  -0.114
  1955   1.354  -2.424   2.483   2.962  -1.347   0.108   1.715   1.254   0.172  -1.271   0.601  -0.434  -0.034   0.502  -0.481  -1.130   0.189   0.200   0.605   0.069   0.482   0.021   0.427  -0.230   0.068   0.288  -0.039  -0.058   0.089   0.007
  1956   2.591  -1.304   3.841   2.010  -0.304  -0.606   0.728  -0.189  -1.111  -0.122   1.178   0.396   1.018   0.282  -0.105   0.592   0.338  -0.188  -0.304   0.119   0.014  -0.125  -0.497   0.032  -0.185  -0.095   0.202   0.036   0.101  -0.064
  1957   0.630  -0.829   2.228   0.840  -0.659  -0.879   0.526   0.145  -0.731  -0.628   0.353  -0.335   0.500  -0.168   0.321   0.402   0.266  -0.459   0.411   0.046  -0.442  -0.270   0.022  -0.049  -0.604  -0.064  -0.011   0.011  -0.061   0.148
  1958   2.762  -0.415   2.385   0.271  -0.007  -0.807  -0.385   0.263   0.122   0.057  -0.640  -0.751  -0.568  -0.586   0.789   0.761   0.884  -0.658   0.049   0.214  -0.504   0.274   0.237   0.037   0.193   0.191  -0.284  -0.020   0.042   0.020
  1959  -0.429  -1.040   2.214   0.478   0.325  -0.040  -0.175   0.320  -0.909   0.232  -0.924  -0.464  -0.963  -0.436  -0.224   0.676   0.464   0.008   0.164  -0.219   0.134   0.278  -0.032   0.038   0.229  -0.369   0.332  -0.126   0.006   0.093
  1960   1.639  -1.130   3.308   0.226   0.774  -1.032  -0.688   1.173   1.215   0.875  -0.429  -0.259  -0.705   0.786   0.425  -0.364   0.281  -0.232  -0.428  -0.213  -0.010  -0.188  -0.099   0.124   0.237   0.084  -0.109   0.115  -0.164   0.016
  1961   1.927  -0.107   3.927  -0.302   1.153  -0.826  -0.886   0.385  -0.111   1.528  -0.549  -0.438   0.029  -0.305  -0.606  -0.139  -0.400  -0.015  -0.246  -0.288   0.302   0.118  -0.160  -0.292  -0.218   0.015  -0.142  -0.102  -0.042  -0.068
  1962  -0.213  -0.369   2.211  -0.558   1.058  -1.343  -0.613  -0.494  -0.171   1.102  -1.076   0.187   0.560   0.233  -0.591  -0.115  -0.759   0.205   0.491   0.147  -0.612  -0.061   0.132  -0.512   0.233  -0.064   0.123   0.035   0.221   0.016
  1963  -2.697  -1.400   1.043  -0.372   0.290  -0.483  -0.094  -0.175  -0.629   0.547   0.407   0.347   0.417   0.000  -0.648  -0.004  -0.240   0.457   0.053  -0.370  -0.054  -0.282   0.320   0.419   0.036   0.028   0.053  -0.132  -0.096  -0.039
  1964  -4.100  -2.406   0.880  -0.657   0.181   0.017  -0.034   0.006  -0.440   0.360   0.147   0.698   0.664   0.028   0.351  -0.308  -0.017   0.590  -0.158  -0.269  -0.194   0.045   0.152   0.232   0.220  -0.071  -0.193  -0.081   0.023   0.196
  1965  -5.184  -2.410   0.643  -1.216  -0.182  -0.319  -0.563   0.173  -0.792   0.260   0.192  -0.063  -0.251   0.222  -0.180   0.019   0.218   0.047  -0.271   0.166   0.557   0.201   0.297   0.240  -0.274   0.076  -0.066   0.057  -0.069   0.054
  1966  -6.473  -3.495  -0.215  -0.970  -0.606   0.630  -0.409  -0.199  -0.772   0.023   0.293   0.098  -0.614  -0.106  -0.413  -0.244   0.270   0.202   0.130   0.070  -0.126  -0.198   0.002  -0.065  -0.011  -0.079  -0.226   0.103   0.041  -0.144
  1967  -5.680  -2.476   0.278  -1.572  -0.946   0.045  -0.469   0.186   0.077  -0.080   0.027   0.082  -0.913   0.054   0.288   0.210   0.079   0.232   0.083   0.237   0.150   0.371  -0.110   0.081  -0.163  -0.007   0.314   0.072   0.028   0.028
  1968  -3.188  -0.670   1.387  -2.275  -0.756  -0.699  -0.167  -0.165   0.558  -0.359   0.566   0.448  -0.417   0.269   0.524   0.104  -0.612   0.071  -0.523   0.452   0.415  -0.142  -0.282   0.105   0.057   0.121  -0.046  -0.175   0.161   0.014
  1969  -3.361  -0.505  -0.117  -2.054  -1.891  -0.729   0.310  -1.148   0.478  -0.593  -0.522   0.797   0.361  -0.010   0.124   0.251  -0.554  -0.417   0.596   0.286  -0.265   0.354   0.132  -0.214   0.106   0.154  -0.145  -0.192  -0.079   0.060
  1970  -0.520   1.443   0.787  -3.082  -0.967  -1.146   0.043  -0.432   0.093  -1.015   0.371   0.099   1.111  -0.322   0.322  -0.192   0.173  -0.182   0.132  -0.562   0.023  -0.023  -0.165  -0.185   0.025  -0.052   0.137  -0.045  -0.236  -0.119
  1971  -0.538   0.620   0.470  -2.254  -0.359  -0.018   0.741  -0.576   0.275  -0.887   0.078  -0.636   0.467  -0.643  -0.027   0.301   0.854   0.301   0.030  -0.214   0.267  -0.281  -0.182   0.142   0.516   0.129   0.009   0.165   0.167  -0.082
  1972   2.092   3.410   0.929  -1.740  -0.240  -0.544   0.735  -0.237   0.030   0.175   0.161  -0.740   0.503  -1.131  -0.481  -0.382  -0.097   0.292  -0.254   0.038   0.411   0.086   0.311   0.137  -0.220  -0.029   0.019   0.259   0.009   0.164
  1973   2.024   3.343   0.128  -0.606  -0.290   0.782   1.628  -0.838   0.510   1.236  -0.747  -0.663  -0.428  -0.091   0.003  -0.187   0.328   0.748   0.816   0.474   0.140  -0.192   0.018   0.144  -0.442  -0.059  -0.118  -0.243  -0.099  -0.089
  1974   2.998   3.046   0.857  -1.439   0.077   1.304  -0.032  -0.535   0.914  -0.053  -0.041  -0.053  -0.422   1.261   0.120   0.647  -0.191  -0.104   0.519  -0.112   0.305  -0.468  -0.117  -0.057  -0.126  -0.033   0.181   0.073   0.270   0.098
  1975   3.855   3.628   2.486  -0.528  -0.032   1.866  -0.783  -0.168  -0.272  -0.695   0.132  -0.336   0.057   1.018   0.595   0.282  -0.271   0.271  -0.375  -0.411  -0.162   0.112   0.247   0.099  -0.092   0.048  -0.149  -0.014  -0.245  -0.026
  1976   1.727   3.236   2.735   0.588  -1.177   1.823  -1.307  -0.361   0.550  -0.652   1.104   0.252  -0.504  -0.190  -0.287  -0.077  -0.336   0.257  -0.596   0.082  -0.274   0.406   0.088  -0.288   0.068  -0.096  -0.107   0.069   0.139  -0.114
  1977  -2.431   0.461   0.134   1.428  -0.882   1.948  -0.028  -0.496  -0.505   0.208   0.669  -0.225  -0.139  -0.628   0.549  -0.205  -0.128   0.250   0.124  -0.318  -0.600  -0.079   0.293  -0.151   0.160  -0.232   0.199  -0.139  -0.020  -0.047
  1978   1.050   2.598   0.204   1.417  -0.369   2.093  -1.894   1.119  -1.569  -0.156  -0.714   0.648   0.494  -0.488   0.477  -0.029  -0.094   0.248   0.655   0.518   0.217  -0.011  -0.210   0.321   0.292   0.369   0.047   0.060  -0.006   0.112
  1979  -0.908   1.386  -0.333   0.672  -0.279   0.856  -1.902  -0.829  -0.249   0.230  -0.286   0.407   0.456  -0.164  -0.629  -0.408   0.411  -0.982  -0.314   1.056   0.357  -0.300  -0.284  -0.051  -0.016  -0.208  -0.026  -0.099  -0.112  -0.026
  1980  -1.922   0.787  -0.391   2.058   2.960  -0.963  -1.379  -3.344   0.135  -0.837  -0.203   0.649  -0.576  -0.133   0.112  -0.555   0.385  -0.030   0.244  -0.553   0.415  -0.034   0.115   0.095   0.013  -0.085  -0.070  -0.012   0.049   0.016
  1981  -1.746  -0.033  -0.526   1.604   2.382  -1.543  -0.041  -1.021   0.569  -0.890   0.189  -0.245   0.134   0.198   0.722  -0.230  -0.074   0.268   0.381   0.219  -0.198  -0.008  -0.383  -0.059  -0.090   0.110  -0.059   0.142  -0.090   0.029
  1982  -1.653  -0.672  -1.689   1.294   1.662  -0.454  -0.055   0.228   0.038  -1.083   0.206  -1.120   0.292   0.145  -0.274   0.795  -0.871   0.653  -0.250   0.479   0.233   0.393  -0.130  -0.225   0.161  -0.028   0.162  -0.050  -0.236   0.027
  1983  -1.857  -0.866  -1.510   0.105   1.365   0.522   0.720  -0.080  -0.459  -1.295  -0.911  -1.194   0.130  -0.025  -0.358   0.227  -0.610  -0.146  -0.501   0.123  -0.440   0.064  -0.066   0.369  -0.278   0.021  -0.307  -0.074   0.266   0.009
  1984  -2.575  -0.296  -0.791  -0.940   1.067   1.284  -0.386   0.687   0.566  -0.883  -0.975  -0.328  -0.293  -0.234  -0.449  -0.464   0.433  -0.164  -0.253   0.247  -0.260  -0.236   0.266  -0.210  -0.015   0.354   0.215  -0.102  -0.060  -0.149
  1985  -2.405  -1.215  -1.014  -0.712   1.065   0.473   0.229   0.514   0.247   0.174   0.080  -1.035  -0.191   0.144   0.171  -0.409  -0.095  -0.459  -0.079  -0.217  -0.074  -0.371  -0.252  -0.181   0.008   0.260   0.338   0.001  -0.058   0.072
  1986  -0.002   0.332  -1.265   0.024   2.064   0.976   0.088   1.239   0.570   0.292  -0.278  -0.173   0.874   0.159  -0.226   0.574  -0.174  -0.186   0.385  -0.193   0.368   0.075   0.345   0.176   0.279  -0.293  -0.060   0.142  -0.008  -0.077
  1987  -1.468   0.099  -1.718  -0.169   1.182   0.562   0.270   1.662   1.344  -0.042   0.585  -0.082   0.647  -0.117   0.166   0.002   0.618   0.037   0.017   0.134   0.021   0.145  -0.210   0.012  -0.013  -0.496  -0.108  -0.297   0.090   0.015
  1988  -2.045   0.063  -0.995  -0.521   0.629   0.792  -0.185   0.958   0.973   0.395   0.901   0.494  -0.004  -0.026   0.212  -0.723   0.549   0.504  -0.069   0.237  -0.435  -0.013  -0.215  -0.296  -0.067  -0.216  -0.106   0.176  -0.026   0.236
  1989  -1.266   0.879  -0.918  -0.657   1.136   0.765  -0.278   0.904  -0.669  -0.300   0.190   0.383   0.351   0.107  -0.741  -0.344   0.190  -0.550   0.118  -0.579  -0.310   0.160  -0.183   0.074  -0.250   0.094  -0.022   0.082   0.062  -0.132
  1990   1.462   2.309  -0.165   0.110   2.033  -0.396   1.242   0.140   0.764   0.374   2.034   1.214  -0.972  -0.527  -0.760   0.407  -0.236  -0.610   0.051   0.142  -0.221   0.192   0.316   0.303   0.031   0.281   0.172  -0.109  -0.038   0.082
  1991  -2.065   0.975  -1.348  -0.600   1.130   0.570   2.640   0.071  -1.163   0.898   0.159   0.577  -0.100   0.262   0.154   0.445  -0.110  -0.515   0.131   0.237  -0.010  -0.068  -0.016  -0.282   0.244   0.083  -0.243   0.230  -0.106  -0.050
  1992  -1.347   0.343  -0.424  -0.189   0.457   0.763   1.202   0.192  -1.006   0.527  -0.742   0.650   0.063   1.108   0.655  -0.768  -0.158  -0.108  -0.074  -0.085   0.111   0.623  -0.175   0.143  -0.118  -0.022   0.117   0.004   0.053  -0.083
  1993   2.603   3.114  -0.300   0.930   0.174  -2.055   2.085   0.598  -0.611   0.092  -0.653   0.630  -0.494  -0.771   0.682  -0.486  -0.115   0.516  -0.640   0.170  -0.078  -0.092  -0.310   0.045   0.137  -0.002   0.080  -0.062   0.057  -0.152
  1994  -0.695   1.458  -1.681   0.560  -0.793  -1.792  -0.009   1.257  -0.154  -1.274  -1.126   1.366  -0.416   0.489   0.049   0.600   0.371   0.110  -0.247   0.074   0.217  -0.274   0.679  -0.264  -0.183  -0.329   0.031   0.092  -0.013  -0.044
  1995   1.400   2.187  -2.424   0.027  -1.443  -1.984  -1.622   1.703  -0.232  -0.191   0.086  -0.479  -0.437  -0.494   0.372  -0.749  -1.072  -0.584   0.327  -0.284  -0.057  -0.215   0.029   0.224  -0.074  -0.185   0.011   0.065   0.053   0.035
  1996   1.180   2.109  -2.634   0.682  -2.102  -2.344  -1.156   0.330   0.372   0.303   0.319  -0.206  -0.036   1.040  -1.158   0.260   0.641   0.490   0.370  -0.079  -0.458   0.317  -0.408   0.308   0.168   0.155  -0.046  -0.036  -0.025  -0.065
  1997  -1.664   0.744  -1.664   1.120  -1.491  -0.341   0.216  -1.044  -0.413   0.681   0.233  -0.615  -0.175   0.226  -0.584   0.147  -0.127   0.282  -0.484   0.311  -0.108  -0.441   0.124  -0.110   0.111  -0.008  -0.061   0.206  -0.065   0.063
  1998  -1.249   1.038  -2.546   1.388  -1.218  -0.488   0.049  -1.127   0.699   1.318  -0.212  -0.566   1.352   0.437   0.598  -0.222   0.453  -0.451  -0.685   0.028   0.061   0.381   0.568   0.016   0.015   0.192   0.220  -0.058   0.139   0.042
  1999  -4.585  -1.151  -2.038   1.183  -1.376   0.880   0.140  -0.824   0.133   0.746   0.388  -0.552  -0.647  -0.070   0.487   0.363  -0.167  -0.130   0.105  -0.232  -0.255  -0.128  -0.078   0.181  -0.130  -0.111   0.092   0.133  -0.034  -0.125
  2000  -3.452   0.785  -2.764   1.598  -0.803   0.230  -0.496   0.681  -0.187   0.737   0.389   0.131  -0.082  -0.503   0.219   0.787  -0.047   0.074  -0.056  -0.883   0.685  -0.139  -0.269  -0.540  -0.110   0.345  -0.258  -0.200   0.067   0.050
