 eigenvalue  3.600   2.299   2.088   1.596   1.339   0.784   0.608   0.555   0.498   0.382   0.361   0.339   0.238   0.194   0.118
 eval sderr  0.713   0.455   0.414   0.316   0.265   0.155   0.120   0.110   0.099   0.076   0.072   0.067   0.047   0.038   0.023
 % variance  0.240   0.153   0.139   0.106   0.089   0.052   0.041   0.037   0.033   0.025   0.024   0.023   0.016   0.013   0.008
 cumulative  0.240   0.393   0.532   0.639   0.728   0.780   0.821   0.858   0.891   0.917   0.941   0.963   0.979   0.992   1.000
 brokn stck  3.318   2.318   1.818   1.485   1.235   1.035   0.868   0.725   0.600   0.489   0.389   0.298   0.215   0.138   0.067
 series_id   #  1       2       3       4       5       6       7       8       9      10      11      12      13      14      15
  70622A     0.360  -0.224  -0.006   0.051  -0.278   0.162   0.485  -0.048  -0.245  -0.154   0.295   0.332   0.173  -0.374   0.160
  132010A    0.334  -0.362   0.053  -0.022  -0.200  -0.219  -0.261   0.030   0.192  -0.097   0.405   0.141   0.094   0.565  -0.196
  132018A    0.141  -0.089   0.390   0.390  -0.297  -0.129  -0.219  -0.188  -0.061   0.484  -0.397   0.142   0.234  -0.072   0.062
  142220     0.184   0.423  -0.349   0.085  -0.104   0.177  -0.261  -0.096   0.034  -0.214  -0.162   0.362   0.037   0.265   0.514
  151006A    0.106   0.312   0.333  -0.195  -0.346  -0.401  -0.081  -0.202  -0.211  -0.393  -0.067  -0.010  -0.427  -0.121  -0.118
  160989A    0.207   0.443   0.213   0.028   0.073   0.078   0.352   0.324   0.399   0.101  -0.113   0.364  -0.021   0.084  -0.390
  142210A    0.227  -0.146   0.347  -0.022   0.369   0.177  -0.199   0.507  -0.478  -0.029  -0.082   0.117  -0.237   0.101   0.162
  20605A     0.273   0.059  -0.165  -0.130   0.532  -0.161  -0.164  -0.478  -0.086   0.300   0.176   0.313  -0.149  -0.195  -0.168
  52059A     0.203   0.243  -0.296   0.370  -0.069  -0.327   0.300   0.160  -0.273   0.348   0.194  -0.315  -0.239   0.222   0.095
  152151A    0.354   0.035  -0.368   0.133   0.041  -0.148  -0.260   0.251  -0.121  -0.284  -0.260  -0.186   0.361  -0.293  -0.390
  50488A     0.374  -0.129  -0.048  -0.230  -0.037   0.405   0.258  -0.355  -0.110   0.016  -0.411  -0.304  -0.103   0.341  -0.174
  80398A     0.317   0.029  -0.077  -0.392  -0.298   0.175  -0.275   0.241   0.310   0.366   0.124  -0.219  -0.223  -0.334   0.174
  101092A    0.080   0.192   0.212   0.536   0.035   0.492  -0.231  -0.197   0.081  -0.162   0.368  -0.249  -0.140  -0.107  -0.165
  40952A     0.324  -0.134   0.218   0.142   0.363  -0.297   0.175  -0.073   0.461  -0.249  -0.120  -0.263   0.006  -0.094   0.432
  030525A    0.081   0.425   0.310  -0.334   0.100  -0.015   0.001  -0.064  -0.205   0.082   0.266  -0.263   0.613   0.113   0.115
