 eigenvalue  4.250   1.575   1.418   1.305   1.054   0.972   0.905   0.738   0.709   0.542   0.432   0.353   0.308   0.250   0.188
 eval sderr  0.842   0.312   0.281   0.258   0.209   0.193   0.179   0.146   0.140   0.107   0.085   0.070   0.061   0.050   0.037
 % variance  0.283   0.105   0.095   0.087   0.070   0.065   0.060   0.049   0.047   0.036   0.029   0.024   0.021   0.017   0.013
 cumulative  0.283   0.388   0.483   0.570   0.640   0.705   0.765   0.815   0.862   0.898   0.927   0.950   0.971   0.987   1.000
 brokn stck  3.318   2.318   1.818   1.485   1.235   1.035   0.868   0.725   0.600   0.489   0.389   0.298   0.215   0.138   0.067
 series_id   #  1       2       3       4       5       6       7       8       9      10      11      12      13      14      15
  70622A     0.274  -0.069   0.293  -0.312   0.121   0.315   0.239   0.054  -0.335   0.249  -0.511  -0.089   0.170  -0.277  -0.117
  132010A    0.328   0.107   0.230  -0.347  -0.288  -0.095  -0.103  -0.075  -0.061  -0.202  -0.075   0.428   0.211   0.525   0.215
  132018A    0.246   0.332  -0.206  -0.306  -0.413  -0.004  -0.109   0.195   0.100   0.210  -0.056  -0.427  -0.470   0.090  -0.056
  142220     0.267  -0.401  -0.327   0.240   0.012   0.152  -0.100   0.112   0.162   0.309  -0.248   0.193  -0.136   0.016   0.564
  151006A    0.175   0.313   0.052   0.411  -0.417   0.242   0.194  -0.251  -0.161   0.380   0.315   0.254   0.083  -0.149  -0.064
  160989A    0.303   0.131  -0.063   0.393   0.275  -0.074   0.341  -0.154   0.237  -0.027  -0.321  -0.085  -0.076   0.467  -0.347
  142210A    0.181   0.321   0.075  -0.145   0.532  -0.443   0.123   0.174  -0.106   0.375   0.283   0.153  -0.098  -0.048   0.217
  20605A     0.286  -0.177  -0.044   0.145   0.038  -0.259  -0.589  -0.198  -0.232   0.238   0.065  -0.345   0.372   0.081  -0.175
  52059A     0.239  -0.278  -0.316  -0.051  -0.087  -0.038   0.519   0.113  -0.361  -0.248   0.352  -0.308   0.160   0.116   0.145
  152151A    0.342  -0.378  -0.030  -0.027  -0.121  -0.258  -0.035   0.203   0.006  -0.112   0.092   0.416  -0.286  -0.274  -0.514
  50488A     0.244  -0.115   0.249  -0.057   0.346   0.575  -0.218  -0.136  -0.033  -0.124   0.409  -0.064  -0.359   0.167  -0.015
  80398A     0.180  -0.167   0.535   0.082  -0.151  -0.066   0.135   0.271   0.581   0.067   0.197  -0.265   0.245  -0.089   0.097
  101092A    0.192   0.288  -0.464  -0.160   0.179   0.334  -0.123   0.275   0.309  -0.095   0.106   0.142   0.471  -0.125  -0.178
  40952A     0.343   0.156  -0.058  -0.072   0.038  -0.164   0.018  -0.578   0.195  -0.368  -0.078  -0.096  -0.063  -0.483   0.248
  030525A    0.169   0.309   0.175   0.471  -0.003   0.002  -0.207   0.479  -0.313  -0.421  -0.160  -0.055  -0.058  -0.129   0.168
