  year  #   1
  1950   0.690
  1951   0.780
  1952  -0.588
  1953  -0.242
  1954   0.320
  1955   1.605
  1956   2.043
  1957   2.234
  1958   2.798
  1959   0.379
  1960   1.243
  1961   1.899
  1962   0.385
  1963   0.293
  1964  -0.061
  1965   0.625
  1966  -1.202
  1967   0.065
  1968   0.610
  1969   0.324
  1970   0.996
  1971   0.397
  1972   0.719
  1973   0.511
  1974   0.504
  1975   0.644
  1976   0.065
  1977  -1.005
  1978  -0.186
  1979  -0.733
  1980  -0.710
  1981  -0.737
  1982  -0.492
  1983  -0.575
  1984  -0.823
  1985  -0.554
  1986  -0.683
  1987  -1.434
  1988  -0.317
  1989   0.157
  1990  -0.007
  1991  -1.103
  1992  -1.020
  1993  -0.094
  1994  -1.095
  1995  -1.099
  1996  -1.159
  1997  -0.497
  1998  -0.887
  1999  -1.658
  2000  -1.325
