  year  #   1       2       3       4       5       6       7       8       9      10      11      12      13      14      15      16
  1950   1.537   0.953   3.958   0.477  -0.332   0.283  -0.435   1.459   0.674  -0.669   0.965   0.214   0.259  -0.345   0.377   0.046
  1951   1.854   1.337   4.289   0.894   0.054  -0.661  -1.819   1.441  -0.734  -0.068  -0.147  -0.352  -0.009   0.011  -0.096  -0.063
  1952  -0.901  -0.955   2.920  -1.424  -0.722  -0.337  -0.958  -0.822   0.205   0.483   0.537  -0.162  -0.076   0.442   0.049   0.164
  1953  -0.164   0.643   3.692  -0.434  -1.048   0.048   0.055  -1.814   0.213   0.012  -0.646   0.711  -0.666  -0.290  -0.036  -0.272
  1954   1.016  -0.666   1.681  -1.376  -0.638   0.234   0.517  -1.127   0.146  -0.899  -0.437   0.311   0.221   0.750  -0.145   0.353
  1955   3.590  -0.273   0.832  -1.212  -0.187   0.446   1.678   0.995  -0.642  -0.667  -0.683  -0.164   0.389   0.187  -0.350  -0.112
  1956   4.385  -0.401  -0.240  -1.501   1.506   0.249   1.571   0.349   0.022  -0.145  -0.403  -0.527  -0.082  -0.001   0.182  -0.085
  1957   4.845  -0.895  -0.068  -0.647   0.944   2.646   0.654   0.228   0.279   0.201  -0.347   1.189   0.299   0.401   0.261   0.042
  1958   6.286  -1.159  -1.142   1.291   1.309   2.536  -1.718  -0.816  -1.045   0.431   0.297  -1.118  -0.158  -0.196  -0.130  -0.080
  1959   1.230  -1.394  -1.145   0.015   0.176   0.593  -1.258  -0.191   0.954  -0.708  -0.072  -1.348  -0.060   0.334   0.083  -0.012
  1960   2.970  -0.397   0.194  -0.193  -0.014  -1.673   0.609  -0.631   0.903  -0.531   0.583  -0.536  -0.021  -0.325   0.880  -0.356
  1961   4.345  -0.508  -0.048  -0.942   0.493  -2.849   0.696  -0.452  -0.660   1.248  -0.354  -0.314  -0.361  -0.003   0.277   0.197
  1962   1.327  -1.382  -1.277  -1.120  -0.968  -0.728  -0.293   0.804   0.556   0.290  -0.551  -0.176   0.078  -0.036  -0.222  -0.540
  1963   1.084  -1.165   0.135  -1.831  -0.034  -0.448  -0.701   0.115   0.877   0.779   0.017   0.162  -0.268   0.408  -0.209  -0.097
  1964  -0.157  -0.437  -0.393  -1.606  -0.073   0.144  -0.455   1.706  -0.101  -0.516  -0.153  -0.186   0.322  -0.393  -0.556  -0.087
  1965   1.504  -0.463  -1.819  -0.458  -1.001  -1.533  -0.977   0.852  -0.861  -0.269  -0.044   0.205   0.282  -0.316   0.084  -0.058
  1966  -2.353  -2.080  -1.752  -1.207  -1.625   0.463  -1.327  -0.546   0.312   0.163   0.514   0.344   0.044  -0.211   0.071   0.116
  1967   0.364  -1.012  -0.386   0.946   0.650   0.055  -0.234   1.557   1.791   0.626  -0.558   0.570  -1.098   0.205   0.155  -0.002
  1968   1.571  -0.524  -0.879   2.084  -0.823  -1.148  -1.556   0.400  -0.303  -0.035  -0.028   1.025   0.332   0.427   0.335   0.015
  1969   0.916   0.044  -0.910   1.778  -0.636  -0.301   0.186  -0.820   0.315   0.042  -0.318   0.584  -0.730  -0.550   0.080  -0.333
  1970   2.295   0.770  -1.260   2.895  -0.351   0.413  -0.084  -0.729  -0.047  -0.623   0.597   0.189  -0.327  -0.208   0.033  -0.131
  1971   1.142  -0.228  -0.762   1.381  -1.045   0.111  -0.490  -0.356  -1.133  -0.561   0.105   0.202  -0.774   0.611  -0.152   0.415
  1972   1.595   0.343  -1.305   0.905  -1.388  -0.280   1.085  -0.073  -0.189  -0.277   1.179   0.178   0.667  -0.046   0.137   0.189
  1973   1.268   1.866  -0.392   0.738  -1.461  -0.254   0.996   0.017  -0.809   0.730  -0.514  -0.034  -0.316   0.049  -0.442   0.083
  1974   1.132   1.720  -0.875   0.742  -1.314  -0.085   0.152   0.021   1.556   0.062  -0.723  -0.087   1.317  -0.221   0.116   0.822
  1975   1.672   1.455  -0.393  -0.485  -0.817   0.069  -0.220  -0.263   1.236   0.092   0.121  -0.153  -0.198  -0.958  -0.872   0.450
  1976   0.379   2.147   0.683  -0.393  -0.946   0.960  -0.177  -1.566   0.197   0.249  -0.166  -0.223   0.328  -0.064  -0.315  -0.479
  1977  -1.932   0.390  -1.262  -1.010  -2.714   0.462   1.098   0.386  -0.188  -0.280   0.018  -0.710  -0.524   0.437   0.581   0.022
  1978  -0.296   2.188  -1.143  -0.294  -0.035  -0.394   0.516   0.099   0.063  -0.838   1.024   0.693  -0.308   0.801  -0.563  -0.548
  1979  -1.460   1.246  -0.302  -0.507  -0.444  -0.415   0.078   0.072   0.272   1.117   0.296  -0.436   0.294   0.619  -0.363  -0.313
  1980  -1.956   1.227  -1.774  -0.748   0.513  -0.441  -0.445   0.438  -0.610  -0.447  -0.115   0.516   0.288  -0.186  -0.015  -0.082
  1981  -2.046   0.989  -1.210  -0.512   2.368  -0.276  -1.040  -0.754   0.569  -0.704  -1.018   0.316   0.545   0.087   0.105  -0.199
  1982  -1.548   2.861  -0.345  -0.318   0.761   0.048  -0.321  -0.988  -0.395  -0.140  -1.224   0.458   0.309  -0.102   0.428   0.042
  1983  -1.650   1.428   0.099  -0.690   0.203   0.122   0.194   0.528  -1.061  -0.532  -0.600  -0.115  -0.700  -0.274   0.440   0.210
  1984  -2.139   1.106  -0.375  -0.966   0.579   0.389   0.300  -0.285  -0.242   0.783   0.222  -0.734  -0.386  -0.173   0.273   0.234
  1985  -1.735   4.241   0.057   1.027   0.700   0.786   0.942   0.844   0.060  -0.145   0.199  -0.310  -0.424  -0.261   0.019  -0.178
  1986  -1.989   4.036  -0.142   1.081   0.890   0.591  -0.346   0.366   0.219   1.364   0.647  -0.423   0.696   0.630   0.291   0.060
  1987  -3.242  -0.264  -0.199  -0.777  -0.623   0.725  -0.417   0.306  -0.279   0.253  -0.176  -0.017  -0.437  -0.394   0.080  -0.092
  1988  -1.039   0.265  -0.012  -1.503   1.386  -0.105  -0.459  -0.255  -0.577  -0.169   0.197   0.171   0.164  -0.073  -0.328   0.272
  1989  -0.132  -0.537  -0.600  -1.531   2.237  -0.599   0.487  -0.387  -0.010  -0.031   0.992   0.311   0.236  -0.236   0.218   0.001
  1990  -0.243  -0.372   0.181  -1.216   1.621  -0.813   0.415  -0.434   0.080  -0.129   1.414   0.390  -0.455  -0.039  -0.283   0.373
  1991  -2.634  -0.270  -0.296  -0.580   0.621   0.264  -0.177   0.057   0.061  -0.252   0.324   0.258  -0.684  -0.379  -0.169   0.154
  1992  -2.424  -0.998   0.150  -0.856  -0.124   0.374  -0.852   0.203  -0.632   0.308  -0.033   0.433   0.460  -0.064   0.400  -0.284
  1993  -0.499  -1.039   1.004   2.354   1.250  -1.275   0.252  -0.192  -0.795   0.157  -0.297   0.161   0.380  -0.012  -0.303   0.251
  1994  -2.448  -1.507  -0.018   2.999   1.364  -1.153   0.484   0.066   0.617  -0.096  -0.433  -0.414  -0.667   0.362  -0.243   0.093
  1995  -2.556  -2.147   0.285   1.946   0.594  -0.453   0.915  -0.233   0.392  -0.072  -0.246  -0.202   0.978  -0.042  -0.380  -0.293
  1996  -2.627  -1.879   0.056  -0.069  -0.563  -0.380   0.349   0.047  -0.875   0.472  -0.229  -0.600   0.391  -0.240  -0.122  -0.063
  1997  -1.378  -2.642   0.218   0.777  -0.069   1.801   1.132   0.659  -0.348   1.242   0.164   1.231   0.040  -0.229   0.074   0.090
  1998  -2.053  -2.337   1.532   1.424  -0.335   0.445   1.016  -0.392  -0.112  -0.011   0.444  -0.400   0.689  -0.418   0.120  -0.313
  1999  -3.710  -1.517   0.373   0.535   0.316   0.819   0.197   0.274   0.429  -0.549  -0.343  -0.690  -0.617   0.194   0.126   0.189
  2000  -2.996  -1.807   0.390   0.116  -0.204   0.524   0.186  -0.164  -0.348  -0.741   0.000  -0.391   0.337   0.333   0.016   0.188
