  year  #   1       2       3       4       5       6       7       8       9      10      11      12      13      14      15      16
  1950   0.202   1.262  -1.184  -0.098  -0.138   0.253   0.013  -1.230   2.232  -0.880   0.045  -0.360   0.973  -0.245   0.329   0.084
  1951   0.052   1.476  -0.843  -1.603  -0.054   0.968   0.431   1.191   1.367   0.271  -0.577  -0.441   0.066  -0.484   0.403  -0.091
  1952  -4.626  -0.088  -0.788  -2.932  -1.416  -0.182  -0.225  -1.266  -0.497   0.015  -0.053  -0.702  -0.244   0.556  -0.125  -0.374
  1953  -0.085   2.186  -1.246  -0.668  -0.789   0.323  -0.758   0.004  -0.555  -0.805   1.171   0.496  -1.282   0.680   0.168   0.264
  1954   0.121  -1.715   1.048  -0.497  -0.851   0.322  -0.388  -1.279   1.307  -0.461   1.000  -0.174  -0.950  -0.345  -0.310  -0.558
  1955   2.631  -0.828   1.361   1.359  -0.741   1.878   0.723  -0.671  -0.043   0.549  -1.005   0.009  -0.984  -1.021   0.284   0.144
  1956   1.897  -1.248   1.773  -0.046   0.651   0.489   0.623  -1.027  -0.268   0.018   0.361   0.865  -0.131  -0.269  -0.515   0.470
  1957   1.776  -1.155   0.478   0.824   0.428   1.847  -0.977  -0.682  -0.026  -0.366   0.440  -1.108  -0.359   0.381  -0.343   0.303
  1958   2.875  -1.942   0.272  -0.302   1.052   0.791  -0.819   1.204   0.793   1.003   0.422   0.384   0.245  -0.157  -0.251   0.072
  1959  -2.860  -0.463   0.304  -0.107   1.504  -1.367   0.465  -0.623   1.085   1.040   0.892   0.253  -0.131  -0.383   0.262   0.085
  1960   2.425  -0.042  -0.210  -0.831  -1.654  -1.878   0.140  -0.967  -0.551  -0.731   0.100   0.892  -0.015   0.366   0.464   0.533
  1961   1.626  -1.274   0.845  -1.251  -1.691  -0.285   0.679   0.313  -0.418   0.308  -0.866   0.068  -0.421   0.748  -1.000  -0.262
  1962  -2.183  -1.933   0.518   0.948   0.386   0.310   0.566   0.577   0.323   0.909   0.092  -0.645  -0.461   0.597   0.633   0.794
  1963  -1.042  -0.596  -0.130  -1.703  -0.198   0.597   0.478  -0.773  -0.280   0.169   0.098  -0.821   0.756  -0.045  -0.447  -0.086
  1964  -2.073   0.369   2.065   0.294   0.583   0.526   0.473   0.363   0.344  -0.510  -1.040  -0.348  -0.536  -0.158   1.502  -0.452
  1965   1.234  -2.047   0.864   0.578  -1.169  -1.244  -0.846   2.156   0.480   0.602  -0.289   0.502   0.334   0.615   0.338   0.423
  1966  -6.541  -1.663  -0.710   0.465   1.094   0.741  -2.366  -0.098  -1.283   0.236   0.819   0.447   0.300   0.097   0.164  -0.632
  1967   2.424  -0.115  -1.258   0.410   2.366  -0.686   3.215  -0.280  -0.172   0.203  -0.162  -1.160  -0.548   0.308  -0.187  -0.123
  1968   1.860  -0.029  -0.347   1.007  -0.020  -1.041  -2.422   1.653   0.528   0.318   0.080  -0.903  -0.016  -0.235  -0.005  -0.166
  1969   0.562   0.450  -0.286   0.893   0.257   0.430   0.294  -0.033  -1.354   0.144   0.768   1.366  -0.881   0.321  -0.042   0.004
  1970   2.644   0.498   0.085   1.415   0.530   0.175  -0.895   0.327   0.085   0.295   1.075  -0.202   0.021  -0.900  -0.038  -0.379
  1971  -0.899  -0.599  -0.526  -0.249  -0.482   0.311   0.309   1.693   0.316  -0.926   0.525  -0.359  -0.123  -0.621  -0.463  -0.738
  1972   1.692  -0.250   0.568   2.164  -1.264  -1.055  -0.364  -1.472  -1.124   0.394  -0.210  -0.363   0.480  -0.231   0.775  -0.413
  1973   0.575   1.141  -0.273   0.754  -1.343   0.726   1.329   0.924  -0.503   0.661   0.182  -0.133  -0.616   0.435  -0.673  -0.317
  1974   0.749  -0.072  -0.131   1.791  -0.144  -1.047  -0.131  -1.617   2.002   0.373   0.657  -0.469   0.132   1.335   0.090  -0.196
  1975   1.168  -0.843  -0.288  -0.221  -0.700   1.996   0.902   0.256   0.553   0.633   1.492   0.720   1.165   0.481   0.795   0.100
  1976  -0.022   1.797  -0.524  -0.129  -1.121   1.352  -1.129  -0.414   0.016   0.634   0.324  -0.044  -0.630  -0.741  -0.242   0.429
  1977  -4.156  -1.088   0.371   3.386  -2.248  -1.979   1.801   0.223  -0.471  -0.730   0.497  -0.400   0.476  -1.029  -0.322  -0.026
  1978   1.625   1.112   1.674  -2.197  -0.139  -1.020   0.122   0.935  -2.044   0.009   1.561  -1.679  -0.006  -0.502   0.295   0.436
  1979  -1.183   0.609  -1.199   0.132  -0.641  -0.128   0.601  -0.447  -0.144   1.653  -1.214  -0.268  -0.002   0.545   0.328  -0.587
  1980  -2.478   0.866   4.360  -0.157   1.017  -1.081  -0.295   0.739   0.418  -1.493  -0.704   0.520   0.103   0.498  -0.255   0.033
  1981  -1.132   0.286   1.488  -1.362   1.903  -0.836  -0.439  -0.637   0.981   0.636  -0.034   0.594  -0.807  -0.377  -0.283  -0.001
  1982   0.366   2.698   0.749   1.111  -1.326   0.175  -0.607  -0.247   0.882   0.021  -0.026   0.608  -0.187   0.838  -0.874  -0.088
  1983  -0.851   0.613   0.302  -0.422  -0.142   1.288   1.279   0.632   0.368  -0.947  -0.637   0.678   0.270  -0.692   0.193  -0.083
  1984  -0.767   0.875   0.663   0.135   0.281   1.027  -0.074  -0.779  -1.389   1.447  -0.343   0.872   0.729  -0.406   0.051  -0.286
  1985   1.184   3.712   0.896   1.228   0.370   0.019   0.139   0.378  -0.398  -0.638   0.328  -0.214   0.183   0.343   0.664   0.109
  1986   0.131   2.197   0.370   0.187   0.865   0.139  -0.475   0.025   0.032   0.837  -0.570  -0.395   1.496   0.430  -0.387  -0.036
  1987  -3.392  -1.315  -1.568  -0.423  -0.472   0.873   0.626   0.958   0.536  -0.718  -0.082   0.115  -0.870   0.520   0.805   0.446
  1988   1.614  -0.497   1.899  -2.383  -0.416  -0.001  -0.091  -0.226  -0.081  -0.154  -0.279  -0.198   0.447  -0.478  -0.136  -0.383
  1989   1.779  -1.594   0.829  -1.136   0.719  -0.448  -0.191  -1.403  -0.457  -0.699  -0.582   0.481   0.610   0.207   0.268   0.442
  1990   1.170  -0.609  -0.908  -1.848  -0.662  -0.087   0.678   0.206  -0.244  -0.393   0.929  -0.189   1.035   0.235   0.244   0.033
  1991  -2.300   1.458   0.433   0.273   1.057   0.598   0.029   0.506  -0.838  -0.122  -0.193   0.324   0.292   0.271   0.162   0.247
  1992  -0.618  -0.158  -0.843  -0.192  -0.448   0.190  -1.388   0.242   0.171   0.104  -1.966  -1.163  -0.127  -0.003  -0.394   0.796
  1993   4.105  -0.316  -1.760  -0.959   1.015  -1.318   0.068   0.868   0.059  -0.519  -0.499   0.956  -0.425   0.193   0.451  -1.200
  1994  -0.588   0.019  -1.507  -0.146   1.954  -1.622   0.624   0.738  -0.782   1.040   0.094   0.210  -0.100   0.118  -0.417   0.373
  1995  -0.112   0.103  -0.745   0.188   0.783  -0.942  -1.019  -1.012  -0.732   0.073  -1.008  -0.351  -0.788  -0.365   0.155  -0.080
  1996  -1.031  -0.526  -0.541   0.162  -1.370   0.111   0.381   0.783  -0.121   0.313  -1.066   1.039   0.620  -0.196  -0.558   0.118
  1997   1.630  -1.591  -1.429   1.772   1.742   1.725  -0.382  -0.250  -1.370  -2.174  -0.655  -0.433   0.530   0.668  -0.397  -0.160
  1998   0.609   0.455  -3.193  -0.232  -0.107  -0.837  -0.347  -0.711   0.129  -0.401  -0.546   0.840   0.105  -1.223   0.249   0.605
  1999  -2.437   0.753  -0.733   0.439   1.379  -0.064   1.123  -0.014   0.846  -0.539   0.553   0.198   0.227  -0.387  -1.168   0.297
  2000   0.648  -0.341  -1.047   0.176  -0.187  -1.035  -1.479   0.265   0.292  -0.705   0.105   0.087   0.045  -0.295  -0.241   0.077
