caco_drop.rwl -- no data title --                         1st itrdb line missing     
caco_drop.rwl -- no data title --                         2nd itrdb line missing     
caco_drop.rwl -- no data title --                         3rd itrdb line missing     
caco_d18899990  09990  09990  09990  09990  09990  09990  09990  09990  01953  1  trn
caco_d18901680  12504  13006  13373  12987  23788  23368  23093  22668  22308  2  trn
caco_d19002137  22655  22662  23209  21284  3 793  3 777  3 928  32240  41461  5  trn
caco_d19101222  5 707  51483  51492  51270  51709  52273  61578  7 950  71345  7  trn
caco_d19201420  71502  71562  81103  91650  91258  91607  91433  91953  92140  9  trn
caco_d19301878  91793  92064  92185 102012 102242 102208 112096 112032 121747 12  trn
caco_d19402046 132112 131981 142013 141657 151916 151916 151997 151826 151855 15  trn
caco_d19501854 151816 151322 151523 151615 161955 162052 162088 162162 161716 16  trn
caco_d19601922 161891 171519 171479 171404 171556 171137 171599 181842 181836 18  trn
caco_d19702029 181792 181915 181877 181782 181826 181773 181392 181572 181446 18  trn
caco_d19801420 181400 181582 181518 181525 181571 181578 181139 181318 181437 18  trn
caco_d19901432 181272 181271 181667 181471 181448 181383 181557 181564 181246 18  trn
caco_d20001370 181493 181281 181125 181150 181249 18 878 18 894 17 862 17 779 15  trn
caco_d2010 675 14 811 13 721 13 676 11 552  8 567  6 408  4 366  29990  09990  0  trn
caco_drop.rwl -- no data title --                         1st itrdb line missing     
caco_drop.rwl -- no data title --                         2nd itrdb line missing     
caco_drop.rwl -- no data title --                         3rd itrdb line missing     
caco_d18899990  09990  09990  09990  09990  09990  09990  09990  09990  0 658  1  std
caco_d1890 595  1 767  1 875  1 955  11253  21592  21405  21287  21022  2 891  2  std
caco_d1900 778  21064  21048  21281  21211  3 945  3 991  3 853  3 968  41119  5  std
caco_d1910 956  5 808  5 852  5 982  5 996  51004  51240  61036  7 839  7 947  7  std
caco_d1920 799  7 729  7 915  8 676  91092  9 833  9 907  91141  91129  91288  9  std
caco_d19301007  91038  91157  91038 10 875 101092 101171 111033 111044 12 818 12  std
caco_d19401009 131117 131042 141042 14 868 151041 151082 151166 15 999 15 973 15  std
caco_d19501015 15 965 15 580 15 756 15 780 161083 161221 161232 161251 16 890 16  std
caco_d19601151 161183 17 859 17 794 17 688 17 846 17 465 17 923 181092 181135 18  std
caco_d19701252 181021 181204 181141 181030 181139 181039 18 737 181032 18 864 18  std
caco_d1980 873 18 864 181086 18 981 18 998 181058 181047 18 667 18 875 18 981 18  std
caco_d19901117 18 924 18 822 181260 181024 18 977 18 941 181073 181170 18 926 18  std
caco_d20001013 181231 181041 181090 181096 181100 18 824 18 822 17 917 17 867 15  std
caco_d2010 792 14 965 13 920 13 872 11 949  8 803  6 928  41010  29990  09990  0  std
caco_drop.rwl -- no data title --                         1st itrdb line missing     
caco_drop.rwl -- no data title --                         2nd itrdb line missing     
caco_drop.rwl -- no data title --                         3rd itrdb line missing     
caco_d18899990  09990  09990  09990  09990  09990  09990  09990  09990  0 746  1  res
caco_d1890 746  1 954  1 987  11015  11163  21409  21073  21041  2 859  2 890  2  res
caco_d1900 848  21209  21017  21243  21059  3 780  3 952  31002  3 993  41059  5  res
caco_d19101043  5 765  5 963  5 875  51006  51086  51225  6 808  7 896  71034  7  res
caco_d1920 856  71030  71036  8 801  91316  9 820  9 948  91169  91066  91192  9  res
caco_d1930 883  9 977  91129  91017 10 956 101145 101077 11 968 111055 12 810 12  res
caco_d19401095 131106 13 993 141011 14 801 151060 151032 151105 15 933 151007 15  res
caco_d1950 987 15 975 15 688 15 985 15 938 161184 161177 161132 161174 16 776 16  res
caco_d19601161 161102 17 831 17 870 17 817 17 993 17 619 171126 181156 181089 18  res
caco_d19701184 18 920 181123 181052 18 985 181075 18 980 18 798 181091 18 909 18  res
caco_d1980 919 18 933 181078 18 978 18 938 181077 181050 18 698 181040 181053 18  res
caco_d19901077 18 893 18 939 181344 18 953 18 985 18 957 181079 181061 18 874 18  res
caco_d20001016 181190 18 938 181040 181018 181036 18 814 18 940 17 971 17 914 15  res
caco_d2010 911 141043 13 962 13 913 11 918  8 892  6 956  41013  29990  09990  0  res
caco_drop.rwl -- no data title --                         1st itrdb line missing     
caco_drop.rwl -- no data title --                         2nd itrdb line missing     
caco_drop.rwl -- no data title --                         3rd itrdb line missing     
caco_d18899990  09990  09990  09990  09990  09990  09990  09990  09990  0 700  1  ars
caco_d1890 618  1 811  1 918  1 986  11158  21452  21254  21144  2 918  2 860  2  ars
caco_d1900 793  21131  21072  21266  21166  3 847  3 895  3 964  3 982  41055  5  ars
caco_d19101067  5 789  5 885  5 831  5 944  51067  51247  6 910  7 863  7 984  7  ars
caco_d1920 851  7 976  71029  8 812  91240  9 919  9 919  91138  91122  91237  9  ars
caco_d1930 982  9 973  91119  91067 10 986 101140 101134 111024 111067 12 837 12  ars
caco_d19401035 131122 131044 141031 14 813 15 992 151031 151119 15 984 151004 15  ars
caco_d1950 992 15 975 15 669 15 862 15 887 161141 161229 161222 161258 16 881 16  ars
caco_d19601116 161149 17 893 17 828 17 747 17 899 17 560 17 966 181143 181146 18  ars
caco_d19701238 181019 181131 181106 181030 181089 181018 18 804 181019 18 919 18  ars
caco_d1980 890 18 892 181039 18 997 18 940 181056 181074 18 722 18 937 181032 18  ars
caco_d19901091 18 932 18 915 181303 181078 181019 18 967 181069 181090 18 912 18  ars
caco_d2000 985 181183 181015 181048 181040 181054 18 835 18 878 17 926 17 888 15  ars
caco_d2010 869 14 996 13 963 13 901 11 881  8 847  6 899  4 977  29990  09990  0  ars
