  year  #   1
  1950   0.073
  1951  -0.206
  1952  -2.398
  1953  -1.518
  1954  -0.879
  1955   0.593
  1956   1.183
  1957   1.367
  1958   1.923
  1959  -0.081
  1960   0.950
  1961   1.041
  1962  -0.357
  1963  -0.718
  1964  -1.210
  1965  -0.112
  1966  -2.624
  1967   0.068
  1968   0.714
  1969   0.716
  1970   1.549
  1971   0.481
  1972   1.082
  1973   0.752
  1974   0.859
  1975   0.829
  1976   0.132
  1977  -1.470
  1978  -0.392
  1979  -0.856
  1980  -1.261
  1981  -1.144
  1982  -0.527
  1983  -0.652
  1984  -0.748
  1985   0.114
  1986   0.115
  1987  -1.421
  1988  -0.208
  1989   0.726
  1990   0.641
  1991  -0.608
  1992  -0.641
  1993   1.485
  1994   0.636
  1995   0.368
  1996  -0.167
  1997   1.150
  1998   0.856
  1999  -0.333
  2000   0.127
