  year  #   1       2       3       4       5       6       7       8       9      10      11      12      13      14      15      16      17      18      19      20      21      22      23      24      25      26
  1950   9.800  -1.629  -0.714  -2.087   1.058   0.634  -1.521   1.118   0.202   0.004   0.141   1.245  -0.420   0.214   0.098   0.348  -0.517   0.040   0.311  -0.055   0.087   0.236   0.149   0.198   0.046  -0.135
  1951   8.763  -1.463  -0.992  -2.037  -0.290  -0.631  -0.984   0.748  -0.341   0.282  -0.652   0.194  -0.127   0.350   0.501   0.265   0.348  -0.618  -0.253  -0.091   0.132  -0.127  -0.049  -0.244  -0.055   0.021
  1952   7.986  -3.040  -0.824  -1.232   0.128  -0.098   0.340  -0.295   0.036   0.376  -0.200  -0.857   0.257  -0.616  -0.359   0.502   0.339   0.231   0.152  -0.050  -0.205  -0.105  -0.131   0.274  -0.110   0.267
  1953   8.130  -1.045  -1.003  -0.776   0.063   0.229  -0.522  -0.078  -0.359   0.241  -0.416  -0.944   0.693  -0.002  -0.460  -1.074   0.307   0.018  -0.352   0.325  -0.162   0.199  -0.115   0.012  -0.010  -0.193
  1954   7.461  -0.106  -0.003   0.158   0.502  -0.009   0.648  -1.590  -0.317  -0.887   0.303  -0.533  -0.072  -0.030  -0.427  -0.241  -0.531   0.213  -0.066  -0.474   0.301  -0.095  -0.019  -0.065  -0.009  -0.019
  1955   6.184   1.121   1.144   0.588   0.501   0.270  -0.268  -0.352   0.072  -1.147  -0.124  -0.230  -0.569  -0.407   0.266   0.158  -0.037   0.010   0.516   0.083  -0.013  -0.199   0.075  -0.268   0.327   0.160
  1956   4.615   1.176   1.788   2.886  -0.157  -0.272   0.997  -0.808   0.507  -1.412   0.944   0.358  -0.474   0.752  -0.275   0.556  -0.261  -0.042  -0.176   0.445   0.029   0.273  -0.185   0.091  -0.044  -0.119
  1957   3.564   0.460   1.976   1.456  -0.136  -0.352   0.816  -0.288   0.118   0.357  -1.044  -0.330   0.239   0.682  -0.027   0.185  -0.101   0.441   0.042   0.162  -0.198   0.158   0.124  -0.024  -0.009   0.042
  1958   3.485   1.001   2.027   2.903  -1.411   0.536   1.786   0.771   0.108   0.886  -0.789   0.595   0.873   0.364   0.680  -0.291  -0.562  -0.121  -0.111  -0.163   0.111  -0.050  -0.128  -0.008   0.154   0.227
  1959   0.810  -2.354   0.829   1.816  -0.218  -1.128   0.611   0.194   0.225   0.953   0.514  -0.427   0.393  -0.002   0.292   0.039   0.192   0.213  -0.620   0.283  -0.268   0.243   0.314  -0.070   0.023   0.031
  1960   1.689  -0.682   0.850   2.891  -0.506  -0.487   0.760   0.803  -0.427   0.296   0.233   0.280  -0.754  -0.526   0.094  -0.531   0.383  -0.306   0.454   0.114  -0.090  -0.173   0.094   0.016   0.050  -0.145
  1961  -0.037  -1.633   1.395   2.125  -0.136  -0.653   0.133   1.077   0.268  -0.167   0.363  -0.329  -0.225  -0.944  -0.247   0.144   0.126   0.135   0.162  -0.349   0.390  -0.078   0.181   0.016  -0.366  -0.147
  1962  -1.337  -1.921   0.627   2.023   0.437   0.195   0.253   0.711   0.802  -0.175   0.539  -0.052   0.216  -0.007   0.205   0.021  -0.074  -0.030  -0.183  -0.186  -0.075  -0.037   0.152  -0.216  -0.329  -0.041
  1963  -2.096  -2.417  -0.726   1.949   0.679  -0.006  -0.444   0.667   0.800  -0.718  -0.290   0.332  -0.556  -0.311   0.250  -0.338  -0.069   0.535  -0.167  -0.352  -0.259  -0.119  -0.324   0.326   0.037   0.053
  1964  -2.598  -1.809  -1.415   2.552   0.241   0.552  -0.131   0.506  -0.510  -0.135  -0.496   0.903  -0.384  -0.380  -0.565   0.045   0.154  -0.859  -0.194   0.492  -0.085   0.048  -0.114  -0.049   0.229  -0.057
  1965  -1.346  -0.184  -0.275   1.748   1.866   0.475   0.453  -0.116  -0.520   0.609   0.116   1.022   0.012   0.030  -0.345  -0.116   0.810   0.465   0.429  -0.365  -0.086  -0.171  -0.218  -0.013   0.200   0.044
  1966  -4.783  -3.375  -1.119  -0.131   2.264  -0.770  -0.890  -0.585   0.657   0.067   0.466  -0.518  -0.743   0.341   0.477  -0.074   0.237  -0.138  -0.217   0.055  -0.021   0.421   0.020   0.022   0.202   0.071
  1967  -2.234   0.331  -0.800   0.614   3.148   1.506  -1.076  -0.060   0.176   0.331  -0.880   0.307   0.202   0.386  -0.606  -0.452  -0.680   0.128   0.000   0.070  -0.038  -0.230   0.495  -0.200  -0.142  -0.120
  1968  -1.410   1.070   0.337   0.800   2.003   1.037  -1.140  -0.066  -0.650   0.302   0.001   0.391   0.352   0.330  -0.367   0.657   0.195   0.300  -0.306   0.021   0.021  -0.109  -0.099  -0.121  -0.043   0.139
  1969  -0.928   1.976   0.422   0.934   0.950   0.378  -1.430  -0.811   0.626   0.608   0.074  -0.577   0.429  -0.010   0.883   0.482  -0.077  -0.297   0.333   0.051   0.199   0.063   0.093   0.327   0.003   0.020
  1970  -0.154   3.629  -0.082   1.336  -0.259   0.564  -1.844  -1.517   0.060   0.375   0.021  -0.469  -0.934  -0.513   0.052   0.217  -0.096  -0.004  -0.288  -0.293  -0.268   0.381  -0.362  -0.206  -0.125  -0.014
  1971  -2.384   0.603  -0.811   1.661  -0.567  -1.124  -1.197   0.128  -0.549   0.556  -0.480  -0.616   0.392  -0.638  -0.010   0.204  -0.295   0.069   0.471   0.227   0.408   0.231   0.102  -0.356  -0.048   0.074
  1972  -0.112   1.601  -0.593   0.540  -1.358  -0.480  -1.775   0.590  -1.058  -0.010   0.174  -0.204   0.334  -0.028   0.623   0.063   0.199   0.328  -0.361  -0.079  -0.288  -0.486   0.143   0.018   0.226  -0.192
  1973  -1.459   0.262  -0.894   0.547  -1.395  -1.146  -0.708   0.545  -0.855   0.583   0.166   0.087   0.214   0.304  -0.718   0.294   0.288   0.110  -0.153  -0.138   0.250   0.036  -0.053   0.071  -0.186   0.073
  1974  -1.974  -0.259  -1.766   0.306  -1.370  -0.850  -1.108   0.477   0.107   0.539  -0.173  -0.069   0.106   0.465  -0.211   0.385  -0.315  -0.115   0.334   0.261   0.039  -0.171  -0.481   0.160  -0.099  -0.002
  1975  -0.874   1.765  -1.352   0.462  -1.666  -0.595  -1.479   0.171   0.634  -0.295   0.209   0.010  -0.361   0.236  -0.226  -0.473  -0.090   0.040  -0.050   0.009  -0.226  -0.037   0.352   0.278   0.016   0.450
  1976   0.966   3.057  -1.744  -0.031  -1.518   0.651   0.301   0.663  -0.932  -0.009   1.332   0.338  -0.183   0.821  -0.495  -0.220   0.368   0.319   0.061  -0.179   0.043   0.305   0.206   0.064   0.041  -0.088
  1977  -1.466  -0.897  -2.176   0.150  -1.716   0.513   0.329   0.601   0.672  -0.086   0.585  -0.556   0.240   0.114  -0.036  -0.140  -0.677  -0.708   0.052  -0.526  -0.199   0.165  -0.099  -0.132   0.098  -0.162
  1978   1.161   3.246  -2.686  -0.401  -0.291   1.537   0.948   0.209  -0.585  -0.223  -0.164  -0.022  -0.775  -0.696   0.587  -0.132  -0.143  -0.050  -0.187   0.282   0.145  -0.173   0.225   0.170  -0.122  -0.014
  1979  -2.849  -0.899  -2.351  -0.303  -0.150   0.757   1.188   0.211  -0.151  -0.846   0.026  -0.869  -0.164   0.135   0.439  -0.198   0.193   0.518  -0.152   0.262   0.490  -0.081   0.067   0.131   0.052   0.032
  1980  -2.222   0.413  -3.241   0.310   0.220   2.013   1.160  -0.078   0.162  -1.262  -0.363  -0.618   1.108  -0.347  -0.133   0.509   0.252  -0.223  -0.118  -0.219  -0.149   0.043  -0.067  -0.170   0.114   0.031
  1981  -1.315   0.141  -1.536  -0.534  -0.551   1.041   0.349  -0.474   2.351   0.260  -0.405   0.726   0.571   0.444   0.049   0.072   0.268   0.015  -0.083   0.007   0.148  -0.120   0.043   0.116  -0.085  -0.065
  1982  -0.149   0.606  -0.339  -1.026  -0.525  -0.448   0.740  -0.901   1.108   0.231  -0.205   0.152  -0.573   0.355   0.332   0.102   0.473   0.283   0.040  -0.053   0.067  -0.280  -0.074  -0.341  -0.047  -0.092
  1983  -0.527  -0.676  -0.797  -0.935  -0.579  -1.319   0.794  -1.680   0.206   0.371   0.035   0.074  -0.165   0.298  -0.269  -0.031   0.586  -0.213   0.251  -0.077   0.280   0.109   0.267  -0.247   0.180   0.048
  1984  -1.505  -0.804  -0.764  -1.212  -1.658  -0.510   0.501  -1.710   0.507   0.698   0.110   0.571   0.184  -0.497  -0.010   0.465  -0.158   0.278   0.368   0.165  -0.384  -0.178   0.145   0.158   0.016  -0.350
  1985  -0.217   0.393   0.013  -1.997  -0.099  -1.082  -0.441  -0.735   0.314   0.434   0.879   1.319   0.518  -0.753   0.218  -0.960  -0.475   0.299  -0.311  -0.073   0.156   0.051  -0.282  -0.236   0.049   0.102
  1986   0.398   1.046   0.809  -0.785   1.429   0.411   0.215  -0.187   0.282   0.523   1.929  -0.031   1.025  -0.485  -0.150  -0.049   0.004  -0.390   0.302   0.345   0.055  -0.222  -0.001   0.105   0.049   0.132
  1987  -2.429  -0.756  -1.174  -0.687   1.178  -0.627   1.032  -0.283  -0.577   0.126   0.472  -0.428  -0.543   0.495   0.067  -0.494  -0.526  -0.082   0.121   0.408   0.159  -0.244  -0.294   0.010  -0.191   0.087
  1988  -2.441  -0.223  -0.533  -0.568   1.546  -0.597   1.419  -0.099  -1.600   0.815   0.233  -0.393   0.101   0.688   0.489   0.150  -0.366  -0.194   0.351  -0.318  -0.346  -0.022  -0.090   0.025  -0.053  -0.068
  1989  -0.508   1.722   0.411  -0.848   1.017  -1.823   0.903  -1.164  -0.998  -0.700  -0.647   0.538   0.047  -0.257   0.192   0.088   0.090  -0.309  -0.467   0.047  -0.366  -0.231   0.008   0.143  -0.242  -0.030
  1990  -0.817   1.846   0.432  -1.233   0.814  -0.652   0.418   0.659  -0.001  -0.700  -0.308   1.118   0.508  -0.364   0.494   0.044   0.602  -0.231  -0.142   0.010   0.281   0.498  -0.044   0.052  -0.186  -0.009
  1991  -3.736  -0.875  -0.237  -1.959  -0.049  -1.689   0.883   0.663  -0.443  -0.728  -0.280   0.429  -0.399   0.111  -0.130   0.376  -0.381  -0.204  -0.001  -0.355  -0.062   0.030   0.312  -0.001   0.029   0.203
  1992  -2.027   2.143  -0.234  -1.948   0.348  -0.195   1.460   1.405   0.296   0.484  -1.168  -0.241  -0.207  -0.455  -0.429  -0.008  -0.215   0.476   0.296   0.146   0.011   0.468  -0.230   0.065   0.103  -0.055
  1993  -1.111   2.644   1.773  -2.240   0.888  -1.453  -0.184   2.255   1.251  -0.852   0.412  -0.694   0.101   0.089  -0.153  -0.012   0.116   0.150   0.192   0.220  -0.544  -0.104  -0.037  -0.278   0.019  -0.034
  1994  -1.778   1.583   2.966  -1.124   0.677  -0.702   0.382   0.044   0.481   0.663  -0.167  -0.593  -0.184  -0.347  -0.904   0.250  -0.207  -0.428  -0.690  -0.251   0.348  -0.237   0.065   0.332   0.334  -0.107
  1995  -2.343   0.797   2.054   0.019  -0.188  -0.291  -0.825  -0.759   0.262  -0.003  -1.123  -0.504  -0.284   0.411   0.099  -0.862   0.353  -0.330   0.364  -0.185   0.119   0.076   0.013   0.213  -0.035  -0.102
  1996  -3.478  -1.697   2.453  -0.745   0.036   0.052  -1.144  -0.039  -1.126  -1.401   0.156  -0.194   0.993   0.167   0.465  -0.031  -0.010   0.290   0.137  -0.061   0.233   0.202  -0.055   0.153   0.147  -0.191
  1997  -3.628  -2.459   1.717  -0.863  -1.957   0.993  -0.350  -1.337  -0.649  -0.888  -0.416   0.576   0.316  -0.338  -0.341  -0.092  -0.312   0.050   0.210   0.189  -0.368   0.253   0.170  -0.002  -0.064   0.136
  1998  -2.304  -0.815   2.383  -1.116  -1.422   1.075  -0.832   0.140   0.075  -0.993  -0.133  -0.036   0.102   0.477  -0.296  -0.206   0.320  -0.323   0.138   0.073   0.141  -0.453  -0.229  -0.091  -0.140   0.056
  1999  -3.223  -2.155   1.556  -1.603  -1.347   1.082  -0.099   0.360  -0.299   0.562  -0.024   0.056  -0.727  -0.038   0.151   0.483  -0.379   0.473  -0.423   0.243   0.285  -0.159  -0.068  -0.214   0.139  -0.043
  2000  -1.213  -0.456   3.221  -2.355  -0.472   3.489   0.574   0.299  -0.415   1.107   0.514  -0.287  -0.705  -0.070   0.187  -0.073   0.347  -0.216  -0.017  -0.102  -0.228   0.203   0.037   0.004  -0.145   0.098
