 % variance  0.314
 cumulative  0.314
 series_id   #  1
  112323     0.642
  10122      0.236
  162575     0.559
  10010      0.329
  12354      0.634
  30315      0.387
  200577     0.724
  10296      0.501
  161554     0.004
  190483     0.653
  172637     0.630
  201261     0.673
  30226      0.552
  202941     0.685
  192588     0.672
  172453     0.757
  202585     0.808
  152623     0.762
  80694      0.401
  122295     0.616
  40024A     0.162
  162355     0.087
  131360     0.464
  72424      0.296
  180906     0.669
