 eigenvalue 11.372   2.712   2.240   2.107   1.256   1.000   0.872   0.655   0.471   0.416   0.332   0.315   0.249   0.185   0.154   0.140   0.107   0.098   0.083   0.059   0.055   0.043   0.036   0.026   0.019
 eval sderr  2.252   0.537   0.444   0.417   0.249   0.198   0.173   0.130   0.093   0.082   0.066   0.062   0.049   0.037   0.030   0.028   0.021   0.019   0.017   0.012   0.011   0.008   0.007   0.005   0.004
 % variance  0.455   0.108   0.090   0.084   0.050   0.040   0.035   0.026   0.019   0.017   0.013   0.013   0.010   0.007   0.006   0.006   0.004   0.004   0.003   0.002   0.002   0.002   0.001   0.001   0.001
 cumulative  0.455   0.563   0.653   0.737   0.787   0.827   0.862   0.889   0.907   0.924   0.937   0.950   0.960   0.967   0.973   0.979   0.983   0.987   0.991   0.993   0.995   0.997   0.998   0.999   1.000
 brokn stck  3.816   2.816   2.316   1.983   1.733   1.533   1.366   1.223   1.098   0.987   0.887   0.796   0.713   0.636   0.564   0.498   0.435   0.376   0.321   0.268   0.218   0.171   0.125   0.082   0.040
 series_id   #  1       2       3       4       5       6       7       8       9      10      11      12      13      14      15      16      17      18      19      20      21      22      23      24      25
  112323     0.080   0.473   0.052  -0.106  -0.035   0.160  -0.214  -0.463  -0.083   0.056   0.231  -0.182  -0.273  -0.313   0.065  -0.080  -0.029   0.072  -0.220  -0.273  -0.148   0.179   0.048   0.068   0.013
  10122      0.160  -0.066   0.107   0.092  -0.169   0.736  -0.120  -0.030   0.067   0.202  -0.044   0.159   0.276  -0.168  -0.020   0.060   0.020  -0.054   0.240   0.104  -0.126  -0.122  -0.148   0.229   0.085
  162575     0.238  -0.081   0.134   0.145  -0.274   0.032  -0.285   0.122  -0.041  -0.054   0.080   0.107  -0.263   0.243  -0.029   0.022   0.453  -0.260   0.158  -0.110  -0.055   0.221   0.375  -0.210   0.169
  10010     -0.100   0.465  -0.130  -0.231  -0.035  -0.081   0.117   0.237   0.315  -0.012  -0.020   0.086   0.306   0.005  -0.184  -0.083   0.258  -0.008  -0.095   0.102  -0.002   0.269   0.026   0.209   0.427
  12354      0.186   0.067  -0.135  -0.395   0.058   0.158  -0.092  -0.314  -0.089  -0.348   0.044  -0.246   0.232   0.159  -0.267   0.214   0.047   0.045   0.154   0.171   0.290  -0.186   0.143  -0.260   0.018
  30315      0.086   0.379   0.003  -0.010   0.364   0.300  -0.014   0.543  -0.193   0.027  -0.028  -0.301  -0.196   0.254   0.044   0.070  -0.159  -0.095   0.019   0.082  -0.118  -0.030   0.090   0.036  -0.162
  200577     0.248   0.001  -0.129   0.060  -0.218   0.115   0.216   0.013   0.303  -0.032  -0.382  -0.155   0.065   0.132  -0.006  -0.075   0.067   0.513  -0.080  -0.246  -0.225   0.029   0.235  -0.083  -0.270
  10296      0.246  -0.113  -0.064  -0.011   0.103  -0.136  -0.003   0.239  -0.183   0.382   0.320  -0.213   0.402  -0.318   0.188  -0.082   0.046   0.163   0.020  -0.105  -0.010  -0.070   0.196  -0.302   0.175
  161554    -0.034   0.279   0.393   0.379   0.032  -0.080   0.137   0.045   0.097  -0.344  -0.031   0.128   0.029  -0.290  -0.154   0.096  -0.310   0.084   0.247  -0.022  -0.058  -0.150   0.221  -0.224   0.204
  190483     0.265  -0.128   0.113   0.138   0.074   0.057   0.125  -0.027   0.165   0.030   0.157   0.023   0.000   0.060  -0.054  -0.008  -0.145  -0.124  -0.416  -0.039   0.418  -0.165   0.442   0.433   0.034
  172637     0.221   0.198  -0.135   0.168   0.147  -0.092  -0.196  -0.094   0.286   0.398   0.032   0.195  -0.257   0.035  -0.134  -0.179  -0.056   0.240   0.217   0.393   0.298   0.040  -0.053  -0.157  -0.111
  201261     0.262  -0.086   0.066  -0.120   0.104   0.038   0.121  -0.011  -0.063  -0.178   0.319   0.268  -0.199   0.329   0.171  -0.010  -0.031   0.414  -0.105   0.066  -0.248  -0.176  -0.217   0.035   0.405
  30226      0.188   0.035  -0.299  -0.184   0.061   0.218   0.407   0.040  -0.192  -0.141  -0.093   0.410  -0.122  -0.190   0.060  -0.385  -0.087  -0.236   0.069  -0.173   0.171   0.102   0.040  -0.211  -0.038
  202941     0.218   0.050   0.063  -0.261  -0.215  -0.172   0.216   0.087  -0.294   0.258  -0.181   0.199  -0.211  -0.253  -0.201   0.557   0.020   0.071  -0.075   0.174  -0.068   0.011   0.069   0.094  -0.058
  192588     0.239   0.042  -0.162  -0.009   0.217  -0.259  -0.124  -0.291  -0.027   0.158  -0.149   0.177   0.264   0.260  -0.056   0.008  -0.328  -0.300   0.133  -0.072  -0.459   0.034   0.186   0.118   0.034
  172453     0.270  -0.057   0.072   0.002  -0.114  -0.168   0.089   0.100  -0.106  -0.170   0.285  -0.153   0.060   0.014  -0.154  -0.060  -0.121   0.128   0.471  -0.175   0.131   0.384  -0.184   0.409  -0.185
  202585     0.260   0.050   0.019  -0.074  -0.254  -0.175  -0.016   0.130   0.111   0.056  -0.051  -0.248  -0.162  -0.055  -0.364  -0.300   0.006  -0.262  -0.035  -0.140  -0.099  -0.523  -0.315  -0.012   0.091
  152623     0.185   0.317  -0.063  -0.068  -0.314  -0.193  -0.229   0.123   0.084  -0.234   0.042   0.196   0.165  -0.037   0.584   0.071  -0.001  -0.083   0.013   0.102   0.086  -0.250  -0.031   0.082  -0.285
  80694      0.147  -0.029   0.418  -0.134   0.149  -0.037  -0.424   0.137  -0.256  -0.102  -0.302   0.234   0.224  -0.019  -0.189  -0.265  -0.008   0.182  -0.301  -0.052   0.104   0.137  -0.119  -0.041  -0.108
  122295     0.249  -0.052   0.133   0.137  -0.218  -0.012   0.186  -0.137  -0.116  -0.081  -0.209  -0.360   0.021  -0.007   0.224  -0.194  -0.154  -0.148  -0.159   0.546  -0.039   0.309  -0.079  -0.076   0.194
  40024A     0.241  -0.101  -0.031   0.138   0.326  -0.005   0.087   0.007   0.243  -0.261   0.270   0.054   0.066  -0.261  -0.167   0.103   0.319  -0.168  -0.220   0.210  -0.315   0.093  -0.133  -0.081  -0.360
  162355     0.006   0.344   0.027   0.454  -0.061  -0.020   0.292  -0.201  -0.399   0.141   0.063   0.075   0.253   0.307  -0.097   0.019   0.301  -0.002  -0.106  -0.081   0.122  -0.111  -0.189  -0.042  -0.119
  131360     0.184   0.018   0.296  -0.099   0.441  -0.104   0.153  -0.170   0.117   0.058  -0.361  -0.128  -0.086  -0.086   0.325   0.058   0.388  -0.062   0.267  -0.154   0.139  -0.097  -0.095   0.144   0.126
  72424     -0.024   0.054   0.503  -0.326  -0.107   0.063   0.248  -0.031   0.318   0.259   0.225   0.053   0.098   0.260   0.056   0.063  -0.176  -0.186  -0.037  -0.106   0.028   0.137  -0.100  -0.324  -0.202
  180906     0.241  -0.012  -0.241   0.223   0.037   0.045  -0.147   0.090   0.170  -0.039  -0.128  -0.029   0.014   0.015   0.041   0.442  -0.211  -0.092  -0.194  -0.335   0.237   0.222  -0.389  -0.205   0.232
