 eigenvalue  8.149   2.900   2.379   2.088   1.659   1.314   1.083   0.949   0.824   0.694   0.662   0.622   0.475   0.384   0.311   0.257   0.227   0.209   0.180   0.149   0.131   0.101   0.096   0.064   0.059   0.035
 eval sderr  1.614   0.574   0.471   0.413   0.329   0.260   0.214   0.188   0.163   0.137   0.131   0.123   0.094   0.076   0.062   0.051   0.045   0.041   0.036   0.029   0.026   0.020   0.019   0.013   0.012   0.007
 % variance  0.313   0.112   0.091   0.080   0.064   0.051   0.042   0.036   0.032   0.027   0.025   0.024   0.018   0.015   0.012   0.010   0.009   0.008   0.007   0.006   0.005   0.004   0.004   0.002   0.002   0.001
 cumulative  0.313   0.425   0.516   0.597   0.661   0.711   0.753   0.789   0.821   0.848   0.873   0.897   0.915   0.930   0.942   0.952   0.961   0.969   0.976   0.981   0.986   0.990   0.994   0.996   0.999   1.000
 brokn stck  3.854   2.854   2.354   2.021   1.771   1.571   1.404   1.262   1.137   1.025   0.925   0.835   0.751   0.674   0.603   0.536   0.474   0.415   0.359   0.307   0.257   0.209   0.164   0.120   0.078   0.038
 series_id   #  1       2       3       4       5       6       7       8       9      10      11      12      13      14      15      16      17      18      19      20      21      22      23      24      25      26
  112323     0.223   0.286   0.065  -0.117  -0.079   0.192  -0.064   0.260   0.018  -0.272  -0.079  -0.192   0.207   0.128   0.220  -0.065   0.405  -0.057  -0.118  -0.017  -0.205  -0.082  -0.436  -0.258  -0.078  -0.117
  10122      0.079   0.053   0.003  -0.330   0.295   0.520   0.244  -0.039   0.281   0.021   0.090   0.161  -0.154  -0.146  -0.166  -0.055   0.171  -0.184   0.211   0.041   0.088   0.126   0.054   0.160  -0.317  -0.117
  162575     0.197  -0.065  -0.345  -0.049  -0.175   0.279   0.045  -0.043  -0.186  -0.051   0.202   0.293   0.138   0.369  -0.118  -0.075  -0.198   0.011   0.029   0.443  -0.180  -0.081   0.041  -0.021   0.250  -0.210
  10010      0.113   0.323   0.124  -0.285  -0.165  -0.335   0.172  -0.238  -0.048  -0.067  -0.186   0.033  -0.115  -0.179  -0.302   0.153  -0.124   0.112  -0.017  -0.061  -0.293  -0.036  -0.056   0.107  -0.004  -0.473
  12354      0.219  -0.091   0.305  -0.081   0.002   0.242  -0.197   0.140  -0.139  -0.111  -0.297  -0.105   0.364  -0.107  -0.215  -0.166  -0.059  -0.037   0.019  -0.139  -0.227   0.153   0.320   0.308   0.236   0.163
  30315      0.135   0.305   0.241  -0.157  -0.058  -0.114  -0.144  -0.216   0.341   0.314   0.084  -0.080   0.370   0.289  -0.124  -0.068  -0.118   0.054  -0.062   0.151   0.225   0.111   0.187  -0.283  -0.156   0.088
  200577     0.259  -0.168  -0.135  -0.113   0.279  -0.010   0.053  -0.158  -0.038   0.112  -0.091  -0.209  -0.179   0.067  -0.166   0.143  -0.293  -0.291  -0.013  -0.095  -0.285   0.236  -0.287  -0.347   0.086   0.301
  10296      0.175  -0.182   0.090   0.160  -0.093  -0.107  -0.026  -0.072   0.699  -0.221  -0.065   0.347   0.020  -0.106   0.165   0.119  -0.004  -0.157  -0.100   0.032  -0.066   0.073  -0.079   0.048   0.327  -0.027
  161554     0.006   0.462  -0.251   0.112   0.165  -0.023  -0.235  -0.049  -0.074   0.090   0.038   0.135  -0.039  -0.047   0.149  -0.072   0.110   0.112   0.333  -0.155   0.054   0.520  -0.040   0.020   0.347  -0.080
  190483     0.231  -0.052  -0.034   0.268   0.374   0.079   0.036  -0.118   0.075  -0.149   0.132   0.014   0.028  -0.039   0.163  -0.161  -0.189   0.566  -0.235  -0.122  -0.269   0.058   0.116  -0.053  -0.284  -0.103
  172637     0.217   0.261   0.097  -0.013  -0.163   0.057   0.200   0.099   0.089  -0.315   0.171  -0.248  -0.435   0.259   0.138  -0.066  -0.189  -0.061   0.140  -0.224   0.092  -0.149   0.368  -0.048   0.169   0.111
  201261     0.235  -0.086   0.224   0.023   0.068  -0.098   0.063   0.134  -0.248  -0.006   0.590   0.077   0.215  -0.012   0.012   0.276  -0.056  -0.251  -0.189  -0.265   0.191   0.187  -0.071   0.118   0.002  -0.225
  30226      0.193  -0.192   0.270  -0.211   0.222  -0.197   0.045   0.132   0.029   0.211   0.206   0.104  -0.114   0.129  -0.146  -0.046   0.302   0.407   0.285   0.010  -0.054  -0.254  -0.170   0.026   0.299   0.157
  202941     0.237  -0.122  -0.055  -0.026  -0.145  -0.294   0.319   0.185  -0.072   0.348  -0.084   0.053  -0.124   0.001   0.257  -0.326   0.274  -0.170  -0.148   0.127  -0.203   0.290   0.280  -0.009  -0.102  -0.043
  192588     0.231  -0.045   0.205   0.242  -0.201   0.101   0.028   0.327  -0.029  -0.014  -0.041  -0.142  -0.171  -0.370  -0.175   0.011  -0.192   0.203   0.134   0.404   0.271   0.236  -0.149  -0.217  -0.017  -0.091
  172453     0.269  -0.144  -0.163   0.087  -0.043  -0.246  -0.146   0.030  -0.030  -0.117  -0.051   0.185   0.215  -0.114  -0.013  -0.216  -0.105  -0.195   0.567  -0.225   0.042  -0.246   0.033  -0.199  -0.314  -0.089
  202585     0.285  -0.080  -0.198   0.001  -0.125  -0.097   0.060  -0.111  -0.012  -0.135  -0.231   0.014  -0.070   0.304  -0.194  -0.232   0.025   0.128  -0.176  -0.151   0.442   0.150  -0.330   0.385  -0.120   0.106
  152623     0.269   0.098  -0.151  -0.155  -0.253  -0.005  -0.055  -0.077  -0.128  -0.108   0.029   0.200   0.017  -0.145   0.139   0.533   0.155   0.196   0.049   0.100  -0.063   0.065   0.142   0.068  -0.247   0.486
  80694      0.138   0.122   0.034   0.296  -0.348   0.324  -0.152  -0.133  -0.012   0.405   0.100   0.213  -0.208  -0.151  -0.230  -0.119   0.115  -0.032  -0.200  -0.354  -0.107  -0.214  -0.066  -0.110   0.015   0.066
  122295     0.219  -0.046  -0.320   0.043   0.256   0.016  -0.086   0.258   0.066   0.129  -0.311  -0.068  -0.011   0.068  -0.172   0.383   0.191   0.042  -0.181  -0.109   0.240  -0.171   0.328  -0.172   0.124  -0.283
  40024A     0.054   0.173   0.360   0.086   0.329  -0.070  -0.114  -0.127  -0.334  -0.225  -0.212   0.471  -0.218   0.069   0.000  -0.095   0.063  -0.196  -0.183   0.207   0.153  -0.079   0.071  -0.189  -0.019   0.086
  180644     0.200  -0.038  -0.145  -0.046   0.083  -0.152  -0.520  -0.232   0.040  -0.105   0.295  -0.356  -0.210  -0.213  -0.075  -0.157   0.207  -0.169  -0.116   0.301  -0.026  -0.107   0.087   0.190  -0.004  -0.055
  162355     0.031   0.380  -0.208  -0.127   0.183  -0.145  -0.025   0.500   0.120   0.137   0.063   0.159   0.039  -0.197  -0.014  -0.135  -0.365  -0.078  -0.211   0.071  -0.039  -0.241  -0.122   0.225  -0.012   0.236
  131360     0.158   0.147   0.188   0.461   0.123   0.031  -0.011  -0.013   0.024   0.269  -0.147  -0.136  -0.044   0.299   0.128   0.273  -0.045  -0.158   0.254   0.190  -0.174  -0.119  -0.109   0.416  -0.178  -0.075
  72424      0.099   0.204  -0.130   0.307   0.134  -0.045   0.542  -0.280  -0.053  -0.080   0.056  -0.165   0.335  -0.273  -0.141  -0.067   0.205  -0.080   0.007   0.110   0.107  -0.186   0.017  -0.017   0.223   0.194
  180906     0.234  -0.072   0.058  -0.287   0.013   0.191   0.002  -0.269  -0.135   0.261  -0.177  -0.067   0.037  -0.227   0.579  -0.031  -0.223   0.043  -0.015  -0.005   0.262  -0.225  -0.097   0.047   0.188  -0.125
