juni_drop.rwl -- no data title --                         1st itrdb line missing     
juni_drop.rwl -- no data title --                         2nd itrdb line missing     
juni_drop.rwl -- no data title --                         3rd itrdb line missing     
juni_d18802850  13060  12731  12358  12965  13149  12720  13147  13156  14923  1  trn
juni_d18904346  15747  24961  24677  24415  24935  24564  24630  24374  33837  3  trn
juni_d19003878  34191  33146  35550  34668  44690  44362  44010  54323  54038  5  trn
juni_d19104067  63635  63967  64124  73853  94280 114601 123954 123209 133804 13  trn
juni_d19203479 133430 133776 132986 142970 152840 163234 163422 163934 173214 18  trn
juni_d19302246 193473 193105 193661 203418 213372 223685 223785 223326 223279 22  trn
juni_d19403545 223666 223574 222991 233011 233483 242587 253003 252880 252978 25  trn
juni_d19503128 262914 262882 262913 262868 262870 272655 272592 272779 281972 28  trn
juni_d19602197 281934 281789 291454 291516 291879 291103 301892 301990 302233 30  trn
juni_d19702394 301809 302159 301822 301612 302040 302322 301727 302357 301421 30  trn
juni_d19801608 301886 312040 311822 311804 312048 312292 311624 311703 312040 31  trn
juni_d19901970 311159 311828 312121 311885 311856 311447 311315 311742 311324 31  trn
juni_d20001881 312010 291843 291849 272343 262071 262169 262418 262549 262783 25  trn
juni_d20103271  29990  09990  09990  09990  09990  09990  09990  09990  09990  0  trn
juni_drop.rwl -- no data title --                         1st itrdb line missing     
juni_drop.rwl -- no data title --                         2nd itrdb line missing     
juni_drop.rwl -- no data title --                         3rd itrdb line missing     
juni_d1880 842  1 896  1 803  1 703  1 860  1 907  1 787  1 900  1 900  11438  1  std
juni_d18901248  11088  2 875  2 810  2 733  2 917  2 819  2 879  2 940  3 784  3  std
juni_d1900 978  31284  3 776  31419  31019  41080  4 957  4 982  51078  5 936  5  std
juni_d19101220  6 851  61206  61310  7 953  91040 111422 121030 12 737 131065 13  std
juni_d1920 949 13 820 131104 13 798 14 910 15 682 16 842 16 992 161316 17 873 18  std
juni_d1930 485 191107 19 992 191098 20 899 21 945 221180 221204 221014 22 979 22  std
juni_d19401169 221261 221251 22 961 23 913 231174 24 686 25 994 25 950 251140 25  std
juni_d19501295 261150 261144 261268 261307 261208 271126 271054 271140 28 745 28  std
juni_d1960 951 28 799 28 702 29 643 29 642 29 847 29 423 30 880 30 968 301026 30  std
juni_d19701101 30 855 301050 30 898 30 840 301056 301202 30 839 301236 30 719 30  std
juni_d1980 873 301034 311149 311062 31 926 311098 311249 31 846 31 837 311157 31  std
juni_d19901118 31 737 311010 311175 311072 31 962 31 783 31 736 31 935 31 752 31  std
juni_d20001052 311055 29 968 29 898 271065 26 919 26 926 261070 261153 261246 25  std
juni_d2010 757  29990  09990  09990  09990  09990  09990  09990  09990  09990  0  std
juni_drop.rwl -- no data title --                         1st itrdb line missing     
juni_drop.rwl -- no data title --                         2nd itrdb line missing     
juni_drop.rwl -- no data title --                         3rd itrdb line missing     
juni_d1880 875  1 931  1 830  1 727  1 923  1 959  1 810  1 944  1 938  11478  1  res
juni_d18901219  11085  2 874  2 873  2 825  21022  2 868  2 928  21009  3 844  3  res
juni_d19001031  31263  3 748  31394  3 931  41026  4 948  4 989  51033  51000  5  res
juni_d19101192  6 898  61232  61257  7 886  91021 111363 12 958 12 721 131156 13  res
juni_d1920 982 13 821 131118 13 739 14 950 15 730 16 958 161077 161340 17 802 18  res
juni_d1930 535 191336 191019 191110 20 890 21 947 221189 221162 22 927 22 937 22  res
juni_d19401165 221210 221091 22 827 23 899 231197 24 684 251094 251052 251164 25  res
juni_d19501245 261081 261070 261197 261200 261086 271082 27 955 271106 28 730 28  res
juni_d1960 964 28 868 28 775 29 730 29 753 29 981 29 497 301044 301098 301113 30  res
juni_d19701149 30 842 301088 30 950 30 867 301119 301199 30 769 301196 30 727 30  res
juni_d1980 922 301076 311129 311026 31 889 311105 311210 31 801 31 866 311199 31  res
juni_d19901116 31 690 311057 311217 311025 31 943 31 825 31 801 311014 31 802 31  res
juni_d20001118 311086 29 922 29 904 271116 26 941 26 966 261076 261123 261179 25  res
juni_d2010 785  29990  09990  09990  09990  09990  09990  09990  09990  09990  0  res
juni_drop.rwl -- no data title --                         1st itrdb line missing     
juni_drop.rwl -- no data title --                         2nd itrdb line missing     
juni_drop.rwl -- no data title --                         3rd itrdb line missing     
juni_d1880 861  1 884  1 793  1 662  1 808  1 895  1 777  1 869  1 894  11452  1  ars
juni_d18901377  11213  2 946  2 856  2 778  2 947  2 852  2 878  2 968  3 834  3  ars
juni_d1900 975  31258  3 836  31345  31046  41042  4 963  4 977  51026  51010  5  ars
juni_d19101198  6 965  61223  61337  7 999  91022 111377 121085 12 753 131073 13  ars
juni_d19201007 13 825 131059 13 762 14 870 15 691 16 853 161028 161356 17 921 18  ars
juni_d1930 522 191172 191078 191138 20 937 21 926 221166 221221 221001 22 938 22  ars
juni_d19401146 221264 221182 22 889 23 862 231152 24 738 251005 251055 251185 25  ars
juni_d19501313 261188 261135 261246 261286 261184 271145 271004 271108 28 769 28  ars
juni_d1960 886 28 831 28 721 29 641 29 636 29 857 29 465 30 858 301051 301132 30  ars
juni_d19701196 30 908 301058 30 970 30 858 301071 301226 30 846 301146 30 778 30  ars
juni_d1980 847 301025 311139 311073 31 914 311076 311240 31 882 31 828 311142 31  ars
juni_d19901166 31 749 31 971 311210 311096 31 976 31 819 31 742 31 927 31 779 31  ars
juni_d20001043 311102 29 957 29 890 271080 26 968 26 955 261062 261146 261232 25  ars
juni_d2010 863  29990  09990  09990  09990  09990  09990  09990  09990  09990  0  ars
