  year  #   1
  1950   1.521
  1951   1.339
  1952   0.909
  1953   1.361
  1954   1.489
  1955   1.155
  1956   0.708
  1957   0.312
  1958   0.540
  1959  -0.953
  1960  -0.384
  1961  -1.022
  1962  -1.588
  1963  -1.930
  1964  -2.005
  1965  -1.060
  1966  -2.902
  1967  -1.084
  1968  -0.435
  1969   0.018
  1970   0.594
  1971  -0.734
  1972   0.547
  1973  -0.123
  1974  -0.366
  1975   0.513
  1976   1.470
  1977  -0.202
  1978   1.497
  1979  -0.867
  1980  -0.422
  1981   0.324
  1982   0.909
  1983   0.573
  1984   0.073
  1985   0.816
  1986   0.983
  1987  -0.580
  1988  -0.491
  1989   0.696
  1990   0.722
  1991  -0.926
  1992   0.278
  1993   0.785
  1994   0.441
  1995  -0.149
  1996  -0.842
  1997  -1.027
  1998  -0.134
  1999  -0.634
  2000   0.289
