juni_drop.rwl -- no data title --                         1st itrdb line missing     
juni_drop.rwl -- no data title --                         2nd itrdb line missing     
juni_drop.rwl -- no data title --                         3rd itrdb line missing     
juni_d1880   0  1   0  1   0  1   0  1   0  1   0  1   0  1   0  1   0  1   0  1  err
juni_d1890   0  11582  2 986  21042  21697  21776  21852  21330  21064  3 701  3  err
juni_d1900 322  3 129  3 118  31068  3 712  4 625  4 634  4 825  5 695  5 512  5  err
juni_d1910 498  6 725  6 382  6 530  7 503  9 399 11 307 12 350 12 269 13 340 13  err
juni_d1920 250 13 365 13 308 13 305 14 215 15 312 16 329 16 317 16 272 17 280 18  err
juni_d1930 253 19 262 19 176 19 280 20 275 21 263 22 302 22 338 22 354 22 339 22  err
juni_d1940 310 22 361 22 310 22 210 23 234 23 314 24 178 25 182 25 283 25 264 25  err
juni_d1950 265 26 248 26 293 26 248 26 189 26 168 27 215 27 154 27 223 28 160 28  err
juni_d1960 188 28 166 28 158 29 131 29 170 29 179 29 138 30 245 30 209 30 237 30  err
juni_d1970 275 30 212 30 190 30 172 30 164 30 221 30 216 30 198 30 234 30 145 30  err
juni_d1980 204 30 222 31 177 31 134 31 173 31 152 31 189 31 141 31 145 31 170 31  err
juni_d1990 130 31 105 31 204 31 205 31 196 31 174 31 155 31 166 31 188 31 138 31  err
juni_d2000 195 31 210 29 218 29 226 27 265 26 255 26 247 26 241 26 264 26 299 25  err
juni_d20102302  29990  09990  09990  09990  09990  09990  09990  09990  09990  0  err
juni_drop.rwl -- no data title --                         1st itrdb line missing     
juni_drop.rwl -- no data title --                         2nd itrdb line missing     
juni_drop.rwl -- no data title --                         3rd itrdb line missing     
juni_d1880   0  1   0  1   0  1   0  1   0  1   0  1   0  1   0  1   0  1   0  1  err
juni_d1890   0  1 263  2 438  2 356  2  14  2  32  2 122  2  76  2  73  3  65  3  err
juni_d1900  86  3  40  3  93  3 229  3  89  4 135  4 148  4  83  5  54  5  47  5  err
juni_d1910  68  6 136  6  56  6  53  7  84  9  85 11 102 12  75 12 104 13  78 13  err
juni_d1920  69 13  78 13  85 13  96 14  61 15  72 16  71 16  84 16  56 17  81 18  err
juni_d1930  75 19  77 19  66 19  99 20  64 21  75 22  65 22  69 22  74 22  71 22  err
juni_d1940  73 22  79 22  73 22  43 23  63 23  75 24  65 25  68 25  90 25  78 25  err
juni_d1950  76 26  66 26  73 26  74 26  67 26  44 27  47 27  51 27  73 28  49 28  err
juni_d1960  40 28  49 28  57 29  43 29  53 29  58 29  52 30  73 30  57 30  59 30  err
juni_d1970  57 30  56 30  49 30  44 30  42 30  59 30  63 30  46 30  65 30  42 30  err
juni_d1980  67 30  55 31  37 31  39 31  37 31  41 31  45 31  38 31  50 31  49 31  err
juni_d1990  33 31  43 31  54 31  49 31  57 31  41 31  41 31  44 31  37 31  41 31  err
juni_d2000  45 31  49 29  48 29  53 27  58 26  37 26  31 26  43 26  40 26  50 25  err
juni_d2010 216  29990  09990  09990  09990  09990  09990  09990  09990  09990  0  err
juni_drop.rwl -- no data title --                         1st itrdb line missing     
juni_drop.rwl -- no data title --                         2nd itrdb line missing     
juni_drop.rwl -- no data title --                         3rd itrdb line missing     
juni_d1880   0  1   0  1   0  1   0  1   0  1   0  1   0  1   0  1   0  1   0  1  err
juni_d1890   0  1 162  2 333  2 135  2 179  2  80  2 116  2 107  2  40  3   8  3  err
juni_d1900  94  3  46  3   0  3 121  3  32  4 103  4 131  4  58  5  96  5  52  5  err
juni_d1910  71  6 164  6  33  6  22  7  54  9  96 11  91 12  54 12  81 13  50 13  err
juni_d1920  44 13  66 13  44 13  82 14  47 15  66 16  43 16  59 16  48 17  84 18  err
juni_d1930  49 19  61 19  66 19  99 20  59 21  58 22  57 22  41 22  59 22  63 22  err
juni_d1940  70 22  62 22  37 22  56 23  60 23  64 24  56 25  51 25  48 25  57 25  err
juni_d1950  54 26  45 26  59 26  47 26  50 26  40 27  51 27  34 27  55 28  43 28  err
juni_d1960  41 28  43 28  39 29  30 29  44 29  48 29  40 30  57 30  32 30  44 30  err
juni_d1970  40 30  43 30  44 30  32 30  33 30  53 30  55 30  42 30  60 30  31 30  err
juni_d1980  59 30  47 31  31 31  29 31  28 31  42 31  44 31  37 31  40 31  40 31  err
juni_d1990  36 31  41 31  45 31  50 31  50 31  41 31  33 31  41 31  34 31  40 31  err
juni_d2000  37 31  43 29  35 29  39 27  49 26  43 26  30 26  37 26  36 26  45 25  err
juni_d2010 137  29990  09990  09990  09990  09990  09990  09990  09990  09990  0  err
juni_drop.rwl -- no data title --                         1st itrdb line missing     
juni_drop.rwl -- no data title --                         2nd itrdb line missing     
juni_drop.rwl -- no data title --                         3rd itrdb line missing     
juni_d1880   0  1   0  1   0  1   0  1   0  1   0  1   0  1   0  1   0  1   0  1  err
juni_d1890   0  1 153  2 313  2 127  2 168  2  75  2 110  2 100  2  38  3   8  3  err
juni_d1900  89  3  43  3   0  3 113  3  30  4  97  4 123  4  55  5  90  5  49  5  err
juni_d1910  67  6 154  6  31  6  21  7  50  9  90 11  86 12  51 12  76 13  47 13  err
juni_d1920  41 13  62 13  41 13  77 14  44 15  62 16  40 16  56 16  45 17  79 18  err
juni_d1930  46 19  57 19  62 19  93 20  55 21  55 22  53 22  39 22  55 22  60 22  err
juni_d1940  66 22  59 22  35 22  53 23  57 23  60 24  53 25  48 25  45 25  53 25  err
juni_d1950  51 26  43 26  55 26  44 26  47 26  38 27  48 27  32 27  52 28  40 28  err
juni_d1960  39 28  41 28  37 29  28 29  41 29  46 29  37 30  54 30  30 30  41 30  err
juni_d1970  38 30  40 30  41 30  30 30  31 30  50 30  52 30  40 30  57 30  29 30  err
juni_d1980  55 30  44 31  29 31  27 31  27 31  40 31  41 31  34 31  37 31  38 31  err
juni_d1990  34 31  39 31  42 31  47 31  47 31  38 31  31 31  39 31  32 31  37 31  err
juni_d2000  35 31  41 29  33 29  37 27  46 26  41 26  28 26  35 26  34 26  42 25  err
juni_d2010 128  29990  09990  09990  09990  09990  09990  09990  09990  09990  0  err
