  year  #   1
  1950   2.778
  1951   2.524
  1952   2.270
  1953   2.315
  1954   2.127
  1955   1.782
  1956   1.268
  1957   0.989
  1958   0.963
  1959   0.196
  1960   0.453
  1961  -0.064
  1962  -0.441
  1963  -0.695
  1964  -0.802
  1965  -0.357
  1966  -1.421
  1967  -0.663
  1968  -0.381
  1969  -0.240
  1970  -0.015
  1971  -0.685
  1972   0.023
  1973  -0.408
  1974  -0.584
  1975  -0.254
  1976   0.341
  1977  -0.451
  1978   0.384
  1979  -0.817
  1980  -0.618
  1981  -0.343
  1982   0.023
  1983  -0.091
  1984  -0.375
  1985  -0.014
  1986   0.176
  1987  -0.720
  1988  -0.700
  1989  -0.127
  1990  -0.211
  1991  -1.095
  1992  -0.579
  1993  -0.302
  1994  -0.488
  1995  -0.684
  1996  -1.023
  1997  -1.074
  1998  -0.659
  1999  -0.916
  2000  -0.315
