 % variance  0.469
 cumulative  0.469
 series_id   #  1
  112323     0.250
  10122      0.540
  162575     0.810
  10010     -0.357
  12354      0.614
  30315      0.284
  200577     0.836
  10296      0.833
  161554    -0.109
  190483     0.903
  172637     0.740
  201261     0.885
  30226      0.625
  202941     0.723
  192588     0.800
  172453     0.915
  202585     0.871
  152623     0.610
  80694      0.496
  122295     0.843
  40024A     0.821
  180644     0.911
  162355     0.016
  131360     0.618
  72424     -0.091
  180906     0.818
