  year  #   1
  1950   3.256
  1951   2.694
  1952   2.392
  1953   2.428
  1954   2.177
  1955   1.624
  1956   1.176
  1957   0.755
  1958   0.739
  1959   0.040
  1960   0.239
  1961  -0.170
  1962  -0.459
  1963  -0.608
  1964  -0.694
  1965  -0.406
  1966  -1.028
  1967  -0.505
  1968  -0.385
  1969  -0.276
  1970  -0.104
  1971  -0.612
  1972  -0.145
  1973  -0.448
  1974  -0.545
  1975  -0.315
  1976   0.170
  1977  -0.449
  1978   0.222
  1979  -0.716
  1980  -0.507
  1981  -0.396
  1982  -0.188
  1983  -0.265
  1984  -0.436
  1985  -0.145
  1986   0.032
  1987  -0.667
  1988  -0.635
  1989  -0.255
  1990  -0.329
  1991  -0.902
  1992  -0.582
  1993  -0.380
  1994  -0.490
  1995  -0.637
  1996  -0.765
  1997  -0.838
  1998  -0.573
  1999  -0.769
  2000  -0.319
