 % variance  0.325
 cumulative  0.325
 series_id   #  1
  112323     0.779
  10122      0.419
  162575     0.554
  10010      0.628
  12354      0.537
  30315      0.643
  200577     0.511
  10296      0.309
  161554     0.599
  190483     0.561
  172637     0.714
  201261     0.637
  30226      0.597
  202941     0.503
  192588     0.566
  172453     0.575
  202585     0.729
  152623     0.740
  80694      0.487
  122295     0.547
  40024A     0.441
  162355     0.553
  131360     0.453
  72424      0.322
  180906     0.552
