year	num	seg	age	raw	std	res	ars
   1868	   1.	 125.000	   1.000	   1.334	   0.858	   0.882	   0.836
   1869	   1.	 125.000	   2.000	   2.123	   1.055	   1.127	   1.025
   1870	   1.	 125.000	   3.000	   1.439	   0.865	   0.836	   0.858
   1871	   1.	 125.000	   4.000	   1.155	   0.791	   0.859	   0.776
   1872	   1.	 125.000	   5.000	   1.883	   0.958	   1.054	   0.913
   1873	   1.	 125.000	   6.000	   2.184	   1.029	   1.035	   0.984
   1874	   1.	 125.000	   7.000	   1.900	   0.942	   0.924	   0.919
   1875	   1.	 125.000	   8.000	   1.916	   0.937	   0.963	   0.915
   1876	   1.	 125.000	   9.000	   1.780	   0.893	   0.918	   0.869
   1877	   1.	 125.000	  10.000	   2.108	   0.967	   1.014	   0.934
   1878	   2.	 128.000	   6.000	   2.009	   1.275	   1.237	   1.203
   1879	   2.	 128.000	   7.000	   1.720	   1.079	   0.912	   1.045
   1880	   4.	 128.500	   4.500	   1.739	   1.161	   1.115	   1.151
   1881	   5.	 126.000	   4.600	   2.004	   1.046	   0.905	   1.005
   1882	   5.	 126.000	   5.600	   2.046	   1.205	   1.128	   1.138
   1883	   5.	 126.000	   6.600	   2.079	   1.105	   0.967	   1.059
   1884	   5.	 126.000	   7.600	   1.654	   0.891	   0.920	   0.963
   1885	   5.	 126.000	   8.600	   1.933	   0.917	   0.886	   0.867
   1886	   5.	 126.000	   9.600	   1.774	   0.966	   0.992	   0.911
   1887	   5.	 126.000	  10.600	   2.030	   0.905	   0.880	   0.830
   1888	   5.	 126.000	  11.600	   1.573	   1.000	   0.977	   0.872
   1889	   5.	 126.000	  12.600	   1.569	   0.703	   0.717	   0.651
   1890	   6.	 123.000	  11.500	   1.403	   0.747	   0.940	   0.721
   1891	   6.	 123.000	  12.500	   1.353	   0.814	   1.002	   0.826
   1892	   6.	 123.000	  13.500	   1.542	   0.866	   1.039	   0.931
   1893	   6.	 123.000	  14.500	   2.034	   1.166	   1.211	   1.175
   1894	   6.	 123.000	  15.500	   2.002	   1.120	   1.044	   1.161
   1895	   6.	 123.000	  16.500	   1.987	   1.143	   1.018	   1.127
   1896	   6.	 123.000	  17.500	   2.033	   1.142	   1.060	   1.147
   1897	   6.	 123.000	  18.500	   2.065	   1.130	   1.110	   1.212
   1898	   6.	 123.000	  19.500	   1.914	   1.159	   0.986	   1.126
   1899	   6.	 123.000	  20.500	   1.677	   0.993	   0.927	   1.012
   1900	   6.	 123.000	  21.500	   1.486	   0.994	   0.966	   0.978
   1901	   6.	 123.000	  22.500	   1.605	   0.986	   1.062	   1.053
   1902	   8.	 119.250	  17.875	   1.752	   1.033	   1.031	   1.071
   1903	   8.	 119.250	  18.875	   1.887	   1.120	   1.109	   1.162
   1904	   8.	 119.250	  19.875	   1.952	   1.120	   1.075	   1.185
   1905	   9.	 116.889	  18.667	   1.868	   1.089	   0.965	   1.087
   1906	   9.	 116.889	  19.667	   1.827	   1.060	   1.004	   1.065
   1907	   9.	 116.889	  20.667	   1.535	   0.945	   0.885	   0.931
   1908	   9.	 116.889	  21.667	   1.425	   0.915	   0.904	   0.866
   1909	   9.	 116.889	  22.667	   1.339	   0.761	   0.876	   0.797
   1910	   9.	 116.889	  23.667	   1.393	   0.870	   0.970	   0.844
   1911	   9.	 116.889	  24.667	   0.999	   0.614	   0.755	   0.669
   1912	   9.	 116.889	  25.667	   1.303	   0.778	   1.030	   0.818
   1913	   9.	 116.889	  26.667	   1.240	   0.780	   0.870	   0.761
   1914	   9.	 116.889	  27.667	   0.965	   0.636	   0.827	   0.684
   1915	   9.	 116.889	  28.667	   1.719	   0.962	   1.227	   1.023
   1916	  10.	 114.500	  26.800	   2.025	   1.067	   1.144	   1.166
   1917	  11.	 112.091	  25.364	   1.677	   0.772	   0.761	   0.871
   1918	  11.	 112.091	  26.364	   1.277	   0.662	   0.829	   0.756
   1919	  11.	 112.091	  27.364	   1.333	   0.640	   0.853	   0.706
   1920	  11.	 112.091	  28.364	   1.457	   0.736	   0.927	   0.744
   1921	  12.	 110.083	  27.000	   1.933	   0.999	   1.197	   1.034
   1922	  12.	 110.083	  28.000	   2.274	   1.106	   1.086	   1.114
   1923	  12.	 110.083	  29.000	   2.412	   0.985	   0.852	   0.929
   1924	  12.	 110.083	  30.000	   2.288	   1.211	   1.231	   1.195
   1925	  12.	 110.083	  31.000	   2.271	   1.204	   1.001	   1.130
   1926	  12.	 110.083	  32.000	   2.391	   1.239	   1.091	   1.181
   1927	  12.	 110.083	  33.000	   2.591	   1.344	   1.179	   1.307
   1928	  12.	 110.083	  34.000	   2.646	   1.416	   1.152	   1.360
   1929	  12.	 110.083	  35.000	   2.700	   1.340	   1.063	   1.299
   1930	  13.	 107.846	  33.308	   2.185	   1.111	   0.954	   1.147
   1931	  14.	 105.643	  31.929	   2.072	   1.042	   0.914	   1.012
   1932	  15.	 104.067	  30.800	   2.139	   1.100	   1.074	   1.087
   1933	  15.	 104.067	  31.800	   2.195	   1.126	   1.074	   1.136
   1934	  15.	 104.067	  32.800	   1.980	   1.020	   0.890	   0.981
   1935	  16.	 102.250	  31.750	   2.000	   1.055	   1.043	   1.036
   1936	  17.	 100.353	  30.882	   2.109	   1.251	   1.172	   1.205
   1937	  17.	 100.353	  31.882	   2.187	   1.238	   1.121	   1.261
   1938	  18.	  99.056	  31.111	   2.079	   1.223	   1.067	   1.240
   1939	  18.	  99.056	  32.111	   1.624	   0.840	   0.770	   0.925
   1940	  18.	  99.056	  33.111	   1.812	   1.039	   1.162	   1.121
   1941	  18.	  99.056	  34.111	   1.899	   1.095	   1.060	   1.144
   1942	  18.	  99.056	  35.111	   1.724	   0.973	   0.906	   1.001
   1943	  18.	  99.056	  36.111	   1.622	   0.883	   0.911	   0.916
   1944	  18.	  99.056	  37.111	   1.553	   0.874	   0.932	   0.883
   1945	  18.	  99.056	  38.111	   1.483	   0.837	   0.903	   0.835
   1946	  18.	  99.056	  39.111	   1.465	   0.794	   0.897	   0.797
   1947	  18.	  99.056	  40.111	   0.869	   0.534	   0.681	   0.573
   1948	  18.	  99.056	  41.111	   1.224	   0.697	   1.031	   0.755
   1949	  18.	  99.056	  42.111	   1.318	   0.723	   0.903	   0.752
   1950	  18.	  99.056	  43.111	   1.380	   0.805	   0.994	   0.838
   1951	  18.	  99.056	  44.111	   1.503	   0.873	   0.963	   0.864
   1952	  19.	  96.895	  42.789	   1.479	   0.811	   0.919	   0.837
   1953	  19.	  96.895	  43.789	   1.624	   0.911	   1.018	   0.917
   1954	  19.	  96.895	  44.789	   1.897	   1.098	   1.174	   1.127
   1955	  20.	  95.100	  43.550	   1.933	   1.192	   1.080	   1.169
   1956	  20.	  95.100	  44.550	   2.046	   1.233	   1.107	   1.223
   1957	  20.	  95.100	  45.550	   1.941	   1.236	   1.075	   1.225
   1958	  20.	  95.100	  46.550	   2.113	   1.353	   1.222	   1.381
   1959	  20.	  95.100	  47.550	   1.716	   1.041	   0.816	   1.057
   1960	  20.	  95.100	  48.550	   1.875	   1.189	   1.219	   1.267
   1961	  20.	  95.100	  49.550	   1.793	   1.106	   0.937	   1.110
   1962	  20.	  95.100	  50.550	   1.568	   0.929	   0.874	   0.949
   1963	  20.	  95.100	  51.550	   1.719	   1.015	   1.086	   1.058
   1964	  20.	  95.100	  52.550	   1.562	   0.914	   0.890	   0.932
   1965	  20.	  95.100	  53.550	   1.511	   0.964	   0.994	   0.955
   1966	  20.	  95.100	  54.550	   1.240	   0.759	   0.789	   0.769
   1967	  20.	  95.100	  55.550	   1.661	   1.012	   1.230	   1.085
   1968	  20.	  95.100	  56.550	   1.787	   1.152	   1.152	   1.215
   1969	  21.	  92.429	  54.857	   1.735	   1.033	   0.915	   1.055
   1970	  21.	  92.429	  55.857	   1.662	   1.026	   0.943	   0.982
   1971	  21.	  92.429	  56.857	   1.530	   0.917	   0.929	   0.923
   1972	  21.	  92.429	  57.857	   1.418	   0.861	   0.947	   0.903
   1973	  21.	  92.429	  58.857	   1.585	   1.005	   1.086	   1.028
   1974	  21.	  92.429	  59.857	   1.389	   0.857	   0.843	   0.866
   1975	  21.	  92.429	  60.857	   1.475	   0.896	   0.998	   0.916
   1976	  21.	  92.429	  61.857	   1.385	   0.903	   0.993	   0.943
   1977	  21.	  92.429	  62.857	   1.133	   0.730	   0.770	   0.744
   1978	  21.	  92.429	  63.857	   1.285	   0.891	   1.060	   0.897
   1979	  21.	  92.429	  64.857	   1.375	   0.941	   0.984	   0.923
   1980	  21.	  92.429	  65.857	   1.594	   1.071	   1.179	   1.136
   1981	  21.	  92.429	  66.857	   1.583	   1.147	   1.044	   1.137
   1982	  21.	  92.429	  67.857	   1.598	   1.243	   1.085	   1.180
   1983	  21.	  92.429	  68.857	   1.410	   1.052	   0.932	   1.050
   1984	  21.	  92.429	  69.857	   1.141	   0.900	   0.893	   0.930
   1985	  21.	  92.429	  70.857	   1.204	   0.961	   0.974	   0.934
   1986	  21.	  92.429	  71.857	   1.189	   0.952	   0.992	   0.954
   1987	  21.	  92.429	  72.857	   1.107	   0.923	   0.927	   0.903
   1988	  21.	  92.429	  73.857	   1.026	   0.889	   0.916	   0.859
   1989	  21.	  92.429	  74.857	   1.127	   0.957	   1.021	   0.935
   1990	  21.	  92.429	  75.857	   1.169	   1.076	   1.162	   1.128
   1991	  21.	  92.429	  76.857	   1.134	   0.889	   0.825	   0.911
   1992	  21.	  92.429	  77.857	   1.138	   0.990	   1.058	   1.006
   1993	  20.	  90.800	  76.500	   1.145	   0.996	   1.016	   1.025
   1994	  20.	  90.800	  77.500	   1.062	   1.129	   1.120	   1.143
   1995	  20.	  90.800	  78.500	   1.154	   0.979	   0.902	   0.997
   1996	  20.	  90.800	  79.500	   1.141	   1.054	   1.056	   1.059
   1997	  19.	  89.474	  78.579	   0.992	   0.848	   0.826	   0.870
   1998	  18.	  88.444	  77.944	   1.032	   0.947	   1.028	   0.949
   1999	  18.	  88.444	  78.944	   1.034	   0.910	   0.954	   0.926
   2000	  18.	  88.444	  79.944	   1.000	   0.921	   0.951	   0.908
   2001	  18.	  88.444	  80.944	   1.005	   0.911	   0.980	   0.926
   2002	  18.	  88.444	  81.944	   0.852	   0.864	   0.943	   0.900
   2003	  17.	  87.882	  82.000	   1.107	   0.994	   1.056	   0.997
   2004	  17.	  87.882	  83.000	   0.978	   1.020	   0.989	   0.992
   2005	  16.	  87.875	  83.688	   1.023	   0.980	   1.027	   1.027
   2006	  15.	  89.067	  85.600	   1.081	   1.031	   1.027	   1.049
   2007	  15.	  89.067	  86.600	   0.876	   1.011	   0.999	   1.035
   2008	  12.	  91.000	  88.917	   1.013	   1.063	   1.035	   1.062
   2009	   9.	  86.667	  84.889	   1.213	   1.023	   1.046	   1.091
   2010	   4.	  75.250	  72.250	   0.599	   1.017	   0.993	   1.056
   2011	   3.	  73.333	  70.333	   0.299	   0.887	   0.839	   0.881
   2012	   3.	  73.333	  71.333	   0.238	   0.842	   0.857	   0.788
   2013	   3.	  73.333	  72.333	   0.187	   0.986	   1.103	   0.970
   2014	   2.	  69.000	  68.500	   0.315	   1.097	   1.082	   1.068
   2015	   1.	  61.000	  61.000	   0.238	   0.985	   0.912	   0.960
