  year  #   1       2       3       4       5       6       7       8       9      10      11      12      13      14      15
  1950  -0.048  -3.767   2.311   1.728   0.215  -0.554   0.953  -0.680   0.139  -0.157   0.053  -0.464  -0.625   0.394   0.076
  1951   0.493  -3.842   2.246   1.746   1.406   0.305   0.372   0.117   0.365   0.344   0.034   0.435   0.482   0.088  -0.196
  1952  -0.040  -3.562   1.154   1.211   1.007  -0.204   0.532  -0.385  -0.352   0.048  -0.785   0.202   0.264  -0.386  -0.068
  1953   1.685  -3.512   1.028   1.848   0.654  -0.098  -0.612   0.073  -0.330  -0.200   0.219  -0.673   0.177   0.065   0.357
  1954   4.196  -0.977   0.160   0.464  -0.313  -0.644  -0.677   1.273   0.354  -0.833   0.376   0.447   0.077  -0.030   0.321
  1955   4.683   0.067  -1.267  -0.290  -0.687   0.248  -0.768  -0.047  -0.269   0.452   0.146   0.306   0.127   0.185   0.068
  1956   6.397   0.634   1.174  -0.339  -0.434   0.534  -0.755  -0.243  -1.524  -0.111  -0.444  -0.061   0.412  -0.710   0.330
  1957   5.059   0.300   0.667  -0.110  -1.346  -0.376   0.078  -0.600  -0.193  -0.033   0.834   0.327  -0.032  -0.023   0.092
  1958   6.418   1.991   1.094  -0.786  -1.018  -0.234   2.261  -0.439   1.672   0.670  -0.418   0.074  -0.214  -0.053   0.309
  1959   3.081  -0.371  -0.182  -0.916   0.089  -0.229   0.244   0.110   0.517  -0.860   1.051  -0.489   0.049   0.239  -0.345
  1960   3.999   1.481   0.670  -0.168  -0.717   0.723  -0.529  -0.124  -0.451  -0.209  -0.649  -0.856  -0.241   0.333  -0.054
  1961   2.767   0.062   0.070  -0.231  -0.546  -0.439  -0.385  -0.144   0.402  -0.242  -0.213  -0.180  -0.049  -0.008  -0.242
  1962   1.423  -1.795  -0.613  -0.122  -0.620  -0.205  -1.120  -0.984  -0.070  -0.060   0.208  -0.090   0.056   0.399  -0.776
  1963   1.766  -0.980  -0.369  -0.718   0.306  -0.198   0.204   0.201  -0.434   0.685   0.213   0.208   0.489  -0.118  -0.434
  1964   0.936  -0.959  -1.053  -0.460   0.557  -0.571  -0.440   0.633   0.113   0.109   0.385  -0.343  -0.020   0.138   0.060
  1965   0.442  -0.600  -0.577  -0.490   0.250  -0.312  -0.799   0.337   0.195   0.251  -0.256   0.333  -0.302   0.108   0.071
  1966  -0.927  -2.053  -1.241  -0.804   0.610  -0.647   0.154  -0.966   0.415  -0.022  -0.847   0.080  -0.527  -0.683  -0.121
  1967   1.154  -1.282  -2.229  -0.264   0.837   0.569  -0.222   0.737  -0.153   0.655  -0.138   0.121  -0.289   0.467   0.171
  1968   1.673  -0.768  -0.942   0.148  -0.031   0.424  -0.064   0.673   0.506   0.056  -0.558   0.640  -0.157   0.275  -0.284
  1969   1.435  -0.587  -1.121  -0.210   0.254   0.112   0.438   1.421  -0.349  -0.231  -0.446  -0.444  -0.528  -0.268   0.066
  1970   0.114  -1.024  -0.502   0.278   0.115   0.321  -0.316   0.205  -0.112   0.552   0.019   0.704  -0.381   0.128  -0.216
  1971  -1.235  -1.099  -0.947   0.271   0.785   0.203   0.282   0.346   0.298  -0.309   0.141   0.481   0.343  -0.077   0.269
  1972  -0.925  -1.391  -1.245  -0.886   0.485  -0.013   0.128  -0.394   0.271  -0.311   0.139  -0.157   0.397  -0.114   0.003
  1973  -0.269  -0.773  -0.492  -0.953  -0.127   0.364   0.761  -0.219  -0.264   0.564  -0.321   0.086   0.376   0.033  -0.385
  1974  -1.493  -1.291  -0.600  -1.444   0.209   0.405   0.163  -0.134  -0.291   0.432   0.056  -0.227   0.585   0.206   0.162
  1975  -1.657  -0.859  -1.444  -0.194   0.237   2.342   1.516   0.307  -0.597  -0.907  -0.012   0.074   0.004  -0.161  -0.046
  1976  -1.545  -1.157  -2.752   1.188  -1.339   1.760   0.363  -0.704  -0.017   0.034   0.442  -0.304  -0.261  -0.224   0.588
  1977  -2.062  -1.621  -1.571  -1.061   0.364  -1.421   0.148  -0.264   0.057   0.206   0.348  -0.698  -0.155  -0.525   0.095
  1978  -1.222  -0.778  -0.135  -0.863   0.210  -0.413  -0.053   0.710   0.508  -0.597   0.091  -0.126  -0.387  -0.347  -0.279
  1979  -1.570   0.269  -1.699   0.364   0.183   0.190   0.013  -1.333  -0.094   0.337   0.765   0.267   0.033   0.327   0.114
  1980  -0.540   3.296  -2.162   1.603  -0.516  -1.588   0.996  -0.028  -0.689   0.277  -0.159  -0.152  -0.122  -0.035  -0.462
  1981   0.114   3.760  -1.892   2.277   0.272  -1.567   0.134   0.229  -0.365  -0.046  -0.389  -0.287   0.480   0.043   0.090
  1982   0.347   4.255  -0.514   2.583   0.737   0.787  -0.429  -0.408   0.992  -0.454   0.218   0.103   0.159  -0.315  -0.349
  1983  -0.767   2.722  -0.307   0.274   0.659  -0.029  -0.304  -0.348  -0.498  -0.093  -0.331   0.554  -0.392   0.611   0.398
  1984  -1.328   1.626   0.527  -0.328   1.345   0.599  -1.073  -0.195   0.276   0.271  -0.464  -0.495  -0.103   0.362   0.083
  1985  -1.255   2.549   0.654  -0.354   0.787  -0.377   0.658   0.155  -0.029  -0.087  -0.006  -0.093   0.484  -0.021   0.300
  1986  -1.254   1.439   0.689  -0.492   0.610  -1.011   0.484   0.264  -0.266  -0.018   0.051   0.476   0.141  -0.098   0.261
  1987  -1.566   0.840   0.617  -0.772   0.836  -0.989  -0.376  -0.684  -0.519  -0.811   0.439   0.765  -0.513  -0.356   0.180
  1988  -1.367   0.936   0.923  -1.294   0.688  -0.979   0.837  -0.016  -0.043  -0.684   0.059  -0.105   0.251   0.770  -0.013
  1989  -1.144   1.909   1.607  -1.244   0.378   0.469   0.196  -0.500  -0.802  -0.071  -0.191  -0.181   0.005   0.099   0.009
  1990   0.913   3.910   1.394  -0.541   2.398   1.806  -0.488   0.019   0.795   0.555   0.573  -0.227  -0.066  -0.486  -0.108
  1991  -2.343   0.681   0.992   0.290   0.694  -0.372  -1.047   0.099   0.173   0.495  -0.008  -0.318  -0.523  -0.030   0.090
  1992  -2.166   0.983   0.809   0.034  -0.566   0.876   0.510   0.175  -0.188  -0.709  -0.525  -0.105   0.092   0.335  -0.438
  1993  -2.638   0.790   1.062  -0.133  -0.783   0.260   0.343   0.390  -0.324  -0.186   0.378   0.154   0.015   0.095   0.131
  1994  -1.828   1.033   2.347   0.518  -1.143   0.317   0.511   0.598  -1.155   0.550   0.690   0.202  -0.705  -0.262  -0.446
  1995  -2.705  -0.386   1.031   0.098  -1.119  -0.225   0.076  -0.100   0.097   0.618   0.277  -0.138   0.131   0.028   0.388
  1996  -2.366   0.380   0.619  -0.197  -1.522  -0.655  -1.064  -0.258   0.624  -0.372  -0.470   0.205   0.296  -0.310   0.085
  1997  -3.248  -0.443   0.573  -0.491  -1.063   0.071  -0.930  -0.209   0.147  -0.056  -0.224   0.076   0.285  -0.271  -0.281
  1998  -2.558  -0.340   0.326  -0.116  -1.568   0.794  -0.532  -0.308   0.600  -0.538  -0.569   0.276  -0.070   0.298   0.284
  1999  -3.411   0.280   0.227   0.563  -1.929   0.418  -0.091   0.869   0.639   0.285   0.216  -0.246   0.303  -0.247  -0.111
  2000  -3.616   0.028   0.889  -0.217  -0.789  -0.551  -0.282   0.771   0.219   0.761   0.004  -0.141   0.149   0.133   0.203
