cagl_drop_subcanopy.rwl -- no data title --               1st itrdb line missing     
cagl_drop_subcanopy.rwl -- no data title --               2nd itrdb line missing     
cagl_drop_subcanopy.rwl -- no data title --               3rd itrdb line missing     
cagl_d18689990  09990  09990  09990  09990  09990  09990  09990  0   0  1   0  1  err
cagl_d1870   0  1   0  1   0  1   0  1   0  1   0  1   0  1   0  1 582  2 615  2  err
cagl_d1880 278  4 459  5 163  5 264  5 273  5 343  5 363  5  90  5 453  5  81  5  err
cagl_d1890 301  6 191  6 527  6 458  6 427  6 524  6 576  6 456  6 327  6 282  6  err
cagl_d1900 272  6 321  6 311  8 326  8 315  8 217  9 255  9 330  9 247  9 295  9  err
cagl_d1910 305  9 171  9 259  9 269  9 319  9 273  9 364 10 400 11 233 11 354 11  err
cagl_d1920 294 11 314 12 364 12 495 12 311 12 383 12 396 12 393 12 401 12 462 12  err
cagl_d1930 365 13 290 14 269 15 289 15 307 15 273 16 282 17 296 17 267 18 215 18  err
cagl_d1940 231 18 247 18 215 18 211 18 216 18 187 18 219 18 190 18 224 18 209 18  err
cagl_d1950 210 18 238 18 200 19 195 19 232 19 209 20 255 20 204 20 244 20 183 20  err
cagl_d1960 195 20 197 20 162 20 202 20 165 20 144 20 164 20 199 20 186 20 191 21  err
cagl_d1970 163 21 150 21 152 21 192 21 161 21 207 21 163 21 124 21 143 21 144 21  err
cagl_d1980 163 21 168 21 190 21 165 21 143 21 161 21 130 21 113 21 134 21 180 21  err
cagl_d1990 148 21 136 21 154 21 131 20  83 20  99 20  98 20 136 19 132 18 153 18  err
cagl_d2000 115 18 134 18 157 18 194 17 201 17 169 16 210 15 179 15 256 12 330  9  err
cagl_d2010 191  4  77  3 119  3  75  3  74  2   0  19990  09990  09990  09990  0  err
cagl_drop_subcanopy.rwl -- no data title --               1st itrdb line missing     
cagl_drop_subcanopy.rwl -- no data title --               2nd itrdb line missing     
cagl_drop_subcanopy.rwl -- no data title --               3rd itrdb line missing     
cagl_d18689990  09990  09990  09990  09990  09990  09990  09990  0   0  1   0  1  err
cagl_d1870   0  1   0  1   0  1   0  1   0  1   0  1   0  1   0  1 199  2 100  2  err
cagl_d1880 236  4 115  5  18  5  36  5  42  5  73  5 129  5  99  5  81  5  38  5  err
cagl_d1890 114  6  62  6 169  6 153  6 103  6 127  6 163  6  36  6  73  6  30  6  err
cagl_d1900 104  6 108  6  67  8  89  8  80  8  81  9  96  9 123  9  64  9 119  9  err
cagl_d1910 130  9 104  9  82  9  23  9 125  9  83  9  83 10 161 11 134 11 144 11  err
cagl_d1920 146 11 151 12 126 12 116 12  75 12 108 12 122 12  84 12  48 12  61 12  err
cagl_d1930  29 13  66 14  76 15  46 15  52 15  64 16  56 17  59 17  58 18  35 18  err
cagl_d1940  58 18  57 18  48 18  49 18  45 18  42 18  44 18  81 18  61 18  61 18  err
cagl_d1950  70 18  73 18  53 19  55 19  52 19  74 20  71 20  56 20  61 20  53 20  err
cagl_d1960  56 20  45 20  45 20  41 20  36 20  40 20  53 20  49 20  46 20  47 21  err
cagl_d1970  33 21  44 21  36 21  44 21  44 21  68 21  74 21  49 21  39 21  41 21  err
cagl_d1980  53 21  71 21  69 21  51 21  42 21  52 21  43 21  48 21  60 21  52 21  err
cagl_d1990  46 21  31 21  46 21  37 20  46 20  54 20  46 20  49 19  52 18  48 18  err
cagl_d2000  37 18  36 18  47 18  38 17  86 17  56 16  61 15  38 15  47 12  58  9  err
cagl_d2010 104  4 167  3 105  3  43  3   7  2   0  19990  09990  09990  09990  0  err
cagl_drop_subcanopy.rwl -- no data title --               1st itrdb line missing     
cagl_drop_subcanopy.rwl -- no data title --               2nd itrdb line missing     
cagl_drop_subcanopy.rwl -- no data title --               3rd itrdb line missing     
cagl_d18689990  09990  09990  09990  09990  09990  09990  09990  0   0  1   0  1  err
cagl_d1870   0  1   0  1   0  1   0  1   0  1   0  1   0  1   0  1 116  2  24  2  err
cagl_d1880 162  4  43  5 147  5  44  5  43  5  54  5  74  5  81  5  77  5  18  5  err
cagl_d1890 118  6  31  6 180  6 124  6   4  6 113  6  95  6  50  6  67  6  12  6  err
cagl_d1900 113  6  54  6   7  8  62  8  47  8  59  9  55  9  87  9  48  9  68  9  err
cagl_d1910  62  9  60  9  51  9  38  9  24  9 131  9 109 10 118 11 114 11  97 11  err
cagl_d1920  60 11  87 12  96 12  74 12  65 12  64 12  69 12  54 12  39 12  59 12  err
cagl_d1930  15 13  56 14  62 15  35 15  51 15  57 16  50 17  44 17  52 18  42 18  err
cagl_d1940  58 18  44 18  37 18  37 18  29 18  43 18  42 18  71 18  69 18  52 18  err
cagl_d1950  51 18  52 18  38 19  39 19  57 19  53 20  50 20  40 20  45 20  44 20  err
cagl_d1960  41 20  23 20  38 20  34 20  30 20  33 20  41 20  67 20  41 20  36 21  err
cagl_d1970  21 21  34 21  26 21  39 21  23 21  46 21  57 21  36 21  34 21  53 21  err
cagl_d1980  60 21  49 21  55 21  38 21  39 21  30 21  25 21  44 21  47 21  41 21  err
cagl_d1990  34 21  41 21  52 21  41 20  41 20  40 20  36 20  43 19  45 18  48 18  err
cagl_d2000  38 18  33 18  41 18  54 17  66 17  56 16  80 15  30 15  45 12  60  9  err
cagl_d2010  25  4 265  3 114  3  30  3  18  2   0  19990  09990  09990  09990  0  err
cagl_drop_subcanopy.rwl -- no data title --               1st itrdb line missing     
cagl_drop_subcanopy.rwl -- no data title --               2nd itrdb line missing     
cagl_drop_subcanopy.rwl -- no data title --               3rd itrdb line missing     
cagl_d18689990  09990  09990  09990  09990  09990  09990  09990  0   0  1   0  1  err
cagl_d1870   0  1   0  1   0  1   0  1   0  1   0  1   0  1   0  1  89  2  18  2  err
cagl_d1880 125  4  33  5 113  5  33  5  33  5  42  5  57  5  62  5  59  5  14  5  err
cagl_d1890  91  6  24  6 138  6  95  6   3  6  87  6  73  6  38  6  51  6   9  6  err
cagl_d1900  87  6  41  6   5  8  47  8  36  8  46  9  42  9  67  9  37  9  52  9  err
cagl_d1910  48  9  46  9  39  9  30  9  19  9 100  9  83 10  90 11  87 11  74 11  err
cagl_d1920  46 11  67 12  73 12  57 12  50 12  49 12  53 12  41 12  30 12  45 12  err
cagl_d1930  12 13  43 14  48 15  27 15  39 15  44 16  38 17  34 17  40 18  32 18  err
cagl_d1940  45 18  34 18  29 18  28 18  22 18  33 18  32 18  54 18  53 18  40 18  err
cagl_d1950  39 18  40 18  29 19  30 19  44 19  40 20  39 20  31 20  34 20  34 20  err
cagl_d1960  31 20  17 20  29 20  26 20  23 20  25 20  31 20  52 20  31 20  27 21  err
cagl_d1970  16 21  26 21  20 21  30 21  18 21  36 21  44 21  27 21  26 21  41 21  err
cagl_d1980  46 21  38 21  42 21  29 21  30 21  23 21  19 21  34 21  36 21  32 21  err
cagl_d1990  26 21  31 21  40 21  31 20  31 20  31 20  28 20  33 19  35 18  37 18  err
cagl_d2000  29 18  25 18  32 18  42 17  51 17  43 16  61 15  23 15  35 12  46  9  err
cagl_d2010  19  4 204  3  87  3  23  3  14  2   0  19990  09990  09990  09990  0  err
