  year  #   1       2
  1950   1.351  -1.518
  1951   1.541  -1.400
  1952   1.279  -1.434
  1953   1.780  -0.943
  1954   1.618   0.756
  1955   1.386   1.306
  1956   1.697   2.001
  1957   1.415   1.502
  1958   1.211   2.549
  1959   1.062   0.694
  1960   0.667   1.684
  1961   0.811   0.781
  1962   1.079  -0.328
  1963   0.887   0.091
  1964   0.629  -0.127
  1965   0.351  -0.119
  1966   0.465  -1.073
  1967   0.812  -0.197
  1968   0.782   0.151
  1969   0.645   0.157
  1970   0.405  -0.378
  1971   0.027  -0.777
  1972   0.225  -0.808
  1973   0.199  -0.382
  1974   0.018  -0.924
  1975  -0.188  -0.796
  1976  -0.046  -0.884
  1977  -0.034  -1.211
  1978  -0.086  -0.645
  1979  -0.570  -0.322
  1980  -1.357   1.169
  1981  -1.329   1.533
  1982  -1.437   1.794
  1983  -1.217   0.878
  1984  -0.989   0.286
  1985  -1.302   0.675
  1986  -0.899   0.232
  1987  -0.776  -0.093
  1988  -0.751   0.000
  1989  -1.036   0.450
  1990  -1.142   1.811
  1991  -0.952  -0.368
  1992  -1.009  -0.199
  1993  -1.081  -0.405
  1994  -0.925  -0.087
  1995  -0.675  -0.893
  1996  -0.850  -0.495
  1997  -0.818  -1.064
  1998  -0.647  -0.835
  1999  -1.129  -0.820
  2000  -1.099  -0.977
