  year  #   1       2       3       4       5       6       7       8       9      10      11      12      13      14      15
  1950  -3.751   2.121   0.607  -0.093   0.577  -0.841  -0.011   0.753  -0.598   0.975   0.364   0.084   0.123  -0.040  -0.074
  1951  -3.151   3.300   0.280  -0.383  -1.779   1.394   0.759   0.353   0.420   0.509   0.443   0.355  -0.017   0.092   0.164
  1952  -3.412   1.026   0.661   0.024  -1.789  -0.086   1.067   1.023  -0.325   0.045  -1.827   0.101   0.114  -0.033  -0.089
  1953  -1.220   0.914  -0.812   0.488  -1.595   0.774  -0.221   0.783  -0.013   1.878   0.545   0.154   0.515   0.083  -0.085
  1954   2.587  -0.758  -0.648  -0.346  -0.809   0.899  -0.387   0.070  -0.325   0.307   0.576   0.257  -1.003   0.000   0.061
  1955   3.423  -1.878  -2.116   0.068  -1.235  -0.188   0.998   0.292   0.207  -0.287   0.152  -0.065   0.444   0.176  -0.013
  1956   5.010  -0.135  -1.517  -1.217  -1.892   0.318  -0.651   0.967  -1.006   0.185  -0.743  -0.123   0.487   0.424   0.186
  1957   3.838   0.626  -1.166  -0.281   0.761  -0.419  -0.477   0.855   0.027  -0.184   0.268  -0.502  -0.323   0.364   0.296
  1958   4.931   1.044  -1.451  -1.253   3.042   0.287   0.655  -0.675   0.699   0.171  -1.074   0.081   0.013  -0.386   0.156
  1959   1.445  -1.234  -0.896  -1.935   0.281  -0.802   0.619   0.510   0.212   0.865   1.068   0.399  -0.404  -0.263   0.268
  1960   3.793   0.074  -0.214   0.115  -0.245  -1.729  -0.645  -0.916  -0.577   0.321   0.105   0.548   0.817   0.165   0.072
  1961   2.119  -0.202  -0.231  -0.099   0.164  -0.582  -0.876  -0.063   0.168  -0.130   0.199   0.353  -0.103  -0.195   0.110
  1962  -0.245  -0.219  -1.704   0.141  -0.905  -1.038  -1.117   0.846   1.056  -0.591   0.755  -0.102   0.087  -0.252  -0.350
  1963   0.694  -0.240  -0.846  -0.821  -0.586   0.945   0.286   0.755  -0.250  -0.940   0.172  -0.343   0.159  -0.272   0.007
  1964  -0.088  -1.743   0.262  -0.266  -0.295   0.479  -0.078  -0.139  -0.133   0.225   0.794  -0.064   0.091  -0.072   0.040
  1965  -0.046  -0.894   0.956   0.455  -0.644   0.018  -0.962  -1.084  -0.083  -0.981   0.597  -0.219  -0.100   0.262  -0.037
  1966  -3.343  -1.984   0.575  -0.493  -0.300  -1.127  -0.210  -0.005   0.644  -0.253  -2.232  -0.506  -0.521  -0.649   0.139
  1967  -0.243  -1.631  -1.674   0.388  -0.893   1.349   1.168  -0.916   0.170   0.402  -0.017  -1.024   0.148   0.391  -0.712
  1968   1.061   0.845  -1.328   0.797  -0.096   1.172  -0.208  -0.886   0.363  -0.298  -0.354  -0.074  -0.716  -0.279  -0.661
  1969   0.875  -1.124  -0.715   0.042  -0.065   0.875  -0.297  -0.922  -1.340   1.144  -0.514   0.240  -0.084  -0.552  -0.370
  1970  -0.173   1.372  -0.307   1.174  -0.453   0.599  -0.638  -0.634   0.149  -0.920   0.228  -0.984  -0.365  -0.041  -0.333
  1971  -1.781   0.065   0.749   1.029  -0.318   0.963   0.873  -0.426   0.018  -0.279   0.242   0.082  -0.908   0.449   0.532
  1972  -2.025  -1.219  -0.774  -0.760  -0.180   0.036   0.500   0.311   0.420   0.053   0.081   0.269  -0.168   0.131   0.352
  1973  -0.837   0.687  -1.519  -0.723   0.530   0.342   0.354   0.081  -0.303  -1.355  -0.621   0.121   0.365  -0.209  -0.198
  1974  -2.703  -0.551  -1.117  -1.130  -0.035   0.305   0.242  -0.630  -0.413  -1.222   0.212   0.306   0.904   0.424   0.363
  1975  -2.716   0.017  -1.246  -0.020  -0.865  -1.578   2.231  -1.027  -1.361  -0.080   0.075  -0.055  -0.696   0.253   0.120
  1976  -2.015  -0.557  -2.138   2.842   0.538  -1.112  -0.015  -0.826   0.032   1.152  -0.103  -0.971  -0.040  -0.110   0.707
  1977  -3.667  -3.346   0.117  -0.951   1.192   0.457  -0.459   0.657  -0.165   0.503   0.130  -0.262   0.448  -0.821   0.350
  1978  -1.714  -0.404   0.185  -1.036   0.226   0.425  -1.393  -1.170  -0.463   0.035   0.439   0.609  -0.740  -0.889  -0.074
  1979  -1.159  -0.226  -0.155   0.774   0.541  -1.233   1.177   0.872   1.593  -0.483   0.883  -1.062   0.239  -0.003   0.021
  1980   2.084  -1.821   2.035   2.098   1.146  -0.502   1.268   1.109  -0.653  -0.359   0.100   0.009   0.097  -0.537  -0.430
  1981   3.331  -1.532   2.244   2.572  -0.047   0.839   0.771   1.400  -0.425   0.423  -0.473   0.458   0.127   0.098  -0.212
  1982   3.612   1.898   1.659   2.262  -0.653  -0.509   0.550   0.131   0.852  -0.058   0.098   0.367  -0.623  -0.550   0.366
  1983   1.660  -0.589   2.336   0.864  -0.004  -0.944  -0.053  -0.895  -0.220  -0.045   0.006  -0.504   0.138   0.841  -0.275
  1984   0.041   0.159   1.846  -0.600  -1.149  -0.772  -0.521  -1.369   0.574   0.042  -0.058   0.297   0.927  -0.021  -0.155
  1985   0.791  -0.166   2.241  -0.706   0.742   0.418   0.907  -0.577  -0.176  -0.228  -0.172   0.454   0.151   0.376   0.665
  1986   0.457   0.069   1.651  -0.832   0.818   1.630  -0.066   0.147  -0.270  -0.459  -0.430  -0.309  -0.394   0.332   0.139
  1987  -0.382  -0.753   2.229  -1.535  -0.673  -0.399  -1.521   0.673  -0.228   0.181   0.170  -1.064  -0.982   0.446   0.101
  1988  -0.861   0.043   0.878  -3.125   2.126   0.029   0.690   0.721   0.505   0.435   0.537   0.078  -0.427   0.464  -0.818
  1989   0.453   0.816   1.188  -1.951  -0.219  -1.394  -0.091  -0.206  -0.194  -0.032  -0.497  -0.182   0.478   0.156   0.013
  1990   3.196   1.935   0.744  -1.715  -1.224   0.645   1.187  -0.770   1.216   0.233  -0.111  -0.290   0.120  -0.604   0.465
  1991  -0.586   0.296   2.052   0.119  -0.443   0.240  -1.358  -0.700   0.739   0.888   0.038  -0.527   0.772  -0.422  -0.220
  1992  -0.592   1.352  -0.054  -0.348   0.203  -1.497   0.828   0.032  -0.039   0.012  -0.009   0.903  -0.235  -0.252  -0.872
  1993  -0.968   0.788   0.405   0.140   1.064  -0.649  -0.043  -0.233  -0.912  -0.193   0.553   0.327  -0.183   0.453   0.316
  1994   0.247   3.339  -0.182   0.589   1.087  -0.175  -0.899   0.660  -1.799  -0.579   0.374  -1.115   0.268  -0.627  -0.092
  1995  -1.477   1.504  -1.141   0.670   2.212   0.884  -0.837   0.670   0.162   0.313  -0.580  -0.251   0.521   0.387   0.388
  1996  -0.158  -0.548  -0.125   1.106   0.012   0.300  -1.994   0.565   0.681  -0.201  -0.594   0.937  -0.294   0.476   0.258
  1997  -2.066  -0.314  -0.520   0.319  -1.407  -0.361  -0.921   0.901   0.197  -1.262   0.025   1.031   0.066  -0.111  -0.081
  1998  -1.044   0.389  -1.780   1.002   1.192  -0.605  -0.842  -0.283   0.748   0.747  -0.856   0.557  -0.426   1.075  -0.448
  1999  -1.302  -0.004  -0.570   1.828   1.017   0.435   0.240  -0.379   0.033  -0.392   0.604   1.046   0.183  -0.444   0.180
  2000  -1.923  -0.606   1.046   0.715   1.325   1.482   0.420  -0.407   0.385  -0.234   0.432   0.176   0.949   0.317  -0.235
