  year  #   1
  1950   2.055
  1951   1.858
  1952   0.781
  1953   0.796
  1954   0.407
  1955   0.400
  1956   0.808
  1957   1.486
  1958   3.873
  1959   0.852
  1960   1.122
  1961   0.183
  1962  -1.025
  1963  -0.322
  1964  -0.828
  1965  -0.635
  1966  -0.868
  1967  -0.866
  1968   0.120
  1969   0.084
  1970   1.571
  1971   0.670
  1972   0.563
  1973  -0.328
  1974  -0.547
  1975   0.188
  1976   0.763
  1977  -1.117
  1978  -0.473
  1979  -0.858
  1980  -1.469
  1981  -1.252
  1982  -0.899
  1983  -0.671
  1984  -0.396
  1985  -0.184
  1986   0.020
  1987  -1.021
  1988  -0.298
  1989   0.019
  1990   0.267
  1991  -0.716
  1992  -0.642
  1993   0.061
  1994  -0.837
  1995  -0.787
  1996  -0.943
  1997  -0.382
  1998   0.548
  1999  -0.710
  2000  -0.419
