 eigenvalue  4.059   1.576   0.826   0.495   0.444   0.243   0.197   0.160
 eval sderr  0.804   0.312   0.164   0.098   0.088   0.048   0.039   0.032
 % variance  0.507   0.197   0.103   0.062   0.056   0.030   0.025   0.020
 cumulative  0.507   0.704   0.808   0.869   0.925   0.955   0.980   1.000
 brokn stck  2.718   1.718   1.218   0.885   0.635   0.435   0.268   0.125
 series_id   #  1       2       3       4       5       6       7       8
  60059      0.356   0.295  -0.009  -0.563   0.637  -0.068  -0.138  -0.199
  80625      0.343   0.334  -0.261  -0.350  -0.684  -0.085  -0.287   0.149
  121105     0.102   0.562   0.699   0.207  -0.125  -0.264   0.228  -0.070
  131113     0.434  -0.122  -0.292  -0.008  -0.105  -0.067   0.800  -0.236
  50246      0.432  -0.238   0.189   0.038   0.170  -0.056   0.061   0.827
  111094     0.436   0.002   0.192   0.234  -0.050   0.804  -0.163  -0.205
  152053A   -0.098   0.626  -0.508   0.406   0.244   0.162   0.096   0.283
  70269      0.413  -0.148  -0.164   0.545   0.092  -0.487  -0.409  -0.267
