  year  #   1
  1950  -0.565
  1951  -0.685
  1952  -1.063
  1953  -0.407
  1954   0.452
  1955   1.672
  1956   2.144
  1957   2.147
  1958   3.150
  1959   1.548
  1960   2.029
  1961   1.632
  1962   0.731
  1963   0.832
  1964  -0.190
  1965   0.293
  1966  -0.578
  1967  -0.202
  1968   0.529
  1969   0.108
  1970   0.475
  1971  -0.155
  1972   0.115
  1973   0.254
  1974  -0.247
  1975   0.205
  1976  -0.037
  1977  -1.094
  1978  -0.779
  1979  -0.618
  1980  -0.449
  1981  -0.613
  1982  -0.093
  1983  -0.246
  1984  -1.015
  1985  -0.325
  1986   0.002
  1987  -0.311
  1988  -0.106
  1989  -0.566
  1990   0.538
  1991  -0.866
  1992  -0.685
  1993   0.080
  1994  -0.228
  1995  -0.737
  1996  -0.775
  1997  -1.385
  1998  -1.326
  1999  -1.392
  2000  -1.200
