  year  #   1
  1950  -0.457
  1951  -0.566
  1952  -0.900
  1953  -0.324
  1954   0.406
  1955   1.716
  1956   2.244
  1957   2.195
  1958   3.678
  1959   1.473
  1960   1.992
  1961   1.483
  1962   0.504
  1963   0.669
  1964  -0.367
  1965   0.153
  1966  -0.625
  1967  -0.267
  1968   0.410
  1969  -0.005
  1970   0.399
  1971  -0.181
  1972   0.204
  1973   0.257
  1974  -0.263
  1975   0.125
  1976  -0.109
  1977  -0.997
  1978  -0.673
  1979  -0.558
  1980  -0.486
  1981  -0.642
  1982  -0.203
  1983  -0.329
  1984  -0.926
  1985  -0.329
  1986  -0.038
  1987  -0.347
  1988  -0.210
  1989  -0.565
  1990   0.412
  1991  -0.852
  1992  -0.653
  1993  -0.015
  1994  -0.333
  1995  -0.751
  1996  -0.770
  1997  -1.193
  1998  -1.144
  1999  -1.170
  2000  -1.070
