  year  #   1
  1950  -0.838
  1951  -0.629
  1952  -1.501
  1953   0.246
  1954   0.832
  1955   2.464
  1956   1.587
  1957   0.886
  1958   2.599
  1959  -1.185
  1960   1.243
  1961  -0.092
  1962  -1.193
  1963   0.263
  1964  -1.838
  1965   0.386
  1966  -1.529
  1967   0.208
  1968   1.151
  1969  -0.288
  1970   0.561
  1971  -0.934
  1972   0.224
  1973   0.302
  1974  -0.633
  1975   0.724
  1976  -0.009
  1977  -1.899
  1978   0.148
  1979  -0.149
  1980   0.225
  1981  -0.273
  1982   0.440
  1983  -0.182
  1984  -1.514
  1985   0.610
  1986   0.629
  1987   0.104
  1988   0.406
  1989  -0.329
  1990   1.528
  1991  -1.772
  1992   0.123
  1993   1.188
  1994  -0.054
  1995  -0.529
  1996   0.004
  1997  -0.968
  1998  -0.438
  1999  -0.297
  2000  -0.006
