 eigenvalue  3.773   1.257   0.841   0.775   0.465   0.414   0.277   0.198
 eval sderr  0.747   0.249   0.166   0.153   0.092   0.082   0.055   0.039
 % variance  0.472   0.157   0.105   0.097   0.058   0.052   0.035   0.025
 cumulative  0.472   0.629   0.734   0.831   0.889   0.941   0.975   1.000
 brokn stck  2.718   1.718   1.218   0.885   0.635   0.435   0.268   0.125
 series_id   #  1       2       3       4       5       6       7       8
  60059      0.383   0.340   0.094  -0.055  -0.602  -0.445  -0.317  -0.255
  80625      0.328   0.378  -0.436   0.423  -0.157   0.395  -0.016   0.447
  121105     0.342   0.087   0.443   0.617   0.309   0.041   0.208  -0.398
  131113     0.356   0.240  -0.460  -0.454   0.306   0.118   0.264  -0.470
  50246      0.410  -0.350   0.022  -0.078  -0.170  -0.342   0.656   0.356
  111094     0.427  -0.135   0.008  -0.094   0.560  -0.288  -0.534   0.329
  152053A   -0.167   0.719   0.391  -0.249   0.214  -0.140   0.244   0.340
  70269      0.351  -0.137   0.491  -0.392  -0.189   0.641  -0.109   0.071
