  year  #   1
  1950  -1.587
  1951  -1.698
  1952  -2.094
  1953  -1.225
  1954  -0.222
  1955   1.375
  1956   1.944
  1957   2.002
  1958   3.171
  1959   1.231
  1960   1.899
  1961   1.458
  1962   0.317
  1963   0.550
  1964  -0.715
  1965  -0.079
  1966  -1.100
  1967  -0.622
  1968   0.238
  1969  -0.195
  1970   0.239
  1971  -0.511
  1972  -0.092
  1973   0.089
  1974  -0.492
  1975   0.191
  1976  -0.007
  1977  -1.287
  1978  -0.720
  1979  -0.541
  1980  -0.335
  1981  -0.510
  1982   0.189
  1983  -0.064
  1984  -0.904
  1985  -0.099
  1986   0.262
  1987   0.266
  1988   0.523
  1989  -0.008
  1990   1.313
  1991  -0.429
  1992  -0.131
  1993   0.655
  1994   0.424
  1995  -0.082
  1996   0.027
  1997  -0.792
  1998  -0.656
  1999  -0.748
  2000  -0.417
