  year  #   1       2       3
  1950  -1.858  -0.773   1.348
  1951  -2.224  -0.082   1.241
  1952  -2.066  -1.262   1.384
  1953  -2.271  -0.043   1.358
  1954  -0.520   0.049   1.005
  1955   1.024   0.995   0.758
  1956   2.063   1.346   0.713
  1957   2.230   1.090   0.663
  1958   2.608   2.057   1.422
  1959   1.835  -0.192  -0.678
  1960   1.677   0.022  -0.540
  1961   2.024   0.114  -0.834
  1962   1.038  -0.857  -1.193
  1963   1.019  -0.944  -1.626
  1964   1.151  -0.389  -0.821
  1965   0.939  -0.712  -0.766
  1966   0.671  -0.712  -1.199
  1967   0.894  -0.151  -0.549
  1968   0.976   0.457  -0.347
  1969   0.104   1.026  -0.818
  1970   0.174   1.536  -0.764
  1971  -0.632   1.052  -0.988
  1972  -0.829   1.213  -1.339
  1973  -1.049   1.283  -1.323
  1974  -1.143   1.255  -1.061
  1975  -1.160   1.488  -1.186
  1976  -1.278   1.316  -1.090
  1977  -1.823  -1.312  -2.322
  1978  -0.902   1.473  -0.838
  1979  -0.943  -0.016  -1.289
  1980  -0.393  -2.578  -0.943
  1981   0.345  -2.509  -0.311
  1982   0.838  -1.877   0.747
  1983   1.082  -1.392   1.551
  1984   0.802  -2.637   0.053
  1985  -0.017  -1.901   1.356
  1986   0.269  -0.490   2.157
  1987  -0.014  -0.880   1.294
  1988   0.243   0.363   1.904
  1989  -0.351   0.410   2.217
  1990  -0.352   1.432   1.937
  1991  -0.945  -0.507   0.328
  1992  -0.770   0.035   0.764
  1993  -0.252   0.524   0.899
  1994  -0.403   0.450   0.479
  1995  -0.451   1.444   1.081
  1996  -0.460  -0.487  -0.183
  1997  -0.006  -1.147  -1.074
  1998  -0.335   1.289  -0.088
  1999  -0.522  -0.317  -1.399
  2000  -0.036   0.445  -1.092
