  year  #   1       2       3       4       5       6       7       8       9      10      11      12      13      14      15      16      17      18      19      20      21      22      23      24      25      26      27      28      29      30      31      32      33      34      35      36      37      38      39      40      41      42      43      44      45      46      47      48      49      50      51
  1950   0.650  -0.890   0.042   4.017  -1.619   1.723  -1.676  -0.981   1.212  -0.190  -1.734  -0.291   0.082  -0.655   2.537  -1.156  -1.273   1.302  -0.613   0.082   0.019   1.166   0.568  -0.824   1.393   0.289  -0.009   0.821  -0.460   0.531  -1.145   0.204  -0.751  -0.093   0.147  -0.313  -0.078   0.198   0.691   0.417   0.156   0.322   0.006   0.068  -0.504  -0.294  -0.096   0.080  -0.005   0.010   0.000
  1951  -1.570  -3.640  -1.153   1.647   2.071   1.308   0.367  -1.746  -0.031   0.261   0.073   2.108   0.760  -0.212   1.561  -0.245  -0.853  -0.573   0.130  -1.691   0.728  -0.801  -0.211   0.487   0.061   0.130  -1.060  -0.702   1.602   0.690   0.246   0.215   0.355  -0.408   0.797  -0.117   0.744   0.239  -0.045   0.777   0.033   0.118   0.285   0.087   0.326   0.316   0.056   0.039   0.185  -0.069   0.000
  1952  -3.727   0.982   0.074   3.490   0.665  -0.356   0.496  -2.240  -2.578   0.555   1.567  -0.297  -1.669  -1.772  -0.321   0.447  -0.547   0.457   0.793   0.174   0.926   0.497  -0.474   0.495  -0.042  -0.283   1.222   0.255   0.749   0.243  -0.814   0.017   0.098   0.349  -0.442   0.242   1.347  -0.088   0.198  -0.608   0.150  -0.392  -0.789  -0.124  -0.073   0.085   0.002  -0.061  -0.022  -0.028   0.000
  1953  -1.087  -3.787  -0.725   0.499   0.704  -0.524   4.397  -1.909  -1.502   0.373  -1.847   0.380  -0.438   3.322  -1.943  -0.104  -1.477  -0.221  -1.012   1.036  -0.089  -1.250   0.478   0.348   0.941   0.881  -0.969  -0.555  -1.036   0.077   0.072  -0.211  -0.503   0.137  -0.317   0.039  -0.071   0.005   0.412  -0.024   0.112  -0.189  -0.146   0.069  -0.227   0.062   0.036  -0.170  -0.101  -0.038   0.000
  1954   2.530   3.039  -1.397  -1.973  -1.428  -2.034  -1.112  -2.731   1.041   0.832  -3.561  -2.051   0.542  -0.341  -1.530  -3.233   0.264  -0.158   0.174  -0.874  -1.009  -0.017   0.246  -0.090   0.026  -0.438   0.237  -0.692   0.631  -1.045   0.345   0.063   0.141  -0.107  -0.605  -0.113   1.002   0.157   0.136   0.166  -0.196   0.152   0.041   0.030   0.111   0.027  -0.152  -0.007  -0.001  -0.028   0.000
  1955   5.889   2.746  -4.237  -3.626   0.261  -0.221  -0.765  -2.534  -1.257  -1.396  -1.592  -0.469  -1.194  -1.565  -0.935   3.316   0.115  -0.522   1.244   0.375   0.479   0.868  -0.117   0.205  -0.082  -0.247  -0.790   0.286  -0.157   0.708  -0.382   0.282  -0.527  -0.655   0.230  -0.241  -0.306   0.291  -0.123   0.369   0.119   0.181  -0.002  -0.255  -0.270   0.173   0.160  -0.017  -0.065  -0.019   0.000
  1956   5.785   2.922  -0.008  -3.304   2.606   3.538   0.854  -1.586   0.966   0.239   2.227   0.847  -0.362  -0.801  -0.476  -1.073  -0.778  -0.157  -1.735  -0.996  -0.137   0.225  -0.094  -1.469   0.092   0.729   0.794   0.176  -1.324   0.030  -1.038  -0.046   0.564  -0.128   0.226   0.373  -0.010  -0.070  -0.252   0.053   0.129  -0.122  -0.007   0.424   0.159   0.182  -0.248  -0.151  -0.056  -0.012   0.000
  1957   3.249   2.958   3.502  -0.253  -0.086  -1.175  -1.018   3.690  -0.762  -2.481  -0.544   1.025   0.520   2.501   0.611  -0.659  -1.219   0.242   0.449   0.345   0.999   1.846  -1.303  -0.609  -0.243   0.424  -0.014   0.066   0.087  -0.150   0.138   0.591   0.307  -0.108  -0.461   0.084   0.482  -0.090   0.014   0.353  -0.110   0.095  -0.052  -0.132  -0.161   0.271   0.181  -0.291   0.008  -0.096   0.000
  1958   7.620   1.355   0.278   1.224  -0.945   3.143  -1.039   1.278  -1.643   1.161   0.213  -1.940   0.561   2.390  -0.521   1.092  -0.112  -0.608  -0.095  -0.403  -0.448  -0.690   0.075   1.363   0.084  -0.405   0.504  -1.006   0.178   0.206  -0.160   0.217  -0.056   0.400   0.692   0.351   0.288   0.504  -0.118  -0.166   0.146   0.785  -0.343   0.034   0.082  -0.225  -0.005  -0.159   0.182   0.105   0.000
  1959  -4.932   1.950   0.373  -2.123  -1.004  -2.204  -0.443   0.273  -1.720  -1.058   0.891   2.302   1.227  -0.082   1.151   0.071   0.683  -0.305  -0.774   0.912  -1.148  -1.371  -0.503  -0.150   1.364   0.840   0.404  -0.401   0.556   0.471  -0.847  -1.230  -0.988  -0.215  -0.463   0.414   0.404   0.452  -0.894   0.086  -0.252   0.496   0.003  -0.012  -0.097  -0.028  -0.123   0.068  -0.066   0.024   0.000
  1960   0.608   0.603   0.191  -0.389  -0.425   1.763  -1.159   1.738   0.651  -1.430  -0.152  -2.860  -0.648  -1.243   0.920  -0.048  -0.933  -0.016   0.482   2.102  -0.252  -1.640  -0.139   0.450   1.038   1.467  -0.710   0.016  -0.441   0.133   0.758  -0.371   0.271  -0.961   0.220  -0.516   0.835  -1.074  -0.116  -0.304   0.364  -0.118  -0.025   0.227   0.283   0.044   0.103   0.082  -0.038   0.005   0.000
  1961   1.963   1.990   2.218  -2.387   1.568   0.843   0.896  -0.384  -0.638   0.976   0.481   0.912   1.534   0.355   1.117  -0.656   1.960  -1.173   0.275   1.180   1.980  -0.230   0.527  -0.132   0.127  -1.378   1.053  -1.031  -0.328   0.850   0.705   0.064  -0.660  -0.408   0.192  -0.419   0.368  -0.137   0.757   0.321  -0.165  -0.422   0.032   0.030   0.001  -0.429   0.135   0.065  -0.139   0.000   0.000
  1962  -2.929  -0.134  -1.458   1.060  -0.268  -1.736   1.631   3.424   2.522   0.311  -0.574  -1.035   0.449  -1.063  -0.503   1.939   0.368   1.179   1.422  -1.510   0.886  -0.463   1.043  -0.408   0.756   0.253   0.430  -1.604  -0.571  -0.056  -0.881   0.792  -0.280   0.472  -0.295   0.464   0.127  -0.193  -0.183   0.719   0.074  -0.064  -0.134   0.247   0.289   0.011  -0.064  -0.014  -0.170   0.003   0.000
  1963  -2.016   0.320  -2.748  -1.618   3.414  -0.001  -1.228   2.016   2.679  -0.533   0.246   0.707   1.094  -0.711  -2.846   0.702  -0.899   1.244  -1.262   0.161  -0.455   0.486  -0.050  -0.333  -0.003   0.415  -0.105  -0.067   1.573   0.665   0.456  -0.833  -0.197   0.321   0.053  -0.241  -0.071  -0.300   0.582  -0.161  -0.240  -0.025  -0.343   0.089  -0.206  -0.392   0.040  -0.075   0.193  -0.028   0.000
  1964   2.363   0.690   0.253   0.113  -1.500   0.949   3.045   0.409   0.661  -1.359   0.267   0.006  -0.015  -0.426  -0.604  -0.354   0.493   1.537  -0.539   1.568   1.128  -0.185   1.101   0.330   0.548  -0.673   0.065  -0.055   1.954  -0.028  -0.218  -0.035   1.280   0.099   0.307   0.077  -0.103  -0.031  -0.147  -0.128   0.344   0.014   0.687  -0.456  -0.285   0.074  -0.286  -0.108  -0.159   0.070   0.000
  1965  -0.893   1.335   1.406   0.057  -0.692  -1.134   1.083   0.326   0.558   0.983   0.298   0.429  -1.428   0.461   0.599   0.132  -0.097  -1.652   1.429  -0.996  -2.655  -0.198  -0.396   1.069  -0.406   0.844   0.342   0.306   0.675   0.860   0.135   0.848   0.312  -0.966   0.465   0.567  -0.475  -0.772   0.335   0.247  -0.374  -0.300  -0.115  -0.090  -0.320  -0.207  -0.370  -0.085  -0.057  -0.005   0.000
  1966  -1.481  -0.205   1.179  -0.794   1.116   0.983  -0.064   1.315   1.670   0.889  -1.042   0.644  -0.346   0.792  -0.810  -0.250   0.385   1.396   0.773  -0.307   0.264  -1.127   0.212  -0.191   0.625  -0.290   1.224   0.184  -1.161   0.434   0.456   0.118  -0.051  -0.870  -0.150   0.029  -0.075   0.554  -0.135  -0.234   0.193  -0.152  -0.229  -0.770  -0.212   0.396  -0.163   0.263   0.329  -0.009   0.000
  1967   1.836   1.011   0.756  -0.294   0.099   2.177   0.529  -0.816  -0.807   2.153  -0.457  -0.037   1.581  -0.515   0.234  -0.055   0.437   1.011  -0.060  -1.756   1.502  -0.679  -0.956   0.546   1.101   0.649  -0.794   1.245   0.530  -0.667   0.831   0.802  -0.507   0.399  -0.705  -0.242  -0.414  -0.663  -1.143  -0.060  -0.360  -0.235  -0.131  -0.029  -0.302  -0.193   0.080  -0.036  -0.011   0.016   0.000
  1968   2.917   0.468   0.226   0.310  -1.960  -1.650  -1.192   0.557  -0.548   0.850   1.146  -0.119   0.359  -0.463  -0.104  -0.522  -0.376  -0.166   0.569  -1.506  -0.685   0.097  -0.286  -0.038   1.837  -0.593   0.064  -0.740  -0.007  -0.254  -0.595  -1.008  -0.753   0.367   0.991  -0.746  -0.527  -0.333   0.368  -0.427  -0.206  -0.727   0.364  -0.146  -0.001   0.410   0.212  -0.196   0.067   0.049   0.000
  1969   0.096  -3.033   2.123  -1.017  -0.957  -0.907  -0.088  -0.010  -0.596   1.727  -0.547  -0.598  -0.092  -0.690  -0.725   0.112   0.717   0.262   1.854   1.197   1.702  -0.236  -1.343  -1.734  -0.311   0.210  -1.341   0.873  -0.130  -0.821  -0.579  -0.911   0.101  -0.382   0.668   1.088   0.008   0.233   0.275   0.190  -0.240  -0.048  -0.026   0.026   0.225  -0.252  -0.223  -0.136   0.182   0.031   0.000
  1970   1.832  -2.219   0.838  -1.102  -1.003   2.333  -2.046   1.449   0.207   1.897   2.055  -0.001  -0.051  -0.740  -0.264   1.055   0.368  -0.360  -0.171   0.439  -0.793  -0.555   0.262   0.129  -0.258   0.603  -0.112   0.309   0.874  -1.339   0.808   0.305  -0.799   0.134  -0.686   0.587   0.160   0.909   0.909   0.102   0.222  -0.105   0.197   0.220  -0.304   0.375  -0.004   0.073  -0.207  -0.048   0.000
  1971  -2.362  -2.167   3.612  -0.052   0.769  -1.605  -0.993  -0.958   1.257   0.497   1.463  -0.412  -0.554  -0.549  -1.114  -0.847  -0.020  -0.425  -0.233  -1.055  -0.297   0.566  -0.343  -0.129  -0.534   0.583  -0.120  -0.383  -0.245  -0.397   0.538  -0.472  -0.111  -0.021   0.723  -0.481  -0.064   0.214  -0.572   0.471   1.232   0.241  -0.275  -0.575  -0.105  -0.279   0.173  -0.073  -0.225   0.001   0.000
  1972  -1.441  -2.405  -0.260  -1.253  -1.109   0.011  -2.271   0.617  -0.818  -1.539   0.639  -1.701  -1.929   0.478   0.948   0.117  -1.154  -0.211  -1.854  -0.805   0.596  -1.121  -0.773  -1.176  -0.523  -1.336  -0.989  -1.560   0.368   0.276  -0.320   0.765   0.083  -0.379  -0.509  -0.317  -0.433   0.571  -0.300  -0.450  -0.189  -0.534  -0.087  -0.106  -0.003  -0.277  -0.236   0.025  -0.030  -0.047   0.000
  1973  -1.073  -2.982   1.592  -1.015  -1.464  -0.331   0.551  -1.480   0.338  -0.663  -1.258   0.110  -1.459   0.596   0.032   0.929   0.667   0.883  -0.834   0.508  -0.431  -0.926  -1.504  -1.151  -0.860   0.047   2.043   0.551   0.993   0.099   0.036   0.512  -0.240  -0.012  -0.401  -0.864  -0.418  -0.345   0.173   0.502   0.192   0.062  -0.066   0.387   0.260   0.179   0.180  -0.088   0.096   0.146   0.000
  1974  -1.406  -2.707  -0.146  -0.723   2.445  -1.245  -1.078   0.105   0.740  -1.211  -0.946  -0.278  -1.230   1.800  -0.009   0.431   0.874  -0.700   0.649  -0.928   1.631   0.152  -0.178   0.770   0.884   0.585   1.332   0.846   0.248  -0.991  -0.232  -0.004   0.139   0.022   1.046  -0.627  -0.117   0.228   0.002  -0.828  -0.399   0.471   0.132   0.362  -0.010  -0.021  -0.177   0.115  -0.200  -0.079   0.000
  1975  -0.288  -3.269   0.093  -0.799  -1.857   2.442   0.043   1.772  -0.955  -0.605  -0.710  -0.041  -0.973  -0.024  -1.332   0.023  -0.225  -1.437  -0.610   0.054  -0.479   0.573   0.231   1.410   0.197  -1.311   0.830   0.661  -0.222  -0.775  -0.977  -1.081   0.730   0.198  -0.195   0.074   0.112  -0.382  -0.472   0.968  -0.201  -0.398   0.024   0.048  -0.127  -0.168   0.179   0.210   0.077  -0.085   0.000
  1976  -1.017  -2.191  -0.897  -0.529   0.072  -2.140   0.883  -0.289  -0.243  -0.685   0.402  -0.687   2.383   0.408   0.488   1.863  -0.660  -0.134  -1.885  -0.697  -0.694   1.870  -0.373   0.313   1.041  -1.598   0.302   1.223  -0.483  -0.341   0.823   0.462  -0.525  -0.664  -0.043   0.800   0.596  -0.329   0.032  -0.295   0.570  -0.113   0.343  -0.007   0.329  -0.090  -0.182  -0.010   0.060   0.026   0.000
  1977  -9.856  -0.905  -2.188  -0.760  -0.539   2.776  -0.984   0.071  -4.231  -2.159  -0.077  -0.911   0.782  -0.306  -0.435  -0.888   2.046  -0.009   0.452  -0.559  -0.521   0.310   0.625  -1.409  -0.275   0.361   0.155  -0.279  -0.473   0.128   0.709   0.391  -0.111   0.874   0.465   0.186  -0.269  -0.787   0.289   0.083   0.111   0.280   0.073  -0.219  -0.062   0.124  -0.166  -0.066   0.048  -0.046   0.000
  1978   6.491  -2.985   1.877  -1.261  -3.689  -1.629   2.804   0.701   0.398   0.742   0.189   0.252   1.252  -1.277  -0.073  -0.100   1.255  -1.050  -0.492  -0.038  -0.038   0.696   0.956  -0.761  -1.031   0.678  -0.353  -0.211   0.256   0.836  -0.582   0.486  -0.111   0.184   0.087  -0.401   0.113  -0.314  -0.204  -0.817   0.303   0.280  -0.197   0.266  -0.178   0.056   0.086   0.161   0.196  -0.123   0.000
  1979  -3.045  -0.284   1.626  -0.507  -0.646  -0.460  -1.022  -1.532   0.112   1.974   1.158   1.530  -0.379  -0.833   0.392   1.485  -1.237   0.213   0.313   1.661  -1.074  -0.027   2.082  -0.794   1.357  -0.671   0.206  -0.086  -0.399  -0.896   0.456   0.803   1.035  -0.013  -0.111  -0.604  -0.238   0.020  -0.137  -0.031  -0.602   0.478  -0.077  -0.194   0.284  -0.137   0.134  -0.201   0.066  -0.077   0.000
  1980  -6.108   4.956  -5.131   1.150  -4.120   1.266   3.724   0.142   2.283   0.064   2.080  -0.220  -0.847   0.934   0.712  -0.446   0.205  -0.633   0.117   0.003   0.615   0.515  -1.414  -0.149  -0.043   0.030   0.076   0.203  -0.093  -0.689   0.735  -0.367  -0.156  -0.321   0.184  -0.330  -0.309   0.659   0.087   0.013   0.063   0.122  -0.132   0.059   0.123  -0.104   0.116  -0.017   0.079  -0.061   0.000
  1981  -0.491   3.676  -3.104   0.296   0.940  -2.605  -1.327   1.624  -1.468   2.623  -0.049   0.718  -2.804   1.892   0.464  -0.083   0.514   0.070  -1.419  -0.302   0.297  -0.758   1.596  -1.181  -0.724   0.531  -0.318   0.963   0.081  -0.172  -0.262   0.389   0.149   0.197   0.415   0.295   0.621  -0.288  -0.130   0.031   0.318  -0.203   0.496  -0.003  -0.114  -0.142   0.268   0.117   0.077   0.044   0.000
  1982   2.597   2.626   1.751   1.996   0.722   0.371   1.021   1.011  -0.620  -2.732  -1.898   0.747   0.303  -0.583   0.231  -0.204  -0.592  -1.342   1.097  -0.870  -0.689  -1.239   2.133  -1.024  -0.179  -0.676  -0.231   1.729   0.623   0.115   0.620  -0.507  -0.338   0.328  -0.017  -0.004  -0.492   0.806  -0.146  -0.143   0.301  -0.377  -0.405   0.172   0.396  -0.062  -0.022  -0.051  -0.048  -0.001   0.000
  1983   3.715   3.523   2.055   3.831  -0.471  -1.294  -0.704  -1.688  -0.072  -2.218   0.754   1.788   0.043  -1.255  -2.013   0.548  -1.030  -0.280  -0.101  -0.147   0.603  -2.005  -1.305   0.271  -0.400  -0.176   0.229  -0.560  -0.741  -0.667   0.206   0.314  -0.111   0.426  -0.122   0.465  -0.424  -0.566   0.447  -0.033   0.114   0.330   0.564   0.010  -0.014  -0.176  -0.007   0.233   0.095  -0.051   0.000
  1984  -4.774   2.920   4.258  -0.054  -1.038   1.988  -0.974  -1.922   0.755  -0.440   0.228   0.617  -0.275   2.516  -1.739   0.863   1.765   1.551   0.575  -0.559  -0.985   1.595   0.022   0.227   0.657   0.100  -1.668  -0.135   0.245   0.696  -0.650   0.100   0.395  -0.075  -0.221  -0.027   0.090   0.147   0.145  -0.264   0.050  -0.232   0.091   0.253   0.370  -0.028   0.124   0.248  -0.067   0.022   0.000
  1985  -1.066  -0.379   0.968   4.344   1.207   1.010   0.327  -0.423   1.223  -0.540  -0.147  -2.147   1.084  -0.430  -0.403   0.671   1.764  -0.466  -1.792  -0.482  -0.132  -0.251   0.763  -0.124  -1.671   0.657   0.211   0.272  -0.245  -0.027  -0.641  -0.432  -0.394  -1.151  -0.310   0.149   0.061   0.038  -0.071  -0.169  -0.875   0.081   0.337  -0.462   0.109   0.077   0.269  -0.197  -0.066  -0.020   0.000
  1986   4.078   0.519  -1.983   2.543   1.356   0.038  -1.445   0.613  -0.394   0.956  -1.343   2.175  -0.436  -0.060   0.959   0.183   2.080  -0.092  -0.795   1.703  -0.185   1.198  -0.188   1.378  -0.448   0.834  -0.300  -0.730  -0.060  -0.935  -0.341  -0.123  -0.400   0.129  -0.452  -0.694  -0.571  -0.201  -0.109   0.056   0.471  -0.340  -0.137  -0.167   0.488  -0.008  -0.423  -0.083   0.085  -0.040   0.000
  1987  -1.780   0.415   0.182   0.947  -0.129   0.747  -0.110   0.474  -2.052   2.647  -0.922  -0.262  -0.249  -0.069  -0.742  -0.838  -2.859   1.115   0.745   0.622   0.543   1.683   0.491  -0.147  -1.297  -0.209   0.910  -0.769   0.547   0.666   0.589  -0.644  -0.752  -0.712   0.045   0.431  -0.914  -0.236  -0.572  -0.235  -0.046   0.217   0.310   0.290   0.231   0.106  -0.005   0.147  -0.134  -0.020   0.000
  1988   3.300  -0.165  -0.163   0.193   2.818   0.274   1.271  -1.708   1.989  -0.282   1.376  -1.933   0.408   2.318   2.007   0.991  -0.908  -1.080   1.487   0.826  -0.818   0.623   0.005  -1.644  -0.605  -0.283  -0.257  -0.405   0.555  -0.764  -0.144  -0.596  -0.357   1.083  -0.352  -0.048   0.090  -0.658  -0.235   0.099  -0.229   0.027  -0.033  -0.365  -0.107   0.117  -0.102   0.269   0.026   0.031   0.000
  1989   1.015  -1.076  -0.589   3.563   1.710  -0.699  -0.119   0.627   0.817   0.164   0.948  -0.129  -0.665  -0.392  -1.214  -0.673   1.500   0.678   0.733   1.540  -1.417  -0.014  -0.919  -0.307  -0.306  -1.852  -0.565   0.265  -0.892   0.783   0.727   0.327  -0.279   0.277   0.437  -0.475   0.524   0.366  -0.863   0.167  -0.249  -0.028   0.228   0.607  -0.409   0.126  -0.130  -0.106  -0.020  -0.011   0.000
  1990   2.943  -2.661  -1.716  -0.311   1.529   0.455   1.357  -0.151  -1.211  -1.194  -0.920   0.450   0.368  -1.026   1.273  -0.205   0.105   1.051   1.655  -0.141  -1.602   0.796  -0.794  -0.105  -0.013   1.512   0.910  -0.948  -0.405  -0.360   0.286   0.193   0.825   0.164  -0.227   0.380   0.068   0.958  -0.142  -0.459   0.020  -0.448   0.524   0.002  -0.072  -0.420   0.339   0.019   0.060   0.033   0.000
  1991  -6.973   0.140   0.566  -0.455   1.923  -0.782  -0.455   0.040   0.121  -0.618   1.557  -0.858   0.481  -0.495  -0.716  -1.178  -0.559  -2.617   1.170   0.221   1.234   0.736   1.185   1.060   0.016   0.274  -0.426  -0.065  -0.134  -0.249  -0.647   0.457   0.069  -0.409  -1.111  -0.414  -0.425   0.234  -0.007  -0.037   0.296   0.101   0.308   0.374  -0.271   0.045  -0.022  -0.081   0.258   0.142   0.000
  1992   0.013  -0.347  -1.116   1.195   0.557  -0.691  -1.400   0.340   0.898   2.314  -1.235  -0.996   0.174  -0.275   0.455   0.018   0.723  -2.139  -0.444   0.119   0.367  -0.146  -1.532  -0.420   1.293  -0.191   0.132   0.454  -0.130   2.002   0.319  -0.541   1.441   0.833  -0.936   0.493  -0.632   0.080   0.225  -0.155   0.236   0.242   0.138  -0.120   0.152   0.130   0.101  -0.024  -0.123  -0.030   0.000
  1993   2.800   0.210  -2.204   0.594   1.692  -2.199   0.834   1.147  -3.182   0.500   2.004  -1.060   2.860   0.353  -0.063  -0.965   0.099   1.683   0.101  -0.148  -0.772  -0.783  -0.526   0.096  -0.356  -0.452  -0.447   0.666  -0.049  -0.463  -0.779   0.159   1.091  -0.787  -0.058  -0.716  -0.646   0.107   0.512   0.316   0.007   0.219  -0.460   0.039   0.060   0.074   0.054   0.223  -0.128   0.010   0.000
  1994  -0.049  -0.608  -0.067   0.278  -0.480  -0.228   0.773   1.300  -0.077  -0.438  -0.444   0.831  -0.285  -1.595  -1.298  -1.049  -0.910  -1.600  -1.616   1.040   0.246   1.305  -0.531   0.055   0.251   0.826  -0.466   0.084  -0.274   0.068   0.378   1.153  -0.142   0.615   0.791   0.032   0.206   0.412   0.014   0.087  -0.817  -0.068  -0.327  -0.361   0.282   0.149   0.013   0.267  -0.108   0.160   0.000
  1995   3.624  -1.894  -0.976   1.093  -1.269  -0.401  -0.432  -0.116   0.016  -0.972   0.033   2.350  -1.482  -0.223   0.945   0.475   0.882   0.320  -0.275  -1.778   0.666   0.779   0.876  -0.259  -0.233  -0.391  -0.599  -0.886  -0.671  -0.439   1.363  -1.314   0.845  -0.622  -0.545   0.268   0.149  -0.505   0.172  -0.149  -0.276   0.314  -0.471   0.235  -0.307   0.106  -0.025   0.015  -0.063   0.132   0.000
  1996  -4.528   1.886   0.318  -0.160  -1.287  -1.411  -2.299  -2.325   1.390  -0.301  -1.098  -0.657   2.863   0.517   1.365   0.895  -0.279   0.346  -1.083   1.232   0.596  -0.401   0.532   0.913  -1.173   0.392   0.366  -0.362  -0.337  -0.240   0.225  -0.028   0.846   0.420   1.014   0.716  -0.456   0.226  -0.300   0.075   0.046  -0.619  -0.399   0.351  -0.352   0.214   0.053  -0.001   0.032  -0.003   0.000
  1997  -3.296   2.042   3.292  -2.579   3.115  -0.390   2.674   0.869   0.043   0.051  -1.286  -1.199  -2.412  -1.936   2.399  -0.679   0.519   1.236  -1.210  -0.100  -0.636   0.005  -0.396   1.572  -0.132  -1.199  -0.905  -0.267  -0.085  -0.481  -0.154  -0.099  -0.379   0.520   0.199   0.598  -0.460  -0.029   0.355  -0.127  -0.019   0.441  -0.093   0.077  -0.009   0.124   0.190  -0.017   0.088  -0.025   0.000
  1998   4.138  -3.783  -3.176  -1.333  -0.923  -0.571  -1.923  -1.216   2.110  -1.719   2.326   0.726  -0.677   1.105   0.172  -2.682   0.453   1.054   1.084   0.731   0.336  -0.491   0.815   1.260  -0.100  -0.402   0.018   0.662   0.016   0.603  -0.281   0.559  -0.690   0.169  -0.229   1.133  -0.398  -0.360  -0.119  -0.099  -0.077   0.057  -0.215  -0.168   0.338  -0.028   0.246  -0.076  -0.036  -0.011   0.000
  1999  -5.099  -0.501  -1.438  -1.855  -0.855   2.058  -0.371   1.161   1.460   1.059  -1.854   2.831   1.619  -0.109   0.515   0.212  -1.338  -0.262   1.105  -0.291  -0.466  -0.987  -0.855   0.456  -2.128  -1.127  -0.540   0.463  -0.781  -0.154  -0.992   0.049   0.049   0.309  -0.046  -0.537   0.605  -0.312   0.158  -0.668   0.160   0.173   0.150  -0.205  -0.011  -0.025   0.010  -0.097  -0.190   0.057   0.000
  2000   1.236  -0.069   1.234  -1.918  -1.598  -1.573   0.173  -0.345  -0.713  -0.034   1.614  -1.298  -0.433  -0.023   0.644   0.624  -0.906   1.554   0.027  -0.892   0.566   0.003   0.680   1.557  -1.314   1.036   0.028   0.924  -1.009   1.231   0.701  -0.786   0.041   1.040  -0.386  -0.849   0.396   0.454   0.252   0.402  -0.414  -0.039   0.385  -0.115   0.215  -0.071  -0.311  -0.026   0.049  -0.008   0.000
