qupr_drop.rwl -- no data title --                         1st itrdb line missing     
qupr_drop.rwl -- no data title --                         2nd itrdb line missing     
qupr_drop.rwl -- no data title --                         3rd itrdb line missing     
qupr_d17779990  09990  09990  09990  09990  09990  09990  01175  1 921  1 806  1  trn
qupr_d17801037  1 809  1 645  1 521  1 674  1 290  1 515  1 657  1 816  1 657  1  trn
qupr_d1790 702  1 505  1 556  1 691  1 949  1 842  1 302  1 163  1 625  1 642  1  trn
qupr_d1800 589  1 337  1 104  1 489  1 352  1 502  1 556  1 489  1 668  1 459  1  trn
qupr_d1810 665  1 710  1 682  1 796  11074  11083  11025  1 896  1 729  1 940  1  trn
qupr_d1820 947  1 887  1 694  1 530  1 729  1 785  1 619  1 524  1 872  1 748  1  trn
qupr_d18301193  2 466  2 579  2 787  2 749  2 569  2 696  2 630  2 639  2 675  2  trn
qupr_d1840 769  2 923  2 981  2 716  2 836  2 891  2 965  2 779  2 994  3 963  3  trn
qupr_d1850 738  3 916  31498  31672  31617  32089  31563  31905  31785  31670  3  trn
qupr_d18601775  31834  31753  31985  31570  31762  31691  31536  31468  31637  3  trn
qupr_d18701614  4 852  41620  41311  41254  41388  51701  51393  62005  61546  6  trn
qupr_d18801925  72112  82718 102617 102825 102510 102742 102331 102302 102382 10  trn
qupr_d18902715 112617 112454 122634 132560 142893 142907 152168 151966 161891 17  trn
qupr_d19002278 192476 192153 192471 222367 232144 232197 241888 241787 241781 24  trn
qupr_d19101808 251299 251639 251835 251574 252211 262526 282421 291907 292313 32  trn
qupr_d19202146 322182 322290 341980 342488 362091 382475 382591 392367 392205 39  trn
qupr_d19302099 432080 432012 452112 462128 472008 482008 502213 502134 531879 54  trn
qupr_d19402069 552005 552054 551817 571774 571930 581755 581222 581415 591670 60  trn
qupr_d19501769 601750 601668 611791 622013 622263 632347 632391 642574 652164 67  trn
qupr_d19602149 672179 672054 671965 682090 682026 681982 682089 682177 682084 68  trn
qupr_d19702119 681973 681918 691886 691837 691822 691787 691358 691827 691679 69  trn
qupr_d19801518 691637 691799 691958 691664 691714 691913 691811 691929 691900 69  trn
qupr_d19901956 691553 691640 691718 691681 691848 691583 691505 691743 691508 69  trn
qupr_d20001662 691925 691731 691763 661522 651632 651487 631569 611692 611784 61  trn
qupr_d20101183 141291 121036 111085  8 681  8 712  6 394  51716  19990  09990  0  trn
qupr_drop.rwl -- no data title --                         1st itrdb line missing     
qupr_drop.rwl -- no data title --                         2nd itrdb line missing     
qupr_drop.rwl -- no data title --                         3rd itrdb line missing     
qupr_d17779990  09990  09990  09990  09990  09990  09990  01347  11207  11143  1  std
qupr_d17801279  11145  11047  1 969  11060  1 820  1 952  11041  11147  11035  1  std
qupr_d17901063  1 921  1 951  11044  11236  11151  1 747  1 645  1 971  1 979  1  std
qupr_d1800 932  1 736  1 564  1 835  1 725  1 831  1 866  1 806  1 943  1 767  1  std
qupr_d1810 926  1 956  1 925  11014  11251  11251  11191  11069  1 919  11090  1  std
qupr_d18201088  11027  1 859  1 724  1 873  1 911  1 773  1 695  1 956  1 851  1  std
qupr_d18301252  2 763  2 834  2 960  2 931  2 814  2 885  2 823  2 819  2 831  2  std
qupr_d1840 873  2 955  2 982  2 805  2 864  2 874  2 910  2 796  2 877  3 865  3  std
qupr_d1850 783  3 861  31023  3 982  31265  31595  31186  31187  31111  31163  3  std
qupr_d18601125  31062  31151  31404  31169  31170  31210  31030  3 971  31173  3  std
qupr_d18701136  4 691  4 949  4 880  4 716  4 895  51134  5 903  61221  6 955  6  std
qupr_d1880 999  7 949  81098 101052 101133 10 936 101079 10 972 10 916 101036 10  std
qupr_d18901064 111279 111214 121092 131057 141152 141400 151253 151054 16 900 17  std
qupr_d1900 958 191074 19 920 191147 221068 23 986 23 991 24 830 24 694 24 720 24  std
qupr_d1910 763 25 532 25 692 25 767 25 651 251019 261188 281165 29 823 291060 32  std
qupr_d1920 959 321022 321168 34 940 341226 36 916 381216 381317 391162 391057 39  std
qupr_d19301025 431042 43 955 451031 461019 471023 481026 501167 501130 53 937 54  std
qupr_d19401120 551054 551093 55 914 57 883 571033 58 863 58 508 58 613 59 759 60  std
qupr_d1950 830 60 831 60 773 61 789 62 987 621160 631266 631297 641428 651115 67  std
qupr_d19601137 671178 671018 67 963 681074 681039 68 993 681104 681185 681089 68  std
qupr_d19701153 681037 68 962 69 914 69 904 69 866 69 859 69 471 69 899 69 784 69  std
qupr_d1980 665 69 802 691006 691205 69 894 69 901 691131 691000 691157 691156 69  std
qupr_d19901246 69 818 69 918 69 991 691003 691132 69 860 69 811 691077 69 800 69  std
qupr_d2000 982 691269 691079 691112 66 869 65 978 65 810 63 856 611005 611103 61  std
qupr_d20101204 141351 121050 11 817  8 801  8 855  6 808  51210  19990  09990  0  std
qupr_drop.rwl -- no data title --                         1st itrdb line missing     
qupr_drop.rwl -- no data title --                         2nd itrdb line missing     
qupr_drop.rwl -- no data title --                         3rd itrdb line missing     
qupr_d17779990  09990  09990  09990  09990  09990  09990  01264  1 991  11010  1  res
qupr_d17801212  1 971  1 946  1 926  11083  1 768  11066  11078  11130  1 950  1  res
qupr_d17901038  1 886  1 997  11072  11196  11013  1 681  1 795  11182  11012  1  res
qupr_d1800 958  1 795  1 733  11106  1 851  11009  1 981  1 904  11062  1 824  1  res
qupr_d18101067  11009  1 962  11057  11223  11097  11036  1 954  1 880  11126  1  res
qupr_d18201036  1 979  1 848  1 807  11042  1 997  1 834  1 829  11151  1 890  1  res
qupr_d18301222  2 631  2 892  21075  2 981  2 846  2 991  2 912  2 938  2 953  2  res
qupr_d1840 996  21066  21037  2 804  2 973  2 972  21008  2 837  2 945  3 958  3  res
qupr_d1850 905  3 902  31076  31061  31448  31477  3 874  31072  31005  31080  3  res
qupr_d1860 965  31080  31013  31328  3 928  31038  31031  3 889  3 901  31123  3  res
qupr_d18701124  4 751  41129  4 878  4 825  41012  51105  5 910  61228  6 883  6  res
qupr_d1880 950  7 996  81105 101004 101076 10 906 101141 10 925 10 981 101087 10  res
qupr_d18901070 111248 111002 12 927 13 963 141059 141174 15 977 15 872 16 856 17  res
qupr_d19001007 191113 19 858 191188 22 993 23 935 23 988 24 870 24 829 24 933 24  res
qupr_d1910 939 25 682 251005 25 997 25 830 251240 261197 281068 29 772 291127 32  res
qupr_d1920 952 321011 321138 34 848 341235 36 835 381229 381168 39 988 39 947 39  res
qupr_d1930 945 431028 43 927 451039 461007 47 989 48 995 501171 501028 53 853 54  res
qupr_d19401133 55 993 551084 55 856 57 928 571108 58 847 58 515 58 872 59 994 60  res
qupr_d19501022 60 933 60 888 61 935 621078 621184 631215 631114 641278 65 866 67  res
qupr_d19601037 671072 67 908 67 945 681099 68 974 68 966 681082 681140 681001 68  res
qupr_d19701094 68 950 68 940 69 945 69 936 69 943 69 945 69 589 691208 69 891 69  res
qupr_d1980 831 69 985 691090 691152 69 836 69 972 691150 69 935 691134 691060 69  res
qupr_d19901118 69 761 691013 691040 691026 691100 69 840 69 922 691113 69 844 69  res
qupr_d20001065 691180 69 945 691046 66 834 651045 65 843 63 967 611066 611098 61  res
qupr_d20101124 141225 12 905 11 944  8 904  8 919  6 792  51058  19990  09990  0  res
qupr_drop.rwl -- no data title --                         1st itrdb line missing     
qupr_drop.rwl -- no data title --                         2nd itrdb line missing     
qupr_drop.rwl -- no data title --                         3rd itrdb line missing     
qupr_d17779990  09990  09990  09990  09990  09990  09990  01343  11202  11163  1  ars
qupr_d17801316  11170  11080  1 994  11091  1 818  1 983  11054  11158  11049  1  ars
qupr_d17901085  1 942  1 979  11058  11223  11146  1 785  1 687  1 999  1 984  1  ars
qupr_d1800 953  1 764  1 582  1 868  1 732  1 855  1 878  1 823  1 958  1 780  1  ars
qupr_d1810 949  1 962  1 940  11025  11227  11225  11188  11088  1 954  11112  1  ars
qupr_d18201096  11049  1 889  1 747  1 899  1 920  1 778  1 694  1 971  1 844  1  ars
qupr_d18301136  2 681  2 734  2 904  2 905  2 782  2 867  2 817  2 827  2 842  2  ars
qupr_d1840 896  2 997  21029  2 820  2 882  2 893  2 941  2 792  2 829  3 845  3  ars
qupr_d1850 803  3 778  3 941  31010  31426  31671  31313  31319  31220  31236  3  ars
qupr_d18601125  31176  31128  31400  31173  31180  31152  3 998  3 920  31082  3  ars
qupr_d18701161  4 852  41070  4 905  4 778  4 886  51025  5 915  61183  6 981  6  ars
qupr_d1880 963  7 978  81092 101057 101119 10 983 101146 101009 101007 101094 10  ars
qupr_d18901124 111317 111196 121077 131031 141088 141223 151115 15 965 16 851 17  ars
qupr_d1900 926 191061 19 887 191135 221060 23 988 23 991 24 866 24 752 24 786 24  ars
qupr_d1910 798 25 523 25 735 25 809 25 692 251061 261198 281185 29 902 291097 32  ars
qupr_d19201000 321026 321153 34 941 341216 36 955 381225 381283 391175 391080 39  ars
qupr_d19301013 431047 43 958 451025 461020 471006 481005 501174 501128 53 948 54  ars
qupr_d19401121 551058 551130 55 939 57 913 571058 58 872 58 404 58 533 59 688 60  ars
qupr_d1950 811 60 799 60 757 61 784 62 941 621130 631275 631278 641445 651157 67  ars
qupr_d19601175 671187 671037 67 990 681100 681033 68 999 681088 681188 681118 68  ars
qupr_d19701180 681068 681002 69 957 69 916 69 896 69 882 69 479 69 935 69 804 69  ars
qupr_d1980 712 69 813 69 964 691114 69 899 69 933 691105 69 991 691141 691139 69  ars
qupr_d19901209 69 897 69 985 691025 691042 691128 69 920 69 895 691051 69 864 69  ars
qupr_d20001001 691167 691043 691091 66 893 651001 65 833 63 880 61 987 611082 61  ars
qupr_d20101168 141318 121109 111044  8 944  8 896  6 724  5 905  19990  09990  0  ars
