  year  #   1       2       3       4       5
  1950  -1.421   2.317  -1.954  -0.536   0.818
  1951  -1.942   2.611  -1.531  -0.521   0.435
  1952  -1.421   1.862  -2.208  -0.753   0.470
  1953  -1.961   2.921  -1.560  -0.682   0.168
  1954  -0.692   2.282  -1.132   0.393  -0.420
  1955   0.391   2.161   0.339   1.819  -0.768
  1956   1.248   2.269   0.864   2.058  -0.725
  1957   1.951   1.477   0.683   1.559   0.162
  1958   2.634   1.834   1.628   1.159   1.406
  1959   1.746   0.414   0.013   0.372  -1.029
  1960   1.413   0.298   0.399   0.514  -0.805
  1961   1.811   0.419   0.519   0.174  -1.066
  1962   0.937   0.084  -0.392  -0.399  -1.843
  1963   0.721  -0.476  -0.106   0.242  -2.566
  1964   0.902   0.286   0.030   0.232  -2.034
  1965   0.894  -0.011  -0.233  -0.464  -1.545
  1966   0.724  -0.314   0.023  -0.804  -1.436
  1967   0.965   0.401   0.115  -0.918  -0.821
  1968   1.217   0.190   0.671  -1.199  -0.065
  1969   0.322   0.312   1.357  -1.511   0.156
  1970   0.358   0.349   1.844  -1.742   0.546
  1971  -0.232  -0.039   1.380  -1.909   0.537
  1972  -0.449  -0.382   1.716  -1.409   0.519
  1973  -0.629  -0.251   1.760  -1.556   0.576
  1974  -0.712  -0.422   1.656  -1.487   0.400
  1975  -0.835  -0.279   1.823  -1.453   0.356
  1976  -0.964  -0.114   1.285  -1.298  -0.078
  1977  -1.275  -1.146  -0.524  -1.196  -1.609
  1978  -0.850   0.374   1.396  -1.358   0.148
  1979  -0.811  -0.220   0.102  -1.445  -0.451
  1980  -0.234  -0.844  -2.076  -0.735  -1.841
  1981   0.705  -1.379  -1.992  -0.245  -1.157
  1982   1.331  -1.254  -1.534  -0.203   0.454
  1983   1.826  -1.114  -1.287  -0.316   2.084
  1984   1.401  -1.471  -1.921  -0.962   0.857
  1985   1.030  -1.153  -1.757  -0.901   1.930
  1986   1.118  -0.783  -0.949   0.196   2.554
  1987   0.405  -0.766  -0.951   0.280   1.328
  1988   0.329  -0.228  -0.329   0.832   1.635
  1989  -0.033  -0.452  -0.297   0.798   2.169
  1990  -0.658   0.081   0.674   1.596   1.839
  1991  -1.101  -0.895  -0.517   0.651  -0.131
  1992  -0.795  -0.905  -0.322   0.758   0.336
  1993  -0.635  -0.803   0.149   1.619   0.354
  1994  -1.034  -0.685   0.175   1.205   0.045
  1995  -1.137  -0.397   1.008   1.543   1.349
  1996  -1.070  -1.204  -0.250   1.254  -0.336
  1997  -0.834  -1.690  -0.331   1.111  -0.942
  1998  -1.563  -0.888   1.455   2.280   0.127
  1999  -1.602  -1.257   0.108   1.682  -1.456
  2000  -1.491  -1.120   0.981   1.673  -0.634
