 eigenvalue 13.540   5.531   4.602   4.186   3.243   1.787   1.507   1.307   1.093   0.953   0.726   0.657   0.549   0.539   0.477   0.454   0.431   0.373   0.344   0.293   0.242   0.205   0.194   0.187   0.159   0.145   0.134   0.119   0.113   0.103   0.094   0.079   0.073   0.064   0.060   0.051   0.043   0.034   0.033   0.028   0.021   0.015   0.014   0.012   0.009   0.007   0.006   0.004   0.002   0.001   0.000
 eval sderr  2.681   1.095   0.911   0.829   0.642   0.354   0.298   0.259   0.216   0.189   0.144   0.130   0.109   0.107   0.095   0.090   0.085   0.074   0.068   0.058   0.048   0.041   0.038   0.037   0.032   0.029   0.027   0.024   0.022   0.020   0.019   0.016   0.015   0.013   0.012   0.010   0.008   0.007   0.006   0.006   0.004   0.003   0.003   0.002   0.002   0.001   0.001   0.001   0.000   0.000   0.000
 % variance  0.302   0.123   0.103   0.093   0.072   0.040   0.034   0.029   0.024   0.021   0.016   0.015   0.012   0.012   0.011   0.010   0.010   0.008   0.008   0.007   0.005   0.005   0.004   0.004   0.004   0.003   0.003   0.003   0.003   0.002   0.002   0.002   0.002   0.001   0.001   0.001   0.001   0.001   0.001   0.001   0.000   0.000   0.000   0.000   0.000   0.000   0.000   0.000   0.000   0.000   0.000
 cumulative  0.302   0.425   0.528   0.621   0.694   0.733   0.767   0.796   0.821   0.842   0.858   0.873   0.885   0.897   0.908   0.918   0.927   0.936   0.943   0.950   0.955   0.960   0.964   0.968   0.972   0.975   0.978   0.981   0.983   0.986   0.988   0.989   0.991   0.992   0.994   0.995   0.996   0.997   0.997   0.998   0.998   0.999   0.999   0.999   1.000   1.000   1.000   1.000   1.000   1.000   1.000
 brokn stck  4.519   3.519   3.019   2.685   2.435   2.235   2.069   1.926   1.801   1.690   1.590   1.499   1.416   1.339   1.267   1.201   1.138   1.079   1.024   0.971   0.921   0.873   0.828   0.785   0.743   0.703   0.664   0.627   0.592   0.557   0.524   0.492   0.460   0.430   0.401   0.372   0.344   0.317   0.291   0.265   0.240   0.216   0.192   0.169   0.146   0.124   0.102   0.081   0.060   0.040   0.020
 series_id   #  1       2       3       4       5       6       7       8       9      10      11      12      13      14      15      16      17      18      19      20      21      22      23      24      25      26      27      28      29      30      31      32      33      34      35      36      37      38      39      40      41      42      43      44      45      46      47      48      49      50      51
  60348     -0.097   0.152  -0.096   0.269   0.045   0.125   0.135   0.022   0.013  -0.055  -0.062   0.000  -0.083  -0.112   0.091   0.213   0.245   0.126  -0.069   0.003  -0.076   0.113  -0.143   0.189  -0.031   0.163  -0.124  -0.124   0.080   0.090   0.012   0.041   0.165  -0.040  -0.095  -0.171  -0.038  -0.203   0.249   0.177  -0.306   0.080   0.035   0.154   0.171   0.023   0.156  -0.029  -0.058   0.206   0.109
  111172     0.204  -0.055  -0.022  -0.048   0.154   0.104  -0.050   0.012  -0.007  -0.060  -0.098   0.021  -0.062  -0.044  -0.078  -0.217   0.087  -0.069   0.019  -0.075   0.014  -0.001  -0.126  -0.187  -0.029   0.189  -0.031   0.074  -0.071  -0.068   0.270  -0.002   0.209   0.086  -0.239  -0.074   0.092  -0.166  -0.113  -0.034   0.181  -0.117  -0.149  -0.195  -0.018  -0.125   0.186  -0.136   0.083   0.135   0.050
  90653      0.059   0.026  -0.237   0.064   0.260   0.164   0.178  -0.128  -0.026   0.147   0.040  -0.074   0.024  -0.145   0.049   0.012  -0.171   0.057  -0.126  -0.220  -0.013  -0.214   0.262  -0.037   0.018  -0.089   0.027  -0.002  -0.051   0.058   0.172  -0.207  -0.126   0.080   0.122  -0.239   0.005   0.111  -0.031   0.115  -0.033   0.068   0.016  -0.084   0.038  -0.185   0.266  -0.002   0.013  -0.066   0.171
  40538      0.150   0.076   0.205   0.038   0.013  -0.053   0.194  -0.061   0.129  -0.153  -0.019  -0.087   0.135  -0.004  -0.214  -0.166  -0.076  -0.097   0.218   0.061  -0.135  -0.157   0.120  -0.016  -0.064  -0.052  -0.254  -0.159  -0.341   0.038  -0.032   0.429  -0.062  -0.033   0.113  -0.097  -0.012  -0.054   0.066   0.060   0.156   0.105   0.033  -0.014  -0.022   0.023   0.056  -0.121  -0.110   0.208   0.051
  140764     0.185  -0.022  -0.175   0.017  -0.027  -0.114   0.066   0.045   0.028   0.050  -0.052  -0.053  -0.075   0.118  -0.153   0.220  -0.033  -0.052   0.055   0.148   0.125  -0.115   0.175  -0.171  -0.302   0.421  -0.019  -0.059  -0.002   0.209   0.109  -0.041   0.037   0.079   0.187   0.188   0.037   0.001  -0.047  -0.138  -0.157   0.102   0.140   0.000   0.037  -0.002   0.060  -0.103   0.028  -0.032  -0.212
  60333      0.088  -0.176   0.234   0.156   0.054   0.182   0.013  -0.012  -0.014  -0.096   0.071  -0.052  -0.015  -0.101  -0.062  -0.020   0.001  -0.180  -0.091  -0.065  -0.030   0.167  -0.134   0.087  -0.066   0.255   0.131  -0.055   0.015  -0.171  -0.007  -0.059  -0.159  -0.071   0.077   0.059   0.167   0.180  -0.139   0.108  -0.118   0.160  -0.243   0.003  -0.221   0.211  -0.033   0.143   0.298   0.255   0.050
  40529     -0.017   0.138  -0.013   0.329  -0.120   0.202  -0.067   0.026  -0.011  -0.118   0.188  -0.032   0.084   0.039   0.070  -0.041   0.050  -0.003  -0.099  -0.119   0.046   0.151   0.076   0.078  -0.148  -0.086   0.021   0.104  -0.010   0.085  -0.106   0.205   0.086  -0.035   0.130  -0.058   0.095   0.069  -0.093  -0.124  -0.185  -0.055   0.154  -0.392  -0.358  -0.238   0.086   0.010  -0.007  -0.056  -0.175
  50323      0.044  -0.213   0.239   0.051   0.144   0.039   0.112   0.125   0.033  -0.195   0.080   0.065  -0.052  -0.013   0.018  -0.107   0.065  -0.136   0.002   0.099   0.203   0.135   0.136   0.127   0.146  -0.088  -0.068   0.171   0.240   0.039   0.206  -0.187   0.063   0.258   0.047  -0.083  -0.056   0.013   0.065   0.051   0.248  -0.003   0.146  -0.002  -0.085  -0.063  -0.066  -0.072  -0.202   0.081  -0.082
  70444      0.192   0.025  -0.100   0.118   0.042  -0.210  -0.089  -0.038   0.002   0.058  -0.030  -0.031  -0.125   0.023   0.054  -0.120  -0.044  -0.125   0.100  -0.066  -0.146   0.034   0.003   0.034  -0.157  -0.148   0.041   0.135   0.024   0.110  -0.078  -0.189   0.199  -0.362  -0.076   0.001  -0.194  -0.191  -0.016   0.043   0.097  -0.071  -0.047  -0.084  -0.087   0.321   0.187   0.095   0.065  -0.129  -0.232
  70308      0.213  -0.019   0.075   0.004   0.038  -0.067   0.009   0.185  -0.056  -0.140   0.002  -0.013   0.052   0.087   0.056  -0.108   0.016  -0.131  -0.107  -0.103   0.051  -0.012  -0.040   0.045   0.031  -0.089  -0.131   0.005  -0.026   0.259   0.103  -0.112   0.050  -0.189  -0.111   0.167   0.027   0.214   0.182  -0.004  -0.163  -0.023   0.010   0.267  -0.099  -0.038   0.109   0.227  -0.396   0.080   0.004
  50367      0.004   0.054  -0.139  -0.035   0.309   0.127  -0.213  -0.161   0.010  -0.019   0.039   0.317   0.331   0.064   0.031  -0.222   0.058   0.051   0.226   0.227   0.139  -0.075   0.010   0.207  -0.184   0.203  -0.050  -0.097   0.089  -0.005  -0.145  -0.099  -0.110  -0.105  -0.035   0.133  -0.017   0.181   0.052  -0.082  -0.057  -0.024  -0.015  -0.046  -0.043   0.071  -0.049  -0.119  -0.131  -0.012   0.118
  100942     0.181   0.014  -0.005  -0.164   0.094   0.175  -0.008   0.007   0.235  -0.096   0.015   0.011   0.115   0.004   0.069   0.038  -0.012  -0.191   0.146   0.098   0.019   0.051   0.114  -0.116   0.037  -0.215  -0.016   0.148   0.070   0.012  -0.120  -0.115   0.002   0.037   0.036  -0.134   0.124  -0.160   0.340  -0.302  -0.242  -0.029  -0.170   0.190   0.057  -0.073   0.060  -0.059   0.379   0.083  -0.037
  60187      0.092   0.202  -0.006  -0.024  -0.020  -0.039   0.323   0.173  -0.070   0.098   0.162  -0.131   0.412   0.093  -0.215   0.027  -0.127   0.128  -0.187  -0.021   0.085   0.153   0.049   0.020   0.010   0.195  -0.225   0.336   0.133  -0.103  -0.036  -0.012  -0.008  -0.076  -0.149   0.090  -0.014  -0.180   0.054   0.003   0.067   0.136  -0.015  -0.084   0.060   0.064  -0.102   0.139   0.039  -0.039   0.074
  70083      0.094  -0.111   0.074   0.215   0.103  -0.339   0.037  -0.032  -0.099  -0.092   0.161   0.141  -0.009  -0.074  -0.040  -0.057   0.152  -0.173  -0.108  -0.045   0.088  -0.166   0.235   0.155   0.065   0.012   0.217   0.054  -0.015   0.159  -0.064   0.076  -0.045   0.155   0.002   0.182  -0.034  -0.005  -0.132   0.137  -0.109   0.018   0.088   0.070   0.297   0.010   0.005   0.045   0.243   0.030   0.081
  80402A     0.144  -0.099  -0.095   0.080   0.022   0.111   0.176   0.107  -0.163  -0.141  -0.313  -0.094   0.310   0.189   0.116  -0.102   0.136  -0.058  -0.244   0.150  -0.183  -0.030  -0.065   0.040   0.022  -0.166  -0.066  -0.379  -0.098  -0.103   0.083  -0.137  -0.041   0.212   0.010   0.004  -0.055  -0.075  -0.129  -0.045  -0.099  -0.042   0.020  -0.081   0.040   0.202  -0.006   0.005   0.052  -0.140  -0.195
  60161     -0.042   0.121   0.035   0.234   0.260  -0.052   0.022   0.127   0.124   0.003  -0.118  -0.015   0.002  -0.062  -0.162  -0.015   0.388   0.277   0.218  -0.073   0.140  -0.063  -0.182   0.108  -0.020  -0.172   0.036   0.241  -0.207  -0.002   0.009   0.061  -0.167   0.093   0.003   0.008  -0.053  -0.055  -0.107  -0.080  -0.014   0.062  -0.037   0.190  -0.082  -0.056  -0.036   0.005   0.079  -0.155  -0.205
  111173     0.028  -0.214   0.030  -0.066  -0.084   0.350   0.106  -0.194   0.093   0.332  -0.040  -0.012   0.071   0.064  -0.068   0.090   0.119   0.082   0.197  -0.180  -0.094  -0.022   0.001   0.062  -0.103  -0.064   0.087  -0.016  -0.057  -0.013  -0.166  -0.122   0.191   0.192   0.025   0.238   0.023  -0.044   0.030   0.085   0.174   0.095   0.240   0.113  -0.046   0.036   0.018   0.240  -0.077   0.223  -0.103
  70334      0.066  -0.182  -0.037   0.019  -0.117  -0.261   0.329   0.134  -0.007   0.216  -0.110   0.207   0.109   0.197   0.181   0.001   0.187  -0.052   0.173  -0.033  -0.018   0.065  -0.127  -0.007  -0.032  -0.019   0.064  -0.012   0.232  -0.047  -0.057   0.134  -0.062  -0.103  -0.081  -0.024   0.268   0.041  -0.058  -0.019   0.072  -0.125   0.179  -0.015  -0.107  -0.142   0.294  -0.137   0.118   0.028   0.206
  80230      0.187  -0.115  -0.072  -0.052   0.025  -0.102  -0.113   0.011   0.139   0.168   0.156  -0.116  -0.074   0.150   0.062   0.103   0.075  -0.059   0.027  -0.228  -0.080   0.102   0.005   0.053   0.252   0.144  -0.187  -0.180  -0.011   0.071   0.031   0.149  -0.053   0.074   0.095   0.013   0.141  -0.036  -0.163  -0.184  -0.084   0.019  -0.301   0.192  -0.113  -0.129  -0.046   0.071  -0.177  -0.147  -0.031
  152069    -0.049  -0.238   0.095   0.023   0.256  -0.077   0.127  -0.135  -0.117   0.115  -0.122  -0.072  -0.036   0.103  -0.138   0.061  -0.063   0.105  -0.048  -0.031  -0.219   0.231  -0.104   0.012   0.170   0.072   0.007   0.090  -0.041   0.247  -0.131   0.024  -0.123  -0.144   0.140  -0.132  -0.185   0.059   0.064  -0.079  -0.078  -0.256   0.036  -0.084  -0.028   0.095  -0.174  -0.258   0.002   0.077   0.099
  192070     0.155  -0.162   0.197   0.016   0.082   0.045   0.033  -0.037   0.150   0.049  -0.020   0.022   0.128  -0.142   0.029   0.127  -0.121   0.037   0.103  -0.045  -0.028   0.151   0.048   0.152  -0.085  -0.055  -0.128  -0.104  -0.133  -0.036   0.070   0.029   0.199  -0.129  -0.136   0.017   0.190   0.215   0.070   0.191  -0.077  -0.195   0.085  -0.096   0.272  -0.185  -0.224   0.075   0.147  -0.413  -0.060
  192068    -0.048   0.186   0.192   0.148  -0.038   0.033   0.019   0.043   0.081   0.051  -0.274   0.247   0.092  -0.302   0.251   0.093  -0.258  -0.035   0.007  -0.165   0.177   0.366   0.101  -0.120  -0.025   0.083   0.050  -0.137  -0.127   0.143   0.077  -0.033  -0.105   0.002  -0.012   0.120  -0.057  -0.089  -0.093  -0.179   0.107  -0.014   0.077   0.096   0.035   0.085   0.062  -0.139  -0.073   0.079  -0.061
  192130     0.190  -0.033  -0.094   0.147  -0.078  -0.106   0.023  -0.102  -0.045   0.119   0.014   0.151   0.059  -0.106   0.111  -0.007  -0.063  -0.030  -0.060  -0.075   0.001  -0.143  -0.202  -0.076  -0.028  -0.331   0.009  -0.027   0.012   0.191  -0.039  -0.041  -0.198  -0.101   0.022   0.029   0.160  -0.071   0.127  -0.088   0.046   0.358  -0.093  -0.242   0.080  -0.040  -0.278   0.049  -0.054   0.185   0.055
  202135     0.178  -0.148  -0.032   0.009   0.128  -0.064   0.037  -0.136   0.055  -0.025  -0.197   0.012   0.145  -0.170  -0.007   0.137  -0.042   0.033  -0.129   0.221  -0.012  -0.085  -0.007  -0.199  -0.100   0.072   0.296   0.110   0.104  -0.010   0.048   0.257   0.174  -0.163  -0.113  -0.202  -0.050   0.053  -0.024   0.171  -0.014   0.037  -0.069   0.157  -0.157  -0.157  -0.142   0.115  -0.115   0.096  -0.221
  162415     0.163  -0.077   0.089   0.143   0.103  -0.082  -0.182  -0.130   0.063   0.135  -0.168  -0.035  -0.252   0.091  -0.067  -0.099  -0.028   0.117  -0.182  -0.091   0.168  -0.042  -0.008  -0.016  -0.226  -0.012  -0.162   0.014   0.003  -0.069  -0.028   0.069   0.149   0.249  -0.206  -0.114   0.058   0.055   0.161  -0.171  -0.123   0.020   0.120  -0.095  -0.085   0.214  -0.065   0.046  -0.047  -0.046   0.336
  202230    -0.037   0.099   0.279  -0.025   0.170   0.046  -0.052   0.322  -0.046   0.059  -0.138  -0.091  -0.058   0.114   0.058   0.077  -0.085   0.079  -0.122   0.059  -0.177  -0.143   0.183   0.159  -0.052   0.077   0.102   0.003  -0.050   0.325  -0.327  -0.056   0.143   0.080  -0.018  -0.035   0.186   0.032   0.046  -0.109   0.255   0.065  -0.103  -0.032  -0.036   0.006   0.052   0.019   0.134  -0.005   0.010
  10731      0.090   0.254   0.157  -0.108   0.036   0.098   0.087  -0.025  -0.191   0.038   0.039   0.024  -0.067  -0.085   0.169  -0.038  -0.049  -0.040   0.088   0.177  -0.125  -0.107   0.021   0.226  -0.180  -0.006   0.080  -0.099   0.202   0.029  -0.039   0.109   0.021   0.011  -0.001  -0.179  -0.049  -0.180  -0.302  -0.079   0.010  -0.092  -0.060   0.145  -0.030  -0.126  -0.060   0.223  -0.093  -0.066   0.215
  142602    -0.049  -0.015   0.090   0.205   0.220   0.151  -0.212   0.016  -0.139   0.333   0.011   0.231  -0.012   0.139   0.131   0.083  -0.067  -0.267  -0.165   0.096   0.012  -0.127   0.005  -0.123   0.065  -0.019  -0.330   0.125  -0.055  -0.127  -0.034   0.142  -0.032  -0.018   0.095   0.179  -0.025  -0.297   0.006   0.293   0.004  -0.092  -0.028   0.094  -0.071  -0.082  -0.003  -0.057   0.044  -0.030  -0.066
  52323      0.157   0.102  -0.137   0.048  -0.186   0.007  -0.038   0.215   0.034   0.123  -0.081   0.153   0.125  -0.017   0.071   0.036   0.118   0.124  -0.091   0.229   0.079  -0.010  -0.033  -0.139   0.227   0.000   0.141   0.055  -0.218   0.109  -0.051  -0.040   0.284   0.155   0.152   0.037  -0.112   0.159   0.031   0.088   0.012  -0.086  -0.155  -0.040  -0.167  -0.055  -0.200  -0.031   0.036   0.043   0.247
  151120     0.100  -0.119   0.084   0.251  -0.103   0.266  -0.034  -0.046  -0.051  -0.056   0.187  -0.130  -0.140   0.034  -0.024   0.063   0.097  -0.015  -0.043   0.206  -0.112  -0.100  -0.136   0.042   0.049   0.049   0.093  -0.071   0.102   0.069   0.139  -0.023   0.058  -0.217  -0.037   0.167  -0.037  -0.122   0.088  -0.269   0.190   0.092   0.117  -0.021   0.180  -0.192  -0.124  -0.258  -0.010  -0.087   0.041
  52462      0.017   0.264  -0.047  -0.122   0.146   0.054   0.170  -0.076   0.059   0.098  -0.181   0.148  -0.183  -0.061  -0.041   0.092   0.266  -0.229  -0.126  -0.059  -0.257   0.057   0.270   0.036   0.130  -0.056  -0.013   0.033   0.109  -0.193   0.069   0.169   0.021  -0.068  -0.198   0.232  -0.192   0.288   0.041  -0.201   0.020   0.210  -0.008  -0.107  -0.077   0.002  -0.075  -0.043   0.023  -0.048  -0.020
  111240     0.038   0.159  -0.213   0.236  -0.039  -0.068  -0.016  -0.043  -0.012   0.023  -0.136  -0.046  -0.049   0.072   0.011   0.046  -0.264  -0.262   0.293   0.127  -0.068   0.129  -0.253   0.231   0.062   0.058  -0.021   0.129   0.053   0.026   0.186   0.140   0.051   0.291   0.140  -0.001  -0.083   0.158   0.130  -0.041   0.136  -0.046  -0.047  -0.083   0.134   0.014  -0.002   0.279   0.100   0.018   0.022
  32381     -0.038   0.085  -0.021   0.102   0.229   0.070   0.254   0.235   0.377   0.043   0.113  -0.220  -0.120   0.143   0.257  -0.182  -0.191  -0.074   0.155  -0.087   0.106  -0.142  -0.119  -0.144   0.063  -0.003   0.105  -0.076   0.093  -0.100  -0.144  -0.007   0.190  -0.058   0.000   0.108  -0.156   0.068  -0.189   0.110  -0.179   0.042   0.029  -0.064   0.092   0.067  -0.179  -0.149  -0.061   0.081   0.033
  22064      0.147  -0.008  -0.015  -0.141   0.099  -0.153   0.021   0.048   0.107   0.224   0.381  -0.075  -0.025  -0.339   0.267  -0.048   0.204   0.126  -0.059   0.196   0.049   0.108   0.016   0.111   0.049   0.076   0.011  -0.178  -0.135  -0.051   0.089   0.096   0.046   0.023   0.087   0.001   0.025  -0.099   0.188   0.005   0.140   0.015   0.015  -0.154  -0.070   0.261   0.087   0.011   0.022  -0.027  -0.066
  62373      0.139   0.003  -0.202  -0.041   0.236   0.055  -0.206   0.012  -0.135  -0.001   0.057  -0.042   0.076   0.011   0.037  -0.087   0.051   0.114  -0.071  -0.064   0.041   0.163  -0.077  -0.040   0.183   0.056  -0.124  -0.026  -0.085   0.041  -0.144   0.047   0.096  -0.149   0.001  -0.065  -0.103   0.167  -0.237  -0.164   0.179   0.028   0.180   0.038   0.301  -0.168   0.115   0.178   0.128   0.289  -0.076
  111196A    0.147   0.230  -0.079   0.008   0.086   0.066   0.006  -0.027  -0.084   0.011   0.109   0.085   0.046   0.147  -0.052  -0.164   0.003  -0.055  -0.101  -0.342  -0.047   0.005  -0.042  -0.027   0.024   0.173   0.407  -0.107   0.088  -0.042  -0.085   0.147  -0.113   0.170  -0.001  -0.079   0.107  -0.077   0.362   0.077   0.111  -0.243   0.013   0.046   0.086   0.032  -0.139  -0.071  -0.128  -0.052  -0.240
  32513A     0.134  -0.073  -0.048   0.238  -0.022  -0.217  -0.131  -0.021   0.128  -0.082   0.003   0.062   0.131   0.035  -0.182   0.086  -0.137   0.202  -0.015  -0.110  -0.105   0.109   0.261   0.196  -0.028  -0.139   0.083  -0.171   0.140  -0.344  -0.057  -0.093   0.210   0.005   0.148   0.121  -0.158  -0.181  -0.031  -0.074   0.044  -0.053  -0.203   0.053  -0.023  -0.138   0.041  -0.116  -0.076   0.154   0.118
  182056A    0.137   0.007   0.106   0.017  -0.207   0.018   0.263  -0.193  -0.072   0.250   0.100   0.005  -0.045  -0.134   0.074  -0.335   0.004   0.020  -0.118   0.025  -0.107   0.010  -0.065   0.070  -0.220   0.064  -0.083   0.235  -0.119  -0.004   0.009  -0.150   0.001   0.094   0.138   0.008  -0.205   0.105  -0.058  -0.167  -0.127  -0.162  -0.114   0.219   0.032  -0.112  -0.037  -0.127   0.001   0.010  -0.077
  80458      0.135   0.102   0.202   0.114   0.084  -0.105  -0.005  -0.014  -0.147  -0.006  -0.218  -0.246  -0.037  -0.117   0.131   0.047   0.083   0.144  -0.001  -0.041   0.194  -0.123  -0.093  -0.211  -0.042   0.032  -0.124  -0.082   0.301  -0.275  -0.108  -0.042  -0.102  -0.081   0.340   0.031   0.020   0.147   0.144  -0.066   0.182  -0.015   0.007   0.058   0.037  -0.055   0.021   0.077   0.033  -0.093  -0.037
  101075     0.120   0.245  -0.040  -0.094   0.055  -0.037  -0.013  -0.132  -0.107  -0.133  -0.076  -0.180  -0.098   0.064   0.077   0.084   0.331  -0.077   0.171  -0.021  -0.062   0.211   0.206  -0.112  -0.126  -0.046  -0.058   0.092  -0.062   0.054   0.034  -0.200  -0.001  -0.067   0.209   0.104   0.209  -0.087  -0.071   0.255  -0.004  -0.188   0.002  -0.145   0.041  -0.024  -0.257  -0.007  -0.082   0.168   0.159
  60023      0.104   0.068   0.199  -0.005   0.044  -0.081  -0.014  -0.268  -0.340   0.028   0.003  -0.253   0.111   0.192   0.249   0.164  -0.115   0.029   0.213   0.039   0.171  -0.046   0.051   0.103   0.269   0.031   0.242   0.093  -0.273  -0.168   0.078  -0.030   0.050   0.003  -0.208   0.063  -0.032  -0.048   0.071  -0.077  -0.175   0.128   0.067  -0.024  -0.135  -0.023   0.111  -0.093  -0.031   0.026   0.013
  141031     0.148   0.097   0.203  -0.152  -0.082   0.033  -0.087   0.089   0.139   0.007  -0.047   0.150  -0.100   0.031  -0.095  -0.006  -0.059   0.087  -0.112   0.106  -0.119  -0.142  -0.076   0.093   0.169  -0.004   0.053   0.091  -0.026  -0.167   0.032   0.024  -0.037  -0.124   0.311   0.063  -0.033   0.108   0.131   0.055  -0.200  -0.128   0.206  -0.151   0.081   0.002   0.306   0.077  -0.033   0.120  -0.055
  142583    -0.115   0.088  -0.195   0.257   0.054   0.069   0.084  -0.032   0.027   0.037   0.142  -0.027   0.007   0.112   0.006   0.096  -0.088   0.084  -0.068   0.109  -0.042  -0.106   0.143   0.038   0.005  -0.127   0.005   0.061  -0.069  -0.068   0.282   0.008   0.038  -0.188   0.035  -0.043   0.337   0.233  -0.021  -0.089   0.222  -0.196   0.024   0.319  -0.100   0.307  -0.030  -0.077   0.052   0.089   0.021
  202324     0.172  -0.123  -0.005  -0.027  -0.100   0.287  -0.074   0.134  -0.120   0.017  -0.046   0.017   0.045   0.139  -0.004  -0.041   0.098  -0.005   0.125  -0.144   0.110   0.152   0.089  -0.010  -0.087  -0.026   0.144   0.077   0.013   0.088   0.101   0.177   0.005  -0.151   0.221  -0.092  -0.236   0.077   0.062   0.188   0.092   0.289  -0.163   0.088   0.096   0.163   0.153  -0.121   0.000  -0.307   0.235
  10726      0.092   0.099   0.069   0.198  -0.122   0.071   0.125   0.084  -0.327   0.134   0.090   0.219  -0.144  -0.142  -0.349  -0.072   0.016  -0.044   0.292   0.032   0.095  -0.034   0.106  -0.183   0.277   0.011  -0.086  -0.209   0.020  -0.064  -0.174  -0.153   0.184  -0.062  -0.081  -0.215   0.109   0.080  -0.038  -0.031  -0.123  -0.009  -0.033  -0.005   0.016   0.108  -0.032   0.021  -0.032  -0.046  -0.113
  22031     -0.118  -0.038   0.160   0.242   0.073  -0.038  -0.004   0.084   0.116   0.152   0.099   0.043  -0.064   0.254   0.027  -0.121   0.054   0.165   0.103   0.256  -0.202   0.195   0.189  -0.316  -0.088   0.049   0.151  -0.074  -0.086  -0.043   0.143  -0.116  -0.285  -0.003  -0.139  -0.039  -0.091   0.015   0.119  -0.010  -0.022   0.020  -0.134  -0.111   0.119  -0.156   0.086   0.342  -0.093   0.014   0.018
  70198      0.169   0.084   0.020   0.124   0.042   0.033   0.067  -0.198   0.315  -0.163   0.003   0.095   0.051  -0.073  -0.087   0.187   0.035  -0.152  -0.088   0.065  -0.106  -0.043  -0.201  -0.062   0.189   0.165   0.087   0.147  -0.128  -0.035  -0.224  -0.245  -0.093   0.003   0.022  -0.047   0.112  -0.097  -0.162  -0.026   0.129   0.009   0.080  -0.016  -0.006   0.074   0.157   0.061  -0.240  -0.303   0.199
  192108     0.210  -0.029   0.009  -0.002  -0.141   0.116  -0.110   0.062   0.003  -0.021   0.005   0.031  -0.092   0.090   0.126   0.032  -0.007   0.093  -0.075   0.103   0.006   0.126   0.110  -0.056  -0.069  -0.136   0.054   0.259  -0.020  -0.173  -0.117   0.219  -0.097   0.092  -0.085  -0.080   0.180   0.030  -0.241  -0.069  -0.093  -0.009   0.043   0.054   0.379   0.242  -0.018  -0.081  -0.202   0.080  -0.047
  192083     0.115   0.282   0.096  -0.040  -0.107  -0.025  -0.075   0.063   0.033   0.031  -0.037  -0.019  -0.079   0.071  -0.121  -0.085  -0.053   0.093  -0.093  -0.066   0.004  -0.025  -0.203   0.089  -0.096  -0.038   0.057  -0.087  -0.136  -0.004   0.129  -0.127  -0.050  -0.066  -0.191   0.211   0.095   0.090  -0.005   0.187   0.067  -0.019  -0.117   0.097   0.056  -0.187   0.060  -0.189   0.130   0.041   0.043
  162030     0.111  -0.063  -0.198  -0.088   0.081   0.154   0.250  -0.019   0.017   0.079  -0.155  -0.048  -0.326   0.044  -0.201  -0.008  -0.125   0.023  -0.115   0.241   0.443   0.163   0.039   0.252   0.043  -0.149   0.100  -0.122  -0.058   0.026  -0.124   0.072  -0.192  -0.127  -0.010   0.133   0.056  -0.151  -0.008   0.038   0.025  -0.122  -0.133  -0.082  -0.042  -0.093   0.057   0.086  -0.049   0.012  -0.039
  70148      0.174  -0.015  -0.207   0.017  -0.019  -0.113  -0.094   0.192  -0.046  -0.002   0.014  -0.024  -0.175  -0.012   0.079  -0.007  -0.121  -0.069   0.033   0.117  -0.175   0.178   0.025   0.138  -0.093   0.074  -0.080   0.020  -0.124  -0.208  -0.223  -0.187  -0.185   0.070  -0.087  -0.221  -0.007   0.103   0.073   0.207   0.074   0.286   0.238   0.156  -0.164  -0.186  -0.092  -0.225   0.005  -0.009  -0.099
  50434      0.161   0.087   0.099   0.084  -0.190   0.047  -0.049  -0.180   0.156   0.053   0.116  -0.107   0.079   0.094   0.050   0.288   0.108   0.002   0.004   0.041   0.134  -0.099   0.039   0.018   0.012  -0.050  -0.175  -0.074   0.204   0.178  -0.135  -0.029  -0.192   0.125  -0.274  -0.119  -0.258   0.245  -0.056   0.183   0.131  -0.188  -0.212  -0.110   0.012   0.064   0.139  -0.140   0.045   0.130  -0.156
  101121     0.131  -0.155  -0.036  -0.059   0.057   0.080   0.031   0.396  -0.119  -0.021   0.029   0.152  -0.041  -0.111   0.049   0.354  -0.023   0.039   0.178  -0.203  -0.058  -0.277  -0.033   0.150  -0.137   0.078  -0.013   0.114  -0.120  -0.144   0.141  -0.064  -0.174  -0.048  -0.055  -0.047  -0.132  -0.029  -0.001  -0.135  -0.028  -0.196  -0.091  -0.205   0.011   0.054  -0.129   0.030  -0.116   0.141  -0.013
  80437      0.218   0.083   0.004  -0.018  -0.060   0.076  -0.096   0.083   0.086  -0.017   0.111  -0.039   0.006   0.031  -0.101   0.050  -0.005  -0.043  -0.014  -0.052   0.058   0.010   0.022  -0.131   0.000  -0.062   0.049  -0.173  -0.003   0.044   0.091   0.034  -0.193  -0.051  -0.093  -0.044  -0.277  -0.123  -0.032  -0.047   0.001  -0.182   0.431   0.178  -0.224   0.037  -0.177   0.179   0.272  -0.003   0.234
  32032      0.089  -0.009  -0.005  -0.072   0.093   0.008   0.286  -0.174  -0.119  -0.415   0.213   0.382  -0.244   0.225   0.198   0.138  -0.118   0.302  -0.012  -0.054  -0.024   0.045  -0.101  -0.159  -0.075  -0.014  -0.140  -0.030  -0.093   0.001  -0.082   0.054   0.107   0.090   0.035   0.114  -0.086   0.030   0.044   0.026   0.100   0.052  -0.080   0.045  -0.086   0.006   0.013   0.086   0.153  -0.076  -0.040
  202010A   -0.012   0.121   0.115  -0.137   0.296  -0.083  -0.023   0.076  -0.141   0.139   0.276  -0.007   0.091  -0.007  -0.267   0.281  -0.045  -0.149  -0.043   0.097  -0.028   0.210  -0.296  -0.144  -0.253  -0.330   0.122  -0.108   0.043   0.010   0.056  -0.018   0.112   0.176   0.076   0.015  -0.011   0.107  -0.089  -0.031  -0.074   0.063   0.019   0.007   0.018   0.024   0.143  -0.140  -0.115  -0.001   0.023
  42389      0.140   0.164   0.164  -0.106   0.033  -0.034  -0.058  -0.103   0.150   0.137  -0.076   0.218  -0.013   0.239  -0.026  -0.038  -0.050   0.226   0.017  -0.011  -0.013  -0.004  -0.026   0.165   0.154   0.024  -0.028  -0.020   0.209   0.136   0.330  -0.103   0.011  -0.043   0.129  -0.222   0.092  -0.105  -0.196   0.081  -0.092   0.239   0.092  -0.060  -0.036   0.076  -0.154  -0.045   0.097   0.045  -0.182
  80465r     0.185  -0.037  -0.096   0.044   0.071   0.114  -0.074   0.056  -0.101  -0.060  -0.020  -0.117  -0.016  -0.296  -0.025  -0.108  -0.183   0.307   0.185   0.078  -0.302   0.026   0.023  -0.117   0.170  -0.063  -0.035   0.089   0.287   0.175   0.014   0.121  -0.143   0.193  -0.120   0.369   0.108  -0.024  -0.035   0.136  -0.131  -0.040   0.033   0.010  -0.141   0.080   0.109  -0.084   0.001  -0.063   0.027
