 % variance  0.158
 cumulative  0.158
 series_id   #  1
  60348      0.447
  111172     0.477
  90653      0.607
  40538      0.484
  140764     0.278
  60333      0.508
  40529      0.433
  50323      0.446
  70444      0.457
  70308      0.575
  50367      0.298
  100942     0.287
  60187      0.368
  70083      0.531
  80402A     0.362
  60161      0.564
  111173    -0.018
  70334      0.290
  80230      0.205
  152069     0.447
  192070     0.559
  192068     0.210
  192130     0.511
  202135     0.487
  162415     0.537
  202230     0.329
  10731      0.410
  142602     0.452
  52323      0.284
  151120     0.484
  52462      0.316
  111240     0.236
  32381      0.424
  22064      0.296
  62373      0.342
  80465A     0.334
  11196A     0.504
  32513A     0.401
  151120A    0.315
  182056A    0.293
  80458      0.496
  101075     0.146
  60023      0.266
  141031     0.194
  142583     0.391
  202324     0.282
  10726      0.468
  22031      0.377
  70198      0.618
  192108     0.320
  192083     0.478
  162030     0.231
  70148      0.210
  50434      0.310
  101121     0.315
  80437      0.439
  32032      0.290
  202010A    0.289
  42389      0.406
  80465r     0.338
