  year  #   1
  1950   0.211
  1951  -0.510
  1952  -1.212
  1953  -0.354
  1954   0.823
  1955   1.915
  1956   1.881
  1957   1.056
  1958   2.478
  1959  -1.604
  1960   0.198
  1961   0.638
  1962  -0.952
  1963  -0.655
  1964   0.768
  1965  -0.290
  1966  -0.482
  1967   0.597
  1968   0.948
  1969   0.031
  1970   0.596
  1971  -0.768
  1972  -0.468
  1973  -0.349
  1974  -0.457
  1975  -0.094
  1976  -0.331
  1977  -3.205
  1978   2.110
  1979  -0.990
  1980  -1.986
  1981  -0.160
  1982   0.844
  1983   1.208
  1984  -1.552
  1985  -0.347
  1986   1.326
  1987  -0.579
  1988   1.073
  1989   0.330
  1990   0.957
  1991  -2.267
  1992   0.004
  1993   0.911
  1994  -0.016
  1995   1.178
  1996  -1.472
  1997  -1.072
  1998   1.346
  1999  -1.658
  2000   0.402
