  year  #   1       2       3       4       5
  1950  -1.474  -2.395   2.053  -0.250   0.784
  1951  -2.007  -1.931   2.348  -0.304   0.552
  1952  -1.492  -2.650   1.732  -0.482   0.372
  1953  -2.084  -1.807   2.622  -0.484   0.185
  1954  -0.691  -1.089   2.099   0.576  -0.439
  1955   0.345   0.347   1.966   1.687  -0.773
  1956   1.075   0.908   2.140   1.902  -0.555
  1957   1.614   0.877   1.608   1.437   0.187
  1958   2.208   1.471   1.867   1.140   1.339
  1959   1.470   0.310   0.757   0.351  -1.159
  1960   1.227   0.648   0.630   0.507  -0.806
  1961   1.542   0.751   0.754   0.165  -0.994
  1962   0.867  -0.067   0.380  -0.416  -1.850
  1963   0.675   0.337  -0.102   0.216  -2.587
  1964   0.823   0.389   0.554   0.077  -1.695
  1965   0.899   0.031   0.289  -0.405  -1.445
  1966   0.769   0.203  -0.023  -0.772  -1.237
  1967   0.899   0.217   0.586  -0.818  -0.757
  1968   1.188   0.612   0.358  -0.990   0.008
  1969   0.327   1.074   0.439  -1.538   0.419
  1970   0.349   1.421   0.520  -1.733   0.835
  1971  -0.200   1.049   0.086  -2.115   0.986
  1972  -0.341   1.422  -0.313  -1.697   0.829
  1973  -0.508   1.426  -0.269  -1.867   0.874
  1974  -0.581   1.381  -0.448  -1.648   0.685
  1975  -0.798   1.550  -0.272  -1.660   0.610
  1976  -0.939   1.102  -0.123  -1.439   0.042
  1977  -1.424  -0.314  -1.346  -1.526  -1.850
  1978  -0.863   1.073   0.320  -1.483   0.277
  1979  -0.729  -0.013  -0.264  -1.666  -0.361
  1980  -0.121  -1.993  -0.905  -0.701  -2.297
  1981   0.911  -1.824  -1.440  -0.085  -1.714
  1982   1.569  -1.475  -1.305   0.061  -0.062
  1983   2.023  -1.380  -1.239  -0.021   1.484
  1984   1.706  -2.030  -1.741  -0.763   0.418
  1985   1.311  -1.937  -1.424  -0.622   1.572
  1986   1.304  -0.974  -0.880   0.435   2.220
  1987   0.673  -0.932  -0.983   0.481   1.332
  1988   0.527  -0.291  -0.304   0.995   1.556
  1989   0.167  -0.391  -0.539   0.880   2.181
  1990  -0.499   0.595  -0.012   1.507   1.959
  1991  -1.114  -0.432  -0.946   0.693   0.069
  1992  -0.835  -0.219  -0.908   0.843   0.429
  1993  -0.683   0.291  -0.702   1.575   0.296
  1994  -1.088   0.300  -0.593   1.137   0.102
  1995  -1.040   0.903  -0.410   1.366   1.396
  1996  -1.015  -0.049  -1.348   1.218  -0.312
  1997  -0.850  -0.016  -1.764   1.133  -1.026
  1998  -1.588   1.592  -0.898   1.969   0.225
  1999  -1.861   0.661  -1.424   1.617  -1.596
  2000  -1.644   1.270  -1.183   1.518  -0.707
