  year  #   1       2       3       4       5       6       7       8       9      10      11      12      13      14      15      16      17      18      19      20      21      22      23      24      25      26      27      28      29      30      31      32      33      34      35      36      37      38      39      40      41      42      43      44      45      46      47      48      49      50      51
  1950  -5.318  -2.235   3.301   1.282  -0.090   0.971  -1.192   2.707   2.324   1.360   0.061  -0.668  -0.175  -0.377  -0.113  -1.449  -1.477  -0.971   0.107  -0.645  -0.501  -0.139  -0.735   0.357   0.635   0.456   0.195  -0.025  -0.364  -0.158   0.436   0.418  -0.343   0.042   0.142   0.424  -0.003   0.231   0.127  -0.480  -0.208   0.023   0.256   0.021  -0.292  -0.270   0.068  -0.101   0.041   0.082   0.000
  1951  -5.844  -0.504   3.892  -0.242   1.317   0.095  -0.323   0.708   3.226   1.338  -0.074  -0.678   0.481   0.215   0.893  -0.521   1.900  -0.915   0.286  -0.621   0.216  -0.685  -0.232  -0.177   0.056  -0.511  -0.103  -0.217   0.858   0.148   0.194  -0.322  -0.270   0.174  -0.264  -0.314  -0.065   0.256   0.279   0.346   0.716  -0.328   0.063  -0.051   0.186   0.018   0.013   0.111   0.003  -0.020   0.000
  1952  -6.378  -3.224   3.141   0.059   0.377   0.058  -1.185  -0.486   2.400   0.112  -0.540   1.426   1.038  -0.275   0.975   0.755   0.172  -0.259   1.158   0.817  -0.345   0.230   1.541  -0.104   0.267  -0.216  -0.605   0.703  -0.346  -0.475   0.575  -0.994  -0.099  -0.137   0.326   0.127  -0.084  -0.489  -0.368  -0.073  -0.405   0.122  -0.212   0.122   0.084   0.058   0.004   0.019   0.014  -0.041   0.000
  1953  -5.864  -0.520   4.180  -2.046  -1.172   0.167  -1.695  -3.329   1.012   1.399   1.336   1.334  -0.655   1.414  -0.285   2.102   0.412   0.953   0.421  -1.004   1.005   0.564  -0.245  -0.191   0.299   0.177   0.415  -0.690  -0.007   0.612  -0.512   0.451   0.566   0.199   0.138   0.087  -0.138   0.268   0.028  -0.220  -0.219   0.017  -0.075  -0.116  -0.189   0.082  -0.110   0.019   0.009   0.003   0.000
  1954  -0.776  -0.700   2.330  -2.684  -2.464  -1.513   1.404  -2.329   0.200  -1.173   0.208   1.007  -1.197  -0.122   0.663  -0.144  -1.350   0.175  -0.929  -1.718  -0.293  -0.555  -1.086   0.850  -0.383  -0.396  -0.328  -0.086  -0.573  -0.547  -0.460  -1.023  -0.432  -0.280  -0.423   0.241   0.438  -0.264  -0.155   0.188   0.106   0.008   0.096  -0.103   0.115  -0.043  -0.003  -0.016   0.077   0.014   0.000
  1955   4.571   0.916   1.493  -4.807  -3.935  -2.099   0.877  -1.826  -0.099  -0.011  -0.421  -0.259  -0.744  -0.951   1.642   0.343  -1.374  -1.319  -0.624   0.881  -0.468   0.279   0.744  -0.732   0.357  -0.557  -0.335  -0.309   0.681   0.497   0.695   0.350  -0.341   0.110  -0.218  -0.304  -0.063   0.183   0.355  -0.200  -0.055   0.064   0.049   0.136  -0.169  -0.001   0.114   0.035  -0.077  -0.041   0.000
  1956   7.988   1.272   0.939  -3.409  -2.415  -2.883   0.568  -2.332   1.651   0.600   0.414  -0.746   1.790  -1.048  -0.654  -1.074   1.689   0.028   1.062   0.719  -0.197   0.263  -0.710  -0.244  -0.455   0.303   0.390   0.383  -0.946  -0.297  -0.113   0.255   0.145  -0.048   0.406   0.165  -0.461   0.053  -0.027  -0.066   0.017  -0.246   0.072  -0.014   0.194  -0.125  -0.081  -0.103   0.024   0.032   0.000
  1957   8.214   0.709   0.527  -0.220  -1.223  -0.858  -1.596   0.824   0.005   0.536   0.062   0.920   0.684  -0.362  -1.868  -1.040   0.288  -0.983  -0.101  -0.816   0.111  -0.321   0.930   1.351   0.597   0.172   0.570  -0.158   0.247   0.092   0.157   0.129  -0.550   0.082   0.022  -0.006   0.358  -0.048  -0.511   0.078  -0.007  -0.144  -0.087   0.016  -0.309   0.234  -0.236   0.146   0.018  -0.087   0.000
  1958  10.818   1.834   2.459   0.886  -1.261   1.652  -2.410   0.783   0.859   0.249  -0.511  -0.425  -0.985   0.303  -0.648  -0.689  -0.131   1.155   0.385  -0.424  -0.528  -0.229   0.150  -0.249  -0.011  -0.565  -0.115   0.512   0.329   0.137   0.271  -0.818   0.931   0.793  -0.335   0.157  -0.124   0.222   0.104  -0.047   0.047   0.489  -0.131  -0.173   0.075   0.072   0.079   0.002   0.043   0.086   0.000
  1959   4.832  -0.488  -2.750   0.201  -1.089  -0.152  -2.295   1.388   0.966  -1.476  -0.180  -0.011  -0.208  -0.001   0.625   1.487   0.609   1.044  -0.342   0.327   1.227  -1.179   0.171  -0.424   0.028   0.624  -0.033  -0.074  -0.196   0.351  -0.287  -0.679  -0.778   0.029   0.926   0.013   0.275  -0.103   0.497   0.059   0.222   0.149   0.296   0.232  -0.194  -0.089  -0.059  -0.049   0.037   0.018   0.000
  1960   4.660  -0.105  -2.209  -0.072  -0.092   0.054  -3.198   1.771   1.407  -0.227  -0.678   0.216   0.419   1.032   2.072   0.632  -1.410   0.363   0.042  -0.457  -1.391   0.203  -0.973  -0.627   0.498   0.530   0.472  -0.466   0.012   0.044  -0.411   0.530  -0.074  -0.273   0.069  -0.391  -0.185  -0.265  -0.555   0.084   0.152  -0.038  -0.315   0.051   0.269  -0.068  -0.055   0.039  -0.114  -0.004   0.000
  1961   5.574   0.244  -2.947   0.502   1.067  -0.015  -2.643   0.481   1.256  -2.008   1.684  -0.162  -0.417   1.199   1.114   0.738   1.507  -0.548   0.110  -0.189   0.774   0.739   0.189   1.079  -0.459  -0.079  -0.536  -0.214  -0.318  -0.823   0.519   0.326   0.153  -0.465  -0.810  -0.311   0.014   0.201   0.108  -0.053  -0.291  -0.173   0.098  -0.097  -0.123  -0.022   0.195  -0.071  -0.006   0.000   0.000
  1962   1.431  -1.045  -3.685  -0.465   1.885   1.013  -0.854  -0.143  -0.747   0.588   0.593  -0.326  -0.444   0.765   1.389  -0.464  -1.565  -1.383   0.237   0.029   0.851   0.116   0.555   0.074  -0.140  -0.712   0.948   0.343  -0.873   0.700   0.122  -0.189   0.534   0.418   0.206   0.436   0.177  -0.399   0.327  -0.167   0.116  -0.409   0.147  -0.265   0.217   0.081  -0.026  -0.020   0.010  -0.090   0.000
  1963   0.976  -0.780  -4.568  -2.470   3.804  -0.704  -0.698  -1.239  -1.210   1.387  -1.727  -1.213   1.312  -1.839   0.353  -0.141   0.419  -0.499  -0.199  -0.982   0.670   0.253   0.175  -0.719   0.795  -0.070   0.073  -0.617   0.138  -0.295  -0.332  -0.215  -0.132  -0.314  -0.017   0.082  -0.079  -0.124   0.100   0.061  -0.176   0.278  -0.259  -0.304  -0.128  -0.122   0.130   0.107   0.193   0.053   0.000
  1964   2.487  -0.476  -2.690  -1.597   2.258   1.202   0.159  -0.409  -0.865   3.437   1.023  -0.208   0.718  -1.529   0.166   0.889  -0.840   0.411   0.664  -0.502   0.113   1.292  -0.452   0.776  -0.214   0.525  -1.075   0.365   0.178   0.187   0.280  -0.350   0.134  -0.238   0.083   0.248   0.352   0.383  -0.100   0.091   0.383   0.090   0.084   0.256  -0.002   0.097  -0.030  -0.107  -0.176  -0.002   0.000
  1965   1.586  -1.128  -2.685  -0.475   1.799   0.762   1.201  -0.649  -0.769   0.943   0.980   0.145   0.991   0.956   0.335   0.595  -0.027   1.415  -0.725  -0.059  -1.342  -1.064   0.359  -0.146  -0.190  -0.615  -0.390   0.294   0.790   0.280   0.151  -0.142  -0.434   0.269  -0.141  -0.044  -0.510  -0.207  -0.259  -0.120  -0.145  -0.577   0.085  -0.148  -0.274   0.004  -0.105  -0.183   0.082   0.094   0.000
  1966   0.462  -0.575  -3.322   0.670   2.400  -0.055   0.499  -1.629   0.194   1.595   0.422   0.162  -0.476   0.911  -0.418   0.212   0.230   0.209  -1.465  -0.277  -0.331  -1.251  -0.269  -0.135  -0.243  -0.448   0.166   0.445  -0.445  -0.437   0.435   0.204   0.033   0.004   0.125  -0.331  -0.228   0.553  -0.214  -0.426  -0.128   0.330   0.270   0.346   0.241  -0.073  -0.032   0.196   0.075  -0.116   0.000
  1967   2.140  -0.139  -1.803   0.772   1.967   1.579   1.168  -2.508   1.483   0.930   0.335   0.925  -2.443   0.097  -0.575  -0.630   0.374  -0.392   1.159   0.296  -0.227  -0.244  -0.466  -0.434   0.107  -0.345   0.320   0.459   0.307  -0.340  -0.020   0.721   0.029   0.168  -0.002  -0.336   0.803  -0.647   0.245   0.382  -0.101   0.034  -0.235   0.302  -0.150  -0.143  -0.025  -0.071   0.017   0.037   0.000
  1968   3.105   0.916  -1.005   1.594   0.741   2.530   2.333  -0.902   0.832  -0.660  -0.853   0.885  -1.130  -0.054   0.780  -0.698  -0.025  -0.074   0.570   0.220   0.230  -1.299   0.144   0.136   0.243   0.018  -0.882  -0.726  -0.291  -0.549  -0.365   0.498  -0.170  -0.186   0.201   0.962  -0.741   0.158   0.200  -0.001   0.064  -0.001  -0.187  -0.065  -0.068   0.208  -0.030   0.092  -0.166  -0.003   0.000
  1969   0.678   2.969  -0.844   2.563   0.125   1.599   2.052  -1.619   1.208  -0.801  -0.142   0.817  -0.663  -0.409   0.115   0.356  -0.844  -1.383  -0.666   0.747   0.848   0.749   0.216   0.997   0.115   0.814   0.532  -0.386   0.434   0.350   0.216  -0.292   0.252   0.081   0.357  -0.305  -0.553   0.039  -0.493   0.152   0.170  -0.014   0.134   0.144   0.153   0.027   0.093  -0.003   0.167   0.160   0.000
  1970   1.411   3.969  -0.395   3.031   0.433   2.096   1.668  -0.835   1.800  -0.681  -0.767  -1.102   0.158  -0.218   0.137   0.327   0.174  -0.037  -0.055   0.831  -0.531   1.182  -0.355  -0.573   0.208   0.319  -0.376   0.079   0.150   0.315  -0.500  -0.449  -0.248   0.132  -0.252   0.030   0.509   0.235  -0.118   0.075  -0.469  -0.072   0.418  -0.375  -0.019  -0.177  -0.245   0.157  -0.070  -0.058   0.000
  1971  -1.633   3.507  -0.626   4.229   0.682  -0.500   1.549  -1.423   0.635  -1.223  -0.003   0.055   1.761  -0.519  -0.216  -0.370   0.098   0.148  -0.373  -0.476  -0.204   0.169  -0.110  -0.074   1.082   0.089   0.250   0.139  -0.630   0.060  -0.682  -0.507  -0.061   0.309  -0.363  -0.617   0.134  -0.012   0.320  -0.678   0.226  -0.057  -0.278   0.180  -0.126   0.211   0.134  -0.123  -0.093  -0.027   0.000
  1972  -2.329   4.289  -1.031   3.018  -0.429  -0.822  -0.276   0.521   0.514  -0.508  -2.223  -0.292   1.173  -0.392   0.117  -0.089  -0.513   0.358   1.130  -0.481  -0.188   0.068  -0.163   0.291  -1.260  -1.603  -0.045  -0.979   0.014   0.722  -0.058   0.284  -0.015  -0.085   0.148   0.173   0.094   0.353  -0.053   0.281  -0.298   0.055  -0.033   0.297   0.014   0.046   0.016  -0.160   0.136  -0.079   0.000
  1973  -2.913   4.514  -0.790   3.067  -1.675  -1.803  -0.135  -0.375  -0.465   0.687  -0.593  -0.479   0.926   0.140  -0.120   1.293  -0.825   0.383   0.542   0.028   0.328  -0.223  -0.048   0.030  -1.177  -0.307   0.888   0.535   0.631  -0.956   0.570   0.310  -0.353  -0.345   0.159   0.160   0.392  -0.114   0.216  -0.323   0.101  -0.012  -0.047  -0.222   0.044   0.137  -0.011   0.165  -0.095   0.145   0.000
  1974  -3.030   4.227  -0.244   1.333  -0.870  -1.697  -0.529  -0.837  -2.297   0.706  -1.977   0.602  -0.086   1.529   0.789  -0.052   0.749  -0.862   0.184  -0.092   0.508  -0.445  -0.037   0.659   0.953   0.375   0.235   0.937   0.607  -0.102  -0.009   0.126  -0.179  -0.020  -0.207   0.114  -0.416  -0.038  -0.035   0.213   0.046   0.422   0.129  -0.194   0.055  -0.186  -0.097  -0.264  -0.078  -0.083   0.000
  1975  -2.952   4.855  -0.291   1.120  -1.869   0.408  -1.593  -0.161  -1.495   2.035  -1.412   0.062  -1.059   0.970  -0.367  -0.355   0.326   0.541  -0.444   0.275  -1.108   0.558   0.353   0.191  -0.545   1.004  -0.199   0.405  -0.786   0.527  -0.056  -0.312   0.071  -0.492  -0.297   0.108  -0.361  -0.192   0.412   0.231   0.107  -0.337  -0.154   0.190  -0.215  -0.103   0.140   0.185   0.087  -0.023   0.000
  1976  -3.399   4.441  -0.156  -0.854  -1.253   0.933  -0.388  -0.059  -3.129   0.327   0.487  -0.379  -0.814   0.570  -0.153  -0.852   0.232   0.088   1.267  -0.616   0.130  -0.681   0.897  -0.825   0.383   0.694  -0.729  -0.853  -0.677  -0.325   0.475  -0.001  -0.418   0.547   0.288  -0.478   0.489   0.320  -0.336   0.022  -0.132  -0.212   0.050  -0.069   0.289   0.007   0.069  -0.046  -0.017   0.065   0.000
  1977  -8.417   0.335  -4.162  -1.806  -1.614   0.419  -4.478  -0.264  -0.471  -0.649  -0.985  -0.264  -0.838  -1.810  -0.741  -0.544   0.002  -0.017  -0.575   1.627   0.279   0.008  -0.823  -0.046   0.139  -0.459  -0.522  -0.050   0.346  -0.761  -0.537   0.119   0.484   0.449  -0.293   0.067  -0.074  -0.163  -0.263  -0.172   0.177  -0.158   0.192   0.106  -0.050   0.167  -0.115  -0.010   0.027  -0.002   0.000
  1978  -1.936   4.362   0.180  -0.506  -2.395   3.487   0.274   1.026  -1.429  -0.769   3.747  -0.676   0.118  -0.581   0.225  -0.387   0.864   0.149  -0.939  -0.096   0.083   0.600  -0.085   0.292   0.301  -0.961   0.339  -0.115   0.652  -0.281   0.032  -0.347   0.005  -0.258   0.594   0.297  -0.070  -0.029   0.017  -0.133  -0.014  -0.014  -0.439   0.086   0.072  -0.328  -0.032   0.009  -0.019  -0.062   0.000
  1979  -3.793   1.671  -1.807   0.747  -1.906   1.089   0.489   0.072   0.771  -1.361   2.671  -1.087   1.505  -0.308  -0.522   0.565  -0.049  -1.249  -0.508  -0.703  -0.090  -0.691  -0.430  -1.200  -0.388   0.612  -0.619   0.657  -0.469   0.641   0.557   0.685   0.182  -0.002  -0.228   0.221  -0.038  -0.360  -0.228   0.362   0.144   0.367  -0.023  -0.126  -0.132   0.209   0.021  -0.004   0.077  -0.026   0.000
  1980  -4.305  -4.357  -3.521  -2.755  -2.318   2.089   1.803   0.090   1.077   0.311   0.818  -1.844   0.477   0.804   0.416  -0.922  -0.757   1.654   1.103   0.997  -0.364  -0.030   0.971   1.209  -0.219   0.571   0.548  -0.216   0.044  -0.160  -0.425   0.222  -0.305  -0.058  -0.302  -0.431   0.016   0.124   0.237   0.045   0.134   0.389  -0.043  -0.160   0.036   0.085  -0.050  -0.011   0.103  -0.043   0.000
  1981  -1.557  -5.163  -2.784  -2.802  -2.264   1.838   2.348   0.484  -0.562  -1.570  -3.044  -1.472   0.705   1.090  -1.044   1.491   0.767  -0.292   0.387  -0.286   0.092  -0.458  -0.475   0.387   0.695  -0.374   0.474   0.300  -0.266   0.177   0.387  -0.181   0.589   0.168  -0.048   0.209   0.222   0.220  -0.316   0.118  -0.003  -0.218  -0.083   0.161  -0.125  -0.140   0.152   0.069  -0.129   0.035   0.000
  1982   1.295  -5.103  -0.620  -0.218  -2.161   2.035   0.211   1.197  -1.023   1.127  -0.787   0.663   0.358   1.898  -1.122  -0.931   0.428  -1.715  -0.638  -0.066   0.237   0.730  -1.050  -0.575  -0.434  -0.246  -0.387  -0.060   0.265   0.062  -0.243  -0.472  -0.285  -0.555   0.339  -0.476  -0.156  -0.047   0.423  -0.067  -0.411   0.067  -0.030  -0.011   0.151   0.315  -0.094  -0.063  -0.022   0.051   0.000
  1983   3.077  -4.990   1.120   2.802  -2.296   0.652   1.424   1.408  -1.347   1.133  -0.409   2.535   1.453   0.055   0.932   0.595   0.319  -0.714  -0.553   0.144   0.222   0.608   0.627  -0.552  -1.009   0.292  -0.243  -0.062  -0.005  -0.742  -0.772   0.502   0.093   0.831  -0.250   0.226   0.288   0.160  -0.092  -0.066   0.289  -0.005  -0.064   0.012  -0.037  -0.213   0.058   0.002   0.106  -0.029   0.000
  1984  -0.038  -5.999  -2.512   4.904  -2.184  -2.344  -0.525  -1.099   0.412   0.384   0.699   1.135   0.332  -1.195  -1.110  -0.770  -0.365   1.083  -0.404   0.416   0.532  -1.063   0.009   0.110   0.462   0.580  -0.412  -0.477   0.642   0.733   0.477  -0.002   0.599  -0.488  -0.196   0.065   0.251  -0.036   0.145   0.012  -0.180  -0.199  -0.104  -0.168   0.289  -0.180   0.092  -0.007  -0.052  -0.034   0.000
  1985  -0.847  -5.413   1.133   4.044  -0.576  -1.041  -0.031  -0.656  -2.104   0.019   1.080  -0.108  -0.671  -0.753   1.473  -1.431   0.585   1.328   0.377  -0.022   0.316   0.927  -0.620  -0.343   0.045  -0.802   0.661   0.122  -0.407   0.081   0.220  -0.093  -0.345   0.138   0.281  -0.288  -0.393  -0.052  -0.388   0.382   0.028   0.125   0.286  -0.059  -0.312   0.103   0.158   0.097  -0.119   0.001   0.000
  1986   1.929  -3.348   3.555   2.307   0.290  -0.458   0.672   0.796  -1.919  -0.087  -0.180  -1.762  -1.922  -0.949   0.992   1.325   1.745   0.124  -0.017   0.532  -0.720   0.285  -0.249   0.079   0.774   0.159   0.308  -0.007  -0.121   0.404   0.182   0.353  -0.419  -0.303  -0.399   0.562   0.320  -0.007  -0.046  -0.305   0.037  -0.006  -0.088   0.121   0.272   0.247  -0.116  -0.058   0.179   0.025   0.000
  1987   0.078  -3.180   1.805   1.841   0.506   0.027  -0.600  -0.346   0.320  -0.865  -1.000  -1.430  -1.855  -1.373  -2.289   1.516  -0.575  -0.349  -0.483  -0.842  -0.789   0.555   1.026   0.262  -0.329  -0.449  -0.469   0.321  -0.324  -0.285  -0.265   0.494  -0.145  -0.075   0.691  -0.546  -0.362   0.039   0.119   0.081   0.288  -0.078  -0.062  -0.343   0.063  -0.096   0.003  -0.094  -0.039  -0.056   0.000
  1988   2.472  -1.265   3.751   0.299   1.394  -1.236  -0.162  -1.086  -0.841  -1.164   0.351  -2.770   0.436   2.052  -0.838  -0.883  -0.685   0.083   0.833  -0.457   0.833   0.346   0.421  -0.153  -0.283   0.233  -0.776   0.060   0.956   0.111  -0.772   0.191  -0.026  -0.085  -0.004   0.276  -0.095  -0.623  -0.251  -0.333   0.069  -0.012   0.224   0.317   0.071  -0.085   0.134   0.086   0.000  -0.024   0.000
  1989   0.960  -1.236   4.809   1.107   2.095  -0.437   0.430  -0.287  -1.283  -0.532  -0.373  -1.512   0.962   0.584  -0.263   0.197  -1.262   0.424  -0.748   0.618   0.672   0.077  -0.407  -0.265  -0.090   0.442   0.126  -0.942  -0.416  -0.836   1.090  -0.325   0.457   0.241  -0.297  -0.183  -0.219  -0.145   0.314   0.320   0.059  -0.026  -0.188   0.144  -0.129  -0.072  -0.356  -0.039  -0.001  -0.032   0.000
  1990   1.716   1.223   5.066  -1.004   2.063   0.220  -0.826   0.259  -0.108   0.934   0.979  -0.591   0.290   0.411  -0.802   0.502  -1.135  -0.159  -0.762   1.974   0.412  -1.016  -0.281  -0.348   0.095   0.030   0.564   0.377  -0.025  -0.277  -0.753  -0.125  -0.260  -0.304   0.010   0.128   0.290   0.573  -0.242   0.423  -0.183  -0.133  -0.154  -0.098  -0.031   0.135   0.324  -0.088  -0.007  -0.047   0.000
  1991  -3.076  -1.016   0.908  -1.319   2.352  -1.079  -1.664  -0.844  -0.359  -1.615   0.154   0.634   1.376   0.629  -0.007  -0.949   0.167   0.313  -1.664   0.375  -0.225   0.549   0.726   0.794   0.200  -0.562  -0.375   0.438  -0.517   0.697  -0.218   0.732  -0.411   0.364  -0.013   0.227   0.250   0.233   0.286   0.315  -0.076   0.169  -0.117   0.100   0.212  -0.070  -0.099   0.075  -0.102   0.174   0.000
  1992  -1.718  -0.379   2.037  -1.510   2.102  -0.135   0.073  -0.841  -0.806  -1.996  -0.961   0.554  -0.026   0.246   1.379  -1.479   0.867  -0.142  -0.586  -0.062  -1.283  -0.294   0.407  -0.166  -0.777   0.740   0.200  -0.068   0.456   0.002   0.078  -0.010   1.234  -0.651   0.727  -0.050   0.602   0.277  -0.107  -0.201   0.206   0.060   0.087  -0.127  -0.235   0.085  -0.034  -0.056   0.002  -0.010   0.000
  1993   0.398   0.306   2.305  -3.014   2.149   2.709   0.033   0.589  -0.888  -2.232  -1.365   2.437  -0.125  -0.883  -0.716  -0.554  -0.458   1.055   0.962   0.237   1.264   0.216  -0.772  -0.428  -0.625   0.139   0.020   0.697   0.023   0.676   0.581   0.246  -0.739  -0.283  -0.406  -0.253  -0.168   0.127  -0.126  -0.388   0.209  -0.052  -0.160  -0.139   0.031  -0.114  -0.019   0.026   0.057  -0.047   0.000
  1994  -0.434   0.638   1.553  -2.220   1.405   1.907  -0.202   0.314  -0.762  -0.926  -0.035   1.298   0.966  -1.419  -0.780   0.637   0.474   0.553  -0.186  -0.765  -1.191   0.149  -0.147   0.292  -0.106   0.846   0.879  -0.453   0.576  -0.367   0.196   0.161  -0.093   0.502  -0.041   0.211  -0.207  -0.471   0.498   0.211  -0.362   0.003   0.422   0.092   0.239   0.133   0.220   0.001  -0.069  -0.068   0.000
  1995   0.803   2.160   3.508  -0.865   0.292   1.203   0.901   2.289  -0.921   1.604   0.334   0.427   0.322  -1.233  -0.178   0.637   0.523  -0.371   0.140   0.534   0.210  -1.208   0.667   0.276  -0.244  -0.816   0.111  -0.605  -0.697   0.472  -0.583   0.083   0.611  -0.634  -0.509  -0.501  -0.050  -0.586  -0.152  -0.140   0.027   0.241   0.317   0.002  -0.015  -0.134  -0.070   0.013  -0.128   0.081   0.000
  1996  -1.975  -0.657  -0.401  -0.497   0.226  -2.149   1.068   2.375  -0.577  -0.948   0.896  -0.525  -1.036  -1.778   1.136  -0.046  -0.571  -0.386   0.719  -1.167   0.604  -0.614   0.323  -0.120  -0.421   0.681   0.211   1.124   0.371  -0.021  -0.755  -0.142   0.492   0.153  -0.194  -0.296  -0.372   0.449   0.175   0.182  -0.534  -0.220  -0.161   0.227   0.012   0.026  -0.176   0.065  -0.016   0.031   0.000
  1997  -1.888  -1.344  -2.939  -0.060   2.173  -3.553  -0.046   0.747  -1.359  -1.417   2.348   1.371  -0.521   0.861  -1.637   0.730  -0.137  -1.559   1.902   0.935  -1.504   0.068  -0.440  -0.103  -0.121  -0.091   0.181  -0.644   0.070   0.213  -0.135  -0.722  -0.169   0.142  -0.125   0.217  -0.202   0.258   0.117  -0.061   0.234   0.206  -0.033  -0.051  -0.082  -0.120  -0.022   0.065  -0.005   0.017   0.000
  1998   0.144   2.971   1.068  -1.344   0.776  -2.952   2.537   3.108  -0.073   0.544  -0.090   0.473  -0.009   0.532   0.492   0.400   0.048   0.768  -0.002   0.667   0.178   0.101  -1.365   1.197   0.639  -0.142  -1.131   0.152  -0.041   0.053   0.122   0.418   0.447   0.501   0.722  -0.356   0.138  -0.375   0.125  -0.054  -0.112  -0.004  -0.089  -0.226  -0.029   0.083   0.100   0.114   0.104  -0.042   0.000
  1999  -2.896   0.968  -2.551  -1.977   1.184  -2.715   1.769   2.050   2.217   0.984  -0.595  -0.619  -1.979   0.246  -0.617  -0.558   1.032   0.458  -1.576   0.024   0.612   0.585   0.401  -0.418  -1.279   0.518   0.415  -0.531  -0.008   0.281   0.191  -0.305  -0.330   0.419  -0.178   0.310   0.003  -0.265  -0.401  -0.170  -0.098   0.142  -0.253  -0.050  -0.001   0.016   0.050  -0.109  -0.161  -0.017   0.000
  2000  -0.489   2.072  -1.719  -1.142  -0.308  -1.592   2.036   2.526   1.140  -0.372   0.244   1.521  -0.273   0.867  -1.126  -0.301  -0.630   1.317  -0.182  -0.428   0.264   1.221   1.023  -1.320   1.428  -0.616   0.198   0.183  -0.028  -0.588   0.055   0.209   0.381  -0.683  -0.150   0.273  -0.001   0.148   0.065   0.229   0.234  -0.101   0.328   0.092   0.052   0.087  -0.038  -0.041   0.074   0.011   0.000
