qupr_drop.rwl -- no data title --                         1st itrdb line missing     
qupr_drop.rwl -- no data title --                         2nd itrdb line missing     
qupr_drop.rwl -- no data title --                         3rd itrdb line missing     
qupr_d17779990  09990  09990  09990  09990  09990  09990  0   0  1   0  1   0  1  err
qupr_d1780   0  1   0  1   0  1   0  1   0  1   0  1   0  1   0  1   0  1   0  1  err
qupr_d1790   0  1   0  1   0  1   0  1   0  1   0  1   0  1   0  1   0  1   0  1  err
qupr_d1800   0  1   0  1   0  1   0  1   0  1   0  1   0  1   0  1   0  1   0  1  err
qupr_d1810   0  1   0  1   0  1   0  1   0  1   0  1   0  1   0  1   0  1   0  1  err
qupr_d1820   0  1   0  1   0  1   0  1   0  1   0  1   0  1   0  1   0  1   0  1  err
qupr_d1830 341  2 153  2 236  2 180  2 298  2 472  2 447  2 333  2 342  2 328  2  err
qupr_d1840 218  2 156  2 175  2 131  2  74  2 132  2 104  2  42  2 143  3 226  3  err
qupr_d1850  92  3 185  3 255  3 213  3  49  3 516  3  32  3 260  3 108  3  27  3  err
qupr_d1860  52  3 268  3   7  3  90  3 360  3   5  3  53  3  16  3  42  3 150  3  err
qupr_d1870 108  4  36  4 255  4 100  4 106  4 241  5  60  5 129  6 185  6 279  6  err
qupr_d1880 242  7 310  8 485 10 513 10 431 10 462 10 488 10 414 10 414 10 464 10  err
qupr_d1890 446 11 301 11 247 12 406 13 337 14 385 14 379 15 223 15 242 16 246 17  err
qupr_d1900 296 19 299 19 296 19 289 22 323 23 306 23 288 24 265 24 274 24 262 24  err
qupr_d1910 247 25 176 25 219 25 236 25 216 25 256 26 235 28 249 29 204 29 234 32  err
qupr_d1920 218 32 201 32 190 34 158 34 171 36 182 38 171 38 168 39 161 39 147 39  err
qupr_d1930 124 43 130 43 142 45 161 46 147 47 128 48 131 50 142 50 133 53 126 54  err
qupr_d1940 126 55 131 55 133 55 131 57 120 57 114 58 124 58 115 58 113 59 139 60  err
qupr_d1950 128 60 126 60 119 61 124 62 126 62 138 63 141 63 122 64 131 65 111 67  err
qupr_d1960 108 67 108 67 101 67 101 68 111 68  98 68  94 68 105 68 111 68 115 68  err
qupr_d1970 120 68 112 68 119 69 121 69 119 69 131 69 127 69 112 69 136 69 114 69  err
qupr_d1980 111 69 118 69 112 69 112 69 105 69 103 69 109 69 104 69 107 69 110 69  err
qupr_d1990 116 69 102 69 108 69 127 69 119 69 126 69 110 69 104 69 127 69 121 69  err
qupr_d2000 128 69 138 69 122 69 130 66 121 65 124 65 118 63 120 61 120 61 127 61  err
qupr_d2010 172 14 218 12 135 11 171  8 182  8 158  6  50  5   0  19990  09990  0  err
qupr_drop.rwl -- no data title --                         1st itrdb line missing     
qupr_drop.rwl -- no data title --                         2nd itrdb line missing     
qupr_drop.rwl -- no data title --                         3rd itrdb line missing     
qupr_d17779990  09990  09990  09990  09990  09990  09990  0   0  1   0  1   0  1  err
qupr_d1780   0  1   0  1   0  1   0  1   0  1   0  1   0  1   0  1   0  1   0  1  err
qupr_d1790   0  1   0  1   0  1   0  1   0  1   0  1   0  1   0  1   0  1   0  1  err
qupr_d1800   0  1   0  1   0  1   0  1   0  1   0  1   0  1   0  1   0  1   0  1  err
qupr_d1810   0  1   0  1   0  1   0  1   0  1   0  1   0  1   0  1   0  1   0  1  err
qupr_d1820   0  1   0  1   0  1   0  1   0  1   0  1   0  1   0  1   0  1   0  1  err
qupr_d1830 371  2  37  2  46  2  27  2 123  2 252  2 249  2 154  2 166  2 164  2  err
qupr_d1840  88  2  58  2  83  2  24  2   5  2 164  2 129  2  93  2  72  3  22  3  err
qupr_d1850 169  3  69  3 151  3 217  3 120  3 272  3  56  3  44  3 113  3  53  3  err
qupr_d1860 135  3 175  3  40  3 198  3 209  3 146  3  44  3 105  3 145  3  28  3  err
qupr_d1870  76  4 133  4 122  4  43  4  83  4  91  5  72  5  84  6  54  6 104  6  err
qupr_d1880  17  7 101  8  64 10  73 10  77 10  86 10  56 10  55 10  72 10  54 10  err
qupr_d1890  41 11  81 11  55 12  70 13 105 14  87 14 105 15  75 15  55 16  50 17  err
qupr_d1900  54 19  55 19  62 19  48 22  51 23  50 23  55 24  60 24  66 24  60 24  err
qupr_d1910  66 25  57 25  70 25  70 25  63 25  59 26  67 28  71 29  54 29  61 32  err
qupr_d1920  58 32  50 32  43 34  46 34  50 36  42 38  46 38  32 39  44 39  31 39  err
qupr_d1930  34 43  28 43  31 45  34 46  38 47  36 48  33 50  31 50  31 53  31 54  err
qupr_d1940  26 55  28 55  24 55  29 57  22 57  29 58  32 58  34 58  33 59  40 60  err
qupr_d1950  35 60  34 60  34 61  37 62  32 62  40 63  45 63  36 64  38 65  32 67  err
qupr_d1960  31 67  34 67  26 67  25 68  26 68  20 68  21 68  26 68  21 68  24 68  err
qupr_d1970  26 68  29 68  28 69  29 69  26 69  31 69  30 69  31 69  34 69  28 69  err
qupr_d1980  31 69  36 69  35 69  41 69  41 69  28 69  26 69  28 69  24 69  25 69  err
qupr_d1990  25 69  22 69  23 69  27 69  20 69  18 69  21 69  25 69  24 69  26 69  err
qupr_d2000  21 69  24 69  21 69  23 66  20 65  19 65  17 63  20 61  21 61  22 61  err
qupr_d2010  72 14  87 12  74 11  28  8  77  8  60  6 115  5   0  19990  09990  0  err
qupr_drop.rwl -- no data title --                         1st itrdb line missing     
qupr_drop.rwl -- no data title --                         2nd itrdb line missing     
qupr_drop.rwl -- no data title --                         3rd itrdb line missing     
qupr_d17779990  09990  09990  09990  09990  09990  09990  0   0  1   0  1   0  1  err
qupr_d1780   0  1   0  1   0  1   0  1   0  1   0  1   0  1   0  1   0  1   0  1  err
qupr_d1790   0  1   0  1   0  1   0  1   0  1   0  1   0  1   0  1   0  1   0  1  err
qupr_d1800   0  1   0  1   0  1   0  1   0  1   0  1   0  1   0  1   0  1   0  1  err
qupr_d1810   0  1   0  1   0  1   0  1   0  1   0  1   0  1   0  1   0  1   0  1  err
qupr_d1820   0  1   0  1   0  1   0  1   0  1   0  1   0  1   0  1   0  1   0  1  err
qupr_d1830 222  2 176  2 176  2  12  2  82  2 182  2 102  2  35  2  44  2  41  2  err
qupr_d1840  37  2  29  2  24  2  34  2  16  2 182  2  51  2  10  2  16  3  49  3  err
qupr_d1850 223  3  14  3 244  3  95  3 203  3  37  3  35  3 247  3  84  3  18  3  err
qupr_d1860  91  3   4  3 123  3 126  3 128  3 169  3  28  3  82  3 124  3  52  3  err
qupr_d1870  23  4  32  4 127  4  37  4  34  4  44  5  92  5  63  6  53  6  89  6  err
qupr_d1880 114  7  49  8  41 10  48 10  61 10  32 10  21 10  46 10  32 10  29 10  err
qupr_d1890  35 11  83 11  39 12  49 13  55 14  45 14  57 15  26 15  43 16  34 17  err
qupr_d1900  29 19  36 19  35 19  29 22  31 23  31 23  37 24  35 24  39 24  33 24  err
qupr_d1910  38 25  46 25  37 25  26 25  33 25  46 26  48 28  40 29  15 29  35 32  err
qupr_d1920  36 32  25 32  26 34  31 34  36 36  31 38  40 38  30 39  34 39  23 39  err
qupr_d1930  24 43  22 43  25 45  25 46  27 47  26 48  24 50  22 50  19 53  27 54  err
qupr_d1940  20 55  21 55  21 55  24 57  17 57  28 58  27 58  33 58  26 59  28 60  err
qupr_d1950  24 60  23 60  20 61  26 62  31 62  31 63  30 63  23 64  24 65  20 67  err
qupr_d1960  20 67  20 67  20 67  23 68  17 68  15 68  14 68  19 68  16 68  21 68  err
qupr_d1970  19 68  21 68  21 69  19 69  19 69  21 69  20 69  21 69  22 69  18 69  err
qupr_d1980  31 69  25 69  24 69  25 69  25 69  20 69  20 69  20 69  21 69  20 69  err
qupr_d1990  21 69  19 69  18 69  22 69  15 69  17 69  21 69  27 69  24 69  21 69  err
qupr_d2000  18 69  21 69  22 69  24 66  21 65  19 65  19 63  22 61  21 61  20 61  err
qupr_d2010  62 14  97 12  52 11  57  8  85  8  65  6  56  5   0  19990  09990  0  err
qupr_drop.rwl -- no data title --                         1st itrdb line missing     
qupr_drop.rwl -- no data title --                         2nd itrdb line missing     
qupr_drop.rwl -- no data title --                         3rd itrdb line missing     
qupr_d17779990  09990  09990  09990  09990  09990  09990  0   0  1   0  1   0  1  err
qupr_d1780   0  1   0  1   0  1   0  1   0  1   0  1   0  1   0  1   0  1   0  1  err
qupr_d1790   0  1   0  1   0  1   0  1   0  1   0  1   0  1   0  1   0  1   0  1  err
qupr_d1800   0  1   0  1   0  1   0  1   0  1   0  1   0  1   0  1   0  1   0  1  err
qupr_d1810   0  1   0  1   0  1   0  1   0  1   0  1   0  1   0  1   0  1   0  1  err
qupr_d1820   0  1   0  1   0  1   0  1   0  1   0  1   0  1   0  1   0  1   0  1  err
qupr_d1830 174  2 138  2 138  2   9  2  64  2 143  2  80  2  28  2  35  2  32  2  err
qupr_d1840  29  2  22  2  19  2  27  2  12  2 143  2  40  2   8  2  13  3  39  3  err
qupr_d1850 175  3  11  3 192  3  74  3 159  3  29  3  28  3 194  3  66  3  14  3  err
qupr_d1860  71  3   3  3  97  3  99  3 100  3 132  3  22  3  65  3  97  3  41  3  err
qupr_d1870  18  4  25  4  99  4  29  4  27  4  34  5  72  5  49  6  42  6  70  6  err
qupr_d1880  90  7  38  8  32 10  38 10  48 10  25 10  16 10  36 10  25 10  23 10  err
qupr_d1890  28 11  65 11  31 12  38 13  43 14  35 14  45 15  20 15  34 16  27 17  err
qupr_d1900  23 19  28 19  28 19  22 22  25 23  24 23  29 24  28 24  30 24  26 24  err
qupr_d1910  30 25  36 25  29 25  21 25  26 25  36 26  38 28  32 29  12 29  28 32  err
qupr_d1920  28 32  19 32  21 34  24 34  28 36  24 38  31 38  24 39  26 39  18 39  err
qupr_d1930  19 43  17 43  19 45  20 46  22 47  21 48  19 50  17 50  15 53  21 54  err
qupr_d1940  16 55  16 55  17 55  19 57  14 57  22 58  21 58  26 58  20 59  22 60  err
qupr_d1950  19 60  18 60  16 61  21 62  24 62  25 63  24 63  18 64  19 65  16 67  err
qupr_d1960  16 67  15 67  15 67  18 68  13 68  12 68  11 68  15 68  13 68  16 68  err
qupr_d1970  15 68  16 68  16 69  15 69  15 69  17 69  15 69  17 69  18 69  14 69  err
qupr_d1980  24 69  20 69  19 69  19 69  19 69  16 69  16 69  15 69  16 69  16 69  err
qupr_d1990  17 69  15 69  15 69  18 69  12 69  13 69  17 69  21 69  19 69  17 69  err
qupr_d2000  14 69  16 69  17 69  19 66  16 65  15 65  15 63  17 61  16 61  16 61  err
qupr_d2010  48 14  76 12  41 11  45  8  67  8  51  6  44  5   0  19990  09990  0  err
