 eigenvalue  9.459   3.531   2.705   2.347   1.891   1.716   1.619   1.511   1.469   1.239   1.193   1.122   1.041   1.013   0.916   0.822   0.780   0.744   0.721   0.681   0.611   0.603   0.547   0.516   0.493   0.438   0.382   0.368   0.342   0.318   0.280   0.241   0.230   0.194   0.185   0.176   0.158   0.143   0.115   0.099   0.087   0.070   0.063   0.051   0.042   0.029   0.022   0.013   0.011   0.003   0.000
 eval sderr  1.873   0.699   0.536   0.465   0.375   0.340   0.321   0.299   0.291   0.245   0.236   0.222   0.206   0.201   0.181   0.163   0.154   0.147   0.143   0.135   0.121   0.120   0.108   0.102   0.098   0.087   0.076   0.073   0.068   0.063   0.055   0.048   0.046   0.038   0.037   0.035   0.031   0.028   0.023   0.020   0.017   0.014   0.012   0.010   0.008   0.006   0.004   0.003   0.002   0.001   0.000
 % variance  0.218   0.081   0.062   0.054   0.044   0.040   0.037   0.035   0.034   0.029   0.028   0.026   0.024   0.023   0.021   0.019   0.018   0.017   0.017   0.016   0.014   0.014   0.013   0.012   0.011   0.010   0.009   0.008   0.008   0.007   0.006   0.006   0.005   0.004   0.004   0.004   0.004   0.003   0.003   0.002   0.002   0.002   0.001   0.001   0.001   0.001   0.001   0.000   0.000   0.000   0.000
 cumulative  0.218   0.300   0.362   0.416   0.460   0.499   0.537   0.572   0.605   0.634   0.662   0.687   0.711   0.735   0.756   0.775   0.793   0.810   0.827   0.842   0.857   0.870   0.883   0.895   0.906   0.916   0.925   0.934   0.942   0.949   0.955   0.961   0.966   0.971   0.975   0.979   0.983   0.986   0.989   0.991   0.993   0.995   0.996   0.997   0.998   0.999   0.999   1.000   1.000   1.000   1.000
 brokn stck  4.519   3.519   3.019   2.685   2.435   2.235   2.069   1.926   1.801   1.690   1.590   1.499   1.416   1.339   1.267   1.201   1.138   1.079   1.024   0.971   0.921   0.873   0.828   0.785   0.743   0.703   0.664   0.627   0.592   0.557   0.524   0.492   0.460   0.430   0.401   0.372   0.344   0.317   0.291   0.265   0.240   0.216   0.192   0.169   0.146   0.124   0.102   0.081   0.060   0.040   0.020
 series_id   #  1       2       3       4       5       6       7       8       9      10      11      12      13      14      15      16      17      18      19      20      21      22      23      24      25      26      27      28      29      30      31      32      33      34      35      36      37      38      39      40      41      42      43      44      45      46      47      48      49      50      51
  60348      0.145  -0.022  -0.200   0.118   0.012  -0.017   0.169   0.037   0.072  -0.095   0.208   0.088  -0.061   0.040   0.081  -0.165  -0.093  -0.113   0.264   0.124  -0.295  -0.018  -0.119  -0.052  -0.268  -0.011  -0.064   0.038  -0.059   0.020  -0.173  -0.004  -0.058   0.183   0.147   0.084  -0.204   0.156  -0.025   0.165   0.022  -0.152  -0.015   0.241  -0.110   0.033   0.160   0.169  -0.090  -0.060   0.013
  111172     0.155   0.122   0.055   0.077  -0.036   0.211  -0.125   0.192   0.012   0.086   0.089  -0.164  -0.068  -0.087  -0.208  -0.086  -0.149  -0.023  -0.108  -0.154  -0.068   0.070  -0.102  -0.093  -0.086   0.189   0.066  -0.199  -0.057  -0.187  -0.007   0.092  -0.218   0.002  -0.074   0.228   0.161  -0.185   0.086  -0.238   0.257  -0.011  -0.146   0.149  -0.129   0.082   0.024   0.066  -0.088  -0.127   0.054
  90653      0.197   0.060  -0.004   0.202   0.122   0.141  -0.044   0.074   0.041  -0.007  -0.132   0.067   0.034   0.036  -0.073   0.057  -0.018  -0.110   0.037  -0.134   0.133  -0.062   0.139  -0.151   0.047  -0.102   0.004   0.072   0.160   0.164   0.086   0.085   0.228  -0.031  -0.107   0.235  -0.181  -0.121   0.017  -0.269   0.130  -0.173  -0.028  -0.063   0.275  -0.044  -0.007   0.164   0.155   0.074   0.048
  40538      0.157  -0.090  -0.115  -0.116  -0.048  -0.081  -0.009   0.071  -0.172   0.266  -0.027  -0.132   0.063   0.126   0.071  -0.015  -0.123   0.003  -0.112  -0.121   0.037   0.223  -0.191   0.099  -0.048  -0.034  -0.232   0.155   0.125  -0.059   0.293   0.310  -0.184   0.103  -0.040  -0.093  -0.010   0.083  -0.065  -0.102  -0.166   0.025  -0.184  -0.013  -0.040   0.215   0.121   0.055   0.072   0.063  -0.017
  140764     0.090   0.213  -0.052  -0.008  -0.103  -0.074   0.199   0.102  -0.020   0.057  -0.223  -0.138  -0.263   0.089   0.152  -0.070   0.111  -0.038   0.050  -0.057   0.352  -0.036  -0.128  -0.227  -0.117   0.027  -0.118  -0.096  -0.071   0.013  -0.220   0.065   0.007   0.089   0.195   0.045   0.127   0.046   0.001   0.017  -0.077   0.179  -0.126  -0.239   0.035  -0.140   0.142   0.035  -0.090   0.067   0.110
  60333      0.165  -0.201   0.082  -0.074   0.084   0.047  -0.040   0.108  -0.064   0.019  -0.124  -0.095   0.042  -0.211   0.033   0.147  -0.037   0.138   0.165  -0.037  -0.153   0.070  -0.179  -0.123   0.085   0.167   0.138  -0.023  -0.113   0.079  -0.253  -0.051   0.110  -0.089  -0.028   0.035  -0.132  -0.126   0.170   0.255  -0.011   0.008  -0.078  -0.067   0.212   0.373  -0.060   0.077   0.044  -0.057   0.238
  40529      0.141  -0.053  -0.123   0.095   0.236   0.072  -0.094  -0.151  -0.102  -0.148   0.015  -0.054   0.325  -0.142  -0.032   0.055   0.048   0.096   0.128   0.030  -0.076  -0.023  -0.105   0.171  -0.093  -0.213  -0.040  -0.078  -0.052   0.098  -0.062   0.256  -0.182  -0.018   0.127  -0.028   0.204   0.059  -0.042  -0.097   0.169  -0.002   0.171  -0.098   0.218  -0.117   0.083  -0.074  -0.122   0.305  -0.030
  50323      0.145  -0.248   0.036  -0.058  -0.057  -0.042  -0.156   0.075  -0.208   0.091   0.111  -0.049   0.180  -0.030   0.023  -0.044   0.054   0.054  -0.079   0.114   0.040  -0.161   0.144  -0.130   0.114   0.008   0.066   0.008  -0.037  -0.081  -0.109  -0.229   0.022   0.210  -0.043   0.116   0.094   0.090  -0.218  -0.269   0.072   0.064  -0.078  -0.040  -0.166  -0.033  -0.015  -0.168  -0.067   0.128   0.293
  70444      0.148   0.130  -0.044  -0.099   0.040  -0.170  -0.145  -0.150  -0.178  -0.034  -0.021   0.172  -0.220   0.079  -0.287   0.030  -0.015   0.086  -0.037   0.055  -0.031   0.121   0.168   0.051   0.027  -0.165   0.061  -0.105  -0.012  -0.018  -0.054  -0.023  -0.003  -0.182   0.271   0.098  -0.146   0.103  -0.002  -0.017   0.222   0.145  -0.214   0.065  -0.104  -0.005  -0.028   0.013  -0.216  -0.097   0.020
  70308      0.187   0.018   0.024  -0.110  -0.141   0.099  -0.120   0.118  -0.237  -0.078   0.021  -0.057   0.037   0.043   0.008   0.060   0.130  -0.196  -0.002   0.127  -0.129  -0.152  -0.077   0.084   0.204  -0.034  -0.183  -0.216   0.005  -0.019   0.122  -0.071   0.071   0.156   0.177  -0.008   0.028  -0.050   0.007   0.021  -0.137   0.044   0.039   0.141   0.281  -0.024  -0.254   0.158  -0.293  -0.085  -0.173
  50367      0.097   0.052   0.162   0.172   0.015   0.111  -0.082  -0.094   0.167   0.123   0.096  -0.161  -0.098   0.181   0.030   0.087   0.434   0.188  -0.073  -0.041  -0.127   0.091  -0.030   0.129  -0.122   0.057  -0.341  -0.152   0.085  -0.079  -0.138  -0.111   0.030  -0.141   0.056  -0.093   0.109   0.017   0.017   0.088   0.053  -0.017   0.008  -0.094   0.014   0.229  -0.056  -0.150   0.022   0.100   0.090
  100942     0.093   0.121   0.164   0.080  -0.103   0.142  -0.039   0.068  -0.143   0.332   0.030   0.309  -0.058  -0.054  -0.143  -0.082   0.158   0.092   0.102   0.043   0.057  -0.018   0.158   0.150   0.098  -0.134  -0.094  -0.055   0.051  -0.003  -0.019  -0.068  -0.107   0.242  -0.224  -0.162  -0.240  -0.200  -0.132   0.192  -0.077   0.004   0.000   0.039   0.002   0.018   0.120   0.067  -0.013   0.098   0.001
  60187      0.120   0.107  -0.154   0.203  -0.128  -0.037   0.126   0.067  -0.128  -0.033  -0.118  -0.021   0.324  -0.053   0.060   0.050  -0.096  -0.087   0.029  -0.139   0.041   0.008   0.134   0.162   0.176  -0.014  -0.222   0.040  -0.228  -0.195  -0.147  -0.181  -0.059  -0.140  -0.063   0.212   0.101   0.005   0.167   0.200  -0.184  -0.087  -0.200   0.154  -0.034  -0.154   0.124  -0.130   0.032   0.071   0.023
  70083      0.173  -0.076  -0.021  -0.133  -0.086  -0.122  -0.057  -0.185  -0.188   0.037  -0.170  -0.241   0.022   0.121  -0.092   0.088   0.074   0.111  -0.073   0.006  -0.096  -0.123   0.139  -0.144  -0.077   0.068  -0.054  -0.030  -0.056   0.213   0.070  -0.140   0.117   0.060   0.082   0.052   0.105   0.045   0.020  -0.018  -0.134  -0.267   0.079  -0.044   0.012  -0.009   0.228   0.301   0.179  -0.092  -0.104
  80402A     0.118   0.081  -0.198   0.044  -0.020   0.268   0.041   0.085  -0.113  -0.025   0.108  -0.155  -0.074   0.066   0.301   0.069  -0.026  -0.004  -0.116   0.014  -0.043  -0.104  -0.213   0.204   0.217   0.092   0.159   0.072   0.318   0.089  -0.114  -0.070  -0.113   0.064   0.011   0.025  -0.224   0.058   0.004  -0.035   0.169   0.001  -0.004  -0.158   0.013  -0.039   0.087  -0.115  -0.010  -0.091  -0.163
  60161      0.183  -0.095   0.016   0.123  -0.114  -0.072  -0.097   0.010   0.051   0.008   0.123  -0.137  -0.100   0.083  -0.069  -0.177  -0.183   0.194   0.024  -0.077  -0.232  -0.022   0.191  -0.017  -0.151  -0.096  -0.044   0.319  -0.092   0.159   0.034  -0.063  -0.143  -0.058  -0.150  -0.106   0.082   0.120  -0.017   0.063   0.037   0.034  -0.209  -0.020   0.178  -0.060  -0.210  -0.029   0.055   0.069  -0.021
  111173    -0.006  -0.064  -0.083   0.067   0.061  -0.123   0.099   0.386   0.311   0.015   0.011  -0.068  -0.114   0.003  -0.210   0.127  -0.074   0.238   0.087  -0.105   0.120  -0.101   0.174   0.230   0.092  -0.013   0.129  -0.275  -0.028   0.104  -0.090   0.057  -0.111   0.141   0.046  -0.110  -0.094   0.226   0.002  -0.146  -0.194  -0.091  -0.051  -0.018   0.155   0.002   0.068   0.067  -0.103   0.082   0.048
  70334      0.094   0.062  -0.251  -0.071  -0.322  -0.126   0.071   0.123  -0.032  -0.117   0.098   0.063  -0.019   0.018  -0.046   0.133   0.150  -0.023   0.008   0.057  -0.061  -0.186   0.082   0.149  -0.140   0.028   0.282   0.078   0.162  -0.141  -0.021  -0.053  -0.092  -0.122   0.045  -0.074   0.172  -0.064  -0.003   0.034   0.022  -0.061  -0.098  -0.297  -0.069   0.030  -0.263   0.131   0.140   0.039   0.024
  80230      0.067   0.138   0.118  -0.111  -0.156  -0.266   0.125  -0.042   0.038  -0.143  -0.265   0.184   0.122  -0.014  -0.145  -0.119  -0.135  -0.044  -0.035  -0.137  -0.086  -0.263  -0.224  -0.109  -0.013   0.073  -0.054  -0.162   0.229  -0.086  -0.022   0.074  -0.125  -0.030  -0.043  -0.094  -0.036  -0.037   0.002  -0.006   0.013   0.037  -0.024   0.163   0.158   0.176  -0.181  -0.133   0.096   0.217  -0.060
  152069     0.145  -0.182  -0.041   0.064  -0.001  -0.196  -0.174   0.063   0.073  -0.150  -0.032   0.011  -0.052   0.138  -0.013   0.183   0.036  -0.120   0.051  -0.138   0.118   0.090  -0.217  -0.126   0.169  -0.328   0.167   0.070   0.070  -0.104  -0.002  -0.118  -0.050  -0.110   0.057  -0.178   0.048  -0.098  -0.299   0.119   0.064  -0.048   0.077   0.132  -0.038   0.147   0.296  -0.052  -0.025  -0.006   0.125
  192070     0.182  -0.150   0.059  -0.195   0.017   0.054  -0.027   0.078   0.071   0.026  -0.027   0.156   0.049   0.103  -0.125   0.151   0.015  -0.057   0.166  -0.222  -0.077  -0.003  -0.025   0.095   0.082   0.110  -0.113   0.103  -0.101  -0.134  -0.013   0.075  -0.116   0.084   0.248  -0.015  -0.187  -0.167   0.143  -0.013   0.041  -0.137   0.170  -0.212  -0.307  -0.252  -0.084  -0.048   0.252   0.042   0.064
  192068     0.068  -0.211  -0.140  -0.022  -0.010   0.272  -0.038  -0.026   0.143  -0.003  -0.108   0.322   0.037  -0.075  -0.042   0.017  -0.069  -0.043   0.176   0.042   0.139   0.206  -0.039  -0.050  -0.149   0.282  -0.110   0.115  -0.019   0.044   0.011  -0.221  -0.003   0.112   0.241  -0.075   0.171   0.018  -0.179  -0.191  -0.115   0.185  -0.049   0.000   0.052   0.102  -0.131   0.083  -0.055   0.077  -0.071
  192130     0.166   0.107  -0.103  -0.105  -0.055   0.135  -0.025  -0.080   0.089   0.000  -0.271   0.030  -0.070  -0.182  -0.071  -0.033   0.089  -0.102  -0.146   0.129  -0.180   0.154   0.037  -0.005   0.046  -0.215   0.173   0.176   0.183   0.202   0.012  -0.017  -0.136   0.146  -0.026  -0.108   0.119  -0.018   0.326   0.005  -0.193   0.135  -0.027   0.045  -0.040  -0.040   0.099  -0.039  -0.045  -0.057   0.270
  202135     0.158   0.096  -0.049  -0.101  -0.010   0.296   0.056  -0.099   0.040   0.151   0.002  -0.089  -0.100   0.079  -0.065   0.109   0.154  -0.033   0.085  -0.115   0.166  -0.093  -0.022  -0.025  -0.154  -0.040   0.307   0.059  -0.199  -0.191   0.345   0.004   0.031  -0.171   0.109   0.023  -0.034   0.092   0.046   0.116  -0.067  -0.120   0.019   0.256   0.110  -0.063  -0.042  -0.146  -0.085   0.135   0.019
  162415     0.175  -0.040  -0.020  -0.138   0.183   0.041  -0.212  -0.077   0.036  -0.105   0.008  -0.033  -0.263  -0.109  -0.091   0.055  -0.059  -0.063  -0.124  -0.112   0.082  -0.148   0.097  -0.138  -0.104   0.044  -0.161  -0.058   0.055   0.004  -0.111   0.173  -0.143   0.255  -0.132   0.045   0.085   0.100   0.019   0.311   0.018  -0.044   0.228   0.001  -0.060  -0.112  -0.083  -0.125   0.054  -0.059  -0.063
  202230     0.107  -0.263   0.124   0.141  -0.057   0.056  -0.024  -0.002  -0.183  -0.155   0.118   0.047  -0.159   0.066   0.192  -0.150  -0.010   0.018   0.023  -0.115   0.093  -0.146   0.099  -0.040   0.114  -0.077   0.067  -0.096  -0.053   0.019  -0.097   0.296   0.047  -0.014   0.138  -0.091   0.078  -0.020  -0.068  -0.075  -0.253   0.002  -0.080   0.163  -0.038   0.060  -0.127  -0.167   0.177  -0.247  -0.028
  10731      0.133  -0.145   0.084   0.129   0.127   0.002   0.326  -0.006  -0.082   0.087   0.068   0.135   0.099   0.006   0.002  -0.011   0.250  -0.019  -0.155   0.061  -0.069   0.153   0.101   0.048  -0.153   0.012   0.125  -0.026   0.216  -0.154  -0.049   0.244   0.023  -0.092   0.089   0.184  -0.025   0.081  -0.097   0.020  -0.093   0.092   0.015   0.121   0.121  -0.064  -0.049   0.155   0.205  -0.104   0.136
  142602     0.147  -0.165   0.083   0.052   0.041   0.072   0.034   0.025   0.068  -0.272  -0.093   0.150  -0.181  -0.226   0.059   0.188   0.086   0.040  -0.139   0.148   0.020  -0.032  -0.120  -0.022  -0.070  -0.082  -0.200  -0.151  -0.008   0.053   0.213  -0.197  -0.112  -0.199  -0.130   0.100  -0.162   0.152   0.001  -0.112  -0.055  -0.123  -0.284  -0.049  -0.196   0.031   0.086  -0.009   0.098   0.064  -0.246
  52323      0.092   0.174  -0.190  -0.042  -0.205   0.195   0.155  -0.016   0.094  -0.149   0.121   0.009   0.057   0.039   0.103  -0.101   0.006   0.274  -0.177   0.092   0.058  -0.125  -0.040  -0.094   0.023  -0.042  -0.021  -0.102  -0.293   0.202   0.151  -0.020  -0.052   0.022   0.007  -0.083  -0.097  -0.125  -0.062  -0.086   0.023   0.013   0.247   0.179  -0.100   0.167  -0.029  -0.014   0.174   0.083   0.237
  151120     0.158  -0.044   0.100  -0.141   0.289  -0.065   0.142  -0.027  -0.027   0.042   0.074  -0.174   0.031  -0.147  -0.029  -0.258  -0.037   0.134  -0.087   0.110  -0.036   0.038  -0.032  -0.021   0.103  -0.017   0.192  -0.186   0.022  -0.072  -0.011  -0.141   0.039   0.011   0.176  -0.063  -0.053  -0.087   0.103   0.018  -0.093   0.236  -0.053   0.029  -0.123  -0.119   0.084   0.015   0.232   0.301  -0.195
  52462      0.103  -0.004  -0.115   0.290  -0.036   0.012   0.049  -0.150   0.003   0.073   0.002   0.118  -0.032  -0.056   0.152   0.234  -0.279   0.224   0.138  -0.082  -0.154  -0.008   0.128  -0.203   0.080   0.034  -0.015  -0.222   0.227  -0.214   0.289  -0.061   0.116   0.062   0.009  -0.065   0.065   0.147   0.183   0.013  -0.077   0.181   0.142  -0.108  -0.021  -0.047   0.017  -0.160  -0.060  -0.120   0.101
  111240     0.077   0.156  -0.174  -0.066   0.172  -0.095  -0.054   0.093  -0.031   0.061  -0.222   0.323  -0.132   0.135   0.078  -0.100  -0.013   0.184  -0.215   0.116  -0.164   0.094  -0.144   0.090   0.019   0.050   0.060  -0.021  -0.176  -0.240  -0.058  -0.110   0.087   0.160  -0.098   0.111   0.160   0.114  -0.182  -0.045   0.076  -0.194   0.096  -0.021   0.256  -0.046   0.042  -0.134   0.200  -0.110   0.004
  32381      0.138  -0.058   0.010   0.197  -0.152  -0.069  -0.164   0.044  -0.231   0.057   0.043   0.179  -0.058  -0.060  -0.115  -0.310  -0.111   0.015  -0.055   0.005   0.197  -0.133  -0.116   0.166  -0.092   0.119  -0.009   0.052   0.014  -0.004   0.018   0.006   0.159  -0.262   0.034  -0.026  -0.036   0.175   0.246   0.004   0.026   0.032   0.366  -0.149  -0.078   0.149   0.194   0.145  -0.084   0.083   0.030
  22064      0.096   0.065   0.215   0.006  -0.164  -0.049   0.303  -0.101  -0.030  -0.106   0.176   0.048   0.142  -0.031  -0.340   0.113   0.108   0.084  -0.059  -0.025  -0.047  -0.029  -0.108  -0.114   0.002   0.088  -0.023   0.226  -0.138   0.041   0.005   0.062   0.082   0.183   0.088  -0.072  -0.113   0.035   0.027  -0.131   0.060   0.047  -0.076  -0.166   0.158   0.017   0.256  -0.334  -0.095  -0.256  -0.114
  62373      0.111   0.222   0.264   0.125   0.091   0.070  -0.016  -0.058   0.090  -0.236   0.027  -0.055   0.071   0.017  -0.008   0.046  -0.101  -0.078  -0.114   0.000  -0.028  -0.027  -0.124   0.022   0.036  -0.102  -0.118   0.050  -0.110  -0.168  -0.062  -0.071  -0.137  -0.096  -0.071  -0.186  -0.058   0.089  -0.136  -0.123  -0.148   0.165   0.094  -0.119  -0.002  -0.203  -0.075   0.383   0.032  -0.187   0.280
  80465A     0.109   0.118  -0.139  -0.070  -0.220   0.132  -0.053  -0.141   0.155  -0.116   0.102  -0.113  -0.030  -0.089  -0.104  -0.039  -0.108  -0.103   0.114   0.254   0.143   0.248   0.283  -0.032   0.247  -0.017  -0.110  -0.044   0.050  -0.225  -0.203   0.142   0.065  -0.043   0.040  -0.131   0.069   0.019   0.003  -0.048   0.106  -0.059   0.019   0.005   0.120   0.184   0.133   0.026   0.288   0.002  -0.185
  11196A     0.164   0.105  -0.025   0.243  -0.078  -0.022  -0.132  -0.108   0.047   0.002  -0.175  -0.011   0.181  -0.043  -0.002   0.103   0.075  -0.030  -0.005   0.059  -0.049  -0.005  -0.058   0.051  -0.197   0.198   0.203  -0.159   0.029   0.079  -0.129   0.210   0.303   0.116  -0.169  -0.298   0.044  -0.078  -0.131  -0.025  -0.028  -0.137  -0.162   0.108  -0.326  -0.131   0.027  -0.003  -0.089   0.030  -0.083
  32513A     0.130   0.087  -0.036  -0.268  -0.003  -0.118  -0.185  -0.106   0.092  -0.032  -0.047  -0.077   0.149   0.172   0.197   0.075   0.056   0.006   0.156  -0.234   0.021  -0.018   0.126   0.200  -0.173   0.110   0.024  -0.038  -0.007  -0.024  -0.065  -0.116   0.076   0.020  -0.157  -0.010  -0.267   0.153   0.035  -0.170   0.076   0.393   0.033   0.214   0.044   0.027   0.090   0.028   0.111  -0.119  -0.058
  151120A    0.102   0.014   0.254  -0.125  -0.050  -0.018  -0.012   0.063   0.162   0.093  -0.083  -0.042  -0.036  -0.144   0.116   0.101  -0.308  -0.045  -0.055   0.201   0.061  -0.126   0.043   0.424  -0.286  -0.191  -0.053   0.049   0.040   0.058  -0.058  -0.015   0.144  -0.041   0.183   0.156   0.090  -0.193  -0.023  -0.092  -0.106  -0.061   0.079   0.041  -0.001   0.095   0.051  -0.242   0.000  -0.165   0.075
  182056A    0.095  -0.092  -0.252  -0.055  -0.021  -0.001   0.281   0.141   0.020   0.125   0.028   0.007   0.056  -0.139  -0.200   0.140   0.000   0.015  -0.226  -0.235   0.067   0.110  -0.073   0.068   0.100  -0.148  -0.164  -0.016  -0.007   0.252  -0.104  -0.023   0.253  -0.087  -0.096   0.009   0.132   0.089  -0.108   0.110   0.163   0.189   0.164   0.137  -0.175  -0.023  -0.211   0.049  -0.004  -0.133  -0.100
  80458      0.161  -0.158   0.044  -0.097   0.023   0.225   0.190  -0.014  -0.105  -0.024   0.017  -0.026  -0.111   0.167  -0.053   0.039  -0.204  -0.201   0.003   0.149   0.096  -0.107  -0.009  -0.029  -0.168  -0.068   0.003   0.025  -0.030  -0.095  -0.129  -0.036   0.187  -0.026  -0.321  -0.103  -0.067   0.059  -0.051   0.114   0.090   0.143  -0.088  -0.110   0.101  -0.073  -0.021  -0.101  -0.013   0.213   0.043
  101075     0.048   0.119   0.062   0.188   0.039  -0.137   0.155  -0.192  -0.117   0.242   0.103  -0.002  -0.099   0.316  -0.046   0.281  -0.272  -0.080   0.129   0.150  -0.007   0.036  -0.088  -0.036   0.007  -0.041   0.015  -0.121   0.021   0.246  -0.062  -0.136  -0.160   0.025   0.060   0.081   0.091  -0.216  -0.018  -0.068   0.037   0.031   0.070   0.054  -0.042   0.019  -0.099   0.021   0.144   0.100  -0.039
  60023      0.086  -0.208   0.059   0.042   0.146   0.026   0.171  -0.185   0.047   0.026  -0.218   0.067  -0.048   0.256   0.039  -0.032  -0.055  -0.113  -0.199   0.089   0.066  -0.036   0.132   0.190   0.267   0.349   0.048   0.026  -0.133   0.115  -0.031   0.035  -0.204  -0.129  -0.004  -0.251   0.053   0.057   0.126  -0.019   0.144  -0.109  -0.034   0.107   0.021   0.011   0.006   0.011  -0.162  -0.054   0.064
  141031     0.063  -0.067   0.136  -0.164  -0.175  -0.031   0.010  -0.143   0.273   0.256   0.101   0.150   0.064  -0.088   0.324   0.049  -0.145   0.079  -0.212  -0.069  -0.056  -0.077  -0.031  -0.088   0.116  -0.187  -0.034  -0.017  -0.083  -0.109  -0.026   0.141   0.176   0.069   0.159  -0.067  -0.013   0.066   0.063   0.062   0.260  -0.144  -0.187  -0.056   0.036  -0.075  -0.019   0.265  -0.148   0.131   0.008
  142583     0.127   0.140  -0.169   0.200   0.262  -0.094  -0.036  -0.075   0.001  -0.129  -0.081   0.040   0.024  -0.012   0.115  -0.196   0.043  -0.049   0.000  -0.119   0.106  -0.046   0.106   0.125   0.002  -0.086  -0.035   0.023  -0.188   0.084   0.198   0.026   0.107   0.170   0.141  -0.023  -0.084  -0.245  -0.003   0.132   0.135   0.118  -0.238  -0.239  -0.046   0.206  -0.156  -0.048   0.040  -0.091   0.004
  202324     0.092  -0.001   0.060  -0.021   0.004   0.022  -0.222   0.220   0.210  -0.027   0.067   0.147   0.199   0.381  -0.067   0.068   0.020   0.161   0.063   0.347   0.074  -0.017  -0.184  -0.063   0.117  -0.039   0.069   0.013  -0.112   0.077   0.073   0.237   0.060  -0.033  -0.131   0.198   0.144   0.041   0.201   0.180  -0.094   0.235  -0.084  -0.058  -0.084  -0.040   0.004   0.027   0.042  -0.069  -0.146
  10726      0.152  -0.107  -0.080  -0.112   0.023  -0.150   0.146   0.193  -0.015  -0.120  -0.079  -0.125   0.162   0.088   0.082  -0.004  -0.068   0.092  -0.093   0.226   0.068   0.226   0.262  -0.142  -0.195   0.054  -0.077  -0.118   0.041  -0.137   0.140   0.049  -0.095  -0.080  -0.086  -0.059  -0.206  -0.279  -0.063   0.090   0.048  -0.077   0.187  -0.125   0.010  -0.009  -0.034  -0.036  -0.312  -0.087   0.003
  22031      0.122  -0.149  -0.039   0.057  -0.120  -0.245  -0.092  -0.115   0.081  -0.109   0.269  -0.009  -0.088  -0.059   0.013  -0.105   0.057   0.102  -0.029  -0.006   0.304   0.254  -0.255   0.110  -0.040   0.103  -0.029  -0.022   0.126   0.042   0.050  -0.176   0.061   0.108  -0.071  -0.032  -0.006  -0.216   0.228  -0.006   0.024  -0.118  -0.058   0.164   0.236  -0.371  -0.090  -0.021   0.030  -0.040   0.103
  70198      0.201   0.051  -0.065  -0.002  -0.044  -0.035  -0.049  -0.105   0.074   0.300  -0.070  -0.042  -0.068  -0.199   0.058  -0.130  -0.017   0.097   0.138  -0.026  -0.072   0.036  -0.118  -0.085   0.091   0.001   0.112   0.036  -0.172   0.020  -0.110   0.028  -0.113  -0.326  -0.089  -0.029  -0.098  -0.106  -0.261  -0.093  -0.208   0.004   0.111  -0.161   0.050  -0.171  -0.107  -0.059  -0.094  -0.180  -0.282
  192108     0.104   0.126   0.064  -0.213   0.174  -0.008   0.084  -0.091  -0.057  -0.035   0.349   0.234   0.081  -0.137   0.109   0.117  -0.032  -0.007   0.015  -0.167   0.153  -0.101   0.101   0.055  -0.060   0.139   0.119  -0.086   0.003   0.078   0.071  -0.062  -0.165  -0.029  -0.153  -0.010   0.324  -0.097  -0.071   0.154  -0.045   0.001  -0.094  -0.091   0.078   0.122   0.244   0.167  -0.039  -0.114  -0.045
  192083     0.155   0.108   0.013   0.001   0.157  -0.141   0.063   0.072   0.174  -0.083   0.185  -0.141  -0.202   0.011  -0.107  -0.056  -0.046  -0.216  -0.012  -0.030  -0.259   0.015  -0.004   0.126   0.218   0.206  -0.023   0.123  -0.013  -0.068   0.220  -0.001   0.345   0.026  -0.038   0.036   0.102  -0.054  -0.152  -0.014  -0.176   0.014   0.060  -0.045  -0.056   0.058   0.061   0.001  -0.105   0.209   0.048
  162030     0.075   0.159  -0.023   0.115   0.301  -0.066  -0.045   0.240   0.017   0.114   0.025  -0.018   0.057  -0.066   0.034   0.125   0.034   0.165  -0.090   0.128   0.141  -0.277   0.066  -0.216  -0.037   0.058  -0.115   0.424   0.162  -0.145  -0.105  -0.096  -0.006  -0.044   0.172  -0.235   0.034  -0.074   0.111  -0.039   0.042  -0.001   0.011   0.280  -0.017   0.025  -0.029   0.045  -0.014  -0.036  -0.174
  70148      0.068   0.252   0.040  -0.130   0.017  -0.123  -0.061   0.009  -0.212  -0.146   0.155   0.168  -0.143  -0.067   0.210   0.249   0.020   0.088  -0.029  -0.004   0.012   0.235   0.077  -0.068   0.072   0.130  -0.029   0.164  -0.060   0.142  -0.166   0.222   0.034  -0.084  -0.060   0.092  -0.104   0.054   0.046  -0.149  -0.180  -0.077   0.041   0.077  -0.058   0.044  -0.134  -0.077  -0.133   0.308   0.090
  50434      0.101  -0.031  -0.042  -0.216   0.146  -0.003   0.260  -0.149   0.029  -0.029  -0.054   0.007  -0.065   0.071   0.009  -0.201   0.147   0.200   0.433   0.036   0.034  -0.146  -0.078   0.050   0.142  -0.168  -0.150   0.059   0.167  -0.090  -0.026   0.027   0.070  -0.039  -0.257   0.059   0.180  -0.047   0.121  -0.238   0.046  -0.159  -0.020   0.036  -0.184   0.065  -0.064   0.051  -0.171  -0.125   0.085
  101121     0.103   0.010   0.220  -0.014  -0.149  -0.019   0.056   0.359   0.011  -0.049  -0.086   0.116  -0.105  -0.005   0.242  -0.107   0.134  -0.094   0.168  -0.074  -0.228   0.074   0.169  -0.072   0.011   0.048  -0.044  -0.029   0.013   0.224   0.128   0.011  -0.019  -0.154   0.037  -0.084   0.215  -0.069  -0.010  -0.015   0.290   0.135   0.085   0.081   0.045  -0.210   0.215  -0.070   0.064   0.052  -0.057
  80437      0.143   0.182   0.226  -0.016  -0.053  -0.006  -0.002  -0.028   0.061  -0.007  -0.093  -0.128   0.161  -0.106  -0.017  -0.107  -0.067   0.102   0.171   0.123   0.208   0.053  -0.015   0.032   0.156   0.202   0.017   0.062   0.235   0.161   0.173  -0.016  -0.064   0.006   0.127   0.176  -0.026   0.321  -0.320   0.292   0.128  -0.119  -0.029   0.026  -0.087  -0.040  -0.137  -0.048   0.051  -0.047   0.158
  32032      0.094   0.038  -0.081   0.006   0.105  -0.267  -0.032   0.079   0.063   0.297   0.162   0.005   0.077  -0.189   0.052   0.026   0.174  -0.449   0.089   0.221   0.050  -0.050  -0.030  -0.116  -0.007  -0.022  -0.042  -0.153  -0.168   0.072   0.099  -0.004  -0.089  -0.028  -0.085  -0.139  -0.057   0.252   0.161  -0.130   0.075  -0.066   0.023  -0.055   0.032   0.089  -0.121  -0.148   0.143  -0.123   0.122
  202010A    0.094  -0.058   0.260   0.211  -0.118  -0.136   0.148  -0.019  -0.030  -0.079  -0.163  -0.113  -0.111  -0.121   0.120   0.119   0.102   0.024   0.065   0.007   0.106   0.149   0.014   0.113   0.013  -0.097   0.221   0.161  -0.210  -0.178   0.041  -0.030  -0.106   0.340  -0.124   0.120   0.082   0.095   0.099  -0.038   0.152   0.069   0.231   0.030  -0.072   0.188  -0.153   0.157  -0.032   0.072  -0.263
  42389      0.132  -0.115  -0.071   0.108  -0.095  -0.089  -0.032  -0.196   0.368   0.051   0.044   0.079   0.080   0.090   0.041  -0.117   0.150  -0.144  -0.192  -0.066  -0.004  -0.138   0.119  -0.115   0.061   0.033   0.028   0.051   0.116   0.040  -0.130  -0.030  -0.161   0.004  -0.017   0.379  -0.070  -0.094  -0.033  -0.004  -0.155   0.101   0.116  -0.032   0.008   0.108   0.056  -0.048  -0.175   0.104  -0.087
  80465r     0.110   0.152   0.182  -0.059   0.091   0.134   0.018   0.126   0.001  -0.046   0.084   0.071   0.227   0.238   0.037  -0.214  -0.084  -0.096  -0.070  -0.232   0.037   0.285   0.035  -0.127  -0.085  -0.200   0.149  -0.100   0.098   0.083  -0.122  -0.250   0.056   0.035   0.048  -0.117   0.057   0.186   0.153  -0.044  -0.138  -0.286   0.062  -0.123  -0.083   0.119  -0.151  -0.101  -0.086  -0.024  -0.167
