  year  #   1       2       3       4       5       6       7       8       9      10      11      12      13      14      15      16      17
  1950   0.457   0.393  -2.521  -2.307   1.312  -1.538   0.038   1.658  -0.569  -0.020  -0.932   0.655   0.676  -0.035  -0.038  -0.195  -0.201
  1951   0.686  -1.994  -2.977  -1.812   0.137  -0.566   0.238   0.494   0.377   0.873   0.253  -0.305   0.677  -0.240  -0.089   0.023  -0.358
  1952   1.417  -2.948  -2.899  -1.554   0.550   1.468  -0.161  -0.437  -0.456  -0.191   0.447   0.190   0.020   0.095   0.038   0.033   0.072
  1953   1.314  -2.610  -2.369  -0.971   0.058   0.772  -0.008  -1.259  -0.032  -0.754   0.422   0.296  -0.237  -0.162   0.308   0.184  -0.072
  1954   2.246  -0.809  -1.968   1.749  -1.134   0.750  -0.170  -2.275   1.361   0.154  -1.435   0.118   0.339  -0.075  -0.039  -0.477  -0.046
  1955   6.924  -0.588  -0.036   2.316  -2.210  -0.053   0.407  -0.050  -0.898   0.032  -0.561   0.145  -0.269   0.774  -0.253   0.446  -0.140
  1956   6.585   1.786  -1.256   2.868   0.223  -0.718  -0.480  -0.079  -0.776   0.893   0.611  -0.844   0.698   0.022   0.536  -0.026   0.171
  1957   5.594   1.465   0.088   1.295   1.497  -1.620   0.092  -0.444   1.106  -1.054   0.376   0.240  -0.191  -0.372  -0.181   0.192   0.120
  1958   5.187  -0.048  -0.154  -0.914   1.232  -1.675   0.886  -0.355   0.615   0.114   0.590  -0.002  -0.970   0.381  -0.067  -0.242  -0.172
  1959   4.467   0.838   0.786   0.908   0.741  -1.290  -0.216  -0.133  -0.138   0.638   0.356   0.833  -0.060  -0.610  -0.042  -0.221   0.152
  1960   4.481  -0.204   1.576   0.153  -1.120   0.169  -1.075   0.533  -1.050  -1.086   0.254   0.128   0.033  -0.148  -0.186  -0.067  -0.174
  1961   3.779  -0.456  -0.178  -0.735   2.189   1.914   0.398   0.807  -0.854   0.625  -0.899  -0.706  -0.722   0.037   0.470   0.027   0.191
  1962   4.128  -0.307  -0.208  -0.754   1.488   2.653  -0.486   0.288  -0.205  -0.982   0.119   0.039   0.376  -0.085  -0.428  -0.163   0.169
  1963   1.981  -0.310   0.636  -0.655  -0.435  -0.492  -0.348   0.837   0.695  -0.371  -0.322  -0.834   0.434  -0.139  -0.223   0.303  -0.084
  1964   0.399  -0.668   0.284  -0.418  -0.756  -0.175  -0.159   0.421   0.149   0.059   0.040  -0.654   0.461   0.102  -0.256   0.069   0.159
  1965   0.488  -0.497  -0.483  -1.057  -0.414   0.249   0.370   0.002   0.441   0.746   0.268  -0.277  -0.223   0.003  -0.452   0.317  -0.037
  1966  -0.508  -1.183   0.176  -0.736  -1.424  -1.610  -1.567   0.706   0.144  -0.579  -0.264  -0.473   0.007   0.469   0.221  -0.314   0.199
  1967   0.455  -0.220  -0.602  -1.600  -1.050   0.064   0.363   0.748   1.754  -0.019   0.257   0.765   0.046   0.440   0.529   0.370   0.314
  1968   1.987   0.740   0.962  -1.411  -1.569   0.643   0.989   0.061   0.887   0.617  -0.118   0.224  -0.269   0.017   0.045  -0.037  -0.234
  1969   1.502  -0.209   1.736  -0.499  -1.316   0.410   0.872   0.574  -0.065   0.440  -0.559  -0.041  -0.422  -0.130  -0.412  -0.332   0.240
  1970   0.477  -0.839   1.779   0.028  -1.620   0.561   0.334   0.837  -0.627   0.468   0.237   0.752   0.066  -0.711   0.172  -0.078   0.196
  1971  -0.043  -1.056   2.033  -0.222  -0.408   0.285  -0.031   0.293   0.689  -0.222   0.081  -0.154   0.250  -0.394   0.152  -0.103   0.009
  1972   0.173  -0.784   2.018  -0.739  -0.294   0.294  -0.137  -0.056   0.180  -0.360   0.033   0.258   0.420  -0.231   0.407   0.042  -0.266
  1973  -0.271   0.039   2.272  -1.810  -0.564   0.209  -0.379  -0.692  -0.307   0.098   0.444  -0.150  -0.037   0.316   0.598  -0.199  -0.223
  1974  -0.918   0.108   2.005  -1.402   0.420  -0.265   0.153  -0.909  -0.369  -0.062  -0.215   0.128   0.212   0.460   0.024  -0.062   0.179
  1975  -1.154  -0.285   1.834  -1.161   0.380   0.073  -0.301  -0.726  -0.406   0.361   0.084  -0.163  -0.108  -0.149  -0.388   0.114  -0.147
  1976  -0.772   0.821   1.915  -1.283   0.623  -0.223  -0.488  -0.938  -0.684   0.056   0.056   0.212   0.431   0.294  -0.051   0.165  -0.043
  1977  -0.916   0.625   1.779  -0.901   1.088  -0.299  -0.247  -0.703   0.391   0.095  -0.153  -0.421  -0.019  -0.236   0.048   0.009  -0.142
  1978  -1.033   0.901   1.291   0.429   0.357  -0.251   0.497  -0.488  -0.624  -0.075  -0.645   0.235   0.250  -0.195   0.150   0.242  -0.182
  1979  -1.808  -0.695   0.778   0.352   0.321  -0.080   0.717   0.553   0.730  -0.156  -0.191  -0.407  -0.084  -0.363   0.057   0.032   0.148
  1980  -2.113   1.799   1.189   0.232   0.697   0.468   0.969  -0.209   0.472  -0.287  -0.082  -0.675   0.243  -0.014  -0.039   0.169   0.060
  1981  -1.502   2.266  -0.304  -0.643   0.585  -0.276   1.318  -0.245  -0.241  -0.032  -0.093  -0.149   0.081   0.084  -0.039  -0.031  -0.081
  1982  -1.563   2.509  -1.041  -2.029  -0.600  -0.080  -0.467  -0.676  -0.828   0.460   0.588   0.146  -0.217   0.335  -0.262  -0.121   0.127
  1983  -1.324   3.185  -0.794  -0.552   0.117   0.706  -0.764   0.473   0.647   0.263   0.108   0.334   0.399   0.372  -0.291  -0.057   0.189
  1984  -2.033   3.145  -2.002  -0.025  -1.008  -0.032  -0.056   1.041  -0.414  -0.780  -0.392  -0.116  -0.855  -0.041   0.153  -0.075  -0.229
  1985  -2.210   3.428  -1.777   0.286  -0.799   0.425   0.762  -0.514  -0.273  -0.085   0.216   0.215   0.367  -0.281  -0.074   0.154   0.119
  1986  -2.477   1.480  -1.560   0.251  -1.122  -0.255   1.908  -0.272  -0.998  -0.843   0.259  -0.243   0.036  -0.336   0.225  -0.096   0.100
  1987  -2.806   0.987  -0.743   0.476  -0.608  -0.145  -0.245  -0.571   0.093  -0.140   0.216  -0.513   0.219   0.050   0.004  -0.174   0.077
  1988  -1.925   1.812  -0.477   0.572   0.080   0.567  -1.443   0.296   0.867  -0.106   0.089  -0.057  -0.449   0.220   0.069   0.041  -0.060
  1989  -2.032   1.206  -1.068   1.412  -0.189   0.405  -1.756   0.032   0.156   0.487  -0.409   0.092  -0.515  -0.718   0.117   0.251  -0.183
  1990  -1.913   0.994   0.063   0.627   0.646   0.376  -0.849  -0.122  -0.021   0.141   0.136   0.135  -0.284   0.140  -0.161   0.000  -0.039
  1991  -1.828   0.888   0.513   0.405   1.306  -0.214  -0.687  -0.017   0.021   0.193  -0.488   0.348  -0.258   0.172   0.246   0.097   0.119
  1992  -2.718  -1.528  -0.704   0.179  -0.372  -0.269  -0.196  -0.058  -0.053   0.045   0.328  -0.299  -0.683  -0.255  -0.152  -0.105   0.031
  1993  -2.614  -1.963   0.217   0.334   0.746  -0.819   0.103  -0.019  -0.322  -0.047  -0.299   0.244  -0.428  -0.111  -0.132   0.071   0.166
  1994  -3.042  -2.701  -0.436   0.839   0.353  -0.924   0.481  -0.205  -0.025  -0.173  -0.273  -0.020  -0.050   0.234   0.078   0.088   0.289
  1995  -2.350  -0.824   0.611   2.101   1.053   0.039   0.566   0.549   0.192  -0.210  -0.246   0.296   0.257   0.322  -0.131  -0.129  -0.098
  1996  -2.162  -0.652   0.512   3.018   0.863   0.629   0.652   0.481  -0.105  -0.033   0.027   0.397   0.261   0.610   0.062  -0.070  -0.282
  1997  -1.996  -0.890   0.346   2.401   0.280   1.068   0.326   0.873   0.621   0.161   1.130  -0.137  -0.028   0.056  -0.029  -0.229  -0.203
  1998  -2.532  -1.717  -0.257   1.477   0.054  -0.149   0.222   0.325  -0.230   0.166   0.589   0.065  -0.016   0.236  -0.101  -0.104  -0.055
  1999  -3.279  -3.104  -0.675   0.094  -0.227  -1.231  -0.385  -0.486  -0.647  -0.011  -0.117  -0.260  -0.091  -0.193  -0.116   0.089   0.012
  2000  -2.883  -1.324   0.093   1.388  -0.156   0.051  -0.561   0.054  -0.372   0.493   0.080   0.413   0.229  -0.016  -0.077   0.177   0.144
