 eigenvalue  7.230   2.412   1.860   1.650   0.878   0.702   0.494   0.449   0.388   0.217   0.202   0.154   0.144   0.100   0.059   0.034   0.029
 eval sderr  1.432   0.478   0.368   0.327   0.174   0.139   0.098   0.089   0.077   0.043   0.040   0.030   0.029   0.020   0.012   0.007   0.006
 % variance  0.425   0.142   0.109   0.097   0.052   0.041   0.029   0.026   0.023   0.013   0.012   0.009   0.008   0.006   0.003   0.002   0.002
 cumulative  0.425   0.567   0.677   0.774   0.825   0.866   0.896   0.922   0.945   0.958   0.969   0.978   0.987   0.993   0.996   0.998   1.000
 brokn stck  3.440   2.440   1.940   1.606   1.356   1.156   0.990   0.847   0.722   0.611   0.511   0.420   0.336   0.259   0.188   0.121   0.059
 series_id   #  1       2       3       4       5       6       7       8       9      10      11      12      13      14      15      16      17
  182058    -0.045   0.430  -0.274   0.295  -0.217   0.107   0.535  -0.167  -0.258  -0.187   0.063  -0.273  -0.002  -0.250   0.020  -0.016  -0.187
  122187     0.109  -0.026   0.301   0.523   0.214   0.227   0.283   0.442   0.461  -0.107  -0.107   0.059  -0.015  -0.077   0.034   0.046   0.044
  72458      0.226   0.115  -0.229  -0.365   0.293   0.203   0.342  -0.168   0.305   0.530   0.012   0.134  -0.183  -0.151  -0.034   0.149  -0.080
  112215     0.318   0.113  -0.030   0.178   0.227  -0.294  -0.064  -0.081  -0.069   0.044   0.501  -0.064  -0.001  -0.199   0.272  -0.003   0.574
  102279    -0.255   0.362  -0.045  -0.180  -0.182   0.185   0.225   0.104   0.129  -0.047   0.218   0.309   0.305   0.504   0.014  -0.006   0.362
  122165     0.225  -0.189  -0.176  -0.030   0.308   0.675  -0.113  -0.176  -0.236  -0.417   0.055   0.071  -0.108   0.145   0.106  -0.033   0.062
  122184     0.280  -0.045  -0.212   0.391   0.103  -0.162  -0.007  -0.043  -0.021   0.259   0.210  -0.007   0.023   0.606  -0.048  -0.233  -0.384
  122166     0.242   0.093   0.375   0.086  -0.303   0.229  -0.045   0.181  -0.480   0.313   0.168   0.447  -0.078  -0.153  -0.032   0.077  -0.118
  122256A    0.305   0.023  -0.208  -0.228   0.083   0.039  -0.081   0.382  -0.025  -0.045   0.030  -0.067   0.708  -0.258  -0.044  -0.197  -0.183
  132194     0.059   0.446   0.225  -0.023   0.543  -0.260   0.040  -0.085  -0.309  -0.101  -0.458   0.187   0.090   0.124  -0.013   0.037  -0.016
  122164     0.358  -0.015   0.004  -0.002  -0.139  -0.002  -0.002   0.047  -0.062  -0.032  -0.079  -0.333   0.105   0.234  -0.358   0.716   0.147
  112145     0.320   0.056   0.192  -0.123  -0.310   0.024   0.017  -0.153   0.146   0.009  -0.266  -0.139   0.090   0.156   0.753   0.040  -0.095
  102273    -0.143   0.357  -0.102   0.365  -0.027   0.307  -0.562  -0.288   0.202   0.277  -0.139  -0.032   0.223  -0.135  -0.042   0.073   0.049
  122229     0.348   0.019   0.028  -0.013  -0.249   0.070   0.079  -0.071   0.009   0.092  -0.376  -0.119  -0.119   0.035  -0.347  -0.564   0.425
  122149     0.314   0.099   0.042  -0.011  -0.189  -0.208  -0.059  -0.363   0.371  -0.455   0.131   0.449   0.010  -0.130  -0.235   0.030  -0.197
  112136     0.022   0.354   0.499  -0.269   0.114   0.151  -0.138   0.011   0.128  -0.070   0.370  -0.458  -0.151   0.075  -0.152  -0.184  -0.210
  112258     0.117   0.381  -0.411  -0.087  -0.103  -0.074  -0.307   0.516   0.060  -0.140  -0.086   0.059  -0.489   0.028   0.102   0.035  -0.033
