 eigenvalue  4.778   1.735   1.604   1.345   1.112   1.005   0.866   0.720   0.667   0.618   0.536   0.490   0.480   0.395   0.285   0.217   0.146
 eval sderr  0.946   0.344   0.318   0.266   0.220   0.199   0.171   0.143   0.132   0.122   0.106   0.097   0.095   0.078   0.056   0.043   0.029
 % variance  0.281   0.102   0.094   0.079   0.065   0.059   0.051   0.042   0.039   0.036   0.032   0.029   0.028   0.023   0.017   0.013   0.009
 cumulative  0.281   0.383   0.478   0.557   0.622   0.681   0.732   0.774   0.814   0.850   0.882   0.910   0.939   0.962   0.979   0.991   1.000
 brokn stck  3.440   2.440   1.940   1.606   1.356   1.156   0.990   0.847   0.722   0.611   0.511   0.420   0.336   0.259   0.188   0.121   0.059
 series_id   #  1       2       3       4       5       6       7       8       9      10      11      12      13      14      15      16      17
  182058     0.209   0.278   0.388   0.258  -0.026   0.033  -0.001  -0.059  -0.327  -0.402  -0.106   0.468  -0.029  -0.049  -0.153  -0.358  -0.049
  122187     0.233   0.012   0.033   0.073   0.587  -0.048  -0.082   0.484  -0.128   0.360  -0.186   0.289   0.092   0.005  -0.068   0.268   0.054
  72458      0.088   0.542   0.136  -0.228  -0.162   0.194   0.423   0.082   0.209   0.018   0.230   0.156   0.054  -0.157   0.048   0.421  -0.224
  112215     0.330  -0.007  -0.154  -0.046   0.255  -0.151   0.160  -0.284   0.396  -0.313  -0.094   0.004   0.144  -0.284  -0.193   0.064   0.514
  102279     0.029   0.503  -0.240   0.258  -0.081   0.238  -0.280  -0.356  -0.159   0.207  -0.334  -0.099  -0.187   0.102   0.071   0.241   0.234
  122165     0.126   0.376   0.184  -0.457   0.186  -0.048  -0.362  -0.062  -0.134   0.160   0.314  -0.283   0.292   0.000  -0.017  -0.324   0.123
  122184     0.267   0.014   0.333   0.216   0.112  -0.196   0.152  -0.319   0.354   0.416  -0.129  -0.198  -0.161   0.124  -0.188  -0.177  -0.365
  122166     0.335  -0.099   0.034  -0.206   0.005  -0.191  -0.057  -0.055  -0.381  -0.341  -0.294  -0.398   0.026  -0.099  -0.018   0.366  -0.375
  122256A    0.295   0.161  -0.306  -0.089  -0.136  -0.388  -0.066   0.137   0.178   0.011  -0.160   0.190  -0.085  -0.042   0.636  -0.267  -0.125
  132194     0.245  -0.056  -0.223   0.121   0.232   0.313   0.555  -0.111  -0.294   0.005   0.112  -0.171   0.219   0.336   0.266  -0.202   0.028
  122164     0.295  -0.223   0.163  -0.309  -0.127  -0.052  -0.127  -0.214   0.007  -0.017   0.187   0.326  -0.206   0.605   0.039   0.271   0.187
  112145     0.264  -0.350   0.074   0.088  -0.074   0.266  -0.170  -0.318  -0.152   0.279   0.256   0.187   0.054  -0.559   0.249   0.080  -0.060
  102273     0.230   0.084  -0.001   0.490   0.121   0.017  -0.261   0.243   0.168  -0.292   0.533  -0.277  -0.228   0.069   0.095   0.131  -0.029
  122229     0.247  -0.077   0.392  -0.015  -0.381   0.125   0.168   0.392  -0.038   0.142  -0.203  -0.311  -0.180  -0.101   0.099  -0.076   0.467
  122149     0.254  -0.096  -0.097  -0.029  -0.181   0.533  -0.306   0.166   0.380  -0.109  -0.254   0.027   0.392   0.166  -0.125  -0.102  -0.221
  112136     0.249   0.009  -0.449  -0.262  -0.025   0.173   0.059   0.129  -0.112   0.083   0.118   0.034  -0.545  -0.132  -0.445  -0.243  -0.102
  112258     0.201   0.035  -0.249   0.271  -0.472  -0.388   0.046   0.073  -0.185   0.224   0.194   0.047   0.429   0.064  -0.347   0.075   0.056
