  year  #   1
  1950  -2.131
  1951  -2.158
  1952  -1.874
  1953  -1.664
  1954  -0.203
  1955   2.204
  1956   2.518
  1957   1.786
  1958   1.056
  1959   1.274
  1960   1.294
  1961   0.592
  1962   0.947
  1963   0.190
  1964  -0.640
  1965  -0.716
  1966  -1.353
  1967  -0.724
  1968   0.666
  1969   0.498
  1970  -0.161
  1971  -0.353
  1972  -0.195
  1973  -0.298
  1974  -0.596
  1975  -0.760
  1976  -0.043
  1977  -0.123
  1978   0.205
  1979  -0.777
  1980  -0.309
  1981   0.187
  1982   0.292
  1983   0.897
  1984   0.189
  1985   0.471
  1986  -0.156
  1987  -0.249
  1988   0.711
  1989   0.578
  1990   0.681
  1991   0.652
  1992  -0.784
  1993  -0.954
  1994  -1.293
  1995   0.158
  1996   0.553
  1997   0.743
  1998   0.044
  1999  -1.142
  2000   0.269
