pist_drop_subcanopy.rwl -- no data title --               1st itrdb line missing     
pist_drop_subcanopy.rwl -- no data title --               2nd itrdb line missing     
pist_drop_subcanopy.rwl -- no data title --               3rd itrdb line missing     
pist_d19319990  01769  11285  11624  11366  12165  22152  32630  52664  53152  5  trn
pist_d19402998  72659  72873  72524  82299  92700 112436 142560 152357 152050 15  trn
pist_d19501822 171738 171673 171795 172385 182703 182837 182657 182522 192563 19  trn
pist_d19602435 192436 192410 192133 202059 202146 201632 202061 202277 202173 21  trn
pist_d19702012 211936 211792 211804 211785 211733 211907 211855 211924 211583 21  trn
pist_d19801789 211792 211981 212081 211815 211854 211576 211436 211833 211648 21  trn
pist_d19901796 211693 211266 211176 211081 211553 211629 211687 211381 21 850 21  trn
pist_d20001240 211152 211281 211028 211165 201339 191011 181062 17 993 161131 16  trn
pist_d2010 648  2 196  1 296  1 248  1 971  11075  11170  19990  09990  09990  0  trn
pist_drop_subcanopy.rwl -- no data title --               1st itrdb line missing     
pist_drop_subcanopy.rwl -- no data title --               2nd itrdb line missing     
pist_drop_subcanopy.rwl -- no data title --               3rd itrdb line missing     
pist_d19319990  0 850  1 574  1 780  1 636  1 684  2 887  31023  51041  51229  5  std
pist_d19401215  7 988  71135  7 975  8 755  91158 111035 141228 15 911 15 704 15  std
pist_d1950 568 17 547 17 539 17 640 17 992 181273 181447 181275 181162 191159 19  std
pist_d19601166 191249 191187 191024 20 877 20 919 20 801 20 956 201167 201053 21  std
pist_d1970 907 21 868 21 905 21 903 21 841 21 759 21 977 21 934 21 988 21 721 21  std
pist_d1980 939 211074 211211 211209 211066 211223 21 960 21 915 211167 211024 21  std
pist_d19901174 211127 21 765 21 695 21 626 211045 211117 211258 211018 21 604 21  std
pist_d2000 905 21 937 211065 21 898 211035 201141 19 943 18 934 17 906 161031 16  std
pist_d2010 751  2 655  1 741  1 690  11347  11433  11511  19990  09990  09990  0  std
pist_drop_subcanopy.rwl -- no data title --               1st itrdb line missing     
pist_drop_subcanopy.rwl -- no data title --               2nd itrdb line missing     
pist_drop_subcanopy.rwl -- no data title --               3rd itrdb line missing     
pist_d19319990  0 951  1 696  11150  1 794  1 948  21092  31032  51034  51087  5  res
pist_d19401054  7 864  71093  7 899  8 828  91243 11 834 141213 15 843 15 724 15  res
pist_d1950 730 17 852 17 828 17 911 171169 181287 181183 18 983 181030 191115 19  res
pist_d19601046 191054 191209 19 887 20 866 201009 20 870 201146 201141 20 967 21  res
pist_d1970 903 21 932 211004 21 962 21 912 21 876 211135 21 967 211046 21 726 21  res
pist_d19801117 211097 211138 211180 21 921 211152 21 868 21 909 211213 21 968 21  res
pist_d19901139 211018 21 736 21 839 21 814 211260 211055 211173 21 872 21 613 21  res
pist_d20001241 21 924 211090 21 878 211092 201083 19 847 18 998 17 965 161075 16  res
pist_d2010 963  2 950  1 978  1 871  11490  11133  11198  19990  09990  09990  0  res
pist_drop_subcanopy.rwl -- no data title --               1st itrdb line missing     
pist_drop_subcanopy.rwl -- no data title --               2nd itrdb line missing     
pist_drop_subcanopy.rwl -- no data title --               3rd itrdb line missing     
pist_d19319990  0 934  1 670  1 968  1 779  1 829  2 999  31030  51048  51113  5  ars
pist_d19401113  7 922  71051  7 924  8 789  91131 11 901 141162 15 926 15 692 15  ars
pist_d1950 581 17 632 17 638 17 717 171014 181304 181351 181164 181116 191179 19  ars
pist_d19601139 191127 191283 191031 20 881 20 944 20 840 201060 201176 201057 21  ars
pist_d1970 932 21 894 21 946 21 932 21 875 21 811 211032 21 982 211035 21 748 21  ars
pist_d1980 978 211085 211186 211284 211066 211190 21 965 21 890 211156 211048 21  ars
pist_d19901166 211105 21 792 21 732 21 678 211083 211099 211229 21 989 21 621 21  ars
pist_d20001031 21 938 211057 21 906 211041 201105 19 901 18 943 17 934 161039 16  ars
pist_d2010 982  2 938  1 943  1 841  11422  11360  11396  19990  09990  09990  0  ars
