 eigenvalue  5.711   2.335   1.822   1.431   0.900   0.887   0.808   0.642   0.540   0.394   0.349   0.302   0.261   0.238   0.165   0.146   0.069
 eval sderr  1.131   0.462   0.361   0.283   0.178   0.176   0.160   0.127   0.107   0.078   0.069   0.060   0.052   0.047   0.033   0.029   0.014
 % variance  0.336   0.137   0.107   0.084   0.053   0.052   0.048   0.038   0.032   0.023   0.021   0.018   0.015   0.014   0.010   0.009   0.004
 cumulative  0.336   0.473   0.580   0.665   0.718   0.770   0.817   0.855   0.887   0.910   0.930   0.948   0.964   0.978   0.987   0.996   1.000
 brokn stck  3.440   2.440   1.940   1.606   1.356   1.156   0.990   0.847   0.722   0.611   0.511   0.420   0.336   0.259   0.188   0.121   0.059
 series_id   #  1       2       3       4       5       6       7       8       9      10      11      12      13      14      15      16      17
  182058     0.208   0.199  -0.419   0.045  -0.004   0.203  -0.088   0.486  -0.135   0.447   0.187  -0.116  -0.333  -0.058   0.209  -0.073  -0.157
  122187     0.232  -0.236   0.025   0.159   0.443   0.306  -0.040   0.373   0.410  -0.400  -0.031  -0.207  -0.063   0.021  -0.148  -0.105   0.155
  72458      0.069   0.272  -0.037   0.605  -0.360   0.042   0.266   0.111  -0.104  -0.254   0.099  -0.039   0.175  -0.388  -0.253  -0.004  -0.084
  112215     0.348  -0.038   0.119   0.057  -0.094   0.345   0.078  -0.310   0.075   0.245  -0.010   0.100  -0.107  -0.300   0.199   0.226   0.602
  102279    -0.168   0.475  -0.162   0.014   0.117  -0.154   0.201   0.250   0.343   0.062   0.082   0.348   0.325   0.257   0.131   0.020   0.377
  122165     0.097  -0.206  -0.118   0.637   0.080  -0.341   0.124  -0.215   0.045   0.156  -0.163   0.024  -0.317   0.421   0.088  -0.054   0.045
  122184     0.283  -0.135  -0.333   0.081  -0.014   0.336  -0.108  -0.292   0.164  -0.083   0.044   0.352   0.399   0.111   0.240  -0.039  -0.428
  122166     0.315  -0.116   0.142   0.017   0.161  -0.348  -0.181   0.168   0.087   0.411  -0.284   0.271   0.251  -0.351  -0.288  -0.236  -0.059
  122256A    0.206   0.439   0.168   0.060   0.194  -0.148  -0.292  -0.158   0.277   0.006   0.074  -0.103  -0.147  -0.004  -0.113   0.593  -0.291
  132194     0.245   0.125   0.389  -0.003   0.010   0.368   0.190   0.162  -0.376   0.126  -0.128   0.185   0.066   0.507  -0.307   0.089  -0.066
  122164     0.337  -0.058   0.021  -0.026  -0.122  -0.223  -0.275  -0.096  -0.093  -0.018   0.694  -0.162   0.181   0.233  -0.183  -0.199   0.235
  112145     0.304  -0.148  -0.034  -0.220  -0.059  -0.294   0.224   0.193  -0.107  -0.392   0.156   0.533  -0.375  -0.096   0.074   0.169  -0.044
  102273     0.170   0.118  -0.317  -0.099   0.600  -0.120   0.369  -0.231  -0.416  -0.048  -0.005  -0.216   0.189  -0.131  -0.038   0.063   0.041
  122229     0.314  -0.021  -0.168  -0.073  -0.319  -0.206  -0.207   0.235  -0.154  -0.208  -0.465  -0.298   0.276   0.158   0.242   0.255   0.172
  122149     0.238  -0.032  -0.119  -0.325  -0.303  -0.059   0.547  -0.097   0.455   0.170  -0.045  -0.293  -0.044   0.100  -0.236  -0.056  -0.156
  112136     0.204   0.202   0.537   0.027   0.078  -0.108   0.187   0.022   0.028  -0.060   0.053  -0.171   0.051  -0.049   0.615  -0.344  -0.192
  112258     0.159   0.489  -0.158  -0.127  -0.057   0.070  -0.232  -0.279  -0.015  -0.254  -0.298   0.088  -0.314   0.039  -0.162  -0.504   0.112
