 eigenvalue  7.269   2.524   1.902   1.763   0.767   0.678   0.470   0.444   0.345   0.213   0.156   0.143   0.130   0.085   0.053   0.034   0.023
 eval sderr  1.440   0.500   0.377   0.349   0.152   0.134   0.093   0.088   0.068   0.042   0.031   0.028   0.026   0.017   0.011   0.007   0.005
 % variance  0.428   0.148   0.112   0.104   0.045   0.040   0.028   0.026   0.020   0.013   0.009   0.008   0.008   0.005   0.003   0.002   0.001
 cumulative  0.428   0.576   0.688   0.792   0.837   0.877   0.904   0.930   0.951   0.963   0.972   0.981   0.988   0.993   0.997   0.999   1.000
 brokn stck  3.440   2.440   1.940   1.606   1.356   1.156   0.990   0.847   0.722   0.611   0.511   0.420   0.336   0.259   0.188   0.121   0.059
 series_id   #  1       2       3       4       5       6       7       8       9      10      11      12      13      14      15      16      17
  182058    -0.032   0.265   0.548  -0.010  -0.034   0.217  -0.555  -0.220  -0.282   0.038  -0.023  -0.260   0.240   0.006  -0.050  -0.058  -0.105
  122187     0.076  -0.049   0.122   0.630   0.019   0.116  -0.322   0.425   0.476  -0.120   0.086  -0.047  -0.082  -0.141   0.000  -0.016   0.066
  72458      0.251   0.076   0.063  -0.306   0.567   0.163  -0.189  -0.016   0.219   0.057  -0.446   0.283  -0.280  -0.144  -0.068  -0.110  -0.059
  112215     0.329  -0.009   0.155   0.141   0.065  -0.284   0.091  -0.091  -0.026   0.349  -0.189   0.005   0.316  -0.309   0.454   0.252   0.352
  102279    -0.240   0.361  -0.010  -0.235   0.033   0.258  -0.121   0.253   0.109   0.242   0.355   0.408   0.086   0.255   0.249   0.154   0.299
  122165     0.228  -0.260   0.098   0.073   0.501   0.451   0.295  -0.076  -0.126   0.033   0.424  -0.311  -0.027   0.111   0.084   0.032   0.064
  122184     0.216  -0.295   0.399   0.153  -0.049  -0.194   0.065   0.072  -0.015   0.221  -0.081   0.335   0.010   0.639  -0.060   0.002  -0.232
  122166     0.233   0.191  -0.137   0.355  -0.172   0.293   0.075   0.141  -0.617   0.108  -0.067   0.338  -0.259  -0.187  -0.025  -0.092  -0.036
  122256A    0.328   0.017   0.014  -0.229   0.006  -0.002   0.073   0.318   0.013  -0.170   0.249   0.212   0.548  -0.295  -0.203   0.075  -0.403
  132194     0.069   0.445   0.048   0.232   0.379  -0.523   0.005  -0.235  -0.087  -0.306   0.348   0.157  -0.121   0.058  -0.054  -0.023   0.007
  122164     0.355  -0.007  -0.100  -0.069  -0.117   0.045  -0.042  -0.019   0.007  -0.234  -0.056   0.026   0.270   0.221  -0.222  -0.500   0.602
  112145     0.323   0.150  -0.189  -0.041  -0.202   0.133  -0.071  -0.161   0.161  -0.266  -0.007  -0.052  -0.036   0.201   0.676  -0.176  -0.342
  102273    -0.140   0.278   0.411   0.133  -0.157   0.304   0.568  -0.247   0.284  -0.224  -0.187   0.169   0.078  -0.089  -0.070   0.030   0.029
  122229     0.348   0.060  -0.077  -0.088  -0.169   0.101  -0.134  -0.065  -0.001  -0.286  -0.076  -0.075  -0.170   0.187  -0.209   0.757   0.165
  122149     0.313   0.107  -0.033  -0.059  -0.297   0.001  -0.032  -0.356   0.335   0.507   0.367  -0.020  -0.229  -0.157  -0.269  -0.110  -0.068
  112136     0.064   0.498  -0.296   0.172   0.161   0.014   0.180   0.194   0.073   0.317  -0.275  -0.382   0.229   0.305  -0.184   0.019  -0.165
  112258     0.162   0.197   0.397  -0.330  -0.152  -0.207   0.214   0.505  -0.071  -0.036   0.049  -0.327  -0.392  -0.052   0.092  -0.122   0.085
