 % variance  0.221
 cumulative  0.221
 series_id   #  1
  50274      0.543
  80233      0.408
  100771     0.552
  151021     0.634
  110811     0.595
  101136     0.291
  121305     0.595
  60353      0.487
  60116      0.547
  80235      0.514
  100540     0.355
  60143      0.424
  121310     0.342
  60345      0.264
  90529      0.431
  121186     0.360
  70126      0.556
  131087     0.474
  70096      0.575
  80316      0.320
  80491      0.475
  80330      0.591
  70502      0.535
  70407      0.643
  70421      0.672
  182060     0.291
  60550A     0.613
  121329     0.563
  180952     0.353
  161576     0.536
  32516      0.312
  172202     0.309
  92250A     0.434
  50046      0.409
  202496     0.240
  122060     0.552
  111314     0.341
  62281      0.421
  72396      0.516
  40649      0.517
  42092      0.596
  60522      0.454
  111252     0.426
  72140      0.554
  50499      0.533
  82115      0.188
  10636      0.355
  22336      0.542
  62372      0.673
  121026     0.660
  30343A     0.568
  120911A    0.253
  121310A    0.478
  190907A    0.269
  40617A     0.466
  52343A     0.514
  82228A     0.394
  192112A    0.098
  202248A    0.228
  112082     0.377
  52287      0.479
  121434     0.239
