  year  #   1       2       3       4       5       6       7       8       9      10      11      12      13      14      15      16      17      18      19      20      21      22      23      24      25      26      27      28      29      30      31      32      33      34      35      36      37      38      39      40      41      42      43      44      45      46      47      48      49      50      51
  1950   4.035  -7.928  -0.895   1.268   2.801   0.773   1.521  -0.002  -0.275  -1.132  -1.687   1.278  -0.711  -1.004   1.760  -0.528   0.207   0.275   0.362  -0.575  -0.633  -0.082   0.482  -0.026   0.383  -0.611  -0.120   0.343  -0.078   0.074   0.025   0.012   0.098   0.148  -0.121  -0.230  -0.222   0.062   0.082  -0.143  -0.117   0.201   0.026   0.076   0.085  -0.079  -0.019  -0.062  -0.001  -0.062   0.000
  1951   5.037  -8.164  -1.201   2.444   2.752   0.908   2.087   0.369   0.268  -0.205  -0.481   0.147   0.207  -0.444   0.222   0.357  -1.133  -0.436   0.512   0.526   0.460   0.006   0.223  -0.447  -0.276   0.587  -0.215  -1.043   0.299  -0.137  -0.134  -0.022  -0.195  -0.178   0.343   0.030   0.121   0.053  -0.083   0.119  -0.049  -0.258  -0.151  -0.109  -0.016   0.087   0.072   0.063   0.009   0.049   0.000
  1952   2.555  -9.396  -1.620   0.794   1.425  -0.629   1.319   0.043   0.509   1.222   0.462  -0.248   0.819   0.779  -0.971   0.423   0.086   0.330  -0.723   0.402  -0.423  -0.054  -0.167   0.053  -0.358  -0.214   0.046   1.077   0.764  -0.245   0.227   0.449  -0.407  -0.061  -0.083   0.196   0.264   0.131  -0.030   0.008   0.107   0.021   0.100   0.166  -0.039  -0.014  -0.055  -0.004  -0.031   0.010   0.000
  1953   1.176 -10.205  -2.097  -0.460   0.428  -1.069   0.383   0.503   0.761   0.956   0.578   0.464   0.191   0.374  -1.611   0.486   0.286   0.560  -0.437  -0.671   0.673  -0.238  -0.218   0.249   0.174   0.200   0.510  -0.388  -0.926   0.282  -0.027  -0.523   0.231   0.144  -0.173  -0.027  -0.101  -0.284   0.142  -0.020  -0.122   0.129   0.086  -0.066  -0.016   0.011  -0.043  -0.043   0.048   0.008   0.000
  1954   2.147  -7.219   0.450  -2.063   0.249  -0.766  -1.654  -0.106  -0.594  -0.083   0.928  -0.888   0.030   0.300   0.064  -1.094   0.806  -1.023   0.743  -0.273   0.125   1.106  -0.788   0.062   0.189   0.176  -0.102   0.062  -0.212   0.493  -0.082   0.381   0.420  -0.109  -0.003  -0.221   0.061   0.354  -0.304   0.126   0.227  -0.042  -0.053   0.016   0.042  -0.018   0.129   0.023   0.029  -0.050   0.000
  1955   4.199  -5.407   1.968  -2.499  -0.188  -0.805  -2.832  -1.700  -0.055  -0.070   1.085  -0.951  -0.970   0.793   0.718  -1.245  -0.409  -0.677  -0.323   0.003  -0.313  -0.901   0.338   0.151  -0.123  -0.162  -0.480  -0.227   0.257  -0.388   0.205  -0.097   0.183   0.157   0.247   0.232  -0.087  -0.264   0.343   0.053   0.014  -0.033   0.040  -0.183  -0.054  -0.085  -0.142  -0.003  -0.047   0.037   0.000
  1956   8.597  -1.931   4.420  -1.828  -0.439  -0.347  -3.419  -1.981  -0.731  -0.926  -0.052  -0.194  -0.168  -0.311   0.040   0.511  -0.085   0.921   0.105   0.788   0.160  -0.470   0.663   0.031  -0.106   0.374   0.069   0.062  -0.314   0.252  -0.184   0.137  -0.387  -0.176  -0.400  -0.004   0.137  -0.124  -0.139  -0.230  -0.112   0.047  -0.126   0.245  -0.008   0.147   0.164  -0.010   0.000   0.013   0.000
  1957   7.540  -0.658   4.160  -0.934  -1.326  -0.297  -1.724  -0.281   0.016  -0.126  -0.543   0.473   0.091  -0.500   0.189   1.162   0.601   0.575   0.834  -0.568   0.001   0.691  -0.187  -0.595   0.152  -0.106   0.554   0.219   0.391  -0.332  -0.281  -0.700  -0.125  -0.358  -0.078   0.204   0.001   0.187  -0.011   0.116   0.133  -0.189   0.159  -0.161   0.067  -0.075  -0.177   0.048  -0.019  -0.006   0.000
  1958  10.463   2.095   5.420   1.129  -0.421  -0.007  -0.722   0.783   1.721  -0.331  -0.443   1.023   1.036  -0.801   0.056   0.711   1.066  -0.681  -0.949   0.246   0.060  -0.030  -0.435   0.393  -0.151   0.044  -0.031   0.394   0.307  -0.122   0.100  -0.003   0.377   0.486   0.391  -0.287  -0.081  -0.107   0.030   0.015  -0.042   0.109  -0.181  -0.136  -0.116   0.050   0.116   0.032   0.044   0.048   0.000
  1959   4.456   0.328   1.690  -0.994  -2.768   1.371  -0.164  -0.080   0.903  -0.213  -0.072   0.579   0.740   0.887  -0.798   0.177  -0.912   0.114  -0.124   0.453  -0.661   0.923  -0.284  -0.579   0.485  -0.639  -0.582  -0.682  -0.005   0.393   0.522   0.233  -0.431   0.180  -0.051   0.065  -0.415   0.101  -0.006  -0.153  -0.068   0.045  -0.030  -0.055  -0.056  -0.005  -0.079  -0.053   0.057  -0.057   0.000
  1960   6.571   1.646   2.447   0.002  -2.200   1.560   0.492   1.221   0.898  -0.051   0.345   0.125   0.148  -0.273  -0.548  -0.899  -2.066   0.458  -0.203  -0.719   0.106  -0.492   0.150   0.367   0.938  -0.411   0.405   0.143  -0.052  -0.161  -0.014   0.148   0.398  -0.216   0.070  -0.237   0.270   0.065   0.053   0.197   0.007  -0.188   0.083   0.197  -0.010  -0.009   0.080   0.064  -0.051  -0.012   0.000
  1961   6.895   1.669   1.561   0.743  -1.552   2.903   0.577   1.641  -1.661  -0.664  -0.902  -0.536   0.211   0.364  -0.510  -0.517  -0.276  -0.269   0.603  -0.608   1.027  -0.531  -0.232   0.190  -0.831  -0.060  -0.467   0.397  -0.135   0.218  -0.306   0.180  -0.218   0.000   0.146   0.076   0.062  -0.068  -0.068  -0.044   0.121   0.143   0.109  -0.117   0.156   0.114  -0.123  -0.139   0.035   0.036   0.000
  1962   5.196   0.713   0.038   1.202  -1.849   2.869   1.994   0.604  -1.057   0.424   0.357  -0.992  -0.595   0.578  -0.167  -0.339   0.531   0.045   0.489   0.178  -0.831   0.210  -0.083  -0.321  -0.522   0.602  -0.158   0.374  -0.444   0.008   0.246  -0.364  -0.092  -0.005  -0.126  -0.132  -0.238  -0.130   0.025   0.092  -0.228   0.104   0.050   0.020  -0.122  -0.172   0.120   0.163  -0.108   0.029   0.000
  1963   3.387   0.568  -0.675   0.759  -1.653   2.526   1.699   0.133  -0.600   0.342   1.574  -0.608  -0.486   0.566   1.198   0.646   0.741  -0.053  -0.483   0.451   0.018   0.440   0.367  -0.099  -0.497  -0.644   0.876  -0.517   0.118  -0.071  -0.095   0.019   0.508  -0.332   0.029   0.213   0.164  -0.113   0.154  -0.015   0.084   0.063  -0.155   0.146  -0.108   0.052  -0.012  -0.118   0.040  -0.053   0.000
  1964   3.319   0.917  -0.985  -0.546  -1.588  -0.014   1.468   0.756   1.078   0.612   1.181  -0.155  -0.460  -0.483   0.573  -0.013   0.620   0.357  -0.912  -0.005   0.501  -0.192   0.236   0.922   0.099   0.428  -0.302  -0.190  -0.173  -0.161  -0.518   0.275  -0.393   0.061  -0.220  -0.004  -0.219   0.268  -0.201  -0.245   0.012  -0.204  -0.206  -0.122   0.130  -0.181  -0.121   0.032  -0.067  -0.084   0.000
  1965   2.684   1.216  -2.111  -1.221  -1.616  -0.870   1.448   0.266   0.948   0.365  -0.091   0.408  -0.842  -0.721   0.548   0.209   0.986  -0.501  -0.068   0.517   0.029   0.230   0.352   0.258   0.435  -0.034  -0.475   0.023  -0.533  -0.116   0.465   0.055  -0.046  -0.059   0.145   0.589  -0.038   0.010  -0.052   0.096   0.040  -0.194   0.441   0.079   0.120   0.171   0.128  -0.046   0.001   0.083   0.000
  1966  -0.113  -0.009  -2.656  -2.510  -3.444  -1.248   1.268  -0.384  -0.057   1.124  -0.368   0.734  -0.727   0.343   0.495   0.657  -0.312  -0.815   0.420   0.217  -0.325  -0.393  -0.079  -0.542   0.294   0.408  -0.060  -0.100   0.106  -0.470  -0.216   0.091  -0.019   0.263  -0.077  -0.613   0.471  -0.356  -0.324  -0.081   0.101   0.186   0.058   0.066   0.079  -0.029  -0.088   0.034   0.096  -0.006   0.000
  1967   2.077   2.377  -1.715  -1.401  -1.555  -2.807   1.022   0.085   0.592   0.307  -1.799   0.655  -1.278   0.261  -0.806   0.250  -0.307  -0.170   1.025   0.375   0.359  -0.386   0.088  -0.026  -0.110   0.564  -0.083   0.320   0.143   0.087   0.204   0.146   0.440  -0.195  -0.143   0.325  -0.090   0.362   0.359   0.149  -0.067   0.062  -0.301   0.005  -0.145  -0.072  -0.004  -0.099  -0.027  -0.044   0.000
  1968   6.280   4.129  -0.534   1.085   0.756  -3.620   0.319   0.786  -0.884   0.973  -0.021  -1.443  -1.362   0.126  -0.174   0.121  -0.245  -0.468  -0.187  -0.997   0.147  -0.077   0.415  -0.108  -0.265  -0.421   0.641  -0.280   0.654   0.564   0.241  -0.064  -0.173   0.363   0.012  -0.035  -0.345   0.118  -0.113  -0.155  -0.087  -0.003   0.022   0.115   0.121   0.079   0.032   0.093   0.037   0.029   0.000
  1969   6.024   3.772  -1.589   1.370   1.838  -3.172   0.506   0.616  -2.208  -0.321   0.209  -0.919   0.837  -0.755  -0.419   0.467  -0.209  -0.557   0.025   0.526  -0.837  -0.192  -0.403   0.359   0.114  -0.525  -0.369  -0.094  -0.710  -0.161   0.048  -0.438  -0.194  -0.107   0.055  -0.335   0.290   0.077   0.179  -0.118   0.184  -0.139  -0.044   0.009  -0.146  -0.006  -0.052  -0.069  -0.043  -0.041   0.000
  1970   4.982   4.117  -2.217   1.252   0.312  -2.739   1.092  -1.549  -0.516  -0.592   0.590  -0.417   2.335  -0.130  -0.018  -0.134   0.401   0.636  -0.080  -0.483  -0.218  -0.247   0.290  -0.745   0.002   0.061  -0.169  -0.083  -0.225  -0.211  -0.305   0.700   0.320  -0.250  -0.022   0.174  -0.257  -0.244   0.011   0.326  -0.131   0.086   0.017  -0.072   0.151  -0.048  -0.014   0.034   0.035  -0.009   0.000
  1971   1.132   1.906  -3.581   0.435  -1.224  -1.394   1.548  -2.116  -0.150   0.077   0.344   0.786   1.052   0.383   0.792  -0.913  -0.657   0.860   0.568   0.087   0.197   0.739  -0.347   0.494  -0.068   0.193   0.138   0.145   0.493   0.430  -0.149  -0.236   0.236   0.283  -0.016   0.096   0.213  -0.170  -0.047  -0.395  -0.030  -0.014   0.118  -0.213  -0.112   0.148   0.052  -0.011  -0.116   0.003   0.000
  1972   0.377   1.502  -4.083   0.186  -0.705  -0.135   0.543  -1.714  -0.292  -1.752   0.012   0.512  -1.199  -0.876  -0.690  -1.424  -0.043   0.518  -0.555   0.180  -0.089   0.707  -0.234   0.583  -0.055   0.221   0.523   0.035   0.178  -0.202   0.112  -0.187  -0.583  -0.131   0.161  -0.139  -0.177  -0.166   0.007   0.400   0.211   0.112  -0.134   0.022  -0.025  -0.011  -0.022  -0.013   0.109   0.043   0.000
  1973  -0.316   1.649  -5.004   0.299  -0.105   1.934  -0.615  -1.432  -0.001  -0.240  -0.471  -0.952   0.416  -0.265  -0.816  -0.339   1.138  -0.096  -0.191   0.562   0.518  -0.328  -0.123  -0.043   0.762  -0.166  -0.478  -0.139   0.538   0.334  -0.299  -0.368   0.201  -0.236   0.331  -0.067   0.240   0.300   0.150  -0.230  -0.304   0.073   0.050   0.183   0.057  -0.107  -0.084   0.049   0.058   0.048   0.000
  1974  -0.204   2.224  -5.355   0.941   1.283   2.530  -0.929  -1.452   1.613   0.248  -0.498  -1.491  -0.241  -0.624  -0.383   0.282   0.341  -0.416   0.394  -0.251   0.678  -0.268   0.126  -0.220   0.195  -0.681  -0.121   0.191   0.051  -0.257   0.378   0.015  -0.012   0.203  -0.780  -0.115   0.062  -0.191  -0.158   0.160   0.079  -0.088  -0.096  -0.219  -0.100   0.128   0.040   0.020  -0.028  -0.052   0.000
  1975   1.496   3.705  -3.692   0.223   2.034   1.356  -1.705  -0.970   2.556   0.198  -0.343   0.026  -0.286   0.223  -0.475  -0.124  -0.506  -0.433   0.156  -0.256  -0.891  -0.302  -0.593  -0.281  -0.544   0.271   0.529   0.063  -0.421  -0.303  -0.317  -0.064  -0.046  -0.036   0.532   0.302  -0.106   0.026  -0.007  -0.337   0.118   0.052   0.031   0.075   0.181   0.012   0.102  -0.011  -0.020  -0.103   0.000
  1976   1.817   4.179  -3.112  -0.052   2.245   0.825  -1.745   0.047   1.670   0.523   0.101   0.242   0.725   0.595   1.030   0.453  -0.576   0.212   0.466  -0.219  -0.235   0.524   0.673   0.411  -0.406   0.184  -0.007   0.002  -0.543   0.422   0.057   0.092   0.073   0.266  -0.076  -0.065   0.164   0.250  -0.086   0.189   0.087   0.031  -0.028   0.151  -0.108  -0.111  -0.216   0.012   0.029   0.158   0.000
  1977  -2.626   0.275  -5.555  -1.586   0.499   0.659  -1.809   0.591  -1.705  -0.732  -0.315   0.796   0.218   1.374   0.388   1.673  -0.653  -0.810  -0.393  -0.498   0.437   0.597   0.278   0.668   0.237   0.055  -0.279   0.406   0.210  -0.140  -0.307   0.055  -0.097  -0.280   0.109  -0.091  -0.386  -0.260   0.210   0.041  -0.095  -0.114   0.064   0.015  -0.069  -0.013   0.118   0.046   0.017  -0.047   0.000
  1978   2.504   3.362  -2.106  -0.213   2.302   0.183  -1.817   2.162  -1.434  -0.271   0.884   1.498   0.390   0.020   0.655  -0.494   0.012  -0.031   0.028   0.377   0.745  -0.632  -1.068  -0.174   0.317   0.179   0.466  -0.379   0.204  -0.366   0.649   0.065  -0.100  -0.035  -0.269   0.363   0.037   0.018  -0.319  -0.046  -0.098   0.179   0.060   0.029  -0.041  -0.164   0.020  -0.016  -0.028   0.009   0.000
  1979  -0.118   2.228  -3.661  -0.958   0.930   0.431  -1.794   1.735  -0.560   0.905   0.049   1.350  -1.192   0.278   0.027  -0.388   0.556   1.398  -1.042   0.361  -0.296  -0.296  -0.081  -0.952  -0.307   0.013  -0.343  -0.020   0.102   0.516  -0.153   0.107   0.130   0.010   0.035  -0.480   0.104   0.081   0.259   0.158   0.141  -0.204   0.040  -0.144   0.066   0.115   0.045  -0.009  -0.041  -0.001   0.000
  1980  -4.674  -0.699  -0.771  -3.994  -0.171  -0.261  -0.835   2.972   0.174  -0.277  -2.221  -1.130   0.758  -0.826  -0.249  -0.563   0.225  -0.082  -0.560  -0.070  -0.808   0.572   0.612   0.236  -0.097   0.092   0.262  -0.237   0.144   0.280   0.045   0.060  -0.013  -0.180   0.047   0.362   0.430  -0.384  -0.176   0.010  -0.140   0.082  -0.090  -0.113  -0.001  -0.005  -0.047   0.032  -0.046  -0.036   0.000
  1981  -4.479   0.305   0.639  -4.163   0.824  -0.179   0.508   1.497   0.328  -0.327  -0.192  -0.735   0.926   0.051  -0.203  -0.914   0.164   0.428   0.313   0.202   0.014   0.271   0.020  -0.055  -0.461   0.054  -0.061  -0.270   0.229  -1.072  -0.414  -0.190   0.170   0.312  -0.310  -0.276  -0.454   0.278   0.083  -0.081  -0.089  -0.055   0.107   0.199  -0.104   0.177   0.007  -0.043   0.028   0.030   0.000
  1982  -5.246   1.101   1.722  -3.746   1.372  -0.645   1.750   0.382   0.686  -0.340   0.874  -0.829   0.320   0.188   0.827  -0.239  -0.801   0.042  -0.091   0.801   0.850   0.090   0.164  -0.660   0.072  -0.320   0.383   1.009  -0.462   0.117   0.349  -0.241  -0.146  -0.201   0.237  -0.141  -0.015   0.016   0.072  -0.179  -0.108  -0.075  -0.151  -0.199   0.128  -0.061   0.033   0.016   0.096   0.029   0.000
  1983  -4.211   1.021   2.385  -3.219   1.003   0.423   1.743  -0.226   0.275  -0.957   0.370  -0.421   0.553   0.484   0.419   0.947   0.128   0.322   0.293   0.095   0.172  -0.489  -0.250   0.311   0.230  -0.123  -0.132  -0.434   0.178   0.318  -0.089  -0.211  -0.296   0.439   0.024   0.148   0.185   0.169   0.379   0.376   0.260   0.355   0.002   0.044   0.178   0.029   0.103   0.085  -0.080  -0.053   0.000
  1984  -4.043   2.101   3.346  -2.200   2.570   0.558   1.471  -0.435   0.393  -0.857   0.754  -0.087  -1.119  -0.083  -0.476   0.954   0.165   0.795   0.882   0.016  -0.739  -0.517  -0.894   0.708  -0.314  -0.147  -0.266  -0.071   0.351   0.354   0.132   0.168   0.325  -0.145   0.052  -0.086  -0.075  -0.355  -0.330   0.060  -0.189  -0.289   0.057   0.023   0.010  -0.045  -0.068  -0.029   0.061  -0.008   0.000
  1985  -4.991   1.772   2.291  -2.622   0.325  -0.085   1.256  -1.188   0.612   0.100   0.431   0.742   0.083  -0.378  -0.104  -0.123   0.796  -0.551  -0.166  -1.827   0.323  -0.054  -0.019  -0.637  -0.079  -0.097  -0.098  -0.223   0.013   0.097  -0.042   0.194  -0.550  -0.237   0.205  -0.163   0.190  -0.043   0.070  -0.113  -0.040  -0.050  -0.048   0.088  -0.272  -0.093   0.096  -0.107  -0.097   0.068   0.000
  1986  -2.019   2.967   3.340   0.201   2.738   0.676   1.030  -0.135  -0.940  -0.820   1.419   1.352  -1.071  -0.197  -1.198  -0.063  -0.194  -0.323  -0.454  -0.511  -0.119   0.644   0.658  -0.193   0.122   0.273  -0.597   0.140  -0.094  -0.281   0.064  -0.008   0.386  -0.083  -0.248   0.352   0.244   0.095   0.022  -0.303   0.129   0.187  -0.066  -0.045  -0.005   0.145  -0.101   0.140   0.038  -0.005   0.000
  1987  -2.962   1.531   2.447   0.532   1.728   1.442   0.307  -0.062  -0.860   0.689   0.693  -0.084  -0.163  -0.443  -0.642  -0.004  -0.250  -1.050   0.078   0.853  -0.651  -0.157   0.414  -0.191   0.997   0.396   0.772   0.249   0.167   0.385  -0.827   0.185  -0.080   0.323  -0.161   0.106  -0.265  -0.004  -0.015   0.124  -0.012   0.003   0.108  -0.158  -0.056  -0.019  -0.010  -0.128  -0.035   0.052   0.000
  1988  -4.460   0.815   2.443  -0.072   0.065   0.923   0.044  -1.141  -1.364   1.807  -0.642   1.653   1.473  -0.256  -0.622  -0.854   0.390  -0.376   0.347   0.334   0.389  -0.189   0.839   0.097  -0.484  -0.154  -0.004  -0.026   0.056   0.172   0.287  -0.300   0.075   0.340   0.020   0.111  -0.100  -0.238  -0.009   0.039   0.207  -0.322  -0.062   0.201   0.112  -0.169   0.030   0.024   0.037  -0.080   0.000
  1989  -5.429   0.308   2.556   0.113   0.408  -0.534  -0.455  -1.014  -0.020   1.708  -0.650   0.588  -0.305  -0.413  -0.253   0.050  -0.129  -0.026   0.134   0.826   0.534  -0.073   0.296   0.427  -0.419  -0.690   0.181  -0.268  -0.233  -0.067  -0.021   0.278   0.026  -0.590   0.343  -0.384  -0.288   0.165  -0.262   0.064  -0.015   0.345   0.213  -0.125  -0.112   0.061  -0.070   0.091  -0.092  -0.025   0.000
  1990  -3.246   0.842   3.544   1.439   0.783   0.142  -0.508  -1.023  -0.474   1.292  -0.878  -1.317  -0.672  -1.469   0.656   0.369  -0.972   0.217  -0.890   0.050   0.769   1.042  -1.013  -0.258  -0.162   0.546  -0.237   0.009  -0.131  -0.038   0.033   0.274   0.092   0.276  -0.075   0.056   0.094  -0.174   0.365   0.053  -0.100  -0.001   0.163   0.160   0.002  -0.077  -0.074  -0.023   0.002  -0.052   0.000
  1991  -6.472  -1.772  -0.398  -0.064  -1.188   0.686  -0.275  -1.291  -1.862   0.971  -0.853  -0.363  -0.126   0.056  -0.160   0.800  -0.601   0.640  -0.713  -0.423  -0.443   0.109  -0.284   0.069   0.147  -0.356  -0.228  -0.029  -0.118  -0.458   0.086  -0.205   0.345   0.149   0.115   0.170  -0.079   0.248  -0.427   0.014   0.025   0.044  -0.299  -0.074   0.211  -0.045   0.128  -0.084  -0.065   0.134   0.000
  1992  -3.956   0.727   1.928   1.195  -0.157   1.031  -0.086  -0.496  -0.938   1.361  -0.740  -0.774   0.491   0.424   0.728  -0.091   0.317   0.769  -0.008  -0.726  -0.581  -0.729   0.193   0.421   0.353   0.683   0.186  -0.094  -0.030  -0.122   0.370   0.111  -0.185  -0.085   0.104   0.058   0.128   0.385   0.093  -0.072   0.046  -0.016   0.118  -0.229  -0.209   0.057   0.086   0.011   0.201  -0.057   0.000
  1993  -4.132   0.810   2.828   2.397   0.386  -0.410   0.376   0.087   0.806   0.557  -0.576  -0.138   0.558   1.124   0.981  -0.530   0.269  -0.453  -0.539  -0.169  -0.108  -0.361  -0.477  -0.111   0.620   0.591  -0.221   0.192   0.034   0.257   0.161  -0.464  -0.041  -0.486  -0.094  -0.053  -0.315  -0.202  -0.185   0.127   0.063  -0.016  -0.200   0.212   0.045   0.283  -0.173  -0.015  -0.061  -0.014   0.000
  1994  -2.596   2.039   4.085   3.448   0.513  -1.418   0.118  -0.072   1.458  -0.514  -0.953   0.284  -0.235   1.512  -0.020  -0.571  -0.058  -0.566  -0.522   0.253  -0.152   0.289  -0.037   0.311  -0.397  -0.270  -0.107  -0.351   0.119  -0.063  -0.276  -0.172  -0.038  -0.380  -0.703  -0.143   0.291   0.013   0.122  -0.006  -0.055   0.002   0.155  -0.115   0.175  -0.187   0.168  -0.048   0.047   0.046   0.000
  1995  -3.807   0.624   1.776   3.108   0.091  -1.255  -0.639   0.078  -0.115  -1.224  -0.076   0.100  -0.887   1.506  -0.173  -0.236   0.530   0.365   0.072   0.109   0.440   0.303   0.367  -0.227   0.162  -0.282   0.030   0.173  -0.371  -0.333  -0.233  -0.044  -0.182   0.623   0.472   0.130   0.375   0.102  -0.357   0.286  -0.332  -0.104  -0.006   0.034  -0.102   0.037  -0.039  -0.022  -0.024  -0.100   0.000
  1996  -5.658  -1.109   1.029   2.812  -0.359  -0.421  -0.215   1.017   0.058  -1.167  -1.220  -0.725  -0.387   0.747  -0.259   0.142   0.807   0.734   0.741   0.322   0.335   0.053  -0.084  -0.071   0.624  -0.095   0.357  -0.172  -0.171  -0.203   0.076   0.575   0.068   0.102   0.171  -0.031  -0.167  -0.332   0.248  -0.400   0.396  -0.102  -0.057   0.037  -0.037  -0.081  -0.024   0.079  -0.041   0.092   0.000
  1997  -8.864  -3.299  -1.443   0.662  -3.204  -0.271   0.219  -0.548  -0.225  -2.720  -0.396   0.327   0.351  -0.650   0.317   0.352  -0.454  -0.709  -0.983   0.073  -0.155  -0.935  -0.390  -0.383  -0.697  -0.094   0.317   0.071  -0.220   0.460  -0.115  -0.002   0.196   0.133  -0.250   0.194  -0.111   0.306  -0.143  -0.030   0.074  -0.149   0.135   0.028  -0.157   0.000  -0.065   0.095   0.011   0.004   0.000
  1998  -6.199  -0.720  -0.468   2.751  -1.239  -0.394  -1.330   0.833   0.782  -1.443   1.637  -0.769   0.398  -0.733  -0.368   0.655  -0.224   0.183   0.218  -0.090   0.067   0.124   1.044  -0.110  -0.128   0.803  -0.176  -0.008   0.457   0.011   0.676  -0.201   0.182  -0.062   0.178  -0.445  -0.069   0.050  -0.104  -0.048   0.086   0.120   0.155  -0.005   0.113  -0.078   0.026  -0.146  -0.058  -0.050   0.000
  1999  -7.103  -1.484  -0.450   1.650  -2.004   0.392  -1.339   0.127  -0.467   0.329   1.083   0.968   0.339  -0.579  -0.007  -0.002   0.328  -0.619   0.928  -0.181  -0.509   0.097  -0.352   0.391  -0.211  -0.126   0.487  -0.010  -0.118  -0.180   0.289   0.362  -0.263   0.023  -0.108  -0.161   0.196   0.119   0.515   0.010  -0.378  -0.091  -0.165  -0.039   0.259   0.187  -0.083   0.036  -0.025   0.036   0.000
  2000  -7.020  -1.537  -0.542   2.909  -1.704  -1.309  -1.499   2.062   0.937   1.263   1.523   0.056  -0.214  -1.123   0.442  -0.213  -0.425   0.434   0.864  -0.061  -0.118  -0.156  -0.166  -0.108  -0.034  -0.570  -0.765   0.235   0.157   0.138  -0.641  -0.261  -0.171  -0.073   0.014   0.412  -0.092  -0.201  -0.013   0.037   0.057   0.160  -0.120   0.057  -0.142  -0.029   0.113   0.029   0.090   0.011   0.000
