  year  #   1       2       3       4       5       6       7       8       9      10      11      12      13      14      15      16      17      18      19      20      21      22      23      24      25      26      27      28      29      30      31      32      33      34      35      36      37      38      39      40      41      42      43      44      45      46      47      48      49      50      51
  1950  -2.311  -2.155   5.453   1.671   1.653   0.878  -0.398   1.326   0.886  -2.021  -0.666   2.001   2.937  -0.606  -0.336  -0.687   1.630  -0.205  -0.359   0.354  -0.551   0.307  -0.352   0.496   0.378  -0.733  -0.605   0.651  -0.228  -0.206  -0.290   0.060   0.310   0.109   0.098  -0.153  -0.144   0.188   0.057   0.297   0.089   0.281  -0.091   0.112   0.115  -0.039   0.084   0.036   0.004   0.135   0.000
  1951  -1.439  -2.967   6.402   1.536   2.884   0.440   0.706   2.316   0.841  -0.549   0.374   0.720   0.884  -0.207  -0.093   1.698  -0.138   0.054  -0.645  -0.239   0.712   0.327   0.712  -0.910  -0.506   1.032  -0.571  -0.788  -0.218   0.442   0.352   0.218  -0.558  -0.029  -0.413  -0.021  -0.047  -0.165   0.146  -0.370  -0.152  -0.106   0.020  -0.024  -0.294  -0.047   0.002   0.052   0.009  -0.059   0.000
  1952  -5.438  -1.442   5.493   0.949   1.065  -1.568  -0.046   2.325   0.100   1.381   1.730  -0.522  -1.084   0.025   0.365  -0.073  -1.080   0.390   0.737   0.163   0.481   0.156  -0.934  -0.113  -0.407  -0.614   0.072   0.934   1.275   0.205  -0.410   0.535  -0.331  -0.687   0.341   0.114   0.212   0.205  -0.166  -0.017   0.046  -0.014   0.200  -0.026   0.156   0.067  -0.020  -0.068  -0.019  -0.006   0.000
  1953  -7.894  -0.453   5.140   0.285   0.331  -1.888  -0.161   1.680  -0.910   1.750   0.880  -0.042  -0.497   0.484   0.825  -0.059  -1.314   1.196   0.927  -0.737  -0.577  -0.502   0.809   0.508   0.376  -0.372   0.641  -0.573  -0.844  -0.005   0.082  -0.905   0.481   0.415  -0.099  -0.113  -0.005  -0.363   0.102   0.288   0.107   0.175  -0.137  -0.061   0.077  -0.067   0.012  -0.024   0.082   0.002   0.000
  1954  -4.116   2.457   4.303  -1.362  -2.242  -0.840  -1.233   0.629   0.747   0.894  -0.834  -1.394  -0.538   1.234  -0.806  -0.344   0.513   0.940  -1.968   0.659  -0.945  -0.812  -0.698   0.644  -0.063   0.631   0.230  -0.249  -0.585  -0.611  -0.030   0.374  -0.124   0.198   0.207  -0.178  -0.106   0.462  -0.330  -0.248  -0.028  -0.298   0.078   0.123   0.018   0.094  -0.121   0.145   0.004   0.007   0.000
  1955  -0.493   3.362   4.187  -2.472  -2.797  -0.843  -3.055  -0.613   0.628   0.823  -0.998  -1.352  -0.600  -0.219  -2.436  -0.380   0.243  -0.830   0.129  -0.128  -0.084   1.194  -0.363  -0.934  -0.010  -0.118  -0.608   0.156   0.017   0.265  -0.181  -0.246   0.057   0.377  -0.141   0.412   0.101  -0.271   0.385   0.133  -0.050  -0.149  -0.104  -0.264  -0.039   0.029   0.234  -0.119  -0.023   0.004   0.000
  1956   6.744   3.121   4.315  -3.363  -2.265  -0.647  -2.912  -1.350   0.856  -1.115  -0.809   0.027   0.104  -0.651   0.784  -0.310  -0.122   0.077   0.687  -0.585   1.491  -0.231   0.746  -0.578   0.295  -0.065   0.126   0.225  -0.212  -0.187   0.506   0.000   0.116  -0.579   0.375  -0.189   0.041  -0.189  -0.225   0.109  -0.056   0.279   0.198   0.319  -0.181  -0.089  -0.254   0.037   0.012   0.025   0.000
  1957   6.427   2.908   1.575  -2.569  -1.227  -1.222  -1.053  -0.353  -0.729  -0.973   0.393   0.685   0.544  -1.039   2.011  -0.075   0.459   0.789  -0.566   0.774  -0.503  -0.287   1.044   0.639  -0.215  -0.058   0.228  -0.148   0.856  -0.095   0.044  -0.862  -0.681  -0.307  -0.420  -0.031  -0.036   0.404   0.088  -0.186  -0.077  -0.154  -0.041  -0.207   0.186  -0.076   0.280  -0.018  -0.039  -0.015   0.000
  1958  12.397   2.431   1.621  -1.321   0.494  -0.535  -0.226   1.534  -2.329   0.072   1.044   0.814   0.675   0.790   1.566  -0.735  -0.952  -1.224  -0.660  -0.240  -0.250   0.033  -0.921   0.066   0.129   0.063   0.265   0.350   0.430  -0.092  -0.461   0.573   0.434   0.749  -0.450   0.009  -0.120  -0.257  -0.057   0.093  -0.019  -0.099  -0.170  -0.061  -0.300   0.065  -0.103   0.055   0.050  -0.074   0.000
  1959   2.899   1.940  -2.676  -2.560   0.636  -0.030  -1.074   1.379  -0.789  -0.171   0.012   0.534  -1.171   0.341  -0.382   1.090  -0.471   0.351   0.261   1.448   0.798  -0.520  -0.562   1.273  -0.926   0.301  -0.967  -0.445  -0.293   0.771   0.025   0.309   0.675  -0.342   0.362  -0.160  -0.412   0.010   0.196   0.132   0.117   0.173   0.026  -0.192  -0.019  -0.180   0.094   0.049   0.069   0.088   0.000
  1960   6.336   1.680  -2.308  -2.608   1.598  -0.085  -0.029   2.410  -0.293   0.132  -0.425  -0.223   0.419   0.836  -1.337   2.171   0.292  -0.019   1.436  -0.352  -0.095   0.027   0.336   0.843   1.256  -0.814  -0.195   0.143  -0.363   0.107  -0.515  -0.191  -0.570   0.319   0.008  -0.185   0.286   0.081   0.095  -0.292  -0.091  -0.023   0.242   0.104   0.078   0.220  -0.078   0.042  -0.110  -0.031   0.000
  1961   5.892   0.074  -1.440  -3.379   2.279   0.051   2.152   0.850   1.356  -1.861  -0.281  -0.531  -0.267   0.369  -0.844   0.734   0.031   1.315  -0.299  -1.669  -0.787  -1.016  -0.696  -0.776  -0.431  -0.251   0.097   0.454  -0.172  -0.210   0.377   0.198  -0.227  -0.133  -0.108   0.264  -0.139  -0.054  -0.173   0.257  -0.033  -0.173  -0.214  -0.006   0.211  -0.251   0.008  -0.180   0.138   0.015   0.000
  1962   2.702  -0.993  -2.355  -2.230   3.356  -0.358   1.227   1.225   2.097  -0.031   0.188  -1.259  -0.155  -0.587  -0.351  -0.921  -0.106   1.097  -0.030   0.707  -0.040   0.936  -0.155  -0.440  -0.754   0.436   0.500   0.282  -0.132  -0.585  -0.088  -0.595   0.460  -0.379  -0.211  -0.219  -0.324  -0.123   0.100   0.147   0.037   0.258  -0.071  -0.005  -0.180   0.410   0.029   0.082  -0.198  -0.046   0.000
  1963   0.919  -0.711  -2.693  -1.815   2.410   0.227   0.564   1.372   1.970   1.350  -0.218  -0.303  -0.207  -1.301  -0.186  -1.473  -0.062  -0.825  -1.345   1.049   0.420  -0.325   0.660  -0.315  -0.268  -1.038   0.280  -1.045   0.305   0.166  -0.249  -0.087  -0.510   0.591   0.198   0.202   0.366  -0.073  -0.022   0.200   0.266   0.000   0.251   0.081  -0.083  -0.115  -0.115  -0.038   0.098   0.096   0.000
  1964   1.105  -0.422  -2.695  -0.215  -0.176  -0.496   0.277   2.247  -0.034   2.001   0.270  -0.256   0.675  -0.790   0.197  -1.150  -0.481  -0.871   0.799  -0.496  -0.203  -0.537  -0.021  -0.778   1.103   0.372   0.337   0.075  -0.281  -0.024   0.940   0.586   0.037  -0.018   0.334  -0.136  -0.247   0.216  -0.177  -0.320   0.030  -0.024  -0.002  -0.037  -0.051  -0.110   0.392   0.079  -0.109   0.153   0.000
  1965   0.009  -1.299  -3.369   0.378  -1.393  -0.978  -0.315   1.702  -0.164   0.718   0.383   0.231   1.532  -0.454   0.459  -1.311  -0.536  -0.317  -0.784   0.162   0.332   0.135  -0.256  -0.277   0.277   0.545  -0.221   0.417  -0.811   0.743  -0.212  -0.609   0.016  -0.283   0.171   0.664  -0.330   0.160   0.214  -0.268  -0.507   0.033   0.015   0.003   0.347   0.066  -0.271  -0.110   0.075  -0.042   0.000
  1966  -4.333  -0.154  -4.804  -0.369  -1.490  -2.826  -0.965   0.401   0.148  -0.051   1.139   1.132   1.002  -0.528  -0.932   0.532  -0.782   0.044  -1.068  -0.013   0.226   1.442   0.771   0.423  -0.046   0.468  -0.233   0.554  -0.021  -0.173   0.160   0.287  -0.229   0.053  -0.080  -0.544   0.235  -0.598  -0.672   0.293   0.114  -0.116   0.021   0.038   0.256  -0.059   0.084   0.078   0.056  -0.096   0.000
  1967   0.253  -1.083  -3.541   2.155  -2.181  -2.331  -0.547  -0.423  -1.581  -0.655   0.198  -0.185   1.373  -0.684  -0.054   1.077  -0.672   2.028  -0.314  -0.669   0.668   0.122  -0.338  -0.617  -0.084   0.603  -0.056   0.157   0.135  -0.362  -0.531  -0.179   0.002   0.448   0.308   0.261   0.346   0.550   0.358   0.021   0.419   0.057   0.046   0.053  -0.320   0.005   0.003  -0.040   0.017   0.133   0.000
  1968   7.476  -2.429   0.106   3.235  -2.408  -2.275   1.216  -1.100   0.432   0.438   0.172  -2.116   0.869  -0.379  -1.019   0.503  -0.539   0.308  -0.331  -0.212  -1.423   0.078   0.725  -0.171  -0.103  -0.934  -0.392  -0.804   0.777   0.391  -0.024   0.343   0.656  -0.122   0.031  -0.137  -0.355   0.125   0.065   0.001  -0.265   0.234   0.053   0.205   0.054  -0.108  -0.004   0.092  -0.022  -0.097   0.000
  1969   6.572  -3.783   1.020   3.050  -2.369  -2.103   2.353  -0.793   2.185  -0.525  -0.420  -0.990  -0.988   0.392   1.191   0.430   0.149  -0.873  -0.377  -0.088   0.622   0.711  -1.155   0.794   0.108  -0.315   0.194   0.189  -0.886   0.261   0.296  -0.364   0.079  -0.156  -0.600  -0.305   0.362   0.049  -0.133   0.061   0.032  -0.138   0.298  -0.216  -0.069  -0.037   0.038  -0.060  -0.008   0.115   0.000
  1970   5.851  -3.961  -0.910   3.051  -0.876  -2.205  -1.067   0.490   0.951  -0.529   0.566   0.409  -2.510   1.018   1.083  -0.485   1.151  -0.570   0.457  -0.118  -0.103   0.001   0.894  -0.052  -0.629  -0.096  -0.326   0.265  -0.546  -0.536  -0.299   0.282  -0.666   0.194   0.754   0.144  -0.312  -0.253   0.419  -0.075   0.197  -0.046  -0.288   0.114   0.086   0.039   0.052   0.048   0.001  -0.054   0.000
  1971  -0.614  -3.330  -2.483   2.112   0.564  -2.319  -2.729   0.612   0.790   0.177   0.165   1.293  -0.561   0.242  -0.417   0.583   1.709   0.615   0.570   0.952   0.042  -0.846  -0.273  -0.028   0.490   0.235   0.317  -0.343   0.745  -0.275   0.402   0.021   0.363   0.256  -0.118   0.300   0.267  -0.203  -0.383   0.112  -0.492   0.021  -0.169  -0.235  -0.140  -0.078  -0.178  -0.125  -0.139   0.033   0.000
  1972  -2.197  -3.603  -2.004   1.258   0.760  -0.652  -2.328   0.104  -0.058  -0.887  -3.195  -0.881   1.611   1.099   0.053  -0.559   0.032   0.037   1.221   0.696   0.090  -0.310  -0.474  -0.236   0.539   0.168   0.818  -0.353   0.352   0.332  -0.175   0.095  -0.157  -0.561  -0.372  -0.247  -0.318  -0.200   0.260   0.124   0.362  -0.432   0.044   0.059  -0.001   0.016   0.017   0.030   0.163  -0.098   0.000
  1973  -2.735  -4.323  -1.722  -0.831   0.603   1.993  -1.775  -0.402   0.209  -0.658   0.115  -1.839  -0.627   1.397   0.790  -1.239  -0.395   0.320  -0.139  -0.367   0.419  -0.448  -0.290   0.546   0.475   0.413  -1.070   0.034   0.235   0.024   0.420   0.127  -0.393   0.376  -0.649   0.255   0.399   0.266  -0.037   0.141  -0.044   0.622   0.023   0.166   0.037   0.028   0.155   0.022   0.029  -0.116   0.000
  1974  -2.056  -5.582  -1.325  -0.588   1.055   3.800  -2.108  -0.361  -0.761   0.122   0.675  -2.010   0.256   0.143   0.630   0.087   0.310  -0.213  -0.985  -0.992  -0.280  -0.294   0.268   0.041  -0.157  -0.389  -0.490   0.656   0.349   0.377  -0.055  -0.804   0.349  -0.026   0.587  -0.693   0.077  -0.228  -0.125  -0.260   0.048  -0.356  -0.108  -0.190  -0.168  -0.117  -0.102   0.029  -0.068   0.032   0.000
  1975   1.891  -4.317  -0.098  -0.102  -0.810   4.006  -2.113  -0.175  -2.017   0.402   0.500  -0.287  -0.212   0.070  -0.250   0.908  -0.050  -0.131   0.399  -0.247  -0.227   1.485  -0.130   0.206  -0.951  -0.043   1.251  -0.309  -0.231  -0.015  -0.028   0.145  -0.383   0.014  -0.284   0.630  -0.272   0.085  -0.184   0.258  -0.173   0.030   0.042   0.153   0.169  -0.120  -0.026   0.145  -0.066   0.161   0.000
  1976   3.127  -3.958   0.509  -0.288  -2.091   3.656  -0.693   0.398  -0.844   0.562   1.375   1.304  -0.640  -1.166  -0.133   0.867   0.790   0.197  -0.326   0.744  -0.022  -0.296   0.044  -0.689   0.184  -0.405   0.371  -0.114  -0.650  -0.240   0.127   0.236   0.707  -0.118   0.059   0.003   0.172   0.258  -0.130  -0.055   0.256  -0.034   0.224   0.031   0.025   0.197   0.160  -0.210   0.094  -0.238   0.000
  1977  -5.617  -4.077  -0.103  -1.811  -3.079   1.128   1.116  -1.229   0.664  -1.735   0.215   1.583  -1.618  -1.616  -0.403   0.865  -1.617  -0.366  -0.639   0.528  -0.612  -1.003  -0.720  -0.230   1.080  -0.096   0.189   0.265   0.333  -0.123   0.012   0.004  -0.451   0.055  -0.088  -0.161  -0.329  -0.349   0.552   0.072  -0.098   0.117   0.001  -0.086  -0.031   0.077  -0.087   0.144  -0.033   0.037   0.000
  1978   3.986  -3.048   1.959  -1.310  -2.724   1.038   2.846  -0.214   0.497   0.421  -0.950   1.955  -0.111   1.214  -1.083  -0.719   0.460  -0.310   0.182  -1.206   0.201  -0.087   0.025   0.500   0.080   1.166   0.189  -0.693   0.908   0.694  -0.288  -0.514  -0.002  -0.039   0.521   0.069   0.015  -0.028  -0.444   0.046   0.264   0.134  -0.106  -0.001   0.072   0.233   0.031  -0.028  -0.009   0.022   0.000
  1979  -0.361  -3.772  -0.010  -1.770  -2.633   1.285   1.831  -1.001   0.093   1.194  -0.207   1.024   1.583   0.088  -0.831  -1.678  -0.752   0.553   1.673   0.113   0.668  -0.493   0.419   0.565  -1.312  -0.323  -0.437  -0.006  -0.184  -0.762   0.002   0.493   0.011   0.144  -0.348  -0.367   0.369   0.027   0.305  -0.199  -0.270  -0.303  -0.074  -0.088   0.011  -0.043  -0.086  -0.031  -0.031   0.010   0.000
  1980  -5.680   3.113  -0.620  -0.790  -3.395   0.901   2.672   1.147  -1.025  -2.950   1.623  -1.709   1.378   1.237   0.778  -0.018   0.231  -0.241   0.471   1.292  -0.233   0.115  -0.291  -0.337   0.131  -0.460  -0.223  -0.619  -0.241  -0.144  -0.047  -0.031  -0.114  -0.378   0.281   0.587   0.284  -0.528  -0.291  -0.119   0.142  -0.002  -0.173   0.039  -0.136  -0.052   0.018  -0.019  -0.100  -0.005   0.000
  1981  -3.959   4.495  -0.802   0.871  -2.222   1.236   1.635   1.386  -0.592  -1.132   0.105  -0.645  -0.476   0.796   0.205  -0.201   1.269   0.194   0.746   0.529   0.107   0.564   0.307  -0.898  -0.472   0.276   0.491   0.495   0.426   0.485   0.509   0.022  -0.185   0.932  -0.028  -0.900  -0.403   0.258   0.162   0.060  -0.031   0.242   0.211  -0.117   0.121  -0.074  -0.153  -0.076   0.035  -0.015   0.000
  1982  -3.125   5.091  -2.144   3.124  -1.868   1.719   0.522   1.775   0.984   0.596  -0.086  -0.199  -0.592   0.081  -1.208   0.407   0.536  -0.839  -0.466  -0.509   1.250  -1.147   0.636   0.239  -0.259  -0.256   0.681   0.655   0.176  -0.215  -0.725  -0.345   0.179  -0.432  -0.505   0.058   0.065   0.062  -0.037  -0.096  -0.226   0.173  -0.245   0.089  -0.222  -0.097   0.152   0.125   0.142  -0.010   0.000
  1983  -1.814   4.923  -0.936   1.853  -0.318   1.267  -0.113   1.649   0.586  -0.939  -0.164   0.514  -1.248  -1.241   0.491  -0.391  -0.031   0.122  -0.104  -0.806   0.219   0.099   0.135   0.327   0.139   0.019  -0.289  -0.287   0.166   0.597   0.583   0.202   0.528  -0.042  -0.299   0.164   0.424   0.291   0.368   0.332   0.229  -0.541  -0.235   0.282   0.210   0.083  -0.139   0.076  -0.204  -0.032   0.000
  1984  -0.192   4.503  -0.832   2.619   0.044   2.192  -0.189   0.155   0.421   0.681  -1.933  -0.212  -0.294  -2.400   1.211  -0.145   0.400   1.237   0.367  -0.966   0.175   0.678  -1.439   0.619  -0.004  -0.104  -0.346  -0.675   0.260  -0.551  -0.179   0.101  -0.120   0.230   0.168  -0.014  -0.227  -0.663  -0.155  -0.470  -0.068   0.134   0.081  -0.060   0.124   0.021   0.027  -0.022   0.069  -0.033   0.000
  1985  -1.577   4.254  -2.634   2.097  -0.432   1.047  -1.547  -0.049  -0.104   0.453  -0.088   1.251  -0.010   0.680   0.260  -0.450  -0.323  -0.073  -0.070  -0.685  -2.370  -0.171   0.668   0.080  -0.548  -0.068  -0.379   0.004  -0.231   0.263   0.174   0.344  -0.434  -0.685  -0.208  -0.101   0.127  -0.112   0.014   0.165  -0.026   0.135   0.229  -0.116  -0.342   0.327  -0.064  -0.153   0.047   0.121   0.000
  1986   2.960   2.460   0.577   2.673   0.884   2.284   0.930  -0.994   1.105   1.088  -2.885   1.006  -0.015   0.375   0.560   0.454  -1.749   0.173   0.672   1.274  -0.732  -0.059   0.056  -0.540  -0.111   0.247  -0.330   0.703  -0.293   0.049  -0.144  -0.490  -0.194   0.281   0.485   0.295   0.175   0.234  -0.403   0.310  -0.078  -0.076   0.029  -0.055  -0.101  -0.255   0.040   0.082  -0.091  -0.139   0.000
  1987   0.566   1.841   0.317   0.815   1.340   2.119   0.442  -0.986   1.532   0.249  -0.093  -0.259   0.448   1.820  -0.031   0.711  -1.254  -0.037  -0.927   0.439   0.710   1.410   0.923   0.930   1.002  -0.132   0.398   0.021   0.552  -0.743   0.727   0.299   0.244  -0.079   0.420   0.220  -0.191   0.145   0.384  -0.117  -0.022  -0.034  -0.206  -0.122   0.016   0.064  -0.038  -0.176   0.092   0.049   0.000
  1988  -1.447   2.530  -1.264  -0.023   1.406   0.116  -0.163  -2.657   1.217   0.506   1.599   1.945   0.027   2.583   0.684   0.020   0.322   0.809  -0.249  -0.088   0.374  -0.232  -0.276  -1.288  -0.051  -0.410  -0.265  -0.059   0.221   0.080  -0.109  -0.264   0.569   0.177  -0.186   0.200  -0.025  -0.316   0.126  -0.229  -0.089  -0.205   0.396   0.158   0.238   0.079   0.152   0.180   0.019   0.093   0.000
  1989  -2.181   2.644  -0.462   0.906   0.539  -0.016  -0.319  -2.636  -0.139   1.611   1.155   0.181   1.081   0.372   0.084   0.242   0.129  -0.105  -0.513  -0.632   1.426  -0.596  -0.477  -0.369   0.249  -0.785  -0.185  -0.647  -0.503   0.095  -0.317   0.242  -0.679  -0.151  -0.138  -0.303  -0.698   0.312  -0.231   0.381   0.164   0.072  -0.231  -0.275   0.037   0.060  -0.062  -0.059  -0.192  -0.075   0.000
  1990   1.189   2.342   1.301   0.711   1.517   0.233  -0.296  -2.257   1.261   0.696   1.165  -1.804   1.971  -0.860   0.379   1.328   0.282  -1.470   0.315   0.167  -0.402  -1.483  -0.028   0.411  -0.638   1.264   0.617   0.246  -0.028   0.012  -0.071   0.293   0.104   0.183   0.214   0.061   0.448  -0.341   0.345   0.089   0.140   0.178   0.069  -0.041   0.332   0.077  -0.003  -0.034  -0.043   0.003   0.000
  1991  -5.782   0.062  -0.413  -1.322   0.968  -0.965  -0.272  -2.582   1.922  -0.837   1.261  -0.156  -0.281  -1.172   0.470   0.462  -0.406  -0.482   1.311   0.409  -0.255   0.182  -0.006   0.602  -0.235  -0.028  -0.042   0.203  -0.043   0.623  -0.188  -0.056   0.066   0.576  -0.141   0.057  -0.502   0.305  -0.485  -0.270  -0.079  -0.247  -0.237   0.443  -0.258   0.150   0.064  -0.149   0.093   0.042   0.000
  1992   0.229   0.943  -0.182  -0.876   1.502   0.355   0.359  -1.674   1.238  -0.526   2.167  -0.139  -0.626  -0.784  -0.209  -0.805   0.795   0.327   1.185  -0.228  -0.713   0.965   0.295  -0.193   0.859   0.406   0.018  -0.218  -0.252   0.121  -0.457   0.342   0.126  -0.278  -0.024   0.131   0.341   0.449  -0.071  -0.101   0.117   0.031  -0.099  -0.487  -0.022  -0.142  -0.179   0.252   0.183  -0.037   0.000
  1993   1.274   1.593   0.399   1.576   1.882   0.187   0.376  -0.601  -1.271  -0.074   2.120   0.391  -0.884   0.073  -1.680  -1.091   0.014  -0.763   0.225  -0.016  -0.418   0.130  -0.355   0.505   0.498   0.893  -0.302  -0.165   0.119  -0.760  -0.236  -0.589  -0.066  -0.315  -0.249  -0.140  -0.335  -0.042   0.170  -0.042   0.180  -0.098   0.342   0.289  -0.078  -0.437  -0.062  -0.171  -0.097  -0.034   0.000
  1994   4.255   1.508   0.747   2.426   2.492  -0.682  -0.033  -1.384  -2.998  -0.446   0.343   0.130  -0.496  -0.232  -1.366  -0.277  -0.455  -0.544   0.059   0.781   0.150   0.004  -1.070  -0.605  -0.240  -0.302  -0.019  -0.406  -0.107  -0.093   0.733  -0.614  -0.368  -0.156   0.287  -0.583   0.564   0.131  -0.048  -0.084  -0.195   0.065  -0.374   0.156   0.131   0.223   0.007   0.065   0.152   0.047   0.000
  1995   1.233  -0.153   1.351   1.526   1.737  -0.822   0.488  -1.748  -2.178  -0.963  -1.592  -0.006  -0.818  -0.321  -1.311  -0.811  -0.285   0.658  -0.539   0.454   0.256  -0.496   1.033   0.173  -0.080  -0.382   0.277   0.823  -0.249   0.530   0.200   0.349   0.152   0.136  -0.502   0.489  -0.104  -0.288  -0.290  -0.635   0.482   0.192  -0.016  -0.155   0.110   0.017  -0.095  -0.015  -0.104   0.036   0.000
  1996  -2.106   0.015   0.910   0.535   2.247  -0.343   1.915  -1.397  -2.472  -1.833  -0.347  -0.917  -0.560  -0.621  -0.146  -1.016   0.574   0.641  -0.369  -0.370   0.753  -0.238   0.716   0.594   0.414   0.214   0.328   0.053  -0.242   0.259  -0.308   0.450  -0.010   0.096   0.579   0.134  -0.008  -0.139   0.067   0.488  -0.610  -0.295   0.328  -0.067  -0.153   0.137   0.212  -0.002   0.002  -0.029   0.000
  1997  -8.482  -0.175  -1.543  -1.335   1.376  -2.405  -0.661   0.199  -0.478  -2.499  -1.659   0.906  -0.063   0.229   0.156   0.356  -0.609  -2.229   0.032  -1.327  -0.129   0.102  -0.160   0.019  -1.003  -0.433   0.239  -0.495   0.092  -0.682   0.205  -0.212   0.454   0.075   0.253   0.231  -0.016   0.496  -0.069  -0.222  -0.018   0.115   0.234  -0.219   0.034   0.002  -0.006   0.039  -0.041  -0.114   0.000
  1998  -2.386  -1.328   0.017  -1.331   0.573  -0.112   1.371  -0.018  -1.696   0.780  -2.208  -0.861  -1.355  -0.188   1.406   0.898   0.093  -0.846  -0.046   0.412  -0.029   0.171   0.948  -1.104   0.502   0.595  -0.819  -0.252   0.055  -0.640  -0.927   0.278   0.423  -0.252  -0.435  -0.323   0.043   0.111  -0.227   0.102  -0.083  -0.003  -0.131   0.068   0.279   0.053  -0.055  -0.104   0.010   0.161   0.000
  1999  -4.418  -0.048  -1.074  -2.910   0.871  -1.169   0.756  -1.487  -0.351   1.481  -1.258   1.238  -0.262   0.577   0.779   0.065   0.826   0.335  -0.880  -0.140  -0.508   0.951  -0.611   0.059   0.005  -0.131   0.848   0.042  -0.268   0.696  -0.313   0.461  -0.029  -0.297   0.157  -0.359   0.541  -0.046   0.446  -0.261  -0.128   0.291  -0.237   0.258  -0.140  -0.301   0.065  -0.084  -0.104  -0.080   0.000
  2000  -3.538  -0.726  -0.259  -1.865  -0.068  -1.443   2.669  -0.827  -1.901   3.384  -0.617  -0.178   0.396  -0.520   0.428   0.918   1.942  -0.424   0.138   0.020  -0.095   0.104  -0.119   0.377  -0.066  -0.193  -0.632   0.640   0.330  -0.261   0.980  -0.312  -0.117  -0.140  -0.102   0.606  -0.253  -0.051   0.141   0.223   0.173  -0.080   0.057   0.072  -0.203   0.053  -0.111   0.133   0.105  -0.047   0.000
