 eigenvalue 13.906   3.221   2.186   1.870   1.745   1.522   1.347   1.258   1.199   1.067   1.016   0.907   0.879   0.792   0.753   0.709   0.679   0.630   0.621   0.562   0.520   0.485   0.456   0.431   0.390   0.356   0.336   0.312   0.273   0.262   0.232   0.215   0.203   0.187   0.163   0.151   0.119   0.117   0.096   0.081   0.077   0.060   0.054   0.046   0.043   0.035   0.023   0.020   0.017   0.011   0.000
 eval sderr  2.754   0.638   0.433   0.370   0.346   0.301   0.267   0.249   0.237   0.211   0.201   0.180   0.174   0.157   0.149   0.140   0.135   0.125   0.123   0.111   0.103   0.096   0.090   0.085   0.077   0.070   0.066   0.062   0.054   0.052   0.046   0.043   0.040   0.037   0.032   0.030   0.024   0.023   0.019   0.016   0.015   0.012   0.011   0.009   0.008   0.007   0.005   0.004   0.003   0.002   0.000
 % variance  0.326   0.076   0.051   0.044   0.041   0.036   0.032   0.029   0.028   0.025   0.024   0.021   0.021   0.019   0.018   0.017   0.016   0.015   0.015   0.013   0.012   0.011   0.011   0.010   0.009   0.008   0.008   0.007   0.006   0.006   0.005   0.005   0.005   0.004   0.004   0.004   0.003   0.003   0.002   0.002   0.002   0.001   0.001   0.001   0.001   0.001   0.001   0.000   0.000   0.000   0.000
 cumulative  0.326   0.402   0.453   0.497   0.538   0.573   0.605   0.634   0.663   0.688   0.711   0.733   0.753   0.772   0.790   0.806   0.822   0.837   0.851   0.865   0.877   0.888   0.899   0.909   0.918   0.927   0.934   0.942   0.948   0.954   0.960   0.965   0.970   0.974   0.978   0.981   0.984   0.987   0.989   0.991   0.993   0.994   0.995   0.997   0.998   0.998   0.999   0.999   1.000   1.000   1.000
 brokn stck  4.519   3.519   3.019   2.685   2.435   2.235   2.069   1.926   1.801   1.690   1.590   1.499   1.416   1.339   1.267   1.201   1.138   1.079   1.024   0.971   0.921   0.873   0.828   0.785   0.743   0.703   0.664   0.627   0.592   0.557   0.524   0.492   0.460   0.430   0.401   0.372   0.344   0.317   0.291   0.265   0.240   0.216   0.192   0.169   0.146   0.124   0.102   0.081   0.060   0.040   0.020
 series_id   #  1       2       3       4       5       6       7       8       9      10      11      12      13      14      15      16      17      18      19      20      21      22      23      24      25      26      27      28      29      30      31      32      33      34      35      36      37      38      39      40      41      42      43      44      45      46      47      48      49      50      51
  50274      0.148  -0.037  -0.120  -0.072  -0.098  -0.134  -0.044   0.127   0.071   0.091   0.240   0.132  -0.173   0.039  -0.139   0.004  -0.218   0.020  -0.134   0.044  -0.083  -0.105   0.060   0.294  -0.242  -0.029  -0.055  -0.149  -0.027   0.066  -0.106   0.078  -0.040  -0.249  -0.086  -0.061   0.013   0.019  -0.087  -0.150  -0.065   0.049   0.098   0.198  -0.078  -0.250  -0.012  -0.102  -0.119  -0.266   0.171
  80233      0.112  -0.038   0.095   0.235  -0.078  -0.045  -0.254  -0.043  -0.050  -0.159   0.099  -0.061  -0.077   0.345  -0.048  -0.087   0.082   0.305   0.035  -0.058  -0.090   0.022  -0.096  -0.060  -0.042   0.168  -0.069  -0.043   0.165  -0.272   0.072   0.131   0.232  -0.017  -0.185   0.021   0.143  -0.088  -0.009  -0.106  -0.052   0.089   0.048  -0.009   0.131   0.080   0.124   0.019   0.005   0.196   0.070
  100771     0.151   0.035   0.183  -0.037   0.155   0.059   0.051  -0.203  -0.034  -0.087  -0.028  -0.145  -0.058   0.022  -0.005  -0.086   0.281  -0.091  -0.008   0.081  -0.030   0.127   0.062   0.186  -0.158  -0.040  -0.208  -0.186  -0.246   0.062   0.131  -0.043   0.000   0.022   0.033  -0.067   0.173   0.184  -0.251  -0.017   0.105   0.194   0.049  -0.026  -0.034   0.076  -0.064  -0.032   0.164   0.038   0.276
  151021     0.171   0.137  -0.058   0.071  -0.129  -0.030  -0.014   0.091   0.041   0.166  -0.026   0.006   0.076   0.030  -0.062  -0.126   0.058  -0.067  -0.122   0.037  -0.086  -0.080  -0.021  -0.043  -0.047   0.182  -0.191   0.198  -0.218  -0.153   0.049   0.156  -0.195   0.155   0.091   0.124   0.018  -0.049   0.133   0.276   0.183  -0.236  -0.066   0.094  -0.167   0.043   0.213  -0.249  -0.005  -0.103   0.158
  110811     0.162   0.061   0.123  -0.010   0.124   0.067  -0.068  -0.007  -0.129  -0.053  -0.225   0.047  -0.078  -0.075  -0.125  -0.160   0.248  -0.078  -0.087  -0.071  -0.008   0.080   0.158   0.202   0.145   0.014  -0.093  -0.109  -0.005  -0.113   0.021  -0.110  -0.143  -0.178   0.044  -0.072   0.058  -0.013  -0.119   0.083  -0.123  -0.114  -0.195   0.245   0.133  -0.181   0.217   0.139  -0.206   0.115  -0.111
  101136     0.078   0.135  -0.027  -0.096   0.137   0.027   0.292   0.021   0.306  -0.036   0.032   0.271  -0.118  -0.036  -0.023   0.072   0.132   0.267  -0.230  -0.107   0.068   0.058   0.062  -0.275  -0.160   0.015   0.075  -0.020  -0.135  -0.113  -0.043   0.215   0.197   0.002   0.131   0.064   0.197  -0.193  -0.045   0.065  -0.041   0.023   0.085  -0.033  -0.018  -0.172  -0.156  -0.031  -0.018   0.060  -0.100
  121305     0.164  -0.137  -0.031   0.025   0.023  -0.007  -0.020   0.152  -0.182  -0.060  -0.063  -0.160  -0.174  -0.115  -0.030  -0.018   0.118   0.076  -0.046   0.106  -0.124  -0.104  -0.104  -0.097  -0.144  -0.007  -0.184   0.035   0.024  -0.200  -0.194   0.093  -0.257   0.141   0.082  -0.095  -0.127   0.009   0.266  -0.147  -0.059   0.220  -0.048  -0.076  -0.051  -0.153  -0.163   0.384   0.102  -0.091  -0.126
  60353      0.135  -0.177  -0.197   0.024   0.019   0.169   0.014   0.021   0.067  -0.052  -0.030   0.032   0.033   0.266  -0.222   0.048  -0.146  -0.080   0.143  -0.028  -0.177   0.025   0.153   0.011   0.034   0.038   0.042   0.011  -0.135  -0.050  -0.158  -0.121  -0.091  -0.116   0.119   0.295  -0.075   0.064  -0.011   0.034  -0.018  -0.191   0.387   0.029  -0.065   0.016  -0.015   0.279   0.120   0.095   0.103
  60116      0.147   0.133   0.013   0.002  -0.206  -0.066   0.093  -0.195   0.042  -0.058  -0.118   0.123  -0.115   0.069   0.062  -0.222  -0.009  -0.027  -0.030  -0.168  -0.134  -0.065   0.019   0.020  -0.147   0.007   0.134   0.174  -0.100  -0.118  -0.174  -0.343   0.021  -0.145  -0.205   0.066   0.083  -0.055   0.062  -0.127   0.033  -0.062  -0.265  -0.177  -0.069   0.326  -0.073   0.036  -0.179  -0.080  -0.039
  80235      0.140  -0.025   0.100   0.264  -0.057  -0.250   0.086  -0.062   0.122  -0.049   0.060  -0.010   0.059   0.040  -0.166  -0.020  -0.054  -0.139  -0.011   0.082   0.053   0.121   0.036  -0.023  -0.052   0.157   0.206  -0.048   0.056   0.097   0.161  -0.049  -0.160   0.108   0.228  -0.149  -0.246  -0.167  -0.101  -0.238  -0.269  -0.040   0.065  -0.076  -0.102   0.150   0.100  -0.007  -0.080  -0.066   0.015
  100540     0.097  -0.031   0.311   0.030   0.114   0.255  -0.090  -0.039   0.143   0.135  -0.136  -0.003   0.118  -0.189  -0.051  -0.122  -0.109   0.021  -0.095  -0.103  -0.118   0.023   0.161  -0.059  -0.103  -0.223   0.113  -0.079   0.126   0.028  -0.162   0.147   0.028   0.061  -0.031  -0.030   0.106   0.115   0.155  -0.215  -0.147  -0.019   0.057   0.061   0.052   0.270   0.036  -0.091   0.279  -0.231   0.081
  60143      0.113   0.183   0.083   0.008  -0.261   0.055   0.149  -0.141   0.061   0.114   0.095  -0.158  -0.102  -0.033   0.052   0.006   0.106  -0.104   0.093  -0.052  -0.130   0.323  -0.067  -0.092   0.188  -0.043   0.166  -0.101   0.010  -0.125  -0.105   0.092   0.127   0.100  -0.071   0.040  -0.129   0.397   0.166   0.031  -0.206  -0.115   0.024   0.148  -0.022  -0.260  -0.064  -0.069  -0.188  -0.034   0.041
  121310     0.091   0.109   0.016  -0.120  -0.148   0.074   0.162  -0.336  -0.228   0.141   0.174  -0.088  -0.065   0.017  -0.120   0.372   0.043  -0.042   0.017   0.093  -0.068   0.004  -0.003  -0.061   0.121   0.120  -0.019   0.046   0.031  -0.181  -0.149   0.119   0.005  -0.074   0.090   0.034   0.079  -0.089  -0.184  -0.270   0.262   0.002  -0.105   0.015  -0.070   0.081   0.065   0.091   0.120  -0.115  -0.095
  60345      0.070   0.251  -0.026   0.129   0.158   0.182   0.168   0.058  -0.072  -0.005   0.148   0.163  -0.050   0.006   0.209  -0.108  -0.087  -0.036   0.121   0.290   0.087  -0.001  -0.120   0.161  -0.210  -0.162   0.188   0.035   0.136  -0.093   0.007   0.018  -0.179  -0.009   0.190   0.308  -0.070   0.106   0.031  -0.015   0.015   0.154  -0.162   0.044  -0.045   0.124  -0.091  -0.003  -0.035   0.258   0.052
  90529      0.119  -0.175  -0.319  -0.109  -0.002   0.097  -0.012  -0.035   0.059   0.000  -0.068   0.054   0.106  -0.014  -0.043  -0.050  -0.076   0.224   0.036   0.053  -0.108   0.055  -0.123  -0.091   0.030   0.010   0.092  -0.010   0.035  -0.057   0.171   0.239   0.015  -0.021   0.265  -0.211   0.049   0.286  -0.085   0.113  -0.029   0.053  -0.278  -0.009  -0.105   0.184   0.242   0.064  -0.067  -0.037   0.081
  121186     0.094   0.278   0.048  -0.082  -0.195  -0.048  -0.087   0.045   0.064  -0.006   0.081   0.024   0.062   0.049  -0.157  -0.095  -0.109   0.049   0.082  -0.167  -0.248   0.132   0.246  -0.076  -0.073   0.053  -0.076  -0.039   0.334   0.308   0.170   0.056  -0.038  -0.002   0.051   0.028  -0.016   0.047   0.004   0.174   0.258   0.334  -0.016  -0.019  -0.052   0.008  -0.036   0.178  -0.062   0.023  -0.053
  70126      0.152  -0.031   0.243  -0.006  -0.039  -0.086  -0.081  -0.094   0.058  -0.140   0.029   0.053   0.028  -0.056  -0.025   0.186   0.005   0.058   0.054  -0.151   0.315  -0.043   0.067   0.055  -0.092  -0.190  -0.007   0.060   0.201  -0.289  -0.116  -0.059  -0.138   0.060   0.172  -0.134  -0.154   0.110   0.070   0.135   0.215   0.033   0.227  -0.082  -0.011  -0.021   0.255  -0.178  -0.054  -0.010  -0.150
  131087     0.129   0.041   0.033  -0.038   0.111  -0.236   0.041  -0.226  -0.044  -0.160  -0.098   0.056  -0.065  -0.053   0.206   0.129  -0.069   0.297  -0.128   0.048  -0.138  -0.216   0.016   0.039   0.354   0.066   0.060  -0.151  -0.051   0.130   0.021  -0.156   0.071   0.114   0.178   0.014  -0.105  -0.073   0.194  -0.015  -0.010   0.034   0.090   0.307  -0.120   0.140  -0.005   0.041  -0.036   0.035   0.156
  70096      0.156  -0.001   0.119  -0.131  -0.135  -0.052   0.041   0.047   0.203  -0.164  -0.029  -0.027   0.082  -0.042  -0.003  -0.193  -0.179   0.032   0.093  -0.101  -0.050  -0.109   0.130   0.123   0.161  -0.170  -0.121  -0.133  -0.111  -0.276   0.106   0.143   0.053   0.179  -0.037   0.079  -0.307  -0.155  -0.161  -0.059   0.127  -0.088  -0.120  -0.128   0.031  -0.064  -0.247   0.005   0.075   0.082   0.069
  80316      0.087  -0.012   0.021   0.292  -0.205   0.229   0.028   0.018   0.087   0.215   0.198  -0.052  -0.098  -0.197   0.068  -0.203  -0.139   0.178  -0.072  -0.006   0.076  -0.095  -0.112   0.093   0.161   0.185   0.070   0.081  -0.008  -0.045   0.085  -0.229   0.037  -0.108  -0.065  -0.134  -0.018   0.089  -0.055  -0.005   0.061   0.144   0.156   0.001  -0.022  -0.155   0.038  -0.012   0.146   0.199  -0.086
  80491      0.131  -0.202   0.104   0.036  -0.093   0.005   0.209   0.216  -0.152  -0.120   0.077  -0.065   0.168   0.045   0.096  -0.046  -0.004   0.014  -0.041   0.109  -0.125  -0.060  -0.092  -0.130   0.032  -0.028   0.211  -0.202   0.058   0.017   0.022  -0.036  -0.014   0.080  -0.174   0.109   0.133   0.089  -0.139   0.200   0.171  -0.230   0.058  -0.034   0.203   0.052   0.088   0.099   0.117  -0.139  -0.061
  80330      0.161  -0.018   0.046  -0.074  -0.047   0.063   0.008   0.064  -0.223  -0.023  -0.116  -0.174   0.237   0.034  -0.021   0.094  -0.082  -0.065   0.051  -0.047   0.250  -0.070   0.306  -0.049  -0.025   0.122   0.083   0.293   0.073   0.023   0.092   0.131   0.143  -0.108   0.144   0.035   0.046   0.051  -0.021  -0.151  -0.066  -0.080  -0.049   0.009   0.144  -0.090  -0.246   0.013  -0.231   0.112   0.117
  70502      0.145  -0.067   0.205  -0.140  -0.113  -0.016   0.044  -0.103   0.088  -0.224   0.108  -0.030   0.145  -0.103   0.014   0.033   0.028  -0.090  -0.214   0.020  -0.028  -0.181  -0.207  -0.008  -0.146   0.089   0.049   0.045   0.041   0.235  -0.019   0.077  -0.058  -0.167   0.062   0.236   0.041   0.042  -0.075  -0.063   0.032  -0.011   0.021   0.263   0.142  -0.029   0.097  -0.031   0.052   0.136  -0.227
  70407      0.175  -0.094  -0.089  -0.186  -0.127  -0.049  -0.031   0.088   0.030   0.082  -0.098   0.010   0.051  -0.099  -0.136   0.018   0.020  -0.012   0.062   0.072  -0.165   0.079  -0.067   0.123  -0.004   0.023  -0.148  -0.020   0.074   0.098  -0.263  -0.012   0.062   0.101   0.012   0.005   0.062  -0.102   0.227   0.110  -0.164   0.047   0.003   0.105   0.159   0.191  -0.106  -0.161  -0.037   0.354  -0.181
  70421      0.184  -0.081   0.002   0.039  -0.063   0.044  -0.068  -0.019  -0.040   0.044   0.105   0.028   0.030   0.216   0.014   0.046   0.068   0.013   0.206  -0.025  -0.003  -0.011  -0.034  -0.027  -0.213  -0.152   0.180   0.128  -0.134  -0.003   0.059  -0.263   0.115   0.091   0.216  -0.170   0.064  -0.191   0.230   0.074   0.094   0.070  -0.130   0.238   0.323  -0.193  -0.034  -0.075   0.138  -0.118   0.223
  182060     0.076   0.305   0.124  -0.068   0.066  -0.028   0.017   0.014  -0.034   0.130   0.125   0.097  -0.038   0.243   0.048  -0.132  -0.039  -0.017   0.263   0.106   0.144   0.010   0.061  -0.311   0.148  -0.129  -0.198  -0.033  -0.130   0.208  -0.081   0.021  -0.036  -0.093   0.005  -0.094   0.077  -0.080   0.136  -0.073  -0.119  -0.058   0.111  -0.023   0.006   0.033   0.238   0.130   0.072   0.027  -0.089
  60550A     0.167  -0.014  -0.077   0.094  -0.126   0.011   0.054  -0.070  -0.010  -0.146  -0.132   0.080  -0.084  -0.125   0.171   0.239  -0.071   0.049   0.096  -0.057  -0.061   0.126   0.064   0.260  -0.072  -0.022  -0.039   0.284  -0.031   0.203  -0.040   0.084   0.037   0.114  -0.159   0.122   0.046  -0.099  -0.056   0.108  -0.224   0.070  -0.063  -0.231   0.042  -0.132   0.323   0.047   0.119  -0.140  -0.050
  121329     0.152   0.131  -0.163   0.007   0.000   0.045   0.064  -0.037  -0.133   0.084  -0.252  -0.010  -0.238   0.047  -0.024  -0.025  -0.114  -0.070  -0.067   0.011  -0.054  -0.102  -0.183  -0.222  -0.058  -0.046  -0.025  -0.094   0.045   0.091   0.277   0.036  -0.034   0.175  -0.062   0.051  -0.210  -0.043  -0.152  -0.152  -0.040   0.036   0.033   0.018   0.387  -0.050   0.006  -0.146  -0.059  -0.141  -0.081
  180952     0.094   0.096   0.058  -0.193  -0.252  -0.138  -0.179   0.126   0.222  -0.079  -0.122   0.119   0.068  -0.114   0.125   0.029  -0.006  -0.065   0.049   0.324   0.057   0.179  -0.174  -0.063   0.196  -0.056  -0.049   0.173   0.033  -0.064   0.094  -0.134  -0.013  -0.216   0.032  -0.150   0.096  -0.014  -0.090   0.006   0.052  -0.004  -0.009   0.070   0.012  -0.006  -0.218   0.117   0.212  -0.185   0.009
  161576     0.147  -0.083  -0.089  -0.152  -0.101  -0.062   0.022   0.100   0.024   0.075   0.180  -0.112   0.054   0.122  -0.040  -0.068  -0.071  -0.092  -0.279   0.256   0.239  -0.023   0.126  -0.002   0.075  -0.267  -0.061  -0.034  -0.226  -0.023  -0.130  -0.079   0.280   0.164  -0.047   0.036  -0.077   0.069  -0.082   0.018  -0.056   0.263  -0.041  -0.076   0.062   0.141   0.237   0.093  -0.156   0.051  -0.086
  32516      0.085   0.134  -0.092   0.350   0.149  -0.151   0.015   0.084   0.127  -0.154   0.073   0.093   0.114  -0.116  -0.213   0.121   0.078  -0.151   0.142   0.088  -0.059   0.056   0.024  -0.041   0.176  -0.043   0.039  -0.161   0.073   0.040  -0.210  -0.019   0.013   0.110  -0.054   0.099   0.059  -0.105  -0.084  -0.024   0.082   0.031  -0.269  -0.030   0.045  -0.189   0.046  -0.072   0.158   0.080   0.045
  172202     0.087  -0.196   0.004   0.200  -0.038   0.035  -0.219   0.057   0.088   0.250   0.230   0.012   0.009  -0.258   0.022   0.265   0.003  -0.123   0.050  -0.082  -0.005  -0.038   0.157  -0.198   0.046  -0.036  -0.017  -0.153  -0.162  -0.110   0.189   0.013  -0.172  -0.061  -0.104   0.085   0.138  -0.150   0.009   0.010  -0.047   0.099  -0.148   0.138   0.029   0.228  -0.098   0.015  -0.171   0.036  -0.063
  92250A     0.118   0.043   0.024  -0.059   0.023   0.129  -0.178   0.000  -0.326   0.033   0.132   0.387  -0.050  -0.232  -0.121  -0.014   0.060   0.083   0.009   0.012   0.071   0.066   0.026  -0.111  -0.069   0.165  -0.126   0.086  -0.046   0.150  -0.086  -0.137   0.082   0.310  -0.124  -0.016  -0.201   0.112  -0.152   0.014   0.130  -0.128   0.122   0.027  -0.014   0.101  -0.136  -0.065  -0.017   0.014   0.057
  50046      0.110   0.252  -0.047   0.113  -0.003   0.076  -0.122   0.135   0.083  -0.197  -0.069  -0.061  -0.069   0.048   0.003   0.296  -0.086   0.066   0.086  -0.001   0.207   0.046  -0.290   0.076  -0.124  -0.103  -0.146  -0.119   0.011  -0.027  -0.031   0.147   0.002  -0.124  -0.196  -0.069  -0.056   0.043  -0.023   0.050  -0.007  -0.199   0.079   0.150   0.017   0.267  -0.062   0.092  -0.162  -0.013   0.109
  202496     0.064   0.154  -0.289  -0.102   0.025  -0.002  -0.052  -0.083   0.192   0.027   0.075  -0.184  -0.129   0.103  -0.277   0.072   0.267   0.073   0.007   0.036   0.144  -0.250   0.112   0.228   0.187  -0.032   0.213   0.148   0.093   0.085   0.076   0.045  -0.139   0.147  -0.165  -0.043   0.085   0.136   0.049   0.002  -0.028  -0.016   0.033  -0.027   0.098   0.137  -0.148  -0.121   0.206   0.007  -0.052
  122060     0.152  -0.209  -0.070   0.108   0.012  -0.040   0.017  -0.016   0.049  -0.053   0.100  -0.070  -0.083   0.225   0.073  -0.106   0.088  -0.134  -0.066  -0.118   0.135   0.102  -0.062  -0.096  -0.085  -0.033  -0.251   0.094   0.240   0.074   0.044  -0.113   0.130   0.138   0.103   0.031   0.033   0.039  -0.160   0.021  -0.182  -0.157  -0.124   0.205  -0.354   0.034  -0.198  -0.083   0.191  -0.045  -0.238
  111314     0.094  -0.156   0.145   0.160  -0.026  -0.073   0.306   0.206  -0.091  -0.050   0.007   0.142  -0.057   0.109   0.246   0.038   0.014   0.024   0.111   0.192  -0.037  -0.136   0.280   0.064   0.156   0.091  -0.125   0.109   0.123   0.051  -0.068   0.198  -0.021   0.045  -0.161  -0.161   0.147   0.114   0.032  -0.043   0.020   0.055  -0.006   0.073  -0.053   0.046  -0.085  -0.148  -0.107  -0.050   0.099
  62281      0.115  -0.004   0.182  -0.031   0.244   0.117  -0.119   0.075   0.051   0.244  -0.104   0.186   0.083   0.101  -0.151  -0.025  -0.039  -0.063   0.065   0.021   0.124  -0.103  -0.232   0.229   0.208   0.241   0.038  -0.027   0.166  -0.086  -0.065   0.005   0.314   0.050   0.072   0.217   0.004  -0.043  -0.014   0.042  -0.022   0.138  -0.086  -0.027  -0.040  -0.025  -0.009   0.099  -0.073  -0.323  -0.035
  72396      0.142  -0.009  -0.101   0.158   0.179  -0.073  -0.140  -0.046   0.160  -0.204  -0.052   0.008  -0.091  -0.097   0.070   0.029  -0.221  -0.170  -0.005  -0.036   0.054   0.056   0.056  -0.137  -0.023   0.342  -0.001   0.043  -0.276   0.033  -0.160   0.028   0.132  -0.069   0.082  -0.128  -0.012   0.350   0.030  -0.022   0.088   0.066  -0.061  -0.099   0.187   0.014  -0.050   0.001   0.082   0.052  -0.046
  40649      0.141  -0.054  -0.089  -0.200   0.039  -0.215   0.014   0.030  -0.137  -0.101   0.081   0.074   0.081  -0.076   0.007  -0.259   0.157  -0.178   0.234  -0.008   0.045   0.085  -0.159   0.047   0.017   0.218   0.148  -0.121  -0.080  -0.117   0.063   0.160  -0.083  -0.086  -0.031   0.018   0.127  -0.065   0.138  -0.086  -0.022   0.145   0.284  -0.152  -0.003   0.068  -0.016  -0.217  -0.045  -0.075  -0.097
  42092      0.163  -0.018  -0.062  -0.021   0.144   0.021  -0.083  -0.150   0.226   0.112   0.146  -0.032   0.139  -0.004   0.213  -0.051  -0.024   0.130   0.060  -0.050  -0.048  -0.024  -0.113   0.067   0.049  -0.049  -0.104   0.029   0.070   0.084  -0.070  -0.111  -0.261   0.297   0.092  -0.041   0.349   0.036  -0.159  -0.117   0.024  -0.177   0.123  -0.181   0.138  -0.124  -0.094   0.171  -0.368  -0.054  -0.026
  60522      0.123   0.190  -0.017   0.170   0.093   0.031  -0.027   0.057  -0.082   0.023   0.015   0.061   0.361  -0.016  -0.150  -0.087   0.124   0.214  -0.215   0.171  -0.159  -0.077  -0.011  -0.057   0.059  -0.118  -0.053   0.227  -0.034  -0.010  -0.017   0.029  -0.041  -0.227  -0.032  -0.137  -0.128   0.014  -0.062  -0.126  -0.139  -0.117   0.031  -0.107   0.027  -0.062  -0.021  -0.086   0.048   0.044  -0.035
  111252     0.115   0.135  -0.031  -0.033   0.137  -0.116   0.073   0.005  -0.011   0.208  -0.032  -0.214   0.282  -0.008   0.174   0.157   0.000  -0.012   0.285  -0.198  -0.214  -0.326  -0.122  -0.037  -0.129  -0.011  -0.154  -0.057  -0.069  -0.028  -0.071  -0.112   0.137  -0.128  -0.012  -0.057  -0.134   0.087  -0.173   0.079  -0.120   0.126   0.011  -0.039  -0.122  -0.038  -0.003  -0.168   0.051   0.039  -0.074
  72140      0.151   0.101   0.013   0.110   0.257   0.040   0.117   0.020  -0.043  -0.176   0.001  -0.196   0.118   0.062  -0.096   0.038  -0.082  -0.012  -0.199  -0.091   0.040   0.104  -0.005  -0.102   0.114  -0.032   0.009   0.152  -0.088  -0.024   0.147  -0.132  -0.113  -0.038  -0.229   0.114   0.026   0.017   0.174   0.197   0.051   0.275   0.091   0.091  -0.101   0.000  -0.120   0.014  -0.122  -0.267  -0.100
  50499      0.146  -0.068   0.045  -0.040  -0.034   0.067  -0.107   0.263  -0.068   0.003   0.147  -0.050   0.050   0.081   0.103   0.222   0.297   0.140  -0.195  -0.125  -0.062   0.242  -0.112   0.080   0.073  -0.034   0.072  -0.122  -0.055   0.235  -0.001  -0.090   0.040  -0.122   0.119   0.082  -0.173  -0.006   0.136  -0.122   0.069  -0.046  -0.097  -0.349  -0.080   0.021  -0.057  -0.105  -0.068  -0.008   0.123
  82115      0.051   0.099  -0.107   0.313  -0.249  -0.049   0.011   0.039  -0.165   0.104  -0.211  -0.225  -0.049  -0.087   0.029  -0.202  -0.027   0.118  -0.026  -0.144   0.280  -0.020  -0.022   0.089   0.082  -0.063  -0.030  -0.188  -0.092   0.213  -0.220   0.159   0.027  -0.082   0.300   0.095   0.160  -0.113  -0.017   0.042   0.158  -0.021   0.049  -0.026   0.012   0.059  -0.108  -0.015   0.046  -0.109  -0.048
  10636      0.096   0.129  -0.208  -0.242   0.074  -0.039  -0.062   0.123  -0.070   0.051   0.080  -0.086   0.126  -0.017   0.323  -0.065  -0.059   0.098  -0.114  -0.238   0.209   0.205   0.131  -0.053   0.041   0.211   0.072  -0.040   0.133  -0.143  -0.163  -0.044  -0.228   0.036  -0.130   0.092  -0.065  -0.113  -0.146  -0.071  -0.149   0.082  -0.065   0.173   0.060   0.009   0.127   0.017   0.264   0.010   0.215
  22336      0.150  -0.129  -0.108  -0.043   0.148   0.058   0.125  -0.141   0.060   0.139  -0.158   0.037   0.097   0.219   0.003   0.002  -0.168  -0.092  -0.143   0.027   0.092   0.110  -0.051  -0.013  -0.029   0.043   0.025  -0.196   0.160   0.093  -0.137  -0.008  -0.098  -0.079  -0.235  -0.296  -0.070  -0.071   0.164  -0.064   0.358  -0.083  -0.153  -0.029  -0.055  -0.118  -0.017  -0.094  -0.008   0.157  -0.044
  62372      0.184  -0.011   0.007  -0.030  -0.088   0.074   0.096  -0.060   0.008   0.035  -0.083  -0.016  -0.106  -0.124  -0.055   0.023   0.170  -0.084  -0.010   0.111   0.110  -0.232   0.048  -0.207  -0.100   0.086   0.160  -0.165   0.221   0.013  -0.126  -0.101   0.011  -0.117  -0.045  -0.159  -0.031  -0.128  -0.134   0.413  -0.198   0.021   0.069  -0.192  -0.072   0.024  -0.070   0.132  -0.038   0.010   0.267
  121026     0.180  -0.063  -0.050  -0.085  -0.046   0.037   0.028  -0.111  -0.074  -0.021  -0.016   0.127  -0.076  -0.072  -0.052   0.084  -0.156   0.067   0.014   0.038   0.163  -0.097   0.080  -0.063   0.064  -0.036  -0.263  -0.223   0.105  -0.042   0.328  -0.171  -0.041  -0.169   0.015   0.257   0.158   0.160   0.282  -0.060  -0.143  -0.126  -0.099  -0.267  -0.027  -0.131   0.034  -0.142   0.163   0.027   0.030
  30343A     0.157  -0.125   0.013  -0.049   0.107  -0.026  -0.152  -0.021  -0.174  -0.043   0.102   0.155  -0.149   0.059   0.018  -0.098   0.017   0.160   0.222  -0.166   0.028  -0.070   0.057   0.000   0.100  -0.212   0.297  -0.005  -0.188   0.113  -0.008   0.173  -0.073  -0.145  -0.069  -0.063  -0.117   0.054  -0.133   0.105   0.002  -0.066  -0.148   0.065  -0.119  -0.033  -0.077   0.014   0.053  -0.056  -0.292
  120911A    0.069   0.006  -0.108   0.109  -0.010  -0.347  -0.045   0.178   0.078   0.279  -0.257   0.218  -0.050   0.027   0.148   0.073   0.297  -0.147  -0.104  -0.136  -0.009  -0.098   0.066  -0.038  -0.056  -0.134   0.091   0.048   0.096  -0.058   0.118  -0.008   0.091  -0.014  -0.033   0.128  -0.011   0.256  -0.001  -0.185   0.194   0.010   0.153   0.050   0.001   0.003   0.103   0.209   0.054   0.104   0.014
  190907A    0.073  -0.063   0.223  -0.090   0.003   0.223   0.197   0.314   0.140   0.101  -0.162   0.018  -0.271   0.184  -0.027   0.150  -0.040  -0.020   0.033  -0.153  -0.072   0.065  -0.087   0.012   0.194   0.080  -0.017   0.110  -0.102   0.020   0.030  -0.049  -0.219  -0.027   0.118  -0.083  -0.019  -0.049  -0.172  -0.031  -0.014   0.132   0.040  -0.044   0.070   0.126   0.030  -0.150   0.039   0.129  -0.035
  40617A     0.128  -0.058   0.008  -0.086   0.151  -0.136  -0.092   0.138  -0.093   0.016  -0.194  -0.267  -0.185  -0.216  -0.170  -0.022  -0.187   0.136   0.125   0.154  -0.065   0.159  -0.042  -0.153  -0.024  -0.182   0.182   0.148   0.057  -0.020  -0.016  -0.140   0.099   0.034  -0.059   0.098   0.224  -0.080  -0.153  -0.131   0.127  -0.019   0.087   0.036  -0.290  -0.100   0.110  -0.186  -0.100   0.148   0.092
  52343A     0.141  -0.031  -0.028   0.101  -0.137   0.099  -0.036  -0.238  -0.125   0.136  -0.220   0.185   0.263   0.070   0.083   0.121  -0.057  -0.067  -0.063   0.046   0.040   0.171  -0.058   0.152  -0.032  -0.089   0.101  -0.040  -0.164  -0.026   0.172   0.164  -0.007   0.122  -0.149  -0.077   0.063  -0.147   0.001   0.048  -0.072   0.130   0.188   0.033  -0.189  -0.071  -0.109   0.103   0.087   0.177  -0.071
  82228A     0.107  -0.010   0.294  -0.080   0.132  -0.210  -0.133  -0.076  -0.008   0.149   0.150  -0.121  -0.179   0.002   0.001  -0.040  -0.133  -0.174  -0.142  -0.081   0.022  -0.113  -0.215  -0.001   0.033   0.001   0.074   0.202  -0.041   0.148   0.044   0.268  -0.035   0.027  -0.088   0.019   0.005  -0.038   0.102   0.133  -0.026  -0.126  -0.112  -0.137  -0.048  -0.075  -0.001   0.186   0.093   0.219   0.242
  192112A    0.028  -0.116  -0.107   0.042   0.114  -0.179   0.441  -0.026  -0.107   0.068   0.188   0.087   0.032  -0.237  -0.215  -0.063  -0.050   0.002   0.049  -0.300   0.049   0.171  -0.183   0.109   0.094  -0.177  -0.177   0.163   0.088  -0.034   0.079  -0.005   0.112  -0.120   0.002  -0.112  -0.005  -0.018   0.036   0.020   0.015  -0.031   0.045   0.055   0.191   0.175  -0.007   0.170   0.045   0.019   0.171
  202248A    0.059   0.299  -0.018  -0.089   0.010   0.113   0.079   0.328  -0.108  -0.116   0.096  -0.056   0.007  -0.097  -0.017   0.082  -0.105  -0.141  -0.043  -0.116  -0.052  -0.120   0.049   0.184  -0.115   0.109   0.139  -0.145  -0.061  -0.063   0.194  -0.095   0.191   0.209   0.052  -0.294   0.208  -0.031   0.136  -0.105  -0.011  -0.215  -0.017   0.006  -0.174   0.016   0.093   0.177   0.085   0.055  -0.185
  112082     0.104  -0.134  -0.090  -0.041  -0.021   0.310   0.093  -0.002   0.273  -0.115  -0.026  -0.095   0.046  -0.186   0.047  -0.136   0.272  -0.003   0.253  -0.001   0.154  -0.110  -0.028  -0.072  -0.020   0.056  -0.066   0.068  -0.038   0.198   0.083   0.069   0.109  -0.024  -0.169   0.059  -0.189  -0.154   0.135  -0.249   0.160   0.012  -0.001   0.135  -0.158  -0.050   0.209   0.122  -0.102  -0.018   0.094
  52287      0.131   0.001  -0.026   0.023   0.255  -0.048  -0.008  -0.066   0.084   0.209   0.075  -0.211  -0.164  -0.088   0.220  -0.018   0.030   0.070   0.026   0.275  -0.129   0.220   0.256   0.166  -0.121   0.093  -0.026   0.023   0.092  -0.056   0.136   0.048   0.177  -0.163   0.037   0.025  -0.204  -0.175   0.055   0.162   0.113  -0.227   0.102  -0.044   0.160   0.117  -0.012   0.028   0.043  -0.085  -0.230
  121434     0.065   0.037  -0.226   0.036   0.048   0.254  -0.189  -0.053  -0.089  -0.210   0.119   0.066  -0.123  -0.026   0.214  -0.065  -0.003  -0.412  -0.174  -0.106  -0.225  -0.102   0.000  -0.047   0.249  -0.231  -0.033   0.090   0.196  -0.059  -0.039   0.104   0.130  -0.092   0.146  -0.098   0.041  -0.175  -0.018   0.007   0.047   0.049   0.180  -0.071  -0.018   0.012   0.034  -0.144  -0.055   0.004   0.087
