  year  #   1       2       3       4       5       6       7       8       9      10      11      12      13      14      15      16      17      18      19      20      21      22      23      24      25      26      27      28      29      30      31      32      33      34      35      36      37      38      39      40      41      42      43      44      45      46      47      48      49      50      51
  1950   2.999  -7.284  -1.070   1.657   2.593   1.655   1.395   0.037   0.053  -1.340  -0.488  -0.672  -1.593  -0.559   0.208   1.380  -0.889  -0.020   0.732  -0.719  -0.843  -0.105   0.194   0.842  -0.111  -0.128  -0.438   0.305  -0.064  -0.017   0.039   0.078   0.132   0.109  -0.356   0.027  -0.027  -0.225  -0.142   0.358  -0.124   0.028  -0.072  -0.108  -0.051  -0.021  -0.033  -0.018  -0.018  -0.050   0.000
  1951   4.375  -7.684  -1.611   2.520   3.029   2.153   1.714   0.116   0.612  -0.503  -0.107  -0.211  -0.146  -0.566   0.544   1.190   1.145  -0.052   0.258   0.391   0.383   0.157  -0.497  -0.903   0.120   0.251  -0.162  -0.764   0.241  -0.229  -0.171  -0.469  -0.064  -0.111   0.311   0.107   0.087   0.101   0.072  -0.238   0.083  -0.073   0.034   0.218   0.079   0.032   0.051   0.066   0.032   0.025   0.000
  1952   1.857  -8.291  -1.835   1.117   1.735   0.037   1.389   0.022   0.812   0.739   0.802  -0.494   0.963   0.504  -0.338  -1.142   0.147  -0.417  -0.434   0.362  -0.191  -0.269  -0.214   0.057   0.036   0.535  -0.033   0.312  -0.351  -0.121   0.493   1.196  -0.279  -0.204   0.107   0.047   0.115   0.195   0.183  -0.036   0.100   0.036  -0.138  -0.073  -0.144   0.011  -0.005  -0.021  -0.033   0.030   0.000
  1953   0.551  -8.935  -1.977  -0.198   0.870  -0.947   0.474   0.384   1.059   1.092   0.305  -0.503   0.413   0.188  -0.801  -1.608   0.441  -0.045  -0.699  -0.739   0.512  -0.271   0.096  -0.176   0.129  -0.512   0.480   0.222   0.403   0.453  -0.537  -0.545   0.198  -0.055  -0.197  -0.174  -0.357   0.000  -0.137   0.165  -0.178   0.055   0.145  -0.124   0.009  -0.044   0.099  -0.015   0.055  -0.008   0.000
  1954   1.878  -7.030   0.220  -1.488   0.957  -1.282  -0.792   0.195  -0.817   0.464  -0.153   0.753   0.474   0.456  -0.550  -0.138  -0.520   1.225   0.276   0.128   0.420   0.853   0.955   0.251  -0.198  -0.182   0.369   0.298   0.121   0.004   0.235  -0.275  -0.132   0.508  -0.079  -0.112   0.618  -0.069   0.146  -0.167   0.174  -0.154  -0.105   0.079   0.179   0.094  -0.164  -0.028   0.015  -0.032   0.000
  1955   4.130  -5.205   1.803  -2.169   0.452  -1.760  -1.729  -0.778  -0.899   0.183   0.451   2.032   0.356   1.131  -0.209   0.976  -0.678   0.942  -0.525   0.529  -0.589  -0.496   0.036  -0.011  -0.419   0.215  -0.313  -0.420  -0.514   0.120   0.214  -0.260   0.189  -0.125   0.124   0.049  -0.448   0.021   0.018  -0.030   0.021   0.226   0.246   0.051  -0.119  -0.155   0.031  -0.001  -0.061   0.015   0.000
  1956   9.274  -2.233   4.557  -2.052   0.756  -1.496  -2.927  -1.725  -1.890  -0.272  -0.662   0.654  -0.039   0.247   0.371   0.220   0.087  -1.037   0.578   0.062   0.110  -0.419  -1.018  -0.475  -0.238  -0.242   0.126   0.418   0.330  -0.113  -0.227   0.320  -0.078   0.097   0.000  -0.078   0.121   0.137  -0.351  -0.037  -0.158  -0.049  -0.162  -0.117   0.039   0.166   0.046   0.051   0.051   0.028   0.000
  1957   8.157  -1.004   4.411  -1.308  -0.663  -1.307  -1.587  -0.937  -0.358   0.035  -0.072  -0.737  -0.278  -0.492   0.729  -0.547   0.504  -0.317   0.829  -1.050   0.098   0.948   0.326   0.177   1.072  -0.196   0.034  -0.313  -0.185  -0.053  -0.426   0.335   0.232   0.027   0.370   0.238  -0.091  -0.142   0.421   0.052   0.023   0.009   0.085   0.057  -0.073  -0.161  -0.023  -0.033  -0.065  -0.004   0.000
  1958  12.314   1.974   5.968   1.047  -0.474  -0.222  -0.942  -0.541   2.334   0.169  -0.637  -1.580  -0.896  -1.315   0.564  -0.862  -0.901   0.455  -0.722   0.576   0.150  -0.191   0.209   0.297  -0.105   0.586   0.372  -0.015  -0.121  -0.120   0.507  -0.239   0.326  -0.274  -0.159   0.006  -0.043  -0.045  -0.182  -0.057   0.147   0.084   0.043   0.086   0.082   0.102   0.009   0.004   0.049   0.012   0.000
  1959   4.591  -0.181   1.831  -1.388  -3.019   0.816  -0.355  -0.517   0.622   0.072  -0.615  -0.623   0.508   0.507  -0.654  -0.232   1.150  -0.486  -0.223   0.841  -0.531   0.525   0.653  -0.057  -0.267   0.188  -1.137  -0.246   0.929   0.041   0.312   0.049  -0.507   0.193  -0.205   0.066  -0.230  -0.197  -0.043   0.025  -0.059  -0.129   0.025  -0.057   0.045  -0.076   0.053  -0.029  -0.013  -0.076   0.000
  1960   6.847   1.242   2.218  -0.208  -2.660   1.545  -0.091   1.020   1.231   0.246  -0.175   0.408   0.934  -0.182  -1.929   1.113   0.782  -0.607  -0.700  -0.545  -0.185  -1.035  -0.099   0.648   0.470  -0.877  -0.137  -0.076  -0.290   0.070   0.118  -0.279   0.142  -0.034   0.034  -0.022   0.395   0.085   0.115  -0.123  -0.014  -0.055  -0.106   0.043  -0.160   0.081  -0.070   0.052  -0.017   0.021   0.000
  1961   7.102   1.389   1.435   0.699  -2.633   2.923  -0.047   2.341  -1.266  -1.774  -0.063   0.211   0.403  -0.049  -0.620   0.103   0.461   0.889   0.033  -0.648   1.141  -0.291   0.102  -0.205  -0.720   0.531   0.202   0.410  -0.337  -0.302  -0.155   0.262  -0.199   0.010   0.063   0.032  -0.061   0.079   0.158   0.175  -0.029   0.038   0.129  -0.159   0.203  -0.110   0.088   0.003   0.032   0.003   0.000
  1962   5.061   0.455  -0.317   0.850  -3.029   3.436   1.608   1.027  -1.049   0.130   0.702   0.847   0.400   0.762   0.138  -0.561  -0.158  -0.017   0.867   0.333  -0.606   0.828   0.343  -0.314  -0.172   0.076   0.335   0.358   0.267   0.332  -0.206  -0.029   0.423  -0.471   0.152  -0.173  -0.200  -0.245  -0.231   0.059   0.026   0.028  -0.068   0.188  -0.192   0.162  -0.102  -0.014  -0.063   0.058   0.000
  1963   3.068   0.148  -0.925   0.370  -2.451   2.766   0.908   0.283  -0.468   1.278  -0.030   0.807  -0.009   0.626   1.870  -0.230  -0.631  -0.059  -0.470   0.170  -0.225   0.307  -0.540   0.371   0.876   0.503  -0.021   0.023  -0.307   0.366  -0.240  -0.446  -0.376   0.468  -0.126   0.173   0.177   0.325  -0.018  -0.117  -0.025   0.225  -0.140  -0.203  -0.011  -0.041   0.056   0.040   0.050  -0.051   0.000
  1964   2.829   0.393  -1.193  -0.841  -1.735   0.124   1.146   0.344   1.413   1.373   0.246   0.430  -0.263  -0.130   0.704   0.060  -1.064  -0.571  -0.232  -0.234   0.324  -0.269  -0.535  -0.227  -0.863  -0.596   0.404  -0.420  -0.082  -0.537  -0.541   0.286  -0.392   0.090  -0.248   0.072   0.005  -0.210  -0.193  -0.067   0.116  -0.159  -0.009   0.159   0.048  -0.205  -0.118  -0.070  -0.130  -0.040   0.000
  1965   2.274   0.856  -2.402  -1.539  -1.659  -0.923   1.396  -0.049   1.199   0.311   0.288  -0.088  -1.240  -0.325   0.736   0.085  -0.790   0.076   0.401   0.326   0.107   0.239  -0.186   0.006  -0.571  -0.796  -0.277   0.226  -0.213   0.505   0.356  -0.066  -0.321   0.082   0.490  -0.032  -0.328   0.216   0.354   0.090  -0.143  -0.349   0.122  -0.129   0.007   0.100  -0.025   0.121   0.084   0.070   0.000
  1966  -0.375  -0.429  -2.572  -2.904  -2.935  -1.674   1.116  -0.167   0.175   0.051   0.992  -0.701  -0.816   0.533   0.835   0.440   0.573   0.370   0.122   0.520  -0.174  -0.269   0.157  -0.592   0.322  -0.210  -0.289  -0.113  -0.341  -0.190   0.035   0.062   0.399  -0.553   0.026  -0.442   0.700   0.053  -0.076   0.196  -0.125   0.037   0.029  -0.067   0.122  -0.036   0.060  -0.197   0.059  -0.040   0.000
  1967   1.814   2.354  -2.111  -1.511  -1.251  -2.891   1.732  -0.031   0.939  -1.267   1.106  -0.219  -1.507   0.387  -0.592   0.207   1.074   0.208   0.952   0.067   0.335  -0.198  -0.331  -0.528   0.019  -0.008   0.353   0.344   0.027   0.396   0.288   0.027   0.125   0.463  -0.454   0.322  -0.182  -0.057   0.009  -0.207   0.249   0.317  -0.155   0.049  -0.109  -0.051  -0.007   0.081  -0.008  -0.023   0.000
  1968   6.516   4.594  -1.467   1.555   1.217  -3.545   1.188   1.328  -0.565   0.081   1.961   1.694  -0.538  -0.140   0.139   0.174   0.238   0.682  -0.759  -0.826  -0.126  -0.105  -0.293   0.537   0.563   0.724  -0.042  -0.326   0.642  -0.108   0.072   0.109  -0.142  -0.022  -0.046  -0.122  -0.137  -0.119  -0.050   0.068  -0.129  -0.328  -0.105   0.045   0.034   0.080   0.030  -0.057   0.001   0.020   0.000
  1969   5.964   3.890  -2.476   1.830   2.466  -2.433   1.410   1.731  -2.204  -0.153  -0.455   0.011   0.701  -1.469   0.364  -0.697   0.165  -0.072   0.039   1.387  -0.249  -0.180   0.503   0.449  -0.417  -0.690  -0.235   0.031   0.191  -0.098  -0.489  -0.038   0.189  -0.258  -0.111   0.268   0.162   0.205   0.113  -0.167  -0.012   0.147   0.033  -0.142  -0.066  -0.069  -0.005   0.038  -0.018  -0.019   0.000
  1970   4.941   4.525  -3.446   1.485   0.909  -2.188   1.998  -1.403  -0.741   0.187  -1.513  -0.904   2.376  -0.290  -0.047  -0.218  -0.192   0.067   0.086  -0.878  -0.606  -0.086  -0.166  -0.764   0.058   0.141  -0.352   0.477  -0.721   0.111   0.232  -0.334  -0.309   0.228   0.105  -0.182  -0.023  -0.332  -0.086   0.068  -0.052   0.028   0.014   0.185   0.060  -0.004   0.011  -0.013   0.000  -0.008   0.000
  1971   0.624   1.562  -3.923   0.038  -1.046  -0.924   1.916  -1.720  -0.610   0.328  -0.570  -1.110   0.828   0.981  -0.528   0.898  -0.054  -0.643   0.443  -0.047   0.484   0.364   0.185   0.743   0.112   0.453   0.559  -0.505   0.125  -0.206   0.150   0.091   0.400   0.146   0.020  -0.141  -0.016   0.369  -0.279   0.007   0.146  -0.113   0.323  -0.228   0.066   0.029  -0.013   0.121  -0.092   0.020   0.000
  1972  -0.166   1.059  -4.100  -0.298  -0.852   0.038   0.657  -1.534  -0.923   0.104  -1.191   0.526  -1.353  -0.102  -1.813   0.219  -0.895  -0.806  -0.201   0.119   0.015   0.455   0.032   0.381  -0.019   0.049   0.588  -0.374   0.177  -0.231  -0.054   0.066  -0.394  -0.364   0.128  -0.171  -0.133  -0.161   0.306  -0.082  -0.120   0.374  -0.141   0.120   0.086   0.031   0.095  -0.092   0.121   0.002   0.000
  1973  -0.743   1.335  -4.707  -0.137  -0.404   1.702  -0.740  -1.561  -0.689  -0.459   0.030   0.280   0.033  -0.402  -0.374  -1.065  -0.829   0.135   0.012   0.215   0.750  -0.557   0.074  -0.259  -0.015  -0.017  -0.280  -0.339   0.260  -0.379   0.287  -0.215   0.481   0.614   0.217   0.467   0.146   0.139  -0.036   0.345   0.038  -0.146  -0.136   0.081  -0.280  -0.029   0.076  -0.148   0.029   0.025   0.000
  1974  -0.603   1.972  -5.056   0.459   0.694   2.557  -1.448  -2.221   0.615  -0.506   0.655   1.421   0.029  -0.979   0.041  -0.633  -0.247   0.480  -0.067  -0.183   0.737  -0.118  -0.092   0.206   0.274  -0.337  -0.855  -0.012  -0.006   0.496  -0.111   0.572   0.315  -0.062  -0.062  -0.434   0.029  -0.250  -0.086  -0.289   0.087   0.086   0.108   0.016   0.176   0.034   0.024   0.124  -0.037  -0.042   0.000
  1975   0.949   3.712  -3.738   0.233   1.855   1.262  -2.006  -2.049   1.839  -0.304   0.415   0.735  -0.101  -0.050  -0.824   0.042   0.652   0.565   0.178   0.479  -0.786   0.055   0.536  -0.425   0.352   0.155   0.625   0.227  -0.387  -0.159  -0.362  -0.093  -0.263  -0.297  -0.039   0.531  -0.128   0.311  -0.067   0.128  -0.242  -0.153  -0.055  -0.122   0.132   0.029  -0.146  -0.002  -0.051  -0.035   0.000
  1976   1.214   4.126  -3.200   0.076   2.389   1.104  -2.497  -0.593   1.651  -0.102  -0.038  -0.085   0.966   0.576   1.122   0.642   0.905   0.030   0.096  -0.413  -0.428   0.559  -0.318   0.576  -0.749  -0.118   0.242   0.378   0.318   0.013  -0.002  -0.183   0.058  -0.039  -0.186  -0.374   0.033   0.118   0.193  -0.053   0.279   0.019  -0.053  -0.058  -0.112  -0.139   0.086  -0.183   0.063   0.079   0.000
  1977  -2.912  -0.315  -4.705  -1.766   0.335   0.293  -1.697   0.885  -1.057  -0.752  -0.730  -0.850  -0.611   0.553   1.496  -0.184   1.551   0.038  -1.443  -0.147   0.388   0.269   0.045   0.451  -0.353  -0.257   0.388  -0.246  -0.394  -0.191   0.333   0.074  -0.091   0.067   0.168   0.123  -0.101  -0.356  -0.134  -0.018  -0.227   0.080   0.029   0.091  -0.155   0.186  -0.077   0.064  -0.025  -0.049   0.000
  1978   1.799   3.256  -2.362   0.074   2.590   0.320  -2.586   2.751  -0.513   1.021  -0.960  -1.274  -0.426   0.841  -0.134   0.871  -0.775  -0.043   0.379   0.241   0.830  -0.612   0.633  -0.533   0.750  -0.071  -0.118  -0.286   0.091   0.673   0.058   0.215  -0.384  -0.194   0.049  -0.154  -0.213   0.038  -0.145   0.109   0.220  -0.002  -0.080  -0.017  -0.042  -0.027  -0.074  -0.062   0.005   0.002   0.000
  1979  -0.788   1.897  -3.411  -0.928   0.962   0.175  -2.231   1.766   0.376   0.586   0.723  -0.878  -0.974   1.045  -0.340  -0.344  -0.965  -0.993   0.013  -0.343  -0.560  -0.229   0.004  -0.397  -0.146   0.746  -0.397   0.512   0.280  -0.448  -0.172  -0.250   0.300   0.118  -0.104   0.066   0.370  -0.122   0.302  -0.176  -0.208   0.029   0.234   0.089   0.022   0.008   0.005   0.168  -0.046   0.024   0.000
  1980  -4.414  -0.908  -0.602  -3.099  -0.102  -0.699  -1.111   2.345   0.930  -2.260   0.396  -0.057   0.524  -1.494  -0.522  -0.446  -0.591  -0.297  -0.116   0.069  -0.883   0.587  -0.394   0.055   0.191   0.010   0.261  -0.106   0.145   0.086   0.069  -0.030  -0.240   0.231   0.533  -0.362   0.068   0.450  -0.292   0.111   0.098   0.112  -0.007   0.118   0.031  -0.065   0.061   0.039  -0.074  -0.035   0.000
  1981  -4.293   0.101   0.750  -3.665   0.872  -0.141   0.051   1.574   0.839  -0.824  -0.372   0.158   1.294  -0.180  -0.513  -0.243  -0.589  -0.020   0.439   0.306  -0.048   0.664  -0.360  -0.158   0.115   0.246  -0.095  -0.813  -0.693  -0.108  -0.320   0.027   0.196  -0.078  -0.556   0.108  -0.093  -0.482   0.043  -0.085   0.031  -0.230  -0.104  -0.241  -0.076   0.133   0.098   0.021   0.089   0.034   0.000
  1982  -5.058   1.251   1.890  -3.313   1.603  -0.096   1.668   0.525   0.996   0.263  -0.571   0.905   1.153   0.058   0.259   1.086  -0.262  -0.512  -0.389   0.413   0.900   0.387  -0.343   0.420   0.381   0.120  -0.083   0.984   0.312   0.154   0.113   0.175   0.304  -0.295   0.190   0.657   0.002  -0.143  -0.104   0.100  -0.070   0.001   0.117   0.192   0.098  -0.079   0.001  -0.040   0.076  -0.028   0.000
  1983  -4.281   1.043   2.755  -3.046   1.006   0.636   1.520  -0.071   0.323  -0.278  -1.031   0.399   0.703   0.162   1.054  -0.362   0.193   0.005   0.221   0.018   0.268  -0.664   0.256   0.026   0.109   0.030  -0.152  -0.281   0.222  -0.162   0.032  -0.003   0.118   0.126  -0.516  -0.337  -0.295   0.456   0.376   0.252  -0.194   0.190  -0.152   0.192   0.177   0.137  -0.087   0.007  -0.125   0.049   0.000
  1984  -4.167   2.472   3.978  -2.236   2.638   1.214   1.700  -0.179   0.201   0.507  -0.570   1.124  -0.798   0.207   0.239  -1.007   0.775  -0.389   1.244  -0.216  -0.202  -1.138   0.837   0.435  -0.295   0.497   0.367  -0.119  -0.204   0.057   0.077  -0.122  -0.141   0.006   0.383  -0.279   0.113  -0.120  -0.122  -0.184  -0.021  -0.178   0.027   0.024  -0.119  -0.122   0.064   0.051   0.079  -0.062   0.000
  1985  -4.774   2.129   2.800  -2.782   0.624   0.168   1.518  -1.041   0.160   0.675  -0.114  -0.465  -0.258  -0.374  -0.107   0.277  -0.304   1.364  -0.577  -1.308   0.014   0.372   0.460  -0.481  -0.200  -0.073  -0.527  -0.019   0.476  -0.435  -0.272   0.089  -0.367  -0.340   0.113   0.158   0.193   0.192  -0.192  -0.053   0.126   0.252  -0.018  -0.159  -0.238   0.062  -0.052   0.120   0.035   0.046   0.000
  1986  -2.190   3.339   3.713   0.087   2.624   1.496   1.141   0.747  -0.971   1.471  -0.816  -0.015  -1.773   0.126  -1.046  -0.255   0.592   0.069  -0.765  -0.336  -0.643   0.683  -0.450  -0.381  -0.414  -0.246  -0.142  -0.151  -0.335   0.494   0.120   0.259   0.480   0.378   0.053   0.191   0.050   0.210  -0.064  -0.083   0.034  -0.048   0.047  -0.039   0.194   0.052   0.086  -0.170  -0.088   0.016   0.000
  1987  -2.986   1.572   2.496   0.520   1.335   1.829   0.250   0.216  -0.933   0.962   0.665   0.108  -0.330  -0.319  -0.318  -0.050   0.366   0.462   0.022   0.974  -0.309   0.026  -0.610  -0.193   0.955  -0.703   0.325   0.401   0.076  -1.001   0.414  -0.027  -0.137   0.332  -0.091  -0.398  -0.249  -0.344   0.028   0.170   0.135   0.041   0.213  -0.098  -0.004  -0.066  -0.042   0.063   0.039   0.021   0.000
  1988  -4.113   0.849   2.323  -0.302   0.077   0.910  -0.150  -0.756  -1.250   0.069   0.940  -2.537   0.556   0.066  -0.743   0.054  -0.335   1.109   0.297   0.258   0.233  -0.058  -1.236   0.406  -0.212   0.267  -0.047  -0.053   0.130   0.202  -0.099  -0.116   0.180  -0.140   0.080  -0.192  -0.194   0.138   0.082  -0.293  -0.340  -0.131  -0.176   0.059  -0.074  -0.140  -0.168  -0.039   0.021  -0.064   0.000
  1989  -4.995   0.331   2.419   0.063   0.519  -0.480  -0.187  -1.026  -0.230   0.133   1.415  -0.654  -0.187  -0.132  -0.276  -0.167   0.295  -0.260   0.323   0.516   0.546  -0.381  -0.506   0.613  -0.253   0.293  -0.242   0.136  -0.113   0.274  -0.379  -0.582  -0.541  -0.165   0.288   0.137   0.218  -0.415   0.096   0.275   0.256   0.118   0.013  -0.109   0.058   0.189   0.057  -0.076  -0.189   0.021   0.000
  1990  -3.207   0.901   3.625   1.318   0.823   0.209  -0.148  -0.972  -0.946  -0.025   1.967   0.332   0.075  -1.512   0.079   0.914  -0.161  -1.456  -0.730   0.028   0.817   0.753   0.893  -0.655  -0.203   0.222   0.208   0.145  -0.349   0.287   0.309  -0.161  -0.120   0.013  -0.410  -0.317   0.064   0.142   0.052   0.009  -0.190  -0.062   0.022  -0.019  -0.208  -0.063   0.007  -0.006  -0.027  -0.017   0.000
  1991  -5.752  -1.841  -0.416  -0.589  -1.234   0.192  -0.328  -0.557  -1.774  -0.450   1.070  -0.583  -0.127  -0.298   0.273  -0.326   0.388  -0.864  -0.714  -0.231  -0.627  -0.421   0.435   0.209  -0.052   0.103  -0.188  -0.163  -0.158   0.171  -0.061  -0.093   0.117  -0.054  -0.023   0.238  -0.115  -0.096  -0.139   0.053   0.277  -0.060  -0.185   0.038   0.315  -0.184  -0.185   0.085   0.138   0.121   0.000
  1992  -3.887   0.585   1.891   1.127  -0.489   0.841  -0.301  -0.257  -0.945  -0.502   1.489  -0.547   1.123   0.280   0.612   0.114  -0.649  -0.146   0.218  -0.696  -0.814  -0.636   0.071  -0.203  -0.080  -0.500   0.441  -0.293   0.311   0.133   0.187   0.201  -0.096  -0.117  -0.173   0.376  -0.098   0.155   0.206  -0.062   0.234  -0.020   0.282   0.086   0.054   0.244   0.072  -0.074   0.101  -0.119   0.000
  1993  -4.006   1.009   2.856   2.807   0.034  -0.233   0.374  -0.156   0.999  -0.782   0.373  -0.462   0.801   1.050   0.671   0.562  -0.789   0.244  -0.376   0.130  -0.115  -0.244   0.741  -0.310   0.055  -0.545   0.483  -0.093   0.341  -0.040   0.185   0.097   0.253   0.190   0.459   0.073  -0.010  -0.389   0.018  -0.197  -0.234   0.071  -0.334  -0.206   0.141  -0.079   0.180   0.058  -0.100   0.030   0.000
  1994  -2.631   2.218   4.229   4.330   0.296  -1.336   0.411  -0.505   1.345  -1.358  -0.247   0.059  -0.162   1.426  -0.237  -0.052  -0.028   0.095  -0.522   0.712   0.012   0.121   0.025   0.068  -0.090   0.043  -0.106  -0.252  -0.100   0.280  -0.856   0.418  -0.080   0.544   0.052  -0.204   0.268  -0.007  -0.024   0.230  -0.074   0.086   0.204   0.151  -0.113   0.026  -0.121   0.013   0.135   0.022   0.000
  1995  -3.824   0.546   1.853   3.374  -0.046  -1.306  -0.364  -0.079  -0.214  -0.683  -0.850   0.627  -0.720   1.668  -0.160  -0.726  -0.149  -0.267  -0.291  -0.247   0.353   0.580  -0.345  -0.024   0.007  -0.337  -0.415   0.223  -0.283  -0.383   0.122  -0.357   0.159  -0.635  -0.077  -0.095  -0.112   0.300   0.068   0.162   0.306  -0.222  -0.237   0.063  -0.011  -0.051   0.067   0.161  -0.023  -0.096   0.000
  1996  -5.220  -1.237   1.125   2.813  -0.824  -0.582  -0.221   0.539   0.255  -1.563  -0.641   0.720  -0.317   0.435   0.164  -0.990  -0.211  -0.268   0.763  -0.441   0.347   0.077  -0.216   0.120   0.391  -0.294  -0.302  -0.072   0.001  -0.115   0.592  -0.265  -0.392  -0.268  -0.190   0.211   0.098   0.085  -0.220  -0.385  -0.225   0.060   0.249  -0.087   0.008  -0.044  -0.116  -0.207  -0.036   0.090   0.000
  1997  -7.459  -3.166  -0.894   0.204  -3.044  -0.907   0.113  -0.487  -0.444  -0.792  -2.147   0.130  -0.734  -0.994   0.337   0.571  -0.018   0.226  -0.868   0.264  -0.338  -0.671   0.153  -0.338   0.396   0.523   0.193   0.719   0.183   0.023  -0.519   0.076   0.125   0.069   0.020  -0.182  -0.225  -0.040   0.184  -0.292   0.217  -0.295   0.054  -0.083  -0.128   0.054  -0.006  -0.113  -0.068  -0.001   0.000
  1998  -5.735  -0.564  -0.098   2.737  -1.628  -0.982  -1.351   0.503   0.378   1.208  -1.419   1.197   0.383  -1.167   0.169   0.053   0.389   0.140   0.407  -0.262  -0.252  -0.056  -0.780  -0.437  -0.398   0.410   0.400  -0.490   0.474   0.460   0.496   0.077   0.245  -0.189   0.026   0.062   0.338  -0.236   0.184   0.333  -0.046   0.120   0.010  -0.186  -0.013  -0.075  -0.152   0.108   0.004  -0.032   0.000
  1999  -6.332  -1.463  -0.308   1.434  -2.168  -0.319  -1.433  -0.051  -0.636   1.229  -0.363  -0.588  -0.152  -0.529  -0.019   0.272   0.340   1.037   0.645   0.245  -0.185   0.029   0.145   0.457   0.113  -0.166   0.219   0.065  -0.143   0.188  -0.052   0.281  -0.326  -0.094  -0.447   0.209   0.215   0.112  -0.148   0.065  -0.151  -0.138   0.031   0.351  -0.030  -0.063   0.297   0.133  -0.029   0.080   0.000
  2000  -6.214  -1.314  -0.225   2.949  -1.913  -1.730  -1.524   1.283   1.034   1.978   0.609   0.269   0.357  -0.765  -0.030   0.561   0.464  -0.252   0.949  -0.170   0.239   0.131   0.430   0.245  -0.307   0.184  -0.587   0.147  -0.382  -0.639  -0.194   0.037   0.282   0.329   0.297  -0.035  -0.474   0.174  -0.165  -0.107  -0.033   0.196  -0.131  -0.002   0.062   0.161  -0.017  -0.082   0.071  -0.033   0.000
