 % variance  0.142   0.142   0.078
 cumulative  0.142   0.284   0.362
 series_id   #  1       2       3
  50274      0.455   0.198   0.363
  80233      0.434   0.221  -0.001
  100771     0.211   0.474  -0.234
  151021     0.256   0.647   0.267
  110811     0.213   0.495  -0.350
  101136    -0.045   0.255   0.108
  121305     0.570   0.266   0.012
  60353      0.642  -0.284   0.111
  60116      0.216   0.597   0.100
  80235      0.370   0.293   0.416
  100540     0.272   0.012  -0.642
  60143      0.141   0.644   0.006
  121310    -0.056   0.662   0.130
  60345     -0.047   0.460   0.029
  90529      0.586  -0.092   0.347
  121186    -0.012   0.632   0.077
  70126      0.517   0.299  -0.298
  131087     0.100   0.434   0.203
  70096      0.588   0.252  -0.080
  80316      0.513   0.264   0.205
  80491      0.585  -0.047   0.049
  80330      0.373   0.455   0.065
  70502      0.506   0.322  -0.065
  70407      0.555   0.280   0.306
  70421      0.746   0.092  -0.035
  182060    -0.290   0.599  -0.014
  60550A     0.446   0.362   0.212
  121329     0.140   0.670   0.237
  180952     0.224   0.386   0.107
  161576     0.499   0.236   0.249
  32516      0.127   0.332   0.513
  172202     0.522  -0.128  -0.059
  92250A     0.193   0.451  -0.127
  50046      0.060   0.633   0.029
  202496     0.172   0.179   0.709
  122060     0.645  -0.069   0.337
  111314     0.245  -0.088   0.026
  62281      0.122   0.351  -0.499
  72396      0.432   0.269   0.419
  40649      0.247   0.140   0.592
  42092      0.537   0.036   0.179
  60522      0.178   0.545  -0.021
  111252     0.038   0.399   0.009
  72140      0.281   0.528  -0.032
  50499      0.429   0.226  -0.346
  82115      0.031   0.439   0.158
  10636      0.029   0.357   0.454
  22336      0.507   0.086   0.212
  62372      0.510   0.466   0.015
  121026     0.625   0.232   0.085
  30343A     0.587  -0.091  -0.133
  120911A    0.024   0.018   0.151
  121310A   -0.049   0.706   0.254
  190907A    0.063  -0.017  -0.685
  40617A     0.341   0.323  -0.112
  52343A     0.415   0.292  -0.026
  82228A     0.084   0.320  -0.216
  192112A    0.142  -0.058   0.481
  202248A   -0.216   0.643  -0.059
  112082     0.570  -0.234  -0.006
  52287      0.356   0.267   0.124
  121434     0.242   0.081   0.478
