 % variance  0.196   0.151   0.113
 cumulative  0.196   0.346   0.459
 series_id   #  1       2       3
  50274      0.192   0.719  -0.043
  80233      0.552  -0.282   0.250
  100771    -0.281  -0.138   0.496
  151021     0.053   0.699   0.341
  110811     0.140  -0.603   0.469
  101136    -0.275   0.679  -0.061
  121305     0.527  -0.395   0.349
  60353      0.729  -0.204  -0.155
  60116      0.072   0.006   0.659
  80235      0.591   0.213   0.266
  100540     0.244  -0.726   0.178
  60143      0.237   0.034   0.638
  121310    -0.131   0.014   0.701
  60345     -0.451   0.062   0.394
  90529      0.683   0.181  -0.084
  121186     0.356   0.064   0.479
  70126      0.464  -0.322   0.347
  131087     0.169   0.203   0.445
  70096      0.696  -0.193   0.233
  80316      0.694  -0.201   0.227
  80491      0.549   0.000   0.035
  80330      0.521  -0.319   0.428
  70502      0.579  -0.263   0.333
  70407      0.250   0.602   0.134
  70421      0.693  -0.248   0.187
  182060    -0.306   0.228   0.513
  60550A     0.304   0.123   0.469
  121329     0.434  -0.219   0.581
  180952     0.592  -0.017   0.267
  161576     0.643   0.224   0.172
  32516     -0.141   0.543   0.149
  172202     0.597  -0.403   0.007
  92250A     0.418  -0.244   0.406
  50046      0.176  -0.371   0.589
  202496     0.562   0.476   0.069
  122060     0.687   0.282  -0.041
  111314     0.106  -0.094   0.036
  62281      0.270  -0.605   0.333
  72396      0.359   0.610   0.114
  40649     -0.121   0.756  -0.087
  42092      0.684   0.105   0.010
  60522      0.449  -0.453   0.385
  111252     0.089   0.293   0.282
  72140     -0.104  -0.220   0.550
  50499      0.518  -0.493   0.221
  82115      0.340  -0.049   0.435
  10636     -0.018   0.735   0.056
  22336      0.604  -0.310   0.188
  62372      0.199   0.379   0.464
  121026     0.700  -0.101   0.251
  30343A     0.575  -0.244  -0.009
  120911A   -0.092   0.508  -0.126
  121310A    0.248   0.091   0.671
  190907A    0.031  -0.712   0.149
  40617A     0.014  -0.205   0.439
  52343A     0.509  -0.095   0.356
  82228A    -0.263   0.619  -0.010
  192112A    0.546   0.099  -0.023
  202248A   -0.559   0.412   0.331
  112082     0.621  -0.210  -0.096
  52287     -0.100   0.673   0.024
  121434     0.646   0.069   0.078
