  year  #   1       2       3       4       5       6       7       8       9      10
  1950  -2.579   0.568   1.184  -1.982  -0.251  -0.918   0.998   1.074  -0.147   0.390
  1951  -1.706   1.103   1.461  -2.375  -0.989  -0.416   0.639   1.281   0.136  -0.010
  1952   1.800   1.990   1.572  -2.709   0.473  -0.028   0.427  -0.732  -0.718   0.331
  1953   1.892   1.667   1.176  -2.494   1.104  -0.181  -0.272   0.443  -0.209  -0.318
  1954  -0.464   1.671   0.349  -0.010  -0.601   0.639   0.292  -0.360  -0.089  -0.317
  1955   0.500   1.223   0.325   0.066   0.034  -0.344  -0.224  -0.460   0.157  -0.050
  1956   1.248   1.165   1.108   0.155  -0.911   0.011  -0.217  -0.434   1.046  -0.168
  1957   2.003   1.838   0.246   0.567  -1.160   1.316  -0.008  -0.772  -0.160  -0.222
  1958   1.474   1.015  -0.496   0.818  -0.702   1.757  -0.686   0.174   0.399   0.598
  1959   1.086   1.220   0.042   0.166  -0.215   0.880  -0.109  -0.309   0.366  -0.140
  1960  -1.062   1.841   0.772   1.141   0.578  -1.406  -0.032  -1.404  -0.515  -0.174
  1961   1.190   1.425   1.208   1.358   2.372  -1.252  -0.791  -0.622   0.068   0.070
  1962  -0.750   1.585   0.469   0.110   1.198   0.073  -0.121   1.242   0.926   0.222
  1963  -0.754   0.496  -0.418   1.534   2.318  -0.086   0.272   0.401  -0.682  -0.231
  1964  -1.839   1.446   0.280   0.744   2.621   0.486   0.275   0.135   0.053  -0.155
  1965  -2.222   1.467   0.472   0.948   0.520   1.338  -0.593   0.696   0.035  -0.171
  1966  -3.050   1.282   0.511   1.042  -0.894   1.011  -0.370  -0.022  -0.611  -0.358
  1967  -2.333   1.268   0.594   0.809  -0.484   0.832   0.434  -0.186  -0.055   0.442
  1968  -1.990  -0.963   0.737  -0.388   0.330   0.649   0.385  -0.666   0.876  -0.052
  1969  -0.902  -2.037   0.742   0.659  -0.392   0.135   0.093  -0.221  -0.856   0.174
  1970  -1.770  -3.917  -0.164   0.290   1.462   0.797  -0.156  -0.028  -0.324  -0.088
  1971  -1.645  -3.276   1.707  -0.140  -0.020   0.347   0.070   0.095  -0.596   0.243
  1972   0.613  -2.121   0.402  -0.821   0.547   0.597   0.169  -0.520  -0.872   0.072
  1973   2.676  -2.506   1.560  -0.680   0.283   0.599  -0.494   0.433   0.034  -0.201
  1974   2.748  -2.094   1.459  -0.355  -0.300   0.834   0.009   0.046   0.052  -0.109
  1975   0.031  -0.727   0.142   0.601   0.654  -0.113   0.316  -1.088   0.251   0.350
  1976  -0.924  -0.345  -0.856  -0.605  -0.011   0.072   0.332  -0.632   0.606  -0.035
  1977  -3.770  -0.607  -1.032  -0.792  -0.504  -0.843   0.846  -0.695   0.432  -0.263
  1978  -0.954  -1.813  -2.022  -0.400   0.896  -0.174  -0.027  -0.173   0.771  -0.486
  1979  -0.272  -1.351  -1.850  -0.623   0.718  -1.092   0.469   0.308   0.477   0.249
  1980   0.260  -0.147  -3.389  -0.061   0.638   0.257  -1.547   0.857  -0.296  -0.070
  1981   0.320   1.305  -2.982   0.573  -0.644  -0.069   0.006   0.173  -1.333   0.409
  1982   0.772   0.685  -1.689   0.694  -0.355   0.098   1.467   0.030   0.144   0.296
  1983   1.648   0.508  -0.941  -0.318   0.028   0.649   0.933   0.002  -0.423   0.048
  1984   1.900   0.689  -1.247   0.174   0.234   0.229   0.415   0.273   0.678  -0.238
  1985   0.899   0.597  -0.583   0.653  -0.347   0.019   1.708   0.633   0.391  -0.390
  1986  -0.140  -0.245  -0.412   1.057  -0.645  -1.002   1.425  -0.305  -0.252   0.067
  1987   1.261  -1.342  -0.076   1.531  -1.460   0.683   0.676   0.510  -0.154  -0.070
  1988   1.311  -1.597   1.188   1.705   0.213  -0.249   0.349  -0.433   0.159   0.308
  1989   0.437  -1.228   1.255   1.359  -0.797  -0.931   0.193   1.248   0.093  -0.400
  1990   0.160  -0.159   1.402   2.794  -1.405  -1.634  -1.157   0.443   0.868   0.371
  1991  -3.199  -0.297  -0.340  -1.049  -2.077  -0.320  -1.771  -0.842  -0.020  -0.381
  1992  -1.465   0.579  -0.643  -0.654  -0.653  -0.533  -1.051  -0.339  -0.201   0.355
  1993   0.779   0.622   0.563  -0.102   0.246  -0.050  -0.766   0.381  -0.629  -0.232
  1994   1.176  -0.173  -0.479   0.123  -0.654  -0.952  -0.700   0.755  -0.653  -0.176
  1995   2.184  -0.272  -0.416  -0.038  -0.570  -1.416  -0.390   0.444  -0.367  -0.130
  1996   1.291  -0.167  -0.705  -0.776  -1.209  -0.420   0.531  -0.409  -0.476  -0.246
  1997   1.516  -0.445  -0.236  -0.843   0.616  -0.817  -0.548  -0.397  -0.111   0.057
  1998   2.323  -1.070  -1.168  -1.537   0.014  -0.017  -0.375  -0.817   1.011   0.094
  1999   0.016   0.076  -0.420  -0.899   0.391   0.164  -0.673   0.415   0.316   0.517
  2000  -1.723  -0.432  -0.361  -1.020  -0.241   0.787  -0.657   0.372   0.403   0.219
