  year  #   1
  1950   0.160
  1951  -0.279
  1952   1.842
  1953   0.788
  1954  -1.050
  1955   0.499
  1956   0.377
  1957   0.633
  1958   0.435
  1959  -0.112
  1960  -1.053
  1961   1.872
  1962  -0.532
  1963   0.249
  1964  -0.424
  1965  -0.712
  1966  -1.551
  1967  -0.116
  1968  -0.797
  1969   0.140
  1970  -0.728
  1971  -0.474
  1972   0.856
  1973   1.540
  1974   0.639
  1975  -0.859
  1976  -0.993
  1977  -2.465
  1978   0.877
  1979   0.444
  1980   0.277
  1981   0.186
  1982   0.584
  1983   0.680
  1984   0.683
  1985   0.046
  1986  -0.630
  1987   0.736
  1988   0.525
  1989  -0.345
  1990  -0.136
  1991  -3.684
  1992   0.593
  1993   1.368
  1994   0.221
  1995   0.788
  1996  -0.520
  1997   0.640
  1998   0.471
  1999  -0.337
  2000  -1.350
