frni_drop.rwl -- no data title --                         1st itrdb line missing     
frni_drop.rwl -- no data title --                         2nd itrdb line missing     
frni_drop.rwl -- no data title --                         3rd itrdb line missing     
frni_d18719990  0   0  1   0  1   0  1   0  1   0  1   0  1   0  1   0  1   0  1  err
frni_d1880   0  1   0  1   0  1   0  1   0  1   0  1   0  1   0  1   0  1   0  1  err
frni_d1890   0  1   0  1   0  1   0  1   0  1   0  1   0  1   0  1   0  1   0  1  err
frni_d1900   0  1   0  1   0  1   0  1 652  2 445  3 413  3 396  3 224  3 688  3  err
frni_d1910 149  3 254  3 304  4 281  4 253  4 403  4 323  6 242  7 268  7 352  7  err
frni_d1920 351  7 334  7 452  7 416  7 627  7 495  7 532  7 650  7 400  7 351  7  err
frni_d1930 323  7 258  7 267  7 361  7 325  7 292  7 479  7 430  7 309  7 172  7  err
frni_d1940 314  8 289  8 300  9 310 10 317 10 387 10 315 10 259 10 372 10 347 10  err
frni_d1950 472 10 493 10 377 10 366 10 261 10 258 11 267 11 240 11 258 11 256 11  err
frni_d1960 265 11 289 12 273 12 287 13 304 14 302 14 263 14 277 14 235 15 251 15  err
frni_d1970 248 15 245 15 206 15 214 16 191 16 162 16 199 16 151 17 168 17 172 17  err
frni_d1980 205 17 176 17 128 17 111 17 112 17 152 17 136 17 131 17 165 17 174 17  err
frni_d1990 190 17 125 17 126 17 146 17 195 17 209 17 165 17 185 17 187 17 202 17  err
frni_d2000 173 17 172 17 172 17 168 17 188 17 240 16 262 14 292 14 236 14 243 14  err
frni_d2010 304 13 271 13 273 12 296 12 266 12 261  9 206  49990  09990  09990  0  err
frni_drop.rwl -- no data title --                         1st itrdb line missing     
frni_drop.rwl -- no data title --                         2nd itrdb line missing     
frni_drop.rwl -- no data title --                         3rd itrdb line missing     
frni_d18719990  0   0  1   0  1   0  1   0  1   0  1   0  1   0  1   0  1   0  1  err
frni_d1880   0  1   0  1   0  1   0  1   0  1   0  1   0  1   0  1   0  1   0  1  err
frni_d1890   0  1   0  1   0  1   0  1   0  1   0  1   0  1   0  1   0  1   0  1  err
frni_d1900   0  1   0  1   0  1   0  1  38  2 139  3  32  3  76  3  19  3 254  3  err
frni_d1910  21  3 195  3  58  4 139  4  70  4 145  4 119  6 119  7  72  7  79  7  err
frni_d1920  75  7  82  7  68  7  66  7 123  7 119  7 119  7 101  7  39  7  41  7  err
frni_d1930  40  7  64  7  63  7  78  7  51  7  82  7  90  7  94  7  52  7  70  7  err
frni_d1940  75  8  65  8  59  9  73 10  58 10  57 10  52 10  55 10  65 10  64 10  err
frni_d1950  84 10  94 10 105 10  76 10  59 10  43 11  66 11  75 11  59 11  47 11  err
frni_d1960  69 11  67 12  45 12  66 13  81 14  57 14  69 14  61 14  66 15  76 15  err
frni_d1970  83 15  70 15  93 15 100 16  89 16  60 16  62 16  49 17  74 17  70 17  err
frni_d1980  82 17  81 17  52 17  35 17  37 17  57 17  51 17  51 17  54 17  59 17  err
frni_d1990  77 17  58 17  58 17  59 17  60 17  72 17  48 17  45 17  62 17  35 17  err
frni_d2000  43 17  46 17  55 17  47 17  66 17  75 16  66 14  79 14  51 14  48 14  err
frni_d2010  47 13  35 13  31 12  52 12  66 12  98  9  39  49990  09990  09990  0  err
frni_drop.rwl -- no data title --                         1st itrdb line missing     
frni_drop.rwl -- no data title --                         2nd itrdb line missing     
frni_drop.rwl -- no data title --                         3rd itrdb line missing     
frni_d18719990  0   0  1   0  1   0  1   0  1   0  1   0  1   0  1   0  1   0  1  err
frni_d1880   0  1   0  1   0  1   0  1   0  1   0  1   0  1   0  1   0  1   0  1  err
frni_d1890   0  1   0  1   0  1   0  1   0  1   0  1   0  1   0  1   0  1   0  1  err
frni_d1900   0  1   0  1   0  1   0  1  40  2  35  3 176  3  74  3   7  3 182  3  err
frni_d1910 134  3 213  3  64  4 110  4 109  4  77  4  82  6  91  7  15  7  59  7  err
frni_d1920  63  7 103  7  77  7  49  7  91  7  61  7  60  7  42  7  22  7  57  7  err
frni_d1930  31  7  29  7  33  7  62  7  39  7  58  7  73  7  43  7  56  7  64  7  err
frni_d1940  55  8  34  8  28  9  64 10  55 10  47 10  38 10  70 10  54 10  40 10  err
frni_d1950  65 10  55 10  75 10  35 10  67 10  26 11  41 11  35 11  36 11  24 11  err
frni_d1960  46 11  48 12  57 12  68 13  65 14  42 14  44 14  43 14  59 15  68 15  err
frni_d1970  39 15  35 15  72 15  75 16  38 16  50 16  57 16  31 17  68 17  41 17  err
frni_d1980  76 17  49 17  22 17  33 17  32 17  28 17  35 17  53 17  46 17  26 17  err
frni_d1990  60 17  52 17  36 17  46 17  42 17  40 17  41 17  44 17  48 17  34 17  err
frni_d2000  31 17  31 17  35 17  36 17  60 17  55 16  26 14  34 14  39 14  32 14  err
frni_d2010  44 13  29 13  43 12  37 12  45 12  65  9  60  49990  09990  09990  0  err
frni_drop.rwl -- no data title --                         1st itrdb line missing     
frni_drop.rwl -- no data title --                         2nd itrdb line missing     
frni_drop.rwl -- no data title --                         3rd itrdb line missing     
frni_d18719990  0   0  1   0  1   0  1   0  1   0  1   0  1   0  1   0  1   0  1  err
frni_d1880   0  1   0  1   0  1   0  1   0  1   0  1   0  1   0  1   0  1   0  1  err
frni_d1890   0  1   0  1   0  1   0  1   0  1   0  1   0  1   0  1   0  1   0  1  err
frni_d1900   0  1   0  1   0  1   0  1  34  2  29  3 149  3  63  3   6  3 154  3  err
frni_d1910 114  3 180  3  54  4  93  4  92  4  65  4  70  6  77  7  13  7  50  7  err
frni_d1920  54  7  87  7  65  7  42  7  77  7  52  7  50  7  35  7  19  7  49  7  err
frni_d1930  26  7  25  7  28  7  52  7  33  7  49  7  61  7  36  7  47  7  54  7  err
frni_d1940  46  8  29  8  23  9  54 10  47 10  40 10  32 10  59 10  46 10  34 10  err
frni_d1950  55 10  47 10  64 10  30 10  56 10  22 11  35 11  30 11  30 11  20 11  err
frni_d1960  39 11  40 12  48 12  57 13  55 14  35 14  38 14  37 14  50 15  57 15  err
frni_d1970  33 15  30 15  61 15  64 16  32 16  42 16  49 16  26 17  57 17  34 17  err
frni_d1980  64 17  42 17  19 17  28 17  27 17  23 17  30 17  45 17  39 17  22 17  err
frni_d1990  51 17  44 17  31 17  39 17  35 17  34 17  34 17  37 17  40 17  29 17  err
frni_d2000  26 17  26 17  30 17  30 17  51 17  46 16  22 14  29 14  33 14  27 14  err
frni_d2010  37 13  25 13  36 12  31 12  38 12  55  9  51  49990  09990  09990  0  err
