  year  #   1       2       3       4       5       6       7       8       9
  1950  -2.779  -1.182   1.204  -1.520   0.087  -1.163  -0.264  -0.467   0.086
  1951  -3.316  -0.450   1.431  -1.348  -0.191  -0.691  -0.170  -0.701   0.109
  1952  -3.748   1.839   1.673  -1.699   1.024  -1.133  -0.207   0.922   0.155
  1953  -3.832   1.439   1.384  -1.386   1.120  -0.429   0.050  -0.465  -0.869
  1954  -2.265   0.202  -0.605  -0.044  -0.589  -0.059  -0.091  -0.052  -0.176
  1955  -2.008   0.190  -0.431  -0.114   0.131  -0.010  -0.173  -0.210   0.130
  1956  -2.508   0.624   0.011   0.499  -0.153   0.566   0.208  -0.458   0.838
  1957  -2.171   2.769  -0.954   0.923  -0.853   0.443  -0.176   0.818   0.028
  1958  -2.121   2.370  -0.622   1.025  -0.780   1.392  -0.140  -0.207   0.318
  1959  -2.021   1.183  -0.644   0.505  -0.441   0.606   0.139  -0.096   0.083
  1960  -1.451  -0.999  -1.641   0.542   0.756  -0.519  -0.075   0.615   0.213
  1961  -1.508  -0.261  -1.029   1.251   2.329   0.316   0.250   0.178   0.117
  1962  -2.405  -0.527  -0.920   0.727   0.876   0.518   0.715  -0.839   0.175
  1963  -0.510  -0.758  -0.709   0.858   0.736  -0.310   0.132  -0.106  -0.948
  1964  -1.519  -1.272  -1.233   0.659   0.854   0.038   0.792   0.116  -0.632
  1965  -1.875  -0.921  -1.211   1.210  -0.063   0.575   0.285  -0.062  -0.123
  1966  -1.413  -1.239  -1.241   0.926  -0.760   0.017  -0.171   0.360  -0.079
  1967  -1.335  -1.061  -1.054   0.932  -0.487  -0.151   0.256   0.408   0.298
  1968  -0.832  -1.631   0.088  -0.164  -0.788   0.272   0.377   0.064   0.137
  1969  -0.018  -1.076   1.014   0.616  -0.641  -0.288  -0.515   0.256  -0.040
  1970   0.835  -1.636   1.190  -0.123  -0.436   0.829  -0.139   0.056  -0.653
  1971  -0.151  -1.546   1.951   0.232  -0.590  -0.198  -0.373   0.403   0.206
  1972   0.098  -0.148   1.422  -0.438  -0.488   0.300  -0.172   0.563  -0.150
  1973  -0.098   0.978   3.289   0.347  -0.229   0.972  -0.207  -0.091   0.168
  1974   0.006   1.208   3.054   0.800  -0.678   0.554   0.141   0.185   0.192
  1975   0.713  -0.675   0.085   0.018  -0.151   0.060   0.288   0.450   0.019
  1976   0.227  -0.744  -0.424  -0.774  -0.871   0.172   0.196  -0.180   0.024
  1977   0.164  -2.227  -0.833  -1.027  -1.100  -0.501  -0.054  -0.255   0.105
  1978   1.323  -0.900  -0.117  -1.070  -0.537   0.829   0.209  -0.724  -0.387
  1979   1.529  -0.385  -0.143  -1.202  -0.038  -0.030   0.156  -1.148   0.163
  1980   1.645   1.296  -0.874  -0.561  -0.023   1.206  -1.320  -0.948  -0.719
  1981   1.584   2.674  -2.407  -0.453  -0.405  -0.789  -1.117   0.587  -0.244
  1982   1.711   1.538  -1.127  -0.123  -0.558  -1.090   0.758  -0.496   0.236
  1983   1.152   1.964  -0.558  -0.307  -0.580  -0.387   0.340   0.486  -0.257
  1984   1.516   1.718  -0.682  -0.277  -0.229   0.066   0.653  -0.634  -0.040
  1985   1.553   0.866  -0.241   0.662  -0.600  -1.237   1.142  -0.714  -0.026
  1986   1.828  -0.190  -0.329   0.341  -0.231  -1.382   0.351  -0.140   0.221
  1987   1.982   0.882   1.307   2.193  -0.802  -0.614   0.229  -0.035  -0.425
  1988   2.550  -0.182   1.769   2.019   0.602  -0.384   0.554   0.734  -0.261
  1989   1.746  -0.664   1.440   1.849   0.251  -0.683  -0.331  -0.478  -0.127
  1990   1.715  -0.848   0.213   2.203   1.388   0.087  -1.069  -0.608   0.709
  1991   0.232  -1.860  -0.862  -0.823  -0.906   0.183  -0.997   0.358   0.166
  1992   0.791  -0.833  -1.064  -0.816  -0.042   0.001  -0.686   0.495   0.211
  1993   1.080   0.078  -0.255  -0.079   0.606   0.155  -0.520   0.707  -0.265
  1994   1.942   0.360  -0.122  -0.202   0.798  -0.041  -1.155  -0.355   0.068
  1995   2.419   0.820   0.079  -0.440   1.168  -0.283  -0.751  -0.549   0.405
  1996   1.746   0.682  -0.411  -0.951  -0.066  -0.644   0.128   0.394   0.366
  1997   2.304   0.007   0.168  -1.253   1.215   0.489   0.225   0.573   0.082
  1998   2.818   0.753   0.424  -1.998   0.730   1.230   1.446   0.386   0.302
  1999   1.572  -0.625  -0.206  -1.089   0.704   0.566   0.456   0.416   0.111
  2000   1.098  -1.600  -0.247  -1.056  -0.073   0.574   0.397   0.488  -0.021
