frni_drop.rwl -- no data title --                         1st itrdb line missing     
frni_drop.rwl -- no data title --                         2nd itrdb line missing     
frni_drop.rwl -- no data title --                         3rd itrdb line missing     
frni_d18719990  03672  13844  13914  13162  13168  12971  12405  12990  12220  1  trn
frni_d18803594  12488  12769  12497  12661  12379  12332  12863  12619  12264  1  trn
frni_d18902424  12156  11861  11730  12312  12278  12196  12322  12822  13237  1  trn
frni_d19002864  13340  13125  12892  12249  22185  31825  32103  31960  31803  3  trn
frni_d19102537  32253  32219  32103  32127  32184  31916  52274  62144  62111  6  trn
frni_d19201723  61896  61846  61904  61142  61336  61388  62079  61924  61886  6  trn
frni_d19301797  61923  61935  62177  62009  62019  62267  62269  62238  62170  6  trn
frni_d19402163  72009  72198  81819  91425  91398  91421  9 862  91186  91136  9  trn
frni_d19501311  91407  91682  91722  91548  91759 101855 101927 101941 101877 10  trn
frni_d19601658 102044 111774 111736 121717 131664 131540 131543 131448 141589 14  trn
frni_d19701486 141424 141437 141778 151757 151628 151580 151079 161580 161684 16  trn
frni_d19801794 161818 161825 161809 161789 161863 161705 161782 161810 161689 16  trn
frni_d19901630 161138 161286 161490 161482 161493 161475 161479 161458 161487 16  trn
frni_d20001227 161304 161287 161321 161432 161316 151380 131438 131256 131307 13  trn
frni_d20101206 121215 12 995 111040 111063 111351  8 441  49990  09990  09990  0  trn
frni_drop.rwl -- no data title --                         1st itrdb line missing     
frni_drop.rwl -- no data title --                         2nd itrdb line missing     
frni_drop.rwl -- no data title --                         3rd itrdb line missing     
frni_d18719990  01052  11211  11312  1 917  1 959  1 897  1 695  1 971  1 676  1  std
frni_d18801400  1 816  1 967  1 860  1 957  1 847  1 844  11117  11007  1 864  1  std
frni_d1890 945  1 850  1 762  1 736  1 945  1 941  1 921  1 973  11172  11353  1  std
frni_d19001195  11402  11312  11222  11189  2 927  3 870  3 845  3 906  3 877  3  std
frni_d19101163  3 979  31064  31072  31164  31404  31323  51165  61060  61079  6  std
frni_d1920 823  6 932  6 880  6 920  6 631  6 684  6 730  61011  6 969  6 962  6  std
frni_d1930 901  6 997  61027  61145  61019  61024  61247  61256  61233  61044  6  std
frni_d19401256  71155  71204  81193  9 969  9 940  9 909  9 612  9 742  9 708  9  std
frni_d1950 789  9 825  91090  91131  9 957  91007 101039 101147 101156 101174 10  std
frni_d1960 940 101287 11 881 111097 121029 13 822 13 855 13 843 13 850 141021 14  std
frni_d1970 885 14 762 14 773 141029 151019 15 881 15 899 15 559 16 931 16 999 16  std
frni_d19801309 161143 161148 161218 161205 161198 161018 161171 161213 161066 16  std
frni_d19901021 16 601 16 699 16 859 16 888 16 931 161010 161162 161059 161092 16  std
frni_d2000 722 16 920 16 869 16 900 161167 161164 151192 131215 13 955 131080 13  std
frni_d20101001 12 984 12 867 11 933 11 980 11 963  8 536  49990  09990  09990  0  std
frni_drop.rwl -- no data title --                         1st itrdb line missing     
frni_drop.rwl -- no data title --                         2nd itrdb line missing     
frni_drop.rwl -- no data title --                         3rd itrdb line missing     
frni_d18719990  01012  11104  11108  1 848  1 981  1 935  1 808  11105  1 785  1  res
frni_d18801435  1 794  11031  1 907  11013  1 894  1 929  11165  1 956  1 867  1  res
frni_d18901006  1 881  1 827  1 841  11114  1 972  1 939  11010  11210  11284  1  res
frni_d19001011  11308  11099  11042  11120  2 887  3 765  3 936  3 837  3 896  3  res
frni_d19101240  3 893  31065  31049  31214  31312  31156  51052  6 955  61038  6  res
frni_d1920 825  61009  6 923  61005  6 653  6 867  6 821  61250  6 964  6 931  6  res
frni_d1930 920  61030  6 970  61194  6 928  6 999  61232  61084  61115  6 892  6  res
frni_d19401233  7 998  71177  81028  9 862  9 850  9 965  9 572  9 966  9 796  9  res
frni_d1950 967  9 942  91276  91096  9 890  91062 101075 101055 101102 10 989 10  res
frni_d1960 889 101352 11 847 111091 12 954 13 881 13 852 13 954 13 932 141102 14  res
frni_d1970 857 14 789 14 897 141124 151063 15 870 15 918 15 653 161265 161098 16  res
frni_d19801126 161077 161031 161110 161096 161012 16 907 161188 161150 161047 16  res
frni_d1990 934 16 587 161073 161123 16 867 161007 161039 161052 161048 16 985 16  res
frni_d2000 700 161093 16 933 16 982 161178 161024 151058 131101 13 862 131086 13  res
frni_d2010 961 12 945 12 858 111002 11 992 11 940  8 633  49990  09990  09990  0  res
frni_drop.rwl -- no data title --                         1st itrdb line missing     
frni_drop.rwl -- no data title --                         2nd itrdb line missing     
frni_drop.rwl -- no data title --                         3rd itrdb line missing     
frni_d18719990  01013  11114  11172  1 938  1 949  1 909  1 766  1 978  1 778  1  ars
frni_d18801327  1 963  11012  1 914  1 968  1 879  1 865  11095  11006  1 873  1  ars
frni_d1890 938  1 850  1 753  1 716  1 959  1 951  1 914  1 965  11197  11404  1  ars
frni_d19001224  11444  11338  11222  11242  21013  3 778  3 819  3 746  3 763  3  ars
frni_d19101114  3 953  31041  31072  31260  31468  31411  51270  61097  61091  6  ars
frni_d1920 874  6 942  6 894  6 949  6 641  6 680  6 658  61063  6 998  6 931  6  ars
frni_d1930 885  6 969  6 954  61174  61019  61010  61245  61217  61234  61014  6  ars
frni_d19401248  71129  71252  81162  9 947  9 825  9 873  9 532  9 711  9 652  9  ars
frni_d1950 780  9 826  91187  91199  9 995  91061 101110 101115 101166 101078 10  ars
frni_d1960 930 101327 111016 111102 121008 13 887 13 796 13 846 13 852 141023 14  ars
frni_d1970 871 14 728 14 754 14 991 151059 15 902 15 868 15 601 161043 161124 16  ars
frni_d19801196 161184 161130 161183 161197 161117 16 969 161176 161250 161181 16  ars
frni_d19901029 16 619 16 864 161051 16 895 16 952 161014 161061 161082 161029 16  ars
frni_d2000 723 16 943 16 904 16 932 161145 161102 151114 131164 13 948 131059 13  ars
frni_d2010 993 12 942 12 830 11 911 11 945 11 912  8 605  49990  09990  09990  0  ars
