  year  #   1
  1950  -2.188
  1951  -2.073
  1952  -2.371
  1953  -1.854
  1954   0.072
  1955   1.335
  1956   1.881
  1957   1.278
  1958   2.488
  1959   1.006
  1960   1.752
  1961   1.183
  1962   0.254
  1963   0.575
  1964  -0.282
  1965  -0.196
  1966  -0.911
  1967  -0.285
  1968   1.164
  1969   0.408
  1970   0.674
  1971   0.013
  1972  -0.339
  1973  -0.322
  1974  -0.575
  1975  -0.487
  1976  -0.274
  1977  -1.090
  1978  -0.492
  1979  -0.981
  1980   0.482
  1981   0.909
  1982   0.562
  1983  -0.031
  1984  -0.599
  1985   0.312
  1986   0.800
  1987  -0.247
  1988   0.333
  1989  -0.018
  1990   1.042
  1991  -0.402
  1992  -0.756
  1993   0.397
  1994   0.399
  1995  -0.530
  1996  -0.627
  1997  -0.355
  1998  -0.927
  1999  -0.302
  2000   0.197
