  year  #   1
  1950  -0.629
  1951  -0.609
  1952  -1.017
  1953  -0.732
  1954   0.585
  1955   1.333
  1956   1.818
  1957   1.373
  1958   2.406
  1959   1.312
  1960   1.983
  1961   1.510
  1962   0.839
  1963   0.967
  1964   0.172
  1965   0.254
  1966  -0.257
  1967   0.329
  1968   1.376
  1969   0.708
  1970   0.980
  1971   0.381
  1972   0.168
  1973   0.197
  1974   0.005
  1975   0.138
  1976   0.222
  1977  -0.653
  1978  -0.183
  1979  -0.482
  1980   0.133
  1981   0.371
  1982   0.217
  1983  -0.238
  1984  -0.727
  1985  -0.105
  1986   0.204
  1987  -0.631
  1988  -0.311
  1989  -0.578
  1990   0.155
  1991  -1.013
  1992  -1.372
  1993  -0.486
  1994  -0.686
  1995  -1.378
  1996  -1.498
  1997  -1.433
  1998  -2.001
  1999  -1.654
  2000  -1.462
