caovl_drop_subcanopy.rwl -- no data title --              1st itrdb line missing     
caovl_drop_subcanopy.rwl -- no data title --              2nd itrdb line missing     
caovl_drop_subcanopy.rwl -- no data title --              3rd itrdb line missing     
caovl_18849990  09990  09990  09990  0   0  1   0  1   0  1   0  1   0  1   0  1  err
caovl_1890   0  1   0  1   0  1   0  1   0  1  33  2  12  2 352  2 466  2 158  3  err
caovl_1900 134  4  10  4 118  4  87  4  90  4 178  4 213  4 418  5 101  5 251  5  err
caovl_1910 262  5 270  5 163  5 163  5 297  5 239  5 282  5 325  6 399  7 298  7  err
caovl_1920 350  7 240  7 441  7 336  8 420  8 409  9 122 10 228 10 243 10 279 10  err
caovl_1930 204 10 184 11 186 11 187 11 195 11 172 11 183 11 210 11 218 11 153 11  err
caovl_1940 210 12 216 12 215 12 197 12 218 12 175 12 164 12 157 12 222 12 215 12  err
caovl_1950 214 12 225 13 169 13 152 13 172 13 197 13 218 13 204 13 198 13 197 13  err
caovl_1960 238 13 237 13 184 13 169 13 192 13 187 13 168 13 175 13 182 13 160 13  err
caovl_1970 197 13 143 13 170 13 178 13 213 13 214 13 191 13 164 13 170 13 181 13  err
caovl_1980 170 13 129 13 138 13 158 13 118 13 166 13 127 13 113 13 101 13 140 13  err
caovl_1990 141 13 130 13 137 13 129 13 110 13  58 13 125 13  70 13 110 13  80 13  err
caovl_2000  81 13  80 13 130 13  85 13  97 13 148 12  55 12  93 11 153 10 124  7  err
caovl_2010   0  19990  09990  09990  09990  09990  09990  09990  09990  09990  0  err
caovl_drop_subcanopy.rwl -- no data title --              1st itrdb line missing     
caovl_drop_subcanopy.rwl -- no data title --              2nd itrdb line missing     
caovl_drop_subcanopy.rwl -- no data title --              3rd itrdb line missing     
caovl_18849990  09990  09990  09990  0   0  1   0  1   0  1   0  1   0  1   0  1  err
caovl_1890   0  1   0  1   0  1   0  1   0  1 179  2 164  2 400  2 468  2 153  3  err
caovl_1900  39  4  44  4  97  4  47  4  39  4  80  4 112  4  66  5  42  5 236  5  err
caovl_1910  79  5  62  5 149  5 128  5 156  5  97  5  97  5 159  6 161  7  59  7  err
caovl_1920 164  7 184  7 168  7 117  8 159  8 164  9  89 10  28 10  86 10 147 10  err
caovl_1930 101 10  86 11  56 11  67 11  46 11  61 11  78 11  28 11  28 11  38 11  err
caovl_1940  37 12  65 12  58 12  61 12  92 12  46 12  81 12  91 12  85 12  81 12  err
caovl_1950  71 12 102 13  87 13  43 13  59 13 110 13 121 13 124 13  82 13  76 13  err
caovl_1960  99 13  95 13  42 13  64 13  75 13  71 13  59 13  23 13  41 13  63 13  err
caovl_1970  60 13  43 13  57 13  50 13  71 13  74 13  74 13  56 13  54 13  76 13  err
caovl_1980  85 13  84 13  58 13  62 13  55 13  61 13  38 13  58 13  53 13  57 13  err
caovl_1990  60 13  38 13  44 13  29 13  43 13  45 13  61 13  67 13  56 13  51 13  err
caovl_2000  58 13  63 13  67 13  51 13  32 13  48 12  24 12  33 11  58 10  17  7  err
caovl_2010   0  19990  09990  09990  09990  09990  09990  09990  09990  09990  0  err
caovl_drop_subcanopy.rwl -- no data title --              1st itrdb line missing     
caovl_drop_subcanopy.rwl -- no data title --              2nd itrdb line missing     
caovl_drop_subcanopy.rwl -- no data title --              3rd itrdb line missing     
caovl_18849990  09990  09990  09990  0   0  1   0  1   0  1   0  1   0  1   0  1  err
caovl_1890   0  1   0  1   0  1   0  1   0  1 125  2  57  2 303  2 231  2 106  3  err
caovl_1900  30  4  11  4  59  4  55  4  12  4  62  4  52  4  46  5  53  5 112  5  err
caovl_1910  78  5  80  5  48  5  98  5  86  5 135  5  61  5  49  6  47  7  88  7  err
caovl_1920 153  7  64  7 111  7  61  8 100  8  74  9 105 10  64 10  45 10  44 10  err
caovl_1930  69 10  65 11  56 11  54 11  38 11  62 11  56 11  67 11  31 11  68 11  err
caovl_1940  74 12  40 12  41 12  55 12  55 12  42 12  60 12  86 12  43 12  60 12  err
caovl_1950  66 12  50 13  27 13  64 13  56 13  78 13  63 13  62 13  43 13  53 13  err
caovl_1960  90 13  54 13  49 13  59 13  56 13  25 13  41 13  55 13  31 13  56 13  err
caovl_1970  52 13  39 13  48 13  56 13  60 13  56 13  48 13  26 13  34 13  52 13  err
caovl_1980  89 13  43 13  44 13  52 13  39 13  63 13  27 13  47 13  39 13  45 13  err
caovl_1990  52 13  43 13  43 13  35 13  27 13  34 13  47 13  43 13  57 13  46 13  err
caovl_2000  42 13  49 13  70 13  56 13  55 13  60 12  41 12  34 11  91 10  34  7  err
caovl_2010   0  19990  09990  09990  09990  09990  09990  09990  09990  09990  0  err
caovl_drop_subcanopy.rwl -- no data title --              1st itrdb line missing     
caovl_drop_subcanopy.rwl -- no data title --              2nd itrdb line missing     
caovl_drop_subcanopy.rwl -- no data title --              3rd itrdb line missing     
caovl_18849990  09990  09990  09990  0   0  1   0  1   0  1   0  1   0  1   0  1  err
caovl_1890   0  1   0  1   0  1   0  1   0  1  92  2  42  2 221  2 169  2  78  3  err
caovl_1900  22  4   8  4  43  4  40  4   9  4  45  4  38  4  34  5  39  5  82  5  err
caovl_1910  57  5  58  5  35  5  72  5  62  5  98  5  45  5  36  6  34  7  64  7  err
caovl_1920 112  7  47  7  81  7  44  8  73  8  54  9  77 10  47 10  33 10  32 10  err
caovl_1930  51 10  47 11  41 11  40 11  28 11  45 11  41 11  49 11  23 11  50 11  err
caovl_1940  54 12  29 12  30 12  40 12  40 12  31 12  44 12  63 12  31 12  43 12  err
caovl_1950  48 12  37 13  20 13  46 13  41 13  57 13  46 13  45 13  32 13  39 13  err
caovl_1960  65 13  40 13  36 13  43 13  41 13  18 13  30 13  40 13  23 13  41 13  err
caovl_1970  38 13  28 13  35 13  41 13  44 13  41 13  35 13  19 13  25 13  38 13  err
caovl_1980  65 13  31 13  32 13  38 13  29 13  46 13  19 13  34 13  29 13  33 13  err
caovl_1990  38 13  31 13  31 13  26 13  20 13  25 13  34 13  31 13  41 13  34 13  err
caovl_2000  30 13  36 13  51 13  41 13  40 13  44 12  30 12  25 11  66 10  25  7  err
caovl_2010   0  19990  09990  09990  09990  09990  09990  09990  09990  09990  0  err
