  year  #   1       2       3       4       5       6       7       8       9      10      11      12
  1950  -3.406   1.723  -0.387   0.342  -1.389  -0.078  -0.467  -1.389   0.130  -0.740   0.098   0.559
  1951  -2.649   0.806   0.293   0.405   0.912  -0.902  -0.716   1.067   0.524  -0.297  -0.142  -0.697
  1952  -3.374  -1.179  -1.287   0.651   0.670   0.602   0.545  -1.616  -0.431  -0.119   0.177   0.001
  1953  -1.442  -1.275   2.415  -0.916  -0.254  -0.431   0.772  -0.362  -1.899   0.622   1.232   0.471
  1954   2.932  -1.566   1.990  -0.375  -0.582  -0.675   1.064   0.844   0.246  -0.852   0.281   0.705
  1955   3.396  -1.648   0.038   0.588  -0.063  -0.238   0.807  -0.968   0.711   0.884  -1.202  -0.661
  1956   3.386  -0.126   0.748   0.058  -1.011  -0.228  -0.660  -1.352   0.112   0.141  -0.166   0.119
  1957   0.161  -0.362   0.085  -1.938  -1.075  -1.121  -0.383  -0.052  -0.053   0.595  -0.081  -0.440
  1958   4.878   0.866  -1.282   0.743  -0.378   0.342  -0.514  -0.404  -1.418  -0.198  -0.694  -0.005
  1959  -1.713  -1.045  -0.012   1.340  -0.383  -0.433  -1.390   0.429  -0.263  -0.275  -0.452  -0.114
  1960   3.458   1.099  -2.134  -1.327  -1.311  -1.231  -1.042  -0.275  -0.506  -1.449   0.281   0.184
  1961  -0.053  -0.664  -0.309   1.788   0.813  -1.399   0.573   1.544  -0.349   0.664   0.007   0.415
  1962  -1.516  -0.037   0.424  -0.930   0.641   2.563  -1.513   0.453   0.216  -0.078  -0.003   0.076
  1963   1.120  -1.128  -1.346   0.284   1.828  -1.093  -0.144   0.677   0.949  -0.633  -0.408   0.255
  1964  -2.065  -1.564   0.056  -1.771  -0.984  -0.494   0.698   0.907   0.257   0.412  -0.420  -0.491
  1965  -0.101  -0.092   0.699  -0.260  -0.237  -0.540   0.398   0.061   0.647   0.640   0.487   0.947
  1966  -2.569   0.248  -0.645  -0.934  -0.866  -0.393   0.737  -0.324   0.445  -0.292  -0.041  -0.281
  1967   0.643   0.943   0.588   2.484   0.564   0.399   0.266   0.251  -0.610   0.525  -0.211   1.477
  1968   3.858  -0.238   0.194   0.912   0.139   0.401   0.841   0.037  -0.494  -0.800   0.037  -0.391
  1969  -0.861  -1.231  -0.515  -1.363   2.317   1.167  -0.632   0.460   0.082  -0.157  -0.518   0.362
  1970   1.734   1.536   0.986  -1.065  -1.231   0.709  -0.730   1.072   0.672   0.530  -0.335   0.295
  1971  -1.184  -0.907  -1.332  -0.124  -0.036   0.542   0.374  -0.335  -0.329  -0.258  -0.413   0.327
  1972  -0.722   1.266  -0.316   0.102  -0.541  -0.445   0.880  -0.981   1.004  -0.066  -0.535   0.929
  1973  -0.430   1.090  -0.071   1.823   1.080   1.077  -0.583  -0.347   0.574   0.923   1.035  -0.075
  1974  -1.093   1.173   1.063   1.467  -0.938  -1.460  -0.349   0.148   1.071   0.302   0.166  -0.686
  1975  -0.114   2.343   0.594  -0.918   0.973   0.094   0.818   0.292   0.935  -0.108   0.100  -0.474
  1976   0.262   1.029  -1.078  -0.694   1.385  -0.898   0.766   0.169  -0.160   0.040  -0.374   0.430
  1977  -2.984  -1.769  -0.054   0.269   0.814  -0.779  -0.558  -0.024   0.787   0.125   0.613  -0.162
  1978   0.791   1.687  -0.207  -0.532  -0.198   1.176   0.170   0.052   0.248   0.423   0.296  -0.238
  1979  -1.548   1.808   0.272  -0.234   0.528   0.641   0.637  -0.683  -1.286   0.275   0.033  -0.763
  1980   2.468  -3.274  -0.797   0.217  -1.345   1.355  -0.652  -0.612   1.558   0.654   0.562   0.184
  1981   1.870  -1.875  -0.414   0.023  -0.070   0.990   1.069   0.724  -1.382  -0.607   0.788  -0.475
  1982   0.300  -0.004   1.082   0.510   0.316  -0.267  -1.567   0.791  -0.582  -0.989  -0.052  -0.064
  1983  -1.088  -0.029   0.901   0.997  -0.768   1.873   1.194   0.668   0.260  -0.537  -0.567  -0.891
  1984  -1.941  -0.121  -1.600   0.625  -0.044  -0.017   0.059  -0.045  -0.365   0.022  -0.357  -0.463
  1985   1.907  -0.079   2.867  -0.124   0.070  -0.078  -0.195  -0.009   0.149   0.012  -0.565   0.070
  1986   1.870   0.997  -0.925  -0.962   0.562  -0.237  -0.109   0.031  -0.601   1.699   0.146   0.021
  1987  -2.271  -0.101   0.640   0.783   0.379  -1.123   0.639  -1.123  -0.739   0.055  -0.837  -0.433
  1988   0.852   0.224   0.001   0.248  -0.565  -0.573  -1.160  -0.234  -0.347   0.880   0.024  -0.538
  1989  -0.851   0.239   1.286   0.685  -0.187   0.058   0.324   0.666  -0.246  -0.385  -0.676  -0.139
  1990   3.233   0.550   0.348  -0.668   1.940   0.107  -1.141  -0.268   0.321  -0.288  -0.196  -0.266
  1991  -2.929  -0.634  -0.876   0.012  -1.358   0.321   0.128   0.535   0.038  -1.040  -0.286   0.211
  1992  -1.665   0.105   1.198  -0.048  -0.843   0.964  -0.161  -0.625  -0.089   0.580  -0.686   0.271
  1993   2.738   1.286   0.609  -0.122   0.381   0.136   1.109  -0.139   0.396  -0.966   1.080  -0.486
  1994   0.366  -0.387  -0.779  -1.453   0.693   0.245   1.075  -0.333   0.135   0.128  -1.084   0.353
  1995  -2.318   0.866  -0.867  -0.327  -1.505   0.475  -0.143   1.541  -0.397   0.044   0.448   0.319
  1996  -0.612   0.538   0.176  -0.244   0.899   0.115   1.000  -0.869   1.129  -0.978   1.130   0.418
  1997  -0.238   0.743  -1.775  -0.701  -0.129  -0.125   0.365   1.211  -0.399   1.132   0.329   0.317
  1998  -2.084  -0.916   1.602  -1.440   1.098  -0.645  -1.729  -1.122  -0.780  -0.406   0.297   0.126
  1999   0.504  -0.232  -0.970   1.646  -0.808   0.120  -0.821   0.069  -0.046  -0.327   0.282   0.198
  2000   1.092  -0.682  -1.177   0.470   0.094  -0.569   0.051  -0.207   0.177   0.534   1.375  -0.807
