litu_drop_live.rwl -- no data title --                    1st itrdb line missing     
litu_drop_live.rwl -- no data title --                    2nd itrdb line missing     
litu_drop_live.rwl -- no data title --                    3rd itrdb line missing     
12490   1940  2990  3280  2850  2350  1940  2980  2540  2550  1860  2280  raw
12490   1950  1290  1760  1680  1130   940  1430  1100  1740  1780  1430  raw
12490   1960  1780  1320  1150  1190   800   750   630   970  1240  1200  raw
12490   1970  2100  2970  3880  4030  3580  1910  1240   900   740   780  raw
12490   1980   860  1570  3290  2330  2000  1850  2090  2690  3070  3930  raw
12490   1990  4040  3080  4310  5010  4470  4030  3370  2120  1850  1140  raw
12490   2000  1290  1830  1710  1790  1770   820   910   840  1550  1710  raw
12490   2010 -9999
22545   1922  5710  4730  6530  3800  5040  4330  4430  3640
22545   1930  2020  1670  1550  1650  2060  2530  2910  3580  3550  2970  raw
22545   1940  4490  4710  2670  2020  2230  3020  2600  3550  4210  4700  raw
22545   1950  3530  2970  3540  3380  2010  3420  3260  2680  2610  2410  raw
22545   1960  2550  2800  1900  2310  2200  1490  1110  1230  1590  1370  raw
22545   1970  3010  2800  3590  3140  3580  5180  4760  3240  5530  3080  raw
22545   1980  1740  1860  2530  2250  2920  1840  3620  3510  3150  3620  raw
22545   1990  2740  1830  2760  3320  3420  3440  3440  2060  2510  1450  raw
22545   2000  3140  3170  3150  3720  3530  2560  1980  1850  2490  2630  raw
22545   2010 -9999
22604   1964  3080  3210  1250  2320  3760  3490
22604   1970  4220  3050  2740  2060  2680  3200  2920  1860  2030  2120  raw
22604   1980   910  1140  1560  1320   790   910   540   690   620   380  raw
22604   1990   380   320   460   590  1030  1710  2250  2710  2710  1300  raw
22604   2000  1020  1360  1710  2750  1750  2530  2120  2460  3110  2780  raw
22604   2010 -9999
32189   1936  2010  2040  2140  1370
32189   1940  1210  1110  1170  1050   730  1140  1640  1740  2500  3300  raw
32189   1950  1710  2320  2740  2820  1910  1660  1680  2110  3390  2590  raw
32189   1960  3530  4130  3950  2510  1430  1850  1040  2030  3820  3590  raw
32189   1970  4690  4400  6340  4990  5240  4460  5600  1900  3960  4820  raw
32189   1980  3880  2980  2660  2370  4250  2350  3480  3560  3610  3580  raw
32189   1990  5860  2420  1800  5000  4650  4870  4780  3070  2720   930  raw
32189   2000  2260  3210  2620  3320  3290  1520  1060  1060   970   990  raw
32189   2010 -9999
42544   1944  2480  3520  3300  4420  4320  3650
42544   1950  2890  2810  1730  2070  2010  3310  3720  2850  4510  4700  raw
42544   1960  4710  3620  1810  2340  1490   830   530   980  1710  1660  raw
42544   1970  2160  1880  1430  1460   940  1020  1140  1100  2450  1730  raw
42544   1980  3110  2510  2670  2260  1200  1130  1250   640   700   570  raw
42544   1990   850   410   480   650   540   450   470   460   300   190  raw
42544   2000   230   360   340   350   570  1420   670   800   580   540  raw
42544   2010 -9999
50406   1939  1260
50406   1940  1860  2070  1710  1640  1540  1470  1990  2520  2780  3150  raw
50406   1950  3160  2710  2360  2190  1690  1780  1400  1330  1490  1090  raw
50406   1960  1530  1190  1650  1020  1040   730   720   890   950  1220  raw
50406   1970   880   830  1330  1980  1310  1280  1300  1290  1930  1530  raw
50406   1980  1330  1660  1530  1000   770   860   920  1090  1380   640  raw
50406   1990   670   780  1440  2470  2150  2500  3020  2200  2340  1500  raw
50406   2000  1530  2630  2070  1890  1690  2280  1440  1980  2340  3080  raw
50406   2010 -9999
50474   1923  2280  2680  3400  4740  4300  4260  3930
50474   1930  2090  1210  1490   950   810   510  1060  1710  1230   560  raw
50474   1940   480   540   520   610   520   630   850   990   740   660  raw
50474   1950  1130  1590  1220  1030   790   860  1660  1350   810   540  raw
50474   1960   850   590   860  1030  1020  1090   740  1020   870   770  raw
50474   1970  1510   660  1110   850  1090   470   420   530  1060   950  raw
50474   1980  2980  3150  2830  2190  1280  1120   900  1920  1820  1900  raw
50474   1990  2360   990  1590  2480  2450  1910  1580   530   890  1250  raw
50474   2000  1110  1350  1490  1970  2070  1700  1940  1520  3600  2130  raw
50474   2010 -9999
50555   1919   350
50555   1920   910  1170  1440   970  1480  1280  1500  2180  2300  2270  raw
50555   1930  1160  1520  1320  1650  1440  2650  2820  3150  2960  3310  raw
50555   1940  2600  1870  3230  2390  2240  2650  1750  1550  2270  4950  raw
50555   1950  3360  2500  1850  1840  1270  1420  1330  1180   960   710  raw
50555   1960   780   660   800   760   610   620   380   550   600   520  raw
50555   1970   530   670   800   370   580   490   220   210   370   350  raw
50555   1980   770  1830  2660  2130  1030  1210  1790  1690   960  1120  raw
50555   1990  1690  1080   810  1330  1350  1250  1250   780   830   590  raw
50555   2000   710   810   850   340   240   300   310   640   420   390  raw
50555   2010 -9999
60083   1960  3470  2750  3560  3020  2150  1550  1260  1760  2310  2450  raw
60083   1970  3530  2670  2970  2250  1650   810  1790  1260  1880  1300  raw
60083   1980  2560  1070  1740   930   540   530   410   250   400   330  raw
60083   1990   420   490  1290  1850   690   570   430   560   300   190  raw
60083   2000   350   300  1050  1380  1050   740   440  1000  1490   990  raw
60083   2010 -9999
60287   1947  2210  1540  1000
60287   1950   250  1190  1190  1270  2070  1870  3410  3220  2870  2360  raw
60287   1960  2290  3030  3550  2990  2950  2300  1310  2110  3430  4030  raw
60287   1970  4620  3890  4750  4530  3800  3570  2880  2460  2830  2270  raw
60287   1980  2670  3200  2430  1940  1500  1890  3110  2900  2560  2560  raw
60287   1990  4120  4480  3430  4750  3310  2580  3140  2770  3600  1980  raw
60287   2000  2760  3210  2570  2630  2330  2240  2170  2990  3970  4250  raw
60287   2010 -9999
62248   1952  3830  3810  3450  3320  3960  3790  4040  4100
62248   1960  3760  3660  3160  3640  3060  2480  1870  1240  1750  2110  raw
62248   1970  1940  1870  2030  2470  2920  2310  2180   170   210   360  raw
62248   1980   390   640  1040   950   550   480   450   330   360   900  raw
62248   1990  1160   810  1230  1620  1550  2030  1730  2490  2400  1460  raw
62248   2000  1660  1640  2230  1650  2040  1390  1250   910  2170  2490  raw
62248   2010 -9999
70433   1914  2730  3340  3450  3850  2390  4900
70433   1920  4240  5630  6210  3470  3920  2230  1820  3630  3270  3310  raw
70433   1930  1960  1590  2290  1340  2000  2250  1580  3040  3770  2580  raw
70433   1940  4840  4990  4760  3170  2730  3610  1260   810   880  1120  raw
70433   1950  1990  3080  3850  3340  5950  9580  8200  6730  4930  4460  raw
70433   1960  5400  4330  3450  2970  2270  1960  1340  1740  2580  2290  raw
70433   1970  3100  2250  3270  2950  3260  4140  4520  3460  4430  2930  raw
70433   1980  2140  3560  2330  1780  1710  2200  2150  2240  1990  2720  raw
70433   1990  4080  2840  3590  6050  4890  4410  3280  2640  2130  1780  raw
70433   2000  1950  1220  1310  2000  2540  3190  2340  2940  2430  2900  raw
70433   2010 -9999
80282   1955  4220  5470  5460  3780  2990
80282   1960  3820  3160  2910  1180   740   650   340   610   700   340  raw
80282   1970  1250  1380  2090  1800  1460  1780  1910  1730  1840  1960  raw
80282   1980   500   290   610   730   690  1100   920   520   460   720  raw
80282   1990   580   320   420   310   320   560   530   540   920   500  raw
80282   2000   610  1090   830   640   490  1000   700   380  1000   640  raw
80282   2010 -9999
80711   1906  1260  2170  2670  2100
80711   1910  2540  2000  3110  2720  2940  4900  4430  3770  2730  3870  raw
80711   1920  2700  3460  3270  2170  3570  2560  2420  2030  1780  1500  raw
80711   1930  1160  2030   920  1230  1070  1640  1180  1690  1900   750  raw
80711   1940  1640  1160  1540   950   970  1280  1300  1130  1350  1850  raw
80711   1950  1230  1490  1400  1480  3160  3660  3940  3140  3370  2540  raw
80711   1960  2810  3110  1780  1820  1190   890   760   910  1840   860  raw
80711   1970  1350  1730  3200  3070  2920  4500  5550  3840  2930  1930  raw
80711   1980  1870  1900  2020  1280   830  1100  1280  1240  1710   980  raw
80711   1990  3500  1320   810  2770   900  2170  1680  2710  1670  2260  raw
80711   2000  1900  2710  3130  2230  2290  1640  1690  2770  3080  1740  raw
80711   2010 -9999
80719   1915  2090  2890  1780  2370  2110
80719   1920  2460  2090  1610   710   770   630   660   800   720  1050  raw
80719   1930   990   670   700   530   690   650   940  1250  1160   860  raw
80719   1940  1190   790   670   400   380   760   770   930   710   570  raw
80719   1950   380   540   660   460   780   660   920  1310  1330   680  raw
80719   1960  1290  1310  1470  1180   890   750  1010   550   780   620  raw
80719   1970   840   830   930   870   840   640   990   870   640   520  raw
80719   1980   430   890   910   880   850   730   760   710   560   680  raw
80719   1990   560   370   530   530   830   590   490   280   230   200  raw
80719   2000   300   520   450   630   520   770   650   660   720   490  raw
80719   2010 -9999
82218   1919  1620
82218   1920  7440  6490  5790  3380  4220  3340  4190  5620  6300  4800  raw
82218   1930  3590  3830  3040  3750  3680  3640  3840  3900  4520  2510  raw
82218   1940  3660  4990  5360  3090  3500  5960  5540  5830  6180  6200  raw
82218   1950  5400  5120  4850  5010  4400  3610  2870  1690  2570  1770  raw
82218   1960  3390  2180  1130  1510  1710  1130   910  1140  1460  1210  raw
82218   1970  1200  1630  1690  1280  1360  1570  1730  1170  1030  1090  raw
82218   1980  1030  1200  1230  1080   910  1460  1710  1560  1600   970  raw
82218   1990  2090  1150  1760  2460  1380  1810  2030  1660  2260  1560  raw
82218   2000  1210  2240  2350  1790  3340  1920  1020  1610  2090  1200  raw
82218   2010 -9999
90287   1920  8070  4670  5170  3650  4250  3760  3480  4590  4730  4570  raw
90287   1930  2460  2890  2860  2930  2930  3150  3900  4410  4490  3320  raw
90287   1940  3880  3170  5050  4550  3120  5080  3260  2330  3220  3720  raw
90287   1950  3220  2590  1850  1100  1380  1050  2730  1880  1840  1410  raw
90287   1960  2020  2760  2220  1740  1310  1370   700   610  1480  1020  raw
90287   1970  1900  1300  2160  1310  1710  2400  1990  1000  1820  2290  raw
90287   1980  1530  1180  1100  1010   750  1050  1190   720   840  1390  raw
90287   1990  1370   910  1280  1500   860  1730  1620  1510  1700   520  raw
90287   2000   640  1090  1020   850  1410  1300   990  1180   650   740  raw
90287   2010 -9999
90645   1954  2290  2530  2450  1930  1650  1450
90645   1960  1730  1630  1340   640   470   440   350   330   470   600  raw
90645   1970   770   820  1410  1150   960  1200  1020   970   790  1850  raw
90645   1980  1430  1340  1210  1230   960  1340  1270  1430  2090  2770  raw
90645   1990  2020  1560  1780  1670  1510  1420  1720  1590  1200   560  raw
90645   2000   710  1300  1250   780   750   470   240   960   610   450  raw
90645   2010 -9999
91377   1927  3060  2430  2940
91377   1930  1610  2880  2500  2880  2780  2700  2300  2550  2710  1600  raw
91377   1940  1650  1550  1440  1160  1210  1900   100   240   200   280  raw
91377   1950   200   150   110   260   280   300   560   680   750   530  raw
91377   1960   650   430   630   590   420   300   100   120   330   310  raw
91377   1970   620   680   880  1240  1260  1380  1150  1110  1290  1550  raw
91377   1980  4370  3000  1650  1320   970   850  1140   970   880  1050  raw
91377   1990  1690   710   960  1420  1150  1040  1080  1020  1580  1090  raw
91377   2000  1180  1470   900  1410  1440   910   770   560  1100  1130  raw
91377   2010 -9999
92493   1917  1630   390  1100
92493   1920  1390  1810  2010  1840  2080  1750  1720  1700  1770  2570  raw
92493   1930  1210  1590  1170   890   790   830   840  1010  1200   670  raw
92493   1940  1320   950  1130   940  1590  1300   930   970  1120  1370  raw
92493   1950   850   860  1020  1790   990  1020   580   460   630   420  raw
92493   1960   450   200   350   260   230   180   180   280   270   310  raw
92493   1970   460   370   390   560   570   590   400   480   380   350  raw
92493   1980   740  1020  1200   950   660   690   570   370   550   560  raw
92493   1990   670   600   880   480   190   490   480   640   410   130  raw
92493   2000   130   200   470   790  1030  1630  1570  2100  2070  1800  raw
92493   2010 -9999
102412  1929  6080
102412  1930  2650  4380  3490  2950  3760  4600  3990  5180  5710  5230  raw
102412  1940  8020  7870  7100  4760  3100  5150  2680  5410  6460  7060  raw
102412  1950  5790  6410  3350  1420   960  1490   530  1210  1240   850  raw
102412  1960   710  1210   530   810   610  1050   540   700  1310  1210  raw
102412  1970  2560  1780  3240  2010  1770  1760  1270   820  1280  1080  raw
102412  1980  1090   880  1400  1290  1010  1360  1580  1730  1560  1700  raw
102412  1990  2120  1610  1580  3040  2610  4170  2100  1470  1510   600  raw
102412  2000  1750  1640  1720  1030  1360  1700  1420  1300  1510  1870  raw
102412  2010 -9999
110128  1953  4480  4210  9780  5670  5090  7350  6030
110128  1960 10500 11600  8350  6280  5250  4910  2250  4150  7770  6400  raw
110128  1970  5970  6100  5460  6500  6090  5950  5660  2530  4290  4370  raw
110128  1980  3890  2470  1940  1640  2440  2510  3060  4060  3400  2830  raw
110128  1990  5790  4160  2450  4920  4280  4780  4430  2290  2010  2260  raw
110128  2000  3870  4360  4020  1240   640  2420  2960  3140  5780  5240  raw
110128  2010 -9999
110379  1970 17750 13230 13510 11960 11130 10020  8450  3610  8530  8010  raw
110379  1980  6170  5810  5990  3690  5150  7600  6290  5940  6340  7710  raw
110379  1990  9410  6390  7040  8560  5640  8150  8150  3960  3710  2670  raw
110379  2000  6090  7630  4970  4790  6020  4760  3520  3460  4680  4360  raw
110379  2010 -9999
110791  1925  1630  1930  4030  3880  5530
110791  1930  2960  3500  3980  4810  6600  7390  8970  8370  8150  6500  raw
110791  1940  8080  8250  9760  6540  4940  7680  5550  3750  3930  5500  raw
110791  1950  6440  5960  3660  1660  1150  1210  2010  1570  2320  1400  raw
110791  1960  1430  1060   890   860   590   660   520   920  1530  1060  raw
110791  1970  2910  3380  2620  2280  3240  3060  1950  1190  1210  1040  raw
110791  1980  1190  1440  1850  1130  1520  1820  1670  1570  1500  1180  raw
110791  1990  1920  1500   940  1790  1190  1330  1980  1510  1450   770  raw
110791  2000   590  1160   980  1020   830  1770  1380  1120  1190   940  raw
110791  2010 -9999
110798  1933  4940  5840  6180  5860  5190  4320  3950
110798  1940  4490  3420  4220  4550  4410  5940  4880  4510  4670  4740  raw
110798  1950  6350  5410  5080  3580  3210  3060  3750  3980  4870  2900  raw
110798  1960  5660  4560  3970  2620  3070  2230  1740  2450  4400  3210  raw
110798  1970  5230  4510  4910  4510  5980  6290  4690  2510  3630  3120  raw
110798  1980  2420  3850  2800  3650  4110  4030  4240  4670  4690  4170  raw
110798  1990  4540  3780  3980  4990  3780  4460  3040  2060  2370  1450  raw
110798  2000  1730  2370  2490  3780  3000  4100  4030  4230  4800  4270  raw
110798  2010 -9999
110914  1925  2840  3150  7400  6480  6760
110914  1930  3390  4080  3280  3000  2770  3120  3460  3880  3990  4050  raw
110914  1940  4660  5470  5280  4060  3550  5320  3760  3950  5030  5310  raw
110914  1950  7390  6790  5960  4020  4120  3680  3510  2580  2920  2770  raw
110914  1960  3170  3090  3110  2630  2070  1070  1180   870  1650  1540  raw
110914  1970  2240  2940  2930  3250  3940  3480  2520  2120  2170  1880  raw
110914  1980  2660  2380  2640  3120  1970  2460  3620  2770  1950  2480  raw
110914  1990  3170  2030  2430  2670  1560  2620  2770  2090  2090  1540  raw
110914  2000   860  1880  1470  1290  1550  1810  1050  1090  1790  1330  raw
110914  2010 -9999
110950  1938  2990  2320
110950  1940  2930  4180  4680  3490  3910  4860  3060  2390  2540  2040  raw
110950  1950  1500   950  1090  1220  2040  2830  2670  3330  5500  1860  raw
110950  1960  1580   920  1080   960   960  1550  1620  2450  3290  4340  raw
110950  1970  4640  4560  4510  4090  4540  5720  4230  2560  2480  2020  raw
110950  1980   980  1680  2630  2740  2520  1970  2580  2950  1950  1490  raw
110950  1990   970   580  1010  1470  1200  1730  1120   930  1000   580  raw
110950  2000   760   740   420   470   360   430   200   340   460   390  raw
110950  2010 -9999
111014  1926  5010  6200  7100  8310
111014  1930  5950  7970  6490  6900  5900  7070  6550  6170  6180  4440  raw
111014  1940  5760  5830  4620  5790  5070  5100  5310  4920  5270  5050  raw
111014  1950  4890  5350  3830  3440  2550  2530  3360  3100  4070  3220  raw
111014  1960  2960  3910  3780  2010  1710  1310  1240  1220  1550  2380  raw
111014  1970  3110  2730  3590  3040  3170  4110  3840  2340  3750  2860  raw
111014  1980  3050  2420  1940  2300  2120  1590  2480  1500  1720  2740  raw
111014  1990  2520  1990  2440  3310  2280  3160  2640  1850  1740  1070  raw
111014  2000  1040  1070  1280  1290  2320  2370  1770  1940  2390 -9999  raw
111030  1923  2570  3420  3570  3870  6000  8640  9700
111030  1930  6390  6710  4830  4790  5200  5980  6710  5580  5400  4810  raw
111030  1940  4370  4520  4860  4510  5320  3550  3250  4160  5560  7540  raw
111030  1950  6710  7250  5640  2560  1490  2620  2630  2670  3050  2260  raw
111030  1960  2000  2340  2650  2070  1530  1180   940   870  1470  2260  raw
111030  1970  2750  2370  3290  3170  3630  4390  2960  2070  3650  2130  raw
111030  1980  2400  2020  2080  2750  2340  2130  2180  1260  1780  3150  raw
111030  1990  3860  2960  3060  3530  2460  3340  3240  2200  1750   920  raw
111030  2000  1100  2070  3130  2290  3170  2930  2370  1750  2420  2110  raw
111030  2010 -9999
111051  1923  2730  4100  3220  2930  4500  5260  7240
111051  1930  3820  6730  3830  2700  2720  2960  2470  3660  3710  3140  raw
111051  1940  3130  3510  5280  4230  3780  5630  4600  4010  5300  6060  raw
111051  1950  5230  4290  3490  3730  2420  1940  3130  2510  2860  2160  raw
111051  1960  1840  2200  1530  1220  1240   920   890   900   720   850  raw
111051  1970  1280  1740  1980  1940  2210  2250  2300  1830  2680  2240  raw
111051  1980  1380  1070   880  1100  1130  1170  1740  1600  1660  1460  raw
111051  1990  1720   920  1040  1180   810  1180  1240  1230  1570  1220  raw
111051  2000  1130  1420  1800  1590  1330  1700   930  1300   890   970  raw
111051  2010 -9999
111134  1918  3180  4720
111134  1920  4400  6660  7260  5310  6740  5900  6170  6110  4810  3610  raw
111134  1930  2250  2120  2100  2240  2280  3300  4010  3180  2630  1860  raw
111134  1940  1960  2650  2400  2490  2750  3700  3010  2600  3200  4320  raw
111134  1950  4320  3660  3900  2800  1680  1110  1920  1590  2210  2230  raw
111134  1960  1510  1850  1580  1100   750   580   440   440   850   810  raw
111134  1970   790  1270  1660  2170  2610  2690  1750  1530  3590  2080  raw
111134  1980  1880  1470  2090  2100  1530  1270  2490  1270   860  1710  raw
111134  1990  2080  2400  1880  3030  2750  2380  1340  1680  1030  1220  raw
111134  2000  2220  1940  2060  1340  1700  1460 -9999
121212  1908  2350  2440
121212  1910  2080   630  1220  2450  2280  2980  4080  2820  2210  3060  raw
121212  1920  1870  4180  6650  3390  4380  3060  2960  4130  3500  4630  raw
121212  1930  3350  3680  3070  3790  2630  3040  2530  3310  3240  2610  raw
121212  1940  3250  4170  3610  3210  2360  2620  3080  3140  3630  3070  raw
121212  1950  2850  4770  4720  2910  2360  3440  3890  3760  4150  3740  raw
121212  1960  3300  4150  3240  2620  1770  1720  1110  1230  1880  1890  raw
121212  1970  3450  4060  5540  5580  3780  4100  3110  2730  2790  2380  raw
121212  1980  2870  3080  2920  3890  2780  2950  2940  2650  2220  3200  raw
121212  1990  3840  4090  3490  6420  3490  3530  3950  3840  3670  2280  raw
121212  2000  2880  2990  3110  2830  4180  4280  3930  3560  4300  2800  raw
121212  2010 -9999
121284  1922  4040  2980  4860  3480  3420  3770  3460  4630
121284  1930  2790  3900  3170  2930  3070  3660  3500  4640  4570  3820  raw
121284  1940  3910  4450  4570  2840  3170  4370  4020  4150  5480  6330  raw
121284  1950  7110  5940  4330  3380  2050  1880  3070  2020  2990  1880  raw
121284  1960  2270  1810  1210  1470  1220   750   820   700  1050   820  raw
121284  1970  1150  1360  1760  2620  1730  1490  1770  1480  1710  1960  raw
121284  1980  1990  1820  1090   900  1090  1150  1860  2630  2500  1990  raw
121284  1990  4660  2740  2040  3980  2410  2040  2910  1620  1830  1290  raw
121284  2000  1580  2020  1720  1120  2110  1700  1340  2400  2630  1290  raw
121284  2010 -9999
121442  1952   620   560  2480  1890  1160  1480  1820  1240
121442  1960  1450  2010  2470  2300  1560   790   610  1180  1890  2640  raw
121442  1970  2960  2530  3020  2950  2170  2190  2510  1420  1440  1350  raw
121442  1980  2800  3340  3570  3300  1810  1390  1690  1690   900  1080  raw
121442  1990  1660  1740  2250  2070  1970  1720   900  1180  1590  1100  raw
121442  2000  1210  1670  2300  2970  2390  2150  1660   990  1090   970  raw
121442  2010 -9999
131017  1950   140   670   720  1080  2210  2420  3740  3870  2890  1400  raw
131017  1960  2230  1840  1810  1250   950   550   460   670   900  1290  raw
131017  1970  1400  1060  1710  1790  1460   980  1550  1230   850   490  raw
131017  1980  4070  3330  2840  1730  1170  1420  1650  1250  1840  1230  raw
131017  1990  1990   950  1090  1260  1020   630   830   840  1260   350  raw
131017  2000   480   420   410   510   590   690   310   260   390   400  raw
131017  2010 -9999
131080  1930  2400  3100  2080  2900  2130  3330  2090  3970  3880  2400  raw
131080  1940  2280  2630  2080   490   920   500   130  1590  2980  2060  raw
131080  1950   690   160   230   230  1050  1930  3810  4020  2870  2050  raw
131080  1960  1850  1150  1610  1680  1450  1000   990  1170  1140  2260  raw
131080  1970  2070  1250  1300  1920  1830  1350  1800  1230  1450  1290  raw
131080  1980  2230  1850  1260  1370  1320   690  1330  1280   960  1290  raw
131080  1990  1810  1800  2320  2490  1840  2040  2330  2020  1440   700  raw
131080  2000   730   640   700   770  1060   740   630   440   630   420  raw
131080  2010 -9999
131304  1930  2400  1690  2140  2410  3650  4370  4340  2810  3020  2190  raw
131304  1940  2580  3410  3580  4060  2810  4460  4020  4850  4990  5370  raw
131304  1950  4900  5600  4910  3630  3340  4200  5000  3990  4560  3800  raw
131304  1960  4530  4220  3470  2600  1720  2210  1420  1880  2720  2700  raw
131304  1970  3280  3050  3470  3560  5100  5280  4860  1970  3050  3440  raw
131304  1980  3610  2900  2890  2210  1940  1700  2730  2320  2170  2800  raw
131304  1990  3690  2100  2470  3540  4650  3450  5810  3490  2930  1820  raw
131304  2000  2680  3130  2850  2920  3040  2490  1950  1780  2560  2030  raw
131304  2010 -9999
140735  1939  5720
140735  1940  4270  3690  3920  2990  3240  2970  2330  2240  1750  1740  raw
140735  1950  1250  1010  1100   810   670   540   590   420   590   380  raw
140735  1960   460   370   430   290   320   160   120   250   250   280  raw
140735  1970   240   210   260   390   340   420   380   530   510   300  raw
140735  1980   680   770  1450   750   530   420   420   260   400   300  raw
140735  1990   290   250   290   490   440   250   320   310   250   150  raw
140735  2000   410   290   340   230   270   320   300   530   440   500  raw
140735  2010 -9999
160665  1954 15780 17630 11830  7980 10070  8420
160665  1960 10300  9110  7590  5230  4700  3670  2350  2470  5900  5900  raw
160665  1970  8320  7510  7030  5510  3230  2810  1750  1960  2620  2470  raw
160665  1980  1160  1500  1080  1010  1240  1800  1510  1270  1190  2590  raw
160665  1990  4110  2740  2900  3230  3280  4220  3480  2200  1920  1450  raw
160665  2000  1700  2340  3440  2590  2650  2310  2310  2290  5210  4670  raw
160665  2010 -9999
160777  1949  5070
160777  1950  4070  6420  6220  5140  4590  4150  3220  2850  3650  2870  raw
160777  1960  2550  2910  2060   960   960   650   630  1080  1750  2770  raw
160777  1970  2720  3260  4080  5790  5090  5550  4990  3500  4240  4260  raw
160777  1980  2320  2070  2670  3270  3200  2420  3060  2850  2270  2240  raw
160777  1990  2350  2690  3450  3350  1730  1930  2200  2910  3680  2350  raw
160777  2000  1670  1950  3780  3600  2390  3080  2500  2740  3800  2390  raw
160777  2010 -9999
160930  1925  1520  1190  1690  1310  1860
160930  1930  1500  1500  2100  2380  3130  3370  3660  4070  2920  2460  raw
160930  1940  3140  3250  2980  2560  2390  3130  1970  2600  2960  3370  raw
160930  1950  3830  3690  3470  2680  1950  1810  1430  1240  1550  1060  raw
160930  1960  1830  1760  1740  1270   830   630   420   390   640   980  raw
160930  1970  1010  1330  2500  3790  3710  3190  2320  1980  2320  2050  raw
160930  1980  1380  1310  1430  1700  1950  1920  3180  2320  2260  2310  raw
160930  1990  3230  3140  2760  2270  1860  1730  2060  2220  2990  1810  raw
160930  2000  1800  2450  3110  3070  1940  2280  1890  2190  3890  3240  raw
160930  2010 -9999
170994  1960  8950  5840  7640  5060  3350  5470  4190  4830  6260  7560  raw
170994  1970  5710  5070  3440  5480  5290  3120  1300  2430  3830  4130  raw
170994  1980  3680  1860  4120  3380  3430  4700  2960  2890  3970  5090  raw
170994  1990  5730  3280  3080  3740  2780  3060  3710  2970  4940  2740  raw
170994  2000  1710  2670  2660  2510  1790  2090  1440  2830  4460  3560  raw
170994  2010 -9999
172229  1880   660   780  1130  1080   860   820  1010  1060  1250  2710  raw
172229  1890  3520  3730  2880  3300  5180  5640  4770  5320  5150  3370  raw
172229  1900  3950  5660  3920  5690  5040  4420  4880  4930  5400  3670  raw
172229  1910  3850  1640  2300  2680  2230  1900  4700  3130  1550  2320  raw
172229  1920  1460  1960  2420  1630  2480  1130   890  2080  2210  2450  raw
172229  1930  1050  1010   990   890  1720  1390  1270  1740  1650  1430  raw
172229  1940  1590  2370  2100  1940  1020  1780  1660  2300  3020  3870  raw
172229  1950  5710  5090  3230  2750  2210  1710  1590  1920  2180  1410  raw
172229  1960  2250  2660  2100  1520   500   450   400   420   690  1070  raw
172229  1970  2140  1830  2900  3250  2890  2030  1610  1320  2370  1960  raw
172229  1980  1280  2030  2170  1280  1310  2240  2890  2660  2210  2340  raw
172229  1990  3070  1650  1000  2430  1490  4350  4350  2190  2090  1650  raw
172229  2000  2720  5320  3610  4210  3990  3340  2280  1920  1910  1380  raw
172229  2010 -9999
180751  1943  6730  7160 11710  9380  9070  8140  7760
180751  1950  5950  3370  3610  4680  3600  3560  3960  3190  4350  3640  raw
180751  1960  5060  5040  4540  2760  2720  1680  1110  1190  1390  1200  raw
180751  1970  1640  1590  2050  1830  1970  2420  2000  1980  1890  1980  raw
180751  1980  4040  3790  3170  2250  2510  2670  3510  2820  2340  2030  raw
180751  1990  2960  1560  1980  3100  2460  1960  1560  1470  2730  1170  raw
180751  2000  1990  2490  2870  2350  1860  1620  1180  1670  1980   990  raw
180751  2010 -9999
180794  1948  5110  5880
180794  1950  4920  5060  4480  4270  3480  1520  1530  2920  3650  1590  raw
180794  1960  2020  1240  1630  1410  1210  1390  1090  2220  2730  4300  raw
180794  1970  4160  3060  3200  2810  3450  3120  2820  2250  2440  2610  raw
180794  1980  1180  1510  1690  2230  2040  1930  1890  2200  1550  1880  raw
180794  1990  1790  1100  1610  3070  4250  5620  5130  3170  4650  3200  raw
180794  2000  3190  3170  3770  2760   900  1120  1220  2050  1720   910  raw
180794  2010 -9999
190018  1953  9610  9530 11880 11270  9300 13140  9110
190018  1960 13130 10370  8670  7110  5690  5160  3110  5200  6600  6480  raw
190018  1970  6220  5590  5390  5620  5720  5400  4370  3130  7220  6760  raw
190018  1980  4170  4350  4820  3890  3920  4000  4990  4410  3910  5150  raw
190018  1990  4410  2970  4120  4750  4710  5250  4190  1670  2210  1720  raw
190018  2000  3950  5360  4240  5350  4250  3240  3390  2660  3380  3710  raw
190018  2010 -9999
190438  1936  3850  2780  3180  3260
190438  1940  3660  4420  5100  4820  6250  8380  8210  7730  8000  8080  raw
190438  1950  7420  6850  6360  6370  5120  4140  5610  3540  3010  2580  raw
190438  1960  3790  4930  4090  3070  2680  1560  1550  2080  4120  3610  raw
190438  1970  4100  3280  4000  3960  5330  5100  5470  2600  2260  2090  raw
190438  1980  3370  2500  1600  1510  1390  1820  1590  1240  2300  2220  raw
190438  1990  4380  2140  2920  3680  1440  1640  1920  2040  1400  1500  raw
190438  2000  1540  1500  1530  1670  1910  1310  1070  1070  2060  1330  raw
190438  2010 -9999
200038  1955 11930 11240 13410 12020  4620
200038  1960  7470 11540  9660  7410  7780  6570  4800  6880  8020  6400  raw
200038  1970  6710  7110  5020  5720  6750  5650  3240  3560  6330  5040  raw
200038  1980  5270  5180  5100  4970  5400  3690  3290  3920  3830  4120  raw
200038  1990  5020  4530  4530  5120  4830  6220  6400  3810  3840  2460  raw
200038  2000  4480  5060  3620  4650  4620  4400  4420  4920  5490  5120  raw
200038  2010 -9999
200168  1950  4720  5190  5800  6560  8300  8820 10510 10560 12480  8650  raw
200168  1960 11810  7330  7280  5940  5070  2650  1760  1890  3190  3700  raw
200168  1970  2510  1760  2830  2730  3020  1290  1610  2300  3710  3810  raw
200168  1980  2140  1020  1210   960   630  1020  1500  1190   480  1020  raw
200168  1990  1200   740   750   940  1260   730  1140   980   890   470  raw
200168  2000   670   780   490   880   600   610   660   850   650   950  raw
200168  2010 -9999
200389  1950   370  2030  1080   210   450   760   770   540   960   670  raw
200389  1960   540   450   550   490   430   480   400   450   700   670  raw
200389  1970  1040  1050  2270  2160  2730  2610  3570  3580  4920  4380  raw
200389  1980  3360  3220  3880  2670  2290  3020  3750  4180  3460  3920  raw
200389  1990  4200  3850  3220  4000  3230  5630  5240  4100  5800  3810  raw
200389  2000  6490  4490  5410  3290  1960  1690  1470  1750  2520  2740  raw
200389  2010 -9999
200988  1954  4830  3520  3710  3990  4220  4800
200988  1960  3840  4460  2760  3020  2300  1650  1860  1100  1750  3180  raw
200988  1970  3860  3690  3410  4170  4070  3090  3060  2710  1810  2760  raw
200988  1980  1890   520   590   700   550   950   760   870   620   790  raw
200988  1990  1440  1600  1790  3650  3620  3420  3550  2990  3880  2460  raw
200988  2000  4130  3910  3860  3440  3950  3500  3310  2190  2770  2220  raw
200988  2010 -9999
202162  1980  7430  6210  5840  6180  5060  4190  4230  4190  4350  4730  raw
202162  1990  3810  3070  3070  4200  2900  3720  3730  2160  3130  1840  raw
202162  2000  1750  2030  2060  2040  2580  3040  2380  2060  3380  2560  raw
202162  2010 -9999
80248   1940   650   470   450   490   650   990  1150  1190  1310  1960  raw
80248   1950  1170   950   810   530  1110  1510  1060  1260  1760  1220  raw
80248   1960  1170   950  1380   740   330   590   190   620   700  1130  raw
80248   1970   280    80   790  1730  1180   700   540   430   650  1070  raw
80248   1980  1410  1730  1720   970   540   560   470   480  1030   660  raw
80248   1990   550   430   580   600   350   270   440   480   510   230  raw
80248   2000   450   600   790   940   760   620   410   440   710   710  raw
80248   2010 -9999
192129  1971   830  1390   950   840   820  1150   650   750   640
192129  1980  1280  1300  1420  1550   520   790   820   750  1090  1600  raw
192129  1990  1700  1360  1390  1820  1160  2410  2640  2680  1780  1240  raw
192129  2000  1540  1260  2360  2020  2200  1060  1320   730  1530  2230  raw
192129  2010 -9999
92389   1928  1630  2990
92389   1930  2320  3090   940   810   630  1170  1160  1400   870   590  raw
92389   1940  1100  1130   950   570  1380  1700  1620  1610  1770  1660  raw
92389   1950  1300   610   590   470   710   750   470   340   660   440  raw
92389   1960   780   560   470   610   220   210   130   230   120   320  raw
92389   1970   230   160   200   170   140   150   160   120   280   260  raw
92389   1980   130   380  1020   880   650   390   260   170   150   160  raw
92389   1990   150   150    70   260   340   170   110   220   290    90  raw
92389   2000   110    80   280   230   200   140   110    50   180   180  raw
92389   2010 -9999
90369   1954  2250  4940  3850  3500  2360  1560
90369   1960  1420  1830  1880  1080   440   490   350   650   290   500  raw
90369   1970   370   220   740  1120  1310  1100  1100   460  1210  2190  raw
90369   1980    30   390  1670  1390  1330   710   700  1220   970  1160  raw
90369   1990   710   330   550   640   360   390   510   310   230   170  raw
90369   2000   210   230   260   220   210   370   260   320   300   260  raw
90369   2010 -9999
110952  1931   960   550   470   520   580   560   950  1370   900
110952  1940   980   450   700   540   660   510   390   600   230   110  raw
110952  1950   210   260   340   240   730  1000   830   750   750   360  raw
110952  1960   700   480   270   570   110   290   280   600   330   450  raw
110952  1970   520   630   690   750   840   570   820   420   250   310  raw
110952  1980   720   470   830   530   210   280   430   210   250   280  raw
110952  1990   300   290   340   340   170   170   210   190   150   110  raw
110952  2000   200   130   260   160   120   140   140   130   200   190  raw
110952  2010 -9999
192128  1965   500   250   140   170   340
192128  1970  1060  1080  1440   360  1050  1010  1010   380   740   420  raw
192128  1980  3120  3250  3950  3210  1660  2290  1490  1140  1200  1000  raw
192128  1990  1250   830  2280  2980  1160  1550   740  1530   510   280  raw
192128  2000   330   300   650   760  1250  1250  1750  2040  2650  2420  raw
192128  2010 -9999
120924  1938   510   380
120924  1940   730  1160  1450  1380  1200  1720   620   780   720   640  raw
120924  1950   400   610  1200  1350  2390  2410  2260  2110  1910  1030  raw
120924  1960  1020  1000  1190   690   460   370   280   240   400   430  raw
120924  1970   650   620   390   290   580   730   750   560   470   450  raw
120924  1980   540   770  1030  1250   510   430   210   300   170   200  raw
120924  1990   190   170   100   190   300   290   300   240   240   120  raw
120924  2000    90   100   150   280   220   160   160   180   200   240  raw
120924  2010 -9999
12366   1981  3720  2730  1390   760   650  1050  4740  2630  2770
12366   1990  3110  2030  1770  2380  2410  1420  1430  1790  1540   730  raw
12366   2000   670   820   440   480   460   500   460   680   690   530  raw
12366   2010 -9999
82317   1922  2640  1370  1660  1140   980  1210  1780  1740
82317   1930  1650   740   580   410   540   880   780  1340   940   690  raw
82317   1940  2010  1950  2480  1980  1650  2050  2600  2740  1270   870  raw
82317   1950   740   820  1390  1520  1110  1140  1110   970   950   760  raw
82317   1960  1000   810   870   660  1030   460   260   180   240   150  raw
82317   1970   260   290   150   150   250   200   130   120   210   290  raw
82317   1980    90   650  2790  3200  2840   920   520   320   360   210  raw
82317   1990   180   130   230   280   420   140   160   300   230    70  raw
82317   2000   100    90   120   170   160   160   170   170   240   180  raw
82317   2010 -9999
50281   1955   350   990  1510  1330  1460
50281   1960  2640  1950  2130  1500   930  1240   680   910   910   720  raw
50281   1970  1260   490   570   370    90   150   420   200   270   190  raw
50281   1980  1030   500   120    70    70   250   500   550   630   590  raw
50281   1990   520   540  1070   890   610   800  1730  1610  1030   610  raw
50281   2000  1240  2040  2290  1500  2090  1040   790  1220  1590   770  raw
50281   2010 -9999
22603   1962  3310  1910   780   500   880  1130  2460  2510
22603   1970  2130  1080   100   270   120   270   330   310   310   190  raw
22603   1980  1660  2450  1770  1720  1420  1450  1090   990   510   690  raw
22603   1990   850   980   780  1040   760   650   650   710   660   220  raw
22603   2000   170   150   170   110   140   310   420   500   470   370  raw
22603   2010 -9999
100997  1954   230   230   960   790   780   840
100997  1960   590   590   570   580   460   460   270   270   130   260  raw
100997  1970   150   400   370   400   720   780   750   760  1380   530  raw
100997  1980   620   390   170   410   240   160   100    70    50    60  raw
100997  1990    60    60   250   300   290   240   230   200   170   110  raw
100997  2000   190   240   250   230   240   300   300   240   220   180  raw
100997  2010 -9999
190497  1950  1050   720   130    30   110   110   270   280   210   160  raw
190497  1960   380   460   530   300   270   310   150   170   270   220  raw
190497  1970   110    90   170   620   970  1210   660   750   820  1010  raw
190497  1980  1730  3120  2390  2310  2350  1560  1950  1720  2400  1640  raw
190497  1990  1140   700   480   880  1050  1090   990   500   810   480  raw
190497  2000   570   990   960  1300  1120   730  1190   770  1280  1610  raw
190497  2010   910 -9999
131047  1950   490   250   160   210   170   160   640  1650  2260  2000  raw
131047  1960  1540  1010   960   680   680   420   220   170   150   340  raw
131047  1970   320   590   670   540  1050  1860  1480  1340  1160   980  raw
131047  1980   960   920   210   170   150   140   180   250   110   160  raw
131047  1990   160    60   130   240   190   100   150   140   310   160  raw
131047  2000   120   170   150   130   100    70   100   110   160   140  raw
131047  2010 -9999
91491   1928  1320  1700
91491   1930   950   480   540   340   240   240   270   220   530   500  raw
91491   1940  1300  1620  1450   970   970   940   550   730   530   300  raw
91491   1950   350   700   690   660  1610  1670  1190   610   510   480  raw
91491   1960   500   400   230   250   260   210   140   230   160   140  raw
91491   1970   170   120   170   150   160   140   140   220   300   140  raw
91491   1980   210   180   170   140   140   210   160   120   200    80  raw
91491   1990   240   280   250   230   140   170   170   190   170   130  raw
91491   2000   230   280   390   270   270   260   220   280   260   260  raw
91491   2010 -9999
60125   1929   880
60125   1930   350   380   300   410   400   470   410   550   730   340  raw
60125   1940   470   470   740   830   770   900   430   630   800   910  raw
60125   1950   790   650   810   730   860   760   320   170   220   180  raw
60125   1960   150   250   230   310   280   200   170   200   170   150  raw
60125   1970   180   200   130   280   180    70   190   390   610   180  raw
60125   1980   740   840  1060   340   200   130   360   440   380   350  raw
60125   1990   240   180   360   270   210   140   320   290   230   150  raw
60125   2000   230   160   210   150   180   160   150   190   180   140  raw
60125   2010 -9999
111033  1915  2540  1870  2300  2140  2220
111033  1920  2970  2700  2100   890   990   800   920   940   630   410  raw
111033  1930   480   500   500   360   360   240   380   320   450   310  raw
111033  1940   310   200   210   210   360   930   550   670   910   900  raw
111033  1950   440   520   280   290   410   250   250   200   270   120  raw
111033  1960   200   210   200   170   190   230   160   120   190   160  raw
111033  1970   140   200   240   340   320   240   160   140   200   160  raw
111033  1980   210   120   140   140   110   100   100   120   100   100  raw
111033  1990    60    70    70    40    40    70    60 -9999
52388   1950  2180  1830  1770  1400  1430  1520  1620  1740  1530  1000  raw
52388   1960  2000  1610  1810  2390  2180  1850   870  1050  1680  2150  raw
52388   1970  2040   530  1100  1020   710   460   600   630   510   370  raw
52388   1980  1680  1930  1240   700   600   700   960   860   590   650  raw
52388   1990   520   210   860   970   470   470   440   350   370   320  raw
52388   2000   160   210   110    90   200   260   220   210   180   210  raw
52388   2010 -9999
80746   1953  2550  1080  2490  3700  5320  6120  3200
80746   1960   560   480   700  1080   740   570  1220  1240  1720  1660  raw
80746   1970  1550  1730  1210  1580   770   430   550   240   240   380  raw
80746   1980   310   530   440   400   470   710   230   210  1780  1930  raw
80746   1990  1050   560   760  1260  2340  3180  2990  2650  4010  1760  raw
80746   2000  2330 -9999
82368   1870  1010   640   770   910   610   500  1150  2360  3750  2980  raw
82368   1880  2310  2100  1480  1330  1510   940  1010   650   720   740  raw
82368   1890  1280  1850  1200  1170  1690  1750  2030  1600   940  1270  raw
82368   1900   820  1370  1800  2050  1530  1150   880   500   500   680  raw
82368   1910   900   730   780  1230  1370  2200  3240  1960   760   880  raw
82368   1920   520  1090  1620  1330  2040  1560  1080  1020  1210   900  raw
82368   1930   670  1160  1360   800   860   750   490   700  1120  1100  raw
82368   1940  1240  1470  1210   790  1630  3440  2340  2150  1820  1950  raw
82368   1950  1830  1290   940  1020  1030  1310   960   780   970   500  raw
82368   1960   820   690   450   390   420   420   380   240   340   260  raw
82368   1970   240   530   280   250   240   260   170   110   320   270  raw
82368   1980   260   490   460   490   380   410   440   370   200   160  raw
82368   1990   190   120   150   240   170   180   190   180   280   100  raw
82368   2000   120   120   110   240   240   270   370   340   480   360  raw
82368   2010 -9999
130579  1924  4350  3340  3010  3590  2970  3410
130579  1930  2160  4020  4670  5280  4800  4470  4600  3340  3380  4940  raw
130579  1940  4060  4620  4510  3730  3120  5360  5310  4020  3850  6310  raw
130579  1950  5540  4660  2680  3230  3050  3410  4200  3750  6300  5670  raw
130579  1960  7310  7330  4830  3080  2700  3630  1700  3730  4320  1960  raw
130579  1970  3390  3290  4750  4850  5740  6400  4980  2170  4740  2680  raw
130579  1980  2030  2590  2500  2160  3130  3350  3790  3000  2910  3050  raw
130579  1990  3950  2180  3860  4020  2470  4140  2770  1230  1420  1240  raw
130579  2000  1550  3710  3020  2560  2790  2750  2910  2950  2960  2850  raw
130579  2010 -9999
92486   1921  1250  1070   820   770   630   360   520   550   300
92486   1930   330   720   440   520   340   380   230   140   280   300  raw
92486   1940   570   610   420   450   650  1030   940  1060  1100   920  raw
92486   1950  1120  1090   640   780   410   660   510   540   620   340  raw
92486   1960   400   200   210   290   250   220   110   250   140   180  raw
92486   1970   180   180   140   200   180   120   130   140   140   130  raw
92486   1980   270   260   450   440   320   290   320   220   310   340  raw
92486   1990   580   370   670   580   420   350   380   370   510   210  raw
92486   2000   240   360   410   480   460   330   340   440   420   410  raw
92486   2010 -9999
