year	num	seg	age	raw	std	res	ars
   1870	   1.	 140.000	   1.000	   2.429	   0.934	   0.965	   0.948
   1871	   1.	 140.000	   2.000	   1.969	   0.786	   0.814	   0.784
   1872	   1.	 140.000	   3.000	   2.156	   0.841	   1.004	   0.872
   1873	   1.	 140.000	   4.000	   2.324	   0.893	   1.007	   0.927
   1874	   1.	 140.000	   5.000	   1.921	   0.763	   0.811	   0.769
   1875	   1.	 140.000	   6.000	   1.721	   0.701	   0.849	   0.714
   1876	   1.	 140.000	   7.000	   2.560	   0.968	   1.262	   1.086
   1877	   1.	 140.000	   8.000	   3.284	   1.245	   1.311	   1.369
   1878	   1.	 140.000	   9.000	   3.750	   1.448	   1.293	   1.522
   1879	   1.	 140.000	  10.000	   3.519	   1.350	   1.022	   1.321
   1880	   2.	 135.000	   6.000	   2.282	   0.934	   0.899	   1.079
   1881	   2.	 135.000	   7.000	   2.389	   0.937	   0.992	   1.034
   1882	   2.	 135.000	   8.000	   2.566	   0.928	   0.971	   0.987
   1883	   2.	 135.000	   9.000	   2.469	   0.893	   0.934	   0.923
   1884	   2.	 135.000	  10.000	   2.315	   0.871	   0.939	   0.890
   1885	   2.	 135.000	  11.000	   2.031	   0.769	   0.828	   0.764
   1886	   2.	 135.000	  12.000	   2.266	   0.808	   0.982	   0.838
   1887	   2.	 135.000	  13.000	   2.090	   0.729	   0.824	   0.731
   1888	   2.	 135.000	  14.000	   2.302	   0.766	   0.962	   0.800
   1889	   2.	 135.000	  15.000	   3.101	   0.911	   1.123	   0.999
   1890	   2.	 135.000	  16.000	   3.655	   1.085	   1.194	   1.193
   1891	   2.	 135.000	  17.000	   3.903	   1.184	   1.142	   1.256
   1892	   2.	 135.000	  18.000	   3.408	   1.013	   0.849	   0.993
   1893	   2.	 135.000	  19.000	   3.541	   1.035	   1.040	   1.032
   1894	   2.	 135.000	  20.000	   4.219	   1.242	   1.285	   1.308
   1895	   2.	 135.000	  21.000	   4.332	   1.275	   1.103	   1.283
   1896	   2.	 135.000	  22.000	   4.220	   1.266	   1.074	   1.238
   1897	   2.	 135.000	  23.000	   4.222	   1.232	   1.045	   1.181
   1898	   2.	 135.000	  24.000	   3.917	   1.081	   0.896	   0.997
   1899	   2.	 135.000	  25.000	   3.604	   1.042	   0.982	   0.976
   1900	   2.	 135.000	  26.000	   3.556	   0.971	   0.927	   0.909
   1901	   2.	 135.000	  27.000	   4.213	   1.211	   1.297	   1.245
   1902	   2.	 135.000	  28.000	   3.944	   1.180	   1.009	   1.148
   1903	   2.	 135.000	  29.000	   4.422	   1.339	   1.237	   1.329
   1904	   2.	 135.000	  30.000	   4.139	   1.215	   0.956	   1.142
   1905	   2.	 135.000	  31.000	   3.849	   1.093	   0.937	   1.015
   1906	   3.	 124.667	  21.667	   2.290	   0.809	   0.833	   0.840
   1907	   3.	 124.667	  22.667	   2.833	   0.713	   1.111	   1.012
   1908	   4.	 119.000	  18.000	   3.146	   0.944	   1.030	   1.033
   1909	   4.	 119.000	  19.000	   2.897	   0.855	   0.939	   0.955
   1910	   4.	 119.000	  20.000	   2.932	   0.887	   1.056	   1.026
   1911	   4.	 119.000	  21.000	   2.371	   0.708	   0.708	   0.726
   1912	   4.	 119.000	  22.000	   2.956	   0.811	   1.042	   0.874
   1913	   4.	 119.000	  23.000	   3.224	   0.987	   1.104	   1.026
   1914	   5.	 114.400	  19.400	   3.605	   0.884	   0.913	   0.925
   1915	   7.	 107.000	  14.857	   3.580	   1.013	   1.087	   1.039
   1916	   7.	 107.000	  15.857	   4.184	   1.297	   1.234	   1.259
   1917	   8.	 105.250	  14.875	   3.447	   1.077	   0.937	   1.083
   1918	   9.	 103.333	  14.222	   2.905	   0.748	   0.800	   0.846
   1919	  11.	 101.091	  12.636	   3.175	   0.882	   1.170	   1.075
   1920	  12.	 100.167	  12.583	   3.367	   1.079	   1.101	   1.143
   1921	  13.	  99.308	  12.615	   3.959	   1.295	   1.223	   1.311
   1922	  16.	  97.188	  11.250	   4.316	   1.330	   1.085	   1.266
   1923	  19.	  95.579	  10.474	   3.343	   0.823	   0.777	   0.926
   1924	  20.	  95.100	  10.950	   4.086	   1.121	   1.174	   1.129
   1925	  23.	  93.783	  10.522	   3.338	   0.831	   0.831	   0.903
   1926	  24.	  93.333	  11.083	   3.499	   0.784	   0.935	   0.875
   1927	  25.	  92.920	  11.640	   4.257	   1.050	   1.143	   1.065
   1928	  27.	  92.111	  11.778	   3.999	   1.086	   1.018	   1.053
   1929	  29.	  91.345	  11.966	   4.121	   1.209	   1.113	   1.142
   1930	  31.	  90.613	  12.194	   2.870	   0.726	   0.721	   0.803
   1931	  32.	  90.250	  12.813	   3.132	   0.871	   1.059	   0.938
   1932	  32.	  90.250	  13.813	   2.894	   0.731	   0.850	   0.812
   1933	  33.	  89.848	  14.394	   2.942	   0.712	   0.899	   0.787
   1934	  33.	  89.848	  15.394	   3.088	   0.743	   0.941	   0.813
   1935	  33.	  89.848	  16.394	   3.344	   0.889	   1.046	   0.930
   1936	  35.	  88.943	  16.457	   3.323	   0.894	   0.968	   0.923
   1937	  35.	  88.943	  17.457	   3.549	   1.082	   1.105	   1.056
   1938	  37.	  88.027	  17.514	   3.524	   1.054	   1.046	   1.076
   1939	  39.	  87.154	  17.615	   3.031	   0.773	   0.807	   0.849
   1940	  41.	  86.317	  17.756	   3.350	   1.037	   1.160	   1.067
   1941	  41.	  86.317	  18.756	   3.515	   1.081	   1.042	   1.078
   1942	  41.	  86.317	  19.756	   3.554	   1.144	   1.059	   1.102
   1943	  42.	  85.857	  20.286	   3.223	   0.907	   0.862	   0.918
   1944	  43.	  85.395	  20.814	   3.095	   0.934	   0.978	   0.926
   1945	  43.	  85.395	  21.814	   3.781	   1.352	   1.362	   1.324
   1946	  43.	  85.395	  22.814	   3.218	   1.062	   0.880	   1.062
   1947	  44.	  84.886	  23.295	   3.332	   1.189	   1.146	   1.182
   1948	  45.	  84.378	  23.778	   3.595	   1.265	   1.143	   1.250
   1949	  46.	  83.870	  24.261	   3.899	   1.394	   1.203	   1.354
   1950	  52.	  81.135	  22.462	   3.462	   1.159	   0.968	   1.169
   1951	  52.	  81.135	  23.462	   3.520	   1.192	   1.078	   1.176
   1952	  54.	  80.278	  23.593	   3.177	   1.053	   0.934	   1.032
   1953	  57.	  78.895	  23.351	   2.882	   0.887	   0.881	   0.896
   1954	  62.	  77.048	  22.468	   2.589	   0.877	   0.922	   0.858
   1955	  65.	  76.031	  22.431	   2.661	   0.983	   1.066	   0.978
   1956	  65.	  76.031	  23.431	   3.075	   1.101	   1.115	   1.099
   1957	  65.	  76.031	  24.431	   2.835	   1.049	   0.993	   1.047
   1958	  65.	  76.031	  25.431	   3.112	   1.224	   1.201	   1.230
   1959	  65.	  76.031	  26.431	   2.544	   0.912	   0.795	   0.924
   1960	  67.	  75.254	  26.642	   2.734	   1.144	   1.210	   1.164
   1961	  67.	  75.254	  27.642	   2.718	   1.084	   0.995	   1.087
   1962	  68.	  74.853	  28.235	   2.420	   1.029	   1.003	   1.050
   1963	  68.	  74.853	  29.235	   2.094	   0.876	   0.869	   0.895
   1964	  69.	  74.435	  29.812	   1.724	   0.717	   0.793	   0.734
   1965	  70.	  74.014	  30.386	   1.426	   0.639	   0.788	   0.637
   1966	  70.	  74.014	  31.386	   1.092	   0.494	   0.662	   0.470
   1967	  70.	  74.014	  32.386	   1.341	   0.615	   0.933	   0.613
   1968	  70.	  74.014	  33.386	   1.940	   0.804	   1.079	   0.840
   1969	  70.	  74.014	  34.386	   1.977	   0.847	   0.983	   0.884
   1970	  71.	  73.535	  34.901	   2.660	   1.033	   1.157	   1.085
   1971	  72.	  73.056	  35.417	   2.460	   0.976	   0.955	   1.001
   1972	  72.	  73.056	  36.417	   2.927	   1.167	   1.205	   1.206
   1973	  72.	  73.056	  37.417	   2.969	   1.188	   1.094	   1.213
   1974	  72.	  73.056	  38.417	   3.054	   1.236	   1.108	   1.232
   1975	  72.	  73.056	  39.417	   2.973	   1.163	   1.035	   1.168
   1976	  72.	  73.056	  40.417	   2.696	   1.083	   0.981	   1.074
   1977	  72.	  73.056	  41.417	   2.094	   0.779	   0.776	   0.818
   1978	  72.	  73.056	  42.417	   2.612	   1.051	   1.196	   1.084
   1979	  72.	  73.056	  43.417	   2.355	   0.943	   0.882	   0.928
   1980	  73.	  72.466	  43.822	   2.447	   1.076	   1.103	   1.057
   1981	  74.	  71.878	  44.230	   2.468	   1.125	   1.071	   1.101
   1982	  74.	  71.878	  45.230	   2.547	   1.173	   1.074	   1.131
   1983	  74.	  71.878	  46.230	   2.311	   1.001	   0.921	   0.993
   1984	  74.	  71.878	  47.230	   2.050	   0.775	   0.813	   0.808
   1985	  74.	  71.878	  48.230	   2.089	   0.831	   0.955	   0.839
   1986	  74.	  71.878	  49.230	   2.404	   0.964	   1.045	   0.945
   1987	  74.	  71.878	  50.230	   2.270	   0.871	   0.887	   0.852
   1988	  74.	  71.878	  51.230	   2.206	   0.857	   0.927	   0.838
   1989	  74.	  71.878	  52.230	   2.379	   0.947	   1.039	   0.938
   1990	  74.	  71.878	  53.230	   2.795	   1.221	   1.182	   1.143
   1991	  74.	  71.878	  54.230	   2.050	   0.729	   0.730	   0.812
   1992	  74.	  71.878	  55.230	   2.259	   0.969	   1.094	   0.977
   1993	  74.	  71.878	  56.230	   2.993	   1.480	   1.358	   1.351
   1994	  74.	  71.878	  57.230	   2.459	   1.087	   0.865	   1.063
   1995	  74.	  71.878	  58.230	   2.685	   1.220	   1.118	   1.153
   1996	  74.	  71.878	  59.230	   2.659	   1.239	   1.063	   1.151
   1997	  73.	  71.740	  59.918	   2.247	   0.980	   0.902	   0.985
   1998	  73.	  71.740	  60.918	   2.307	   1.027	   1.026	   1.014
   1999	  73.	  71.740	  61.918	   1.441	   0.438	   0.609	   0.627
   2000	  73.	  71.740	  62.918	   1.732	   0.658	   1.013	   0.786
   2001	  72.	  72.069	  64.125	   2.134	   0.966	   1.096	   0.964
   2002	  72.	  72.069	  65.125	   2.251	   1.071	   1.035	   1.010
   2003	  72.	  72.069	  66.125	   2.136	   1.004	   0.977	   0.979
   2004	  72.	  72.069	  67.125	   2.181	   1.065	   1.022	   1.007
   2005	  72.	  72.069	  68.125	   2.137	   0.957	   0.967	   0.967
   2006	  71.	  71.845	  68.845	   1.785	   0.729	   0.868	   0.846
   2007	  71.	  71.845	  69.845	   1.950	   0.877	   1.020	   0.925
   2008	  71.	  71.845	  70.845	   2.325	   1.343	   1.174	   1.128
   2009	  70.	  71.686	  71.671	   1.993	   1.071	   0.939	   1.009
   2010	   1.	  61.000	  61.000	   1.658	   0.804	   0.672	   0.683
