juni_drop.rwl -- no data title --                         1st itrdb line missing     
juni_drop.rwl -- no data title --                         2nd itrdb line missing     
juni_drop.rwl -- no data title --                         3rd itrdb line missing     
juni_d1880   0  1   0  1   0  1   0  1   0  1   0  1   0  1   0  1   0  1   0  1  err
juni_d1890   0  1 154  2 316  2 128  2 169  2  75  2 110  2 101  2  38  3   8  3  err
juni_d1900  89  3  43  3   0  3 114  3  31  4  97  4 124  4  55  5  91  5  49  5  err
juni_d1910  67  6 155  6  31  6  21  7  51  9  91 11  86 12  51 12  76 13  47 13  err
juni_d1920  41 13  63 13  41 13  77 14  44 15  62 16  40 16  56 16  45 17  80 18  err
juni_d1930  47 19  58 19  62 19  93 20  56 21  55 22  54 22  39 22  56 22  60 22  err
juni_d1940  66 22  59 22  35 22  54 23  57 23  60 24  54 24  45 24  48 24  53 24  err
juni_d1950  49 25  40 25  56 25  44 25  49 25  38 26  43 26  35 26  54 27  41 27  err
juni_d1960  39 27  43 27  39 28  26 28  42 28  43 28  38 29  57 29  28 29  43 29  err
juni_d1970  40 29  42 29  42 29  31 29  30 29  52 29  54 29  39 29  59 29  31 29  err
juni_d1980  58 29  46 30  29 30  27 30  26 30  41 30  43 30  33 30  38 30  39 30  err
juni_d1990  36 30  40 30  44 30  49 30  48 30  39 30  33 30  40 30  34 30  38 30  err
juni_d2000  37 30  41 29  33 29  37 27  46 26  41 26  28 26  35 26  34 26  42 25  err
juni_d2010 129  29990  09990  09990  09990  09990  09990  09990  09990  09990  0  err
quve_drop.rwl -- no data title --                         1st itrdb line missing     
quve_drop.rwl -- no data title --                         2nd itrdb line missing     
quve_drop.rwl -- no data title --                         3rd itrdb line missing     
quve_d18249990  09990  09990  09990  0   0  1   0  1   0  1   0  1   0  1   0  1  err
quve_d1830   0  1   0  1   0  1   0  1   0  1   0  1   0  1   0  1   0  1   0  1  err
quve_d1840   0  1   0  1   0  1   0  1   0  1   0  1   0  1   0  1   0  1   0  1  err
quve_d1850   0  1   0  1   0  1   0  1   0  1   0  1   0  1   0  1   0  1   0  1  err
quve_d1860   0  1   0  1   0  1   0  1   0  1   0  1   0  1   0  1   0  1   0  1  err
quve_d1870   0  1   0  1   0  1   0  1   0  1   0  1   0  1   0  1   0  1   0  1  err
quve_d1880   0  1   0  1   0  1   0  1   0  1   0  1   0  1   0  1   0  1  26  3  err
quve_d1890 124  3  43  3  27  3  59  4  83  4 165  5  64  6  46  6 112  6  42  6  err
quve_d1900  35  6  13  6  99  7 147  8  69  9  37 10  52 10  46 10  40 10  43 12  err
quve_d1910  43 13  74 14  20 16  25 18  36 19  47 20  42 22  35 25  37 28  33 30  err
quve_d1920  26 31  42 32  26 34  29 39  21 41  21 45  26 46  20 48  36 48  25 48  err
quve_d1930  22 52  27 54  17 55  21 56  16 58  13 59  18 60  21 63  20 63  17 67  err
quve_d1940  20 67  16 67  18 68  13 70  15 71  16 72  19 74  20 74  16 75  18 76  err
quve_d1950  14 78  16 78  14 78  14 78  14 78  16 78  16 78  14 78  16 80  14 80  err
quve_d1960  15 81  14 81  12 81  11 81  12 81  12 81  12 81  15 81  14 82  15 83  err
quve_d1970  13 83  12 83  14 83  14 83  13 83  15 83  13 83  15 83  21 83  15 83  err
quve_d1980  22 83  20 83  16 83  13 83  14 83  16 83  14 83  12 83  14 83  13 83  err
quve_d1990  15 83  11 83  13 83  15 83  15 83  14 83  12 83  17 83  15 83  14 83  err
quve_d2000  13 83  17 83  14 83  17 83  15 83  11 82  13 82  14 81  14 81  18 79  err
quve_d2010  36 11  52 11  45 11  47 11  50  9  71  8  31  4  96  29990  09990  0  err
fram_drop.rwl -- no data title --                         1st itrdb line missing     
fram_drop.rwl -- no data title --                         2nd itrdb line missing     
fram_drop.rwl -- no data title --                         3rd itrdb line missing     
fram_d18699990  09990  09990  09990  09990  09990  09990  09990  09990  0   0  1  err
fram_d1870  70  3 155  3 121  3  88  3   3  3 122  3  84  3 189  3  16  3  84  4  err
fram_d1880  56  4  55  4  68  5  11  5  21  5  77  7  40  7  25  7  24  7  54  7  err
fram_d1890  65  7  57  7  38  8  56  9  39  9  33 10  40 12  47 12  41 12  37 13  err
fram_d1900  42 13  39 13  50 13  36 13  43 13  40 13  30 13  29 13  25 13  27 13  err
fram_d1910  33 14  49 14  46 14  27 14  31 15  72 16  44 17  43 17  28 18  32 18  err
fram_d1920  30 19  33 19  41 21  29 21  28 21  23 22  27 23  26 23  27 24  29 26  err
fram_d1930  31 26  34 27  22 27  25 29  28 32  23 34  26 36  29 40  25 41  31 41  err
fram_d1940  19 43  26 43  24 46  24 47  18 48  30 49  25 50  26 50  24 52  21 54  err
fram_d1950  25 54  21 55  22 55  20 56  20 59  22 59  25 61  21 62  17 64  16 64  err
fram_d1960  19 65  19 66  21 66  21 66  21 66  18 66  18 66  18 66  17 66  17 66  err
fram_d1970  14 66  16 66  18 66  20 66  16 68  19 68  17 68  21 68  17 68  21 68  err
fram_d1980  21 68  19 68  23 68  20 69  17 69  19 69  21 69  15 69  18 69  17 69  err
fram_d1990  15 70  18 70  17 70  18 70  16 70  15 70  19 70  15 70  16 70  13 70  err
fram_d2000  19 69  21 68  20 67  16 67  22 67  17 65  16 65  21 64  20 58  19 58  err
fram_d2010  31 39  19 38  21 34  25 29  27 22  36 20  43 14  81  59990  09990  0  err
pist_drop.rwl -- no data title --                         1st itrdb line missing     
pist_drop.rwl -- no data title --                         2nd itrdb line missing     
pist_drop.rwl -- no data title --                         3rd itrdb line missing     
pist_d19319990  0   0  1   0  1   0  1   0  1   6  3  18  5  38  7  45  9  59 10  err
pist_d1940  59 14  50 14  27 14  45 15  90 16  58 19  41 22  45 23  38 24  33 24  err
pist_d1950  24 27  32 27  25 28  30 29  67 30  50 31  32 31  37 31  27 32  37 32  err
pist_d1960  32 32  38 32  28 33  22 34  19 34  19 34  78 34  40 34  31 34  24 35  err
pist_d1970  34 35  23 35  22 35  25 35  21 35  22 35  26 35  20 35  20 35  25 35  err
pist_d1980  27 36  30 36  24 36  22 36  24 36  25 36  16 36  21 36  22 36  21 36  err
pist_d1990  20 36  25 36  31 36  24 36  30 36  27 36  28 36  21 36  19 36  26 36  err
pist_d2000  27 36  20 36  17 36  23 36  22 35  21 34  16 32  15 31  21 30  20 30  err
pist_d2010 239  2   0  1   0  1   0  1   0  1   0  1   0  19990  09990  09990  0  err
qupr_drop.rwl -- no data title --                         1st itrdb line missing     
qupr_drop.rwl -- no data title --                         2nd itrdb line missing     
qupr_drop.rwl -- no data title --                         3rd itrdb line missing     
qupr_d17779990  09990  09990  09990  09990  09990  09990  0   0  1   0  1   0  1  err
qupr_d1780   0  1   0  1   0  1   0  1   0  1   0  1   0  1   0  1   0  1   0  1  err
qupr_d1790   0  1   0  1   0  1   0  1   0  1   0  1   0  1   0  1   0  1   0  1  err
qupr_d1800   0  1   0  1   0  1   0  1   0  1   0  1   0  1   0  1   0  1   0  1  err
qupr_d1810   0  1   0  1   0  1   0  1   0  1   0  1   0  1   0  1   0  1   0  1  err
qupr_d1820   0  1   0  1   0  1   0  1   0  1   0  1   0  1   0  1   0  1   0  1  err
qupr_d1830 175  2 139  2 139  2   9  2  65  2 143  2  81  2  28  2  35  2  32  2  err
qupr_d1840  29  2  23  2  19  2  27  2  13  2 144  2  40  2   8  2  13  3  39  3  err
qupr_d1850 176  3  11  3 193  3  75  3 160  3  29  3  28  3 195  3  67  3  14  3  err
qupr_d1860  72  3   3  3  97  3  99  3 101  3 133  3  22  3  65  3  98  3  41  3  err
qupr_d1870  18  4  25  4 100  4  29  4  27  4  34  5  73  5  50  6  42  6  70  6  err
qupr_d1880  90  7  39  8  33 10  38 10  48 10  25 10  17 10  36 10  26 10  23 10  err
qupr_d1890  28 11  65 11  31 12  38 13  43 14  35 14  45 15  20 15  34 16  27 17  err
qupr_d1900  23 19  28 19  28 19  24 21  23 22  25 22  31 23  30 23  31 23  26 23  err
qupr_d1910  30 24  35 24  30 24  21 24  26 24  37 25  39 27  33 28  13 28  30 30  err
qupr_d1920  30 30  21 30  22 32  24 32  30 34  26 36  33 36  24 37  27 37  19 37  err
qupr_d1930  19 41  18 41  19 43  21 44  22 45  21 46  19 48  17 48  14 51  21 52  err
qupr_d1940  17 53  16 53  17 53  20 55  14 55  22 56  21 56  27 56  21 57  22 58  err
qupr_d1950  19 58  18 58  17 59  21 60  25 60  24 61  24 61  18 62  19 63  16 65  err
qupr_d1960  15 65  16 65  16 65  19 66  13 66  11 66  11 66  16 66  13 66  17 66  err
qupr_d1970  16 66  17 66  17 67  15 67  15 67  17 67  16 67  17 67  18 67  13 67  err
qupr_d1980  23 67  20 67  20 67  20 67  20 67  16 67  16 67  16 67  17 67  16 67  err
qupr_d1990  17 67  15 67  15 67  17 67  12 67  14 67  16 67  20 67  19 67  16 67  err
qupr_d2000  14 67  16 67  18 67  19 64  16 63  15 63  15 61  18 59  16 59  15 59  err
qupr_d2010  47 12  89 10  42  9  42  7  54  7  51  6  44  5   0  19990  09990  0  err
quru_drop.rwl -- no data title --                         1st itrdb line missing     
quru_drop.rwl -- no data title --                         2nd itrdb line missing     
quru_drop.rwl -- no data title --                         3rd itrdb line missing     
quru_d18779990  09990  09990  09990  09990  09990  09990  0   0  1   0  1   0  1  err
quru_d1880   0  1   0  1   0  1   0  1   0  1 153  2 124  4  68  4  59  4  35  4  err
quru_d1890  66  4  12  4  81  4  52  4  23  5  36  6 109  6  48  6  86  6 114  6  err
quru_d1900  82  6  82  6  88  7  38  8  35 10  49 10  51 10  36 10  34 10  34 10  err
quru_d1910  38 11  54 11  37 11   7 12  40 13  59 13  52 13  31 17  32 17  56 17  err
quru_d1920  26 19  60 19  32 23  28 24  42 24  33 26  34 29  22 32  25 32  25 33  err
quru_d1930  21 36  36 37  27 38  27 40  21 43  18 45  15 46  25 46  24 46  20 47  err
quru_d1940  30 48  19 49  20 55  19 58  16 60  22 60  22 61  25 61  19 61  19 61  err
quru_d1950  18 61  21 61  20 61  16 63  22 63  23 63  20 63  15 63  18 63  16 63  err
quru_d1960  18 65  20 66  15 66  13 67  14 68  13 69  16 69  15 69  18 69  17 70  err
quru_d1970  16 70  15 70  16 70  17 70  17 70  17 71  15 71  18 71  16 71  16 71  err
quru_d1980  29 71  17 71  21 71  12 71  15 71  17 71  18 71  13 71  15 71  13 71  err
quru_d1990  16 71  11 71  11 71  15 71  14 71  12 71  13 71  14 71  19 71  16 71  err
quru_d2000  14 71  16 71  15 71  13 71  16 71  13 71  13 71  14 70  15 70  18 69  err
quru_d2010  51 12  40 10  43 10  48 10  46 10  47 10  29  8  18  39990  09990  0  err
frni_drop.rwl -- no data title --                         1st itrdb line missing     
frni_drop.rwl -- no data title --                         2nd itrdb line missing     
frni_drop.rwl -- no data title --                         3rd itrdb line missing     
frni_d18719990  0   0  1   0  1   0  1   0  1   0  1   0  1   0  1   0  1   0  1  err
frni_d1880   0  1   0  1   0  1   0  1   0  1   0  1   0  1   0  1   0  1   0  1  err
frni_d1890   0  1   0  1   0  1   0  1   0  1   0  1   0  1   0  1   0  1   0  1  err
frni_d1900   0  1   0  1   0  1   0  1  34  2  30  3 149  3  63  3   6  3 154  3  err
frni_d1910 114  3 181  3 125  3  80  3 202  3  53  3  44  5  85  6   7  6  54  6  err
frni_d1920  59  6 103  6  78  6  41  6 101  6  58  6   9  6  41  6  22  6  54  6  err
frni_d1930  30  6  75  6  26  6  63  6  39  6  60  6  68  6  26  6  49  6  47  6  err
frni_d1940  39  7  31  7  27  8  57  9  46  9  39  9  35  9  66  9  52  9  35  9  err
frni_d1950  59  9  51  9  67  9  34  9  64  9  22 10  35 10  33 10  26 10  17 10  err
frni_d1960  37 10  44 11  49 11  63 12  59 13  38 13  40 13  39 13  53 14  61 14  err
frni_d1970  29 14  26 14  65 14  67 15  34 15  47 15  55 15  28 16  61 16  36 16  err
frni_d1980  67 16  48 16  24 16  29 16  28 16  32 16  32 16  48 16  42 16  31 16  err
frni_d1990  50 16  50 16  31 16  42 16  37 16  34 16  37 16  40 16  42 16  28 16  err
frni_d2000  27 16  28 16  30 16  32 16  55 16  51 15  26 13  42 13  35 13  29 13  err
frni_d2010  40 12  22 12  37 11  32 11  33 11  46  8  51  49990  09990  09990  0  err
litu_drop.rwl -- no data title --                         1st itrdb line missing     
litu_drop.rwl -- no data title --                         2nd itrdb line missing     
litu_drop.rwl -- no data title --                         3rd itrdb line missing     
litu_d1870   0  1   0  1   0  1   0  1   0  1   0  1   0  1   0  1   0  1   0  1  err
litu_d1880 114  2  60  2  68  2  39  2 139  2  32  2  16  2  82  2   8  2 185  2  err
litu_d1890  23  2  55  2  37  2  53  2  58  2  45  2  58  2  99  2 159  2 131  2  err
litu_d1900 169  2  34  2 132  2  74  2  56  2  64  2 228  3   4  3  50  4  48  4  err
litu_d1910   9  4  86  4  68  4  64  5  48  6  82  8  68  8  43  9  83 11  78 14  err
litu_d1920  77 16  24 17  20 22  29 26  33 30  27 33  25 35  32 36  26 38  31 41  err
litu_d1930  30 44  33 46  24 47  27 51  21 51  20 53  23 55  25 57  19 59  19 61  err
litu_d1940  25 64  20 64  21 65  18 67  22 68  25 69  23 70  20 71  21 72  24 74  err
litu_d1950  22 82  21 82  19 84  20 89  23 94  22 97  22 98  17 99  16 99  16100  err
litu_d1960  20102  17102  17103  16103  15104  17105  14105  16105  18105  18105  err
litu_d1970  18106  18107  17107  17107  17107  18107  17107  17107  20107  17107  err
litu_d1980  34108  22109  21109  17109  17109  15109  17109  15109  16109  16109  err
litu_d1990  19110  15110  17110  17110  17110  17110  15110  19109  18109  14109  err
litu_d2000  15109  16108  16107  17107  15107  15107  15105  16105  15103  14100  err
litu_d2010  27 30  26 24  39 23  41 21  46 15  57 11  43  7  66  39990  09990  0  err
