juni_drop.rwl -- no data title --                         1st itrdb line missing     
juni_drop.rwl -- no data title --                         2nd itrdb line missing     
juni_drop.rwl -- no data title --                         3rd itrdb line missing     
juni_d1880 874  1 929  1 828  1 725  1 921  1 958  1 808  1 943  1 937  11486  1  res
juni_d18901223  11085  2 873  2 872  2 823  21021  2 868  2 926  21008  3 843  3  res
juni_d19001030  31265  3 749  31399  3 933  41025  4 948  4 988  51032  51000  5  res
juni_d19101193  6 898  61233  61258  7 887  91020 111365 12 959 12 721 131156 13  res
juni_d1920 982 13 821 131118 13 741 14 949 15 731 16 957 161077 161341 17 804 18  res
juni_d1930 538 191338 191021 191110 20 890 21 946 221189 221163 22 927 22 936 22  res
juni_d19401165 221211 221091 22 827 23 897 231197 24 703 241118 241061 241147 24  res
juni_d19501226 251090 251057 251177 251189 251095 261055 26 955 261098 27 742 27  res
juni_d1960 955 27 859 27 778 28 722 28 762 28 998 28 499 291033 291106 291119 29  res
juni_d19701145 29 847 291101 29 945 29 854 291105 291209 29 769 291201 29 738 29  res
juni_d1980 929 291082 301140 301039 30 900 301094 301216 30 790 30 871 301190 30  res
juni_d19901116 30 688 301050 301216 301035 30 933 30 822 30 791 301017 30 812 30  res
juni_d20001119 301086 29 921 29 903 271116 26 940 26 965 261075 261123 261179 25  res
juni_d2010 784  29990  09990  09990  09990  09990  09990  09990  09990  09990  0  res
quve_drop.rwl -- no data title --                         1st itrdb line missing     
quve_drop.rwl -- no data title --                         2nd itrdb line missing     
quve_drop.rwl -- no data title --                         3rd itrdb line missing     
quve_d18249990  09990  09990  09990  01054  1 907  1 715  11084  1 965  1 948  1  res
quve_d18301174  11097  11126  11123  1 896  1 938  11114  11080  1 911  1 986  1  res
quve_d18401225  1 853  11031  1 981  1 973  1 852  11247  1 925  1 990  11126  1  res
quve_d1850 927  11054  11073  1 889  1 776  11017  1 858  11103  1 854  1 996  1  res
quve_d1860 957  1 995  11006  1 927  1 794  11080  1 872  1 936  1 923  11192  1  res
quve_d1870 964  11003  1 742  1 946  1 838  11016  1 821  1 933  1 871  1 914  1  res
quve_d1880 732  11136  1 743  11077  1 904  1 996  1 858  1 894  1 797  1 987  3  res
quve_d18901097  31284  31193  3 971  4 983  41081  51127  61025  6 936  6 880  6  res
quve_d19001081  6 904  6 791  71261  81013  9 965 10 890 10 927 10 987 101048 12  res
quve_d19101013 13 734 141007 16 942 18 941 191239 201109 22 990 25 858 281186 30  res
quve_d19201012 311118 321152 34 858 391127 41 799 451090 461141 481074 481013 48  res
quve_d1930 705 52 891 54 739 551026 56 988 58 996 591059 601118 631122 63 900 67  res
quve_d19401138 671024 671032 68 875 70 948 711142 72 952 74 932 741035 751151 76  res
quve_d19501065 781174 78 840 78 949 78 842 78 919 781130 781137 781279 80 853 80  res
quve_d19601051 811052 811028 811050 81 946 81 957 81 814 81 988 811300 821083 83  res
quve_d19701197 83 897 83 888 83 817 83 922 831122 831043 83 732 831201 83 982 83  res
quve_d1980 755 83 928 831036 831016 83 963 83 901 831161 831030 83 866 831023 83  res
quve_d19901153 83 833 831031 831095 831072 831048 831007 83 699 831123 83 884 83  res
quve_d2000 924 831242 831111 831095 83 992 831106 82 981 82 962 81 967 811084 79  res
quve_d20101027 111039 11 842 11 833 11 808  9 790  8 933  4 713  29990  09990  0  res
fram_drop.rwl -- no data title --                         1st itrdb line missing     
fram_drop.rwl -- no data title --                         2nd itrdb line missing     
fram_drop.rwl -- no data title --                         3rd itrdb line missing     
fram_d18699990  09990  09990  09990  09990  09990  09990  09990  09990  01038  1  res
fram_d1870 752  31109  31025  3 963  31034  3 920  31071  3 840  31050  3 957  4  res
fram_d1880 780  41166  41010  5 967  51015  5 898  71126  7 935  7 982  71185  7  res
fram_d18901016  71096  71049  8 865  9 999  9 932 10 912 121046 12 980 121020 13  res
fram_d19001081 131279 131048 131285 131028 13 933 13 922 131052 13 878 13 961 13  res
fram_d19101071 14 758 141220 14 997 14 946 15 974 161077 171003 17 939 18 941 18  res
fram_d1920 925 191011 19 832 21 793 211113 21 962 22 995 231176 231114 24 965 26  res
fram_d1930 849 261043 271024 271043 291091 32 990 34 896 36 959 401199 41 844 41  res
fram_d1940 969 43 995 431043 46 989 47 936 481074 49 925 50 812 50 977 52 970 54  res
fram_d19501154 541091 55 974 551068 561012 591086 59 896 611105 621175 64 976 64  res
fram_d1960 920 65 998 66 786 66 978 66 843 66 869 66 901 661066 661034 66 995 66  res
fram_d19701090 661107 661099 661088 66 917 681047 681008 68 781 68 953 68 965 68  res
fram_d19801054 681031 681023 681131 691080 691083 691034 69 858 691025 691050 69  res
fram_d1990 959 70 817 701037 70 986 701020 701037 70 881 70 962 70 990 701007 70  res
fram_d20001057 691060 681108 671081 67 892 67 961 65 978 651046 64 916 58 876 58  res
fram_d2010 912 39 973 38 941 34 978 29 986 22 912 20 957 141032  59990  09990  0  res
pist_drop.rwl -- no data title --                         1st itrdb line missing     
pist_drop.rwl -- no data title --                         2nd itrdb line missing     
pist_drop.rwl -- no data title --                         3rd itrdb line missing     
pist_d19319990  0 945  1 742  11140  1 806  1 804  31114  51062  7 957  91256 10  res
pist_d19401043 14 857 141168 14 902 151015 161107 19 930 221078 23 827 24 746 24  res
pist_d1950 765 27 816 27 786 28 937 291323 301138 311102 311056 31 997 321204 32  res
pist_d19601097 321026 321167 33 961 34 900 34 971 34 566 341245 341196 34 937 35  res
pist_d19701034 35 924 351050 35 955 35 936 35 889 351108 35 910 35 972 35 729 35  res
pist_d19801087 361033 361101 361110 36 955 361069 36 896 36 922 361192 36 932 36  res
pist_d19901113 361006 36 807 36 864 36 833 361207 361071 361155 36 875 36 645 36  res
pist_d20001344 36 945 361006 36 986 361068 351026 34 882 32 954 31 931 301080 30  res
pist_d2010 900  2 926  1 933  1 819  11527  11129  11110  19990  09990  09990  0  res
qupr_drop.rwl -- no data title --                         1st itrdb line missing     
qupr_drop.rwl -- no data title --                         2nd itrdb line missing     
qupr_drop.rwl -- no data title --                         3rd itrdb line missing     
qupr_d17779990  09990  09990  09990  09990  09990  09990  01264  1 989  11011  1  res
qupr_d17801212  1 969  1 946  1 927  11083  1 768  11068  11078  11129  1 950  1  res
qupr_d17901038  1 885  1 998  11071  11196  11011  1 682  1 797  11183  11010  1  res
qupr_d1800 958  1 796  1 734  11107  1 850  11010  1 981  1 904  11062  1 824  1  res
qupr_d18101068  11008  1 962  11057  11223  11095  11036  1 954  1 881  11126  1  res
qupr_d18201035  1 979  1 849  1 808  11043  1 996  1 835  1 830  11151  1 889  1  res
qupr_d18301223  2 630  2 894  21075  2 980  2 846  2 992  2 911  2 939  2 953  2  res
qupr_d1840 996  21066  21036  2 804  2 974  2 972  21008  2 837  2 946  3 958  3  res
qupr_d1850 905  3 903  31077  31060  31450  31476  3 872  31073  31004  31080  3  res
qupr_d1860 964  31081  31013  31329  3 926  31039  31030  3 889  3 901  31123  3  res
qupr_d18701123  4 751  41131  4 877  4 826  41012  51105  5 909  61229  6 881  6  res
qupr_d1880 951  7 996  81105 101004 101076 10 906 101142 10 924 10 982 101086 10  res
qupr_d18901069 111246 111001 12 928 13 963 141059 141172 15 976 15 874 16 858 17  res
qupr_d19001007 191111 19 860 191180 211007 22 944 22 989 23 859 23 824 23 945 23  res
qupr_d1910 933 24 665 241001 24 983 24 845 241248 251206 271075 28 777 281121 30  res
qupr_d1920 959 301017 301142 32 829 321219 34 833 361223 361155 37 973 37 952 37  res
qupr_d1930 945 411032 41 925 431048 441010 45 980 461006 481171 481029 51 859 52  res
qupr_d19401139 53 991 531080 53 856 55 923 551101 56 852 56 519 56 875 57 989 58  res
qupr_d19501018 58 937 58 884 59 941 601072 601179 611214 611113 621283 63 869 65  res
qupr_d19601026 651072 65 907 65 948 661089 66 972 66 969 661091 661141 66 997 66  res
qupr_d19701091 66 952 66 940 67 950 67 942 67 932 67 946 67 596 671200 67 881 67  res
qupr_d1980 833 67 991 671100 671148 67 834 67 978 671153 67 932 671131 671066 67  res
qupr_d19901127 67 756 671020 671051 671020 671106 67 830 67 924 671107 67 840 67  res
qupr_d20001065 671187 67 944 671058 64 822 631048 63 844 61 965 591055 591112 59  res
qupr_d20101134 121201 10 946  9 900  7 975  7 913  6 777  51066  19990  09990  0  res
quru_drop.rwl -- no data title --                         1st itrdb line missing     
quru_drop.rwl -- no data title --                         2nd itrdb line missing     
quru_drop.rwl -- no data title --                         3rd itrdb line missing     
quru_d18779990  09990  09990  09990  09990  09990  09990  01012  1 955  1 959  1  res
quru_d1880 988  11045  11054  11122  11003  1 903  21076  4 931  4 877  4 968  4  res
quru_d18901015  41074  41126  4 928  41061  51173  61039  6 976  6 972  6 977  6  res
quru_d19001193  6 959  6 996  7 942  81107 10 953 10 927 10 865 10 858 10 879 10  res
quru_d1910 936 11 789 111102 11 876 12 979 131160 131038 131021 17 902 171039 17  res
quru_d19201063 191039 191002 23 794 241122 24 901 261033 291039 321149 321025 33  res
quru_d1930 850 361006 37 885 381041 40 957 431064 451051 461079 461106 46 869 47  res
quru_d19401013 48 980 49 936 55 900 58 935 601081 60 881 61 904 61 947 61 951 61  res
quru_d19501007 611010 61 876 61 846 631005 631058 631207 631069 631271 63 849 63  res
quru_d19601125 651052 66 959 66 990 67 995 68 983 69 843 691093 691196 691028 70  res
quru_d19701085 70 876 70 934 70 961 70 967 701109 711063 71 762 711220 71 917 71  res
quru_d1980 860 71 982 711001 711018 711033 71 980 711111 71 966 71 926 71 952 71  res
quru_d19901085 71 781 711118 711054 711108 71 975 71 915 71 771 711070 71 896 71  res
quru_d2000 960 711179 71 997 711055 711007 711010 71 961 711024 701022 701093 69  res
quru_d20101043 121086 10 958 10 885 10 926 10 842 10 893  8 705  39990  09990  0  res
frni_drop.rwl -- no data title --                         1st itrdb line missing     
frni_drop.rwl -- no data title --                         2nd itrdb line missing     
frni_drop.rwl -- no data title --                         3rd itrdb line missing     
frni_d18719990  01012  11104  11108  1 848  1 981  1 935  1 808  11105  1 785  1  res
frni_d18801435  1 794  11031  1 907  11013  1 894  1 929  11165  1 956  1 867  1  res
frni_d18901006  1 881  1 827  1 841  11114  1 972  1 939  11010  11210  11284  1  res
frni_d19001011  11308  11099  11042  11120  2 887  3 765  3 936  3 837  3 896  3  res
frni_d19101240  3 893  31065  31049  31214  31312  31156  51052  6 955  61038  6  res
frni_d1920 825  61009  6 923  61005  6 653  6 867  6 821  61250  6 964  6 931  6  res
frni_d1930 920  61030  6 970  61194  6 928  6 999  61232  61084  61115  6 892  6  res
frni_d19401233  7 998  71177  81028  9 862  9 850  9 965  9 572  9 966  9 796  9  res
frni_d1950 967  9 942  91276  91096  9 890  91062 101075 101055 101102 10 989 10  res
frni_d1960 889 101352 11 847 111091 12 954 13 881 13 852 13 954 13 932 141102 14  res
frni_d1970 857 14 789 14 897 141124 151063 15 870 15 918 15 653 161265 161098 16  res
frni_d19801126 161077 161031 161110 161096 161012 16 907 161188 161150 161047 16  res
frni_d1990 934 16 587 161073 161123 16 867 161007 161039 161052 161048 16 985 16  res
frni_d2000 700 161093 16 933 16 982 161178 161024 151058 131101 13 862 131086 13  res
frni_d2010 961 12 945 12 858 111002 11 992 11 940  8 633  49990  09990  09990  0  res
litu_drop.rwl -- no data title --                         1st itrdb line missing     
litu_drop.rwl -- no data title --                         2nd itrdb line missing     
litu_drop.rwl -- no data title --                         3rd itrdb line missing     
litu_d1870 972  1 832  11011  11008  1 833  1 863  11232  11270  11254  11021  1  res
litu_d1880 911  2 994  2 975  2 942  2 950  2 849  2 985  2 844  2 969  21109  2  res
litu_d18901173  21124  2 864  21042  21257  21097  21067  21048  2 912  2 978  2  res
litu_d1900 942  21278  21003  21233  2 959  2 942  2 842  31118  31030  4 937  4  res
litu_d19101059  4 695  41049  41063  5 936  61066  81190  8 952  9 835 111159 14  res
litu_d1920 960 161218 171072 22 789 261089 30 827 33 931 351169 361041 381133 41  res
litu_d1930 751 441056 46 881 47 900 51 944 511075 53 974 551060 571069 59 810 61  res
litu_d19401141 641031 641051 65 838 67 979 681265 69 936 701142 711150 721226 74  res
litu_d1950 965 821042 82 950 84 934 89 956 941082 971058 98 970 991177 99 799100  res
litu_d19601200102 9911021008103 904103 786104 792105 676105 9651051047105 959105  res
litu_d19701144106 96710711671071113107108210710021071023107 8301071180107 888107  res
litu_d1980110010811221091078109 959109 811109 9221091011109 879109 936109 991109  res
litu_d19901100110 76711011211101378110 83211010701101076110 9741091007109 555109  res
litu_d2000100510910861081112107 989107 972107 991107 87110510161051209103 920100  res
litu_d2010 898 301013 241008 231007 21 981 15 784 111080  71405  39990  09990  0  res
