  year  #   1
  1950   1.492
  1951   1.605
  1952   1.219
  1953   1.715
  1954   1.172
  1955   1.595
  1956  -0.203
  1957   0.646
  1958   1.295
  1959   0.241
  1960  -0.742
  1961  -1.146
  1962  -2.085
  1963  -1.222
  1964  -1.979
  1965  -1.849
  1966  -1.709
  1967  -0.937
  1968  -0.858
  1969  -0.693
  1970  -0.023
  1971   1.071
  1972   1.067
  1973   1.741
  1974   0.041
  1975   0.740
  1976   0.513
  1977  -0.764
  1978  -0.239
  1979  -0.152
  1980   0.397
  1981   0.043
  1982   0.459
  1983   0.854
  1984   0.832
  1985   0.511
  1986   0.625
  1987  -0.287
  1988  -0.152
  1989  -0.460
  1990  -0.256
  1991  -1.651
  1992  -0.635
  1993  -0.067
  1994  -0.171
  1995   0.245
  1996  -0.890
  1997  -0.573
  1998  -0.455
  1999  -0.425
  2000   0.507
