 % variance  0.255   0.246   0.152
 cumulative  0.255   0.501   0.653
 series_id   #  1       2       3
  192697     0.467   0.664   0.298
  142178     0.808  -0.135  -0.012
  202536     0.372  -0.758   0.256
  161024     0.538   0.596   0.086
  182396     0.129   0.262  -0.497
  101292    -0.021   0.763  -0.032
  182678     0.438   0.022   0.584
  192707     0.007   0.831   0.166
  171421     0.705  -0.080  -0.319
  12303     -0.169   0.214   0.759
  192641     0.428   0.450   0.578
  10539      0.864   0.137   0.078
  141124     0.418  -0.532   0.230
  142703     0.497   0.649   0.276
  202775     0.755   0.195  -0.093
  152659     0.175   0.493   0.594
  132525     0.847   0.092   0.017
  40131      0.579   0.329   0.326
  140881     0.658   0.269   0.518
  40853      0.562   0.650   0.348
  202528     0.307   0.736  -0.227
  30062      0.168  -0.467   0.626
  172542     0.054  -0.021  -0.677
  202379     0.290   0.646   0.135
  162458     0.617   0.611   0.312
