  year  #   1       2       3       4       5       6       7       8       9      10      11      12      13      14      15      16      17      18      19      20      21      22      23      24      25      26      27      28      29      30
  1950  -5.359   2.002   1.101  -1.267  -0.967  -0.209   1.518   0.874   0.331  -0.147  -1.017  -0.295  -0.569  -0.598  -0.156   0.488  -0.406   0.731   0.506  -0.100   0.327   0.219   0.004   0.051   0.186   0.176  -0.556  -0.013  -0.169   0.009
  1951  -5.182   3.692   1.859  -2.220  -0.570  -0.262  -1.791   0.592  -0.019   1.455  -0.400  -0.016   0.035   0.775  -0.034   0.446   0.710  -0.360   0.126  -0.375  -0.419  -0.274   0.416  -0.190   0.177  -0.115   0.237  -0.004   0.430   0.183
  1952  -6.124   1.480  -0.186  -2.507   0.289  -0.642  -0.159   0.847  -1.523   0.853  -0.227   0.148  -0.971  -0.786   1.079  -1.236  -0.247  -0.629   0.354  -0.356  -0.209  -0.050   0.072  -0.164   0.069  -0.167   0.064  -0.109   0.180  -0.176
  1953  -3.092   0.149   0.718  -3.325   1.354   0.211   0.068   0.695  -0.115  -0.299  -0.058  -0.521   0.373   0.183   0.818   1.287   0.358   0.747   0.696  -0.034   0.841  -0.077   0.064   0.268  -0.219   0.183   0.026   0.030  -0.095  -0.028
  1954   1.058   0.823   1.146  -3.430   2.825  -1.795   0.224  -1.245   1.595   0.958   0.575  -0.203   0.087  -0.120  -1.561  -0.241  -0.018  -0.478  -0.647   0.122  -0.286   0.076   0.076  -0.378   0.339  -0.082  -0.564   0.055  -0.436   0.293
  1955   3.612  -1.524   1.049  -1.863   3.472  -1.238   1.095  -0.309  -1.744  -0.858  -0.478   0.235   0.213   0.742  -0.357  -0.638   0.124   0.116   0.206   0.480  -0.396   0.083   0.397   0.457   0.037   0.069   0.417  -0.236  -0.057  -0.170
  1956   6.057  -1.035   1.181  -2.477   1.614  -1.211  -0.010   0.406  -0.363  -0.298   0.784   0.467  -0.773   0.762   0.302  -0.496  -0.942   0.348   1.020  -0.434   0.527   0.163  -0.538  -0.201  -0.546   0.026  -0.021  -0.165   0.224   0.139
  1957   5.610  -0.243   1.175  -0.449  -0.365   0.000   1.613   0.507  -0.235   0.365   0.471   0.568   0.116   0.223   0.891   0.295  -0.087   0.162  -0.130   0.034   0.604   0.173   0.332  -0.499   0.498  -0.098  -0.094   0.711  -0.160  -0.238
  1958   8.015   0.533   3.022   0.980  -0.957  -0.346   1.149  -1.336   0.287   0.192  -1.196  -0.668   0.353  -0.689   0.956  -0.268   0.035  -1.203   0.058  -0.065  -0.237   0.045   0.227   0.183  -0.300   0.244  -0.079  -0.025  -0.119   0.129
  1959   3.020  -2.074   0.230   0.183  -1.078  -1.308   0.180  -0.153  -1.477   0.265  -1.127  -1.149  -0.606   0.215  -0.951   0.399   0.282   0.879   0.044  -0.913   0.180  -0.592   0.710  -0.080   0.737   0.210   0.325   0.200   0.036  -0.006
  1960   5.707  -0.669  -0.449   0.023  -0.742   0.349   0.775   1.634  -0.610  -0.699   0.273  -0.022  -1.369  -0.610  -0.153   0.905   0.583  -0.339   0.293  -0.051  -0.441  -0.442   0.027   0.022  -0.238  -0.206   0.071  -0.070   0.260   0.183
  1961   3.982  -1.921  -0.390   0.267  -1.991   0.531  -0.240   1.133   0.259   0.583  -0.088  -0.023   0.063  -0.319  -0.786   0.279  -0.138  -0.438   0.631  -0.318  -0.300  -0.391  -0.445   0.360   0.193  -0.721  -0.546  -0.343   0.037  -0.191
  1962   0.729  -2.798  -0.134  -1.320  -2.118   1.127   0.383   1.951  -0.503   1.160   0.619   0.393   0.547   0.787  -0.482   0.213   0.515  -0.144  -0.680   0.099  -0.432   0.304   0.195  -0.083  -0.423   0.684  -0.350   0.228   0.310   0.010
  1963   1.663  -2.191  -0.453  -1.452  -1.536   0.211  -0.724  -0.326  -0.442   1.048   0.166   1.467   0.157   0.394   1.031  -0.183   0.507   0.450  -0.380   0.125   0.202   0.218  -0.621   0.325  -0.065   0.178   0.312  -0.145  -0.108  -0.087
  1964  -0.822  -3.214  -2.193  -1.977  -0.969   0.370  -0.710  -0.558  -0.194   0.669  -0.873   0.313   0.196  -0.584  -0.341   1.018   0.008   0.245  -0.310  -0.119  -0.089   0.245  -0.319  -0.270   0.233  -0.511  -0.111  -0.192  -0.307  -0.119
  1965   0.145  -1.764  -1.834  -0.919  -0.449   0.539  -0.401   0.076   0.975  -0.848   0.390   1.442  -0.172  -0.307  -0.050   0.278   0.304  -0.334  -0.298   0.736   0.168   0.216   0.162  -0.126   0.524  -0.022   0.091  -0.393  -0.006   0.054
  1966  -3.889  -3.635  -1.623  -0.332  -1.350  -0.349  -0.305   0.492  -0.354  -0.187   0.141  -0.220  -0.028  -2.001   0.974  -1.668  -0.472  -0.999   0.133  -0.413  -0.024   0.259   0.346   0.269   0.152   0.372  -0.158   0.280  -0.108   0.147
  1967  -0.709  -2.301   0.324   0.031   1.529   0.632  -2.389  -0.969   0.087   0.410   0.008  -0.876   0.313  -0.418   0.178  -0.386   1.604   0.789   0.472   0.514  -0.846  -0.091  -0.415  -0.738  -0.148   0.179   0.126   0.382  -0.171  -0.137
  1968   1.268  -0.800   1.196  -0.029   0.623   2.343  -2.310  -0.921   0.834  -0.499  -0.226  -0.799   0.305   0.114   0.295  -0.879   0.003   0.442  -0.855  -0.176  -0.297  -0.241   0.816   0.261  -0.051  -0.281   0.112  -0.307   0.052   0.044
  1969   0.505  -1.242   0.404   0.305   1.879   0.349  -1.718  -1.621   0.893  -1.087   0.637  -0.993  -1.082  -0.813   0.843   0.589  -0.028   0.773  -0.323  -0.363   0.478  -0.160  -0.320   0.467   0.027   0.245  -0.423  -0.048   0.205   0.212
  1970   0.091  -0.043   0.984   1.231   0.520   2.030  -1.236   0.302   0.783  -1.113   0.240   1.384   0.163   0.758   0.924  -0.081  -0.688   0.281  -0.118  -0.018   0.306  -0.170   0.735  -0.397   0.363   0.147  -0.313  -0.103   0.228  -0.137
  1971  -1.993   0.301  -0.672   2.052   0.117   1.329  -0.883  -0.504   0.052  -0.386  -0.220   1.230   0.042   0.709  -0.138  -0.357   0.664   0.037   0.610  -0.955   0.807   0.010   0.167  -0.024   0.038  -0.299   0.070   0.114  -0.385   0.013
  1972  -1.468  -0.313   0.592   2.853  -0.744  -0.183  -1.502  -0.565  -1.457   0.387   0.909  -0.493   0.841   0.692  -1.050   0.232  -0.028   0.065   0.345  -0.371   0.214   0.511  -0.401   0.210  -0.466   0.164  -0.385   0.218   0.080   0.114
  1973  -0.623   0.822   2.397   2.425  -0.029  -0.059  -0.542   0.007  -1.071   0.087   0.034  -0.676  -1.136   1.451   0.614  -0.363  -0.675  -0.318   0.200   0.538  -0.594  -0.118  -0.264   0.039   0.327  -0.234  -0.327   0.142  -0.289  -0.339
  1974  -3.174  -1.562   2.282   0.513  -0.220  -0.382  -1.419  -0.663  -0.763  -0.195  -0.192   0.520  -0.511   0.176  -0.353   0.982  -1.149  -0.736  -0.259   1.258   0.096   0.956   0.016  -0.186  -0.093  -0.271   0.273   0.148   0.247   0.185
  1975  -2.395   0.451   3.057   2.442   1.423  -1.526  -0.092   0.973  -0.884  -0.181   0.545   1.671  -0.684  -1.277  -0.766  -0.262   1.137  -0.031  -0.128  -0.400   0.096  -0.116  -0.339  -0.143  -0.184  -0.098   0.150  -0.237  -0.094  -0.152
  1976  -2.316  -0.182   2.545   1.853   2.868   0.969   1.909   0.721  -0.085  -0.677   1.425   0.270   1.578  -1.349   0.178   0.946   0.336  -0.422   0.060  -0.352  -0.366   0.089  -0.331   0.014   0.474   0.172   0.096  -0.030   0.117   0.011
  1977  -5.019  -2.558  -1.042   0.951   0.569  -1.878   1.228  -1.957  -0.638   0.187  -0.073  -0.542   0.601   0.398   0.008   0.922  -1.548   0.161  -0.299  -0.501  -0.429   0.155   0.086   0.317   0.174   0.103   0.219  -0.163   0.080  -0.205
  1978  -1.665  -1.965  -0.120   2.139   0.529  -2.428  -0.538   2.206   3.947   0.648  -0.333  -0.729  -1.530   1.192   0.572   0.493   0.258  -0.694   0.080  -0.286  -0.111   0.187  -0.031   0.214  -0.140   0.178   0.359  -0.005  -0.182  -0.013
  1979  -1.605  -1.418  -0.677   1.987   1.235  -0.611   0.963   2.097   0.186   0.138  -2.350   0.469   1.602   0.840   0.004  -1.022  -0.288   0.893   0.503   0.436  -0.112  -0.344  -0.315  -0.124   0.344  -0.150  -0.273  -0.046   0.150   0.451
  1980   1.211   0.546  -3.081   2.570   2.503   0.395   0.987  -0.276  -0.087   2.365  -0.283   0.646  -0.569  -0.669   0.036  -0.093  -0.892   0.287  -0.691   0.128   0.184  -0.739  -0.024  -0.624  -0.438   0.233   0.244  -0.039   0.065   0.114
  1981   1.816   2.035  -3.790   0.517   2.538   1.168  -0.188  -0.541  -0.858   2.218   0.401  -0.487  -0.403  -0.269   0.545   0.472   0.059   0.052   0.528   0.118  -0.129   0.335   0.289   0.437  -0.324  -0.401  -0.246   0.143   0.114  -0.057
  1982   3.258   3.402  -1.930   0.069   1.483   1.487  -0.871   2.235   0.097   0.576  -0.671  -0.362   0.937  -0.080  -0.189   0.199  -0.196  -0.487  -0.436   0.024   0.372   0.886  -0.103   0.546   0.243   0.335   0.329  -0.076  -0.331  -0.115
  1983   1.624   1.994  -3.043   1.007   0.595   0.165   0.187   0.293  -0.204  -1.670  -0.300  -0.327  -0.773  -0.035  -0.343  -0.061   0.625   0.412   0.574   0.451  -0.697   0.948   0.320  -0.184   0.388   0.258  -0.297  -0.116   0.233  -0.058
  1984  -1.110   1.015  -2.489  -1.307   0.059  -0.919   0.381   0.666   0.015  -2.701  -0.447  -0.092  -0.050   0.571   0.019   0.144   0.140  -0.552  -0.693   0.151  -0.213  -0.421  -0.441  -0.163  -0.434   0.019   0.024   0.320  -0.027  -0.091
  1985   0.866   1.556  -2.095   0.011  -0.718  -0.568  -0.022  -1.822   0.196  -1.038  -1.057   0.179  -0.364  -0.042  -0.579  -0.458   0.215  -0.134  -0.408  -0.369   0.347   0.198  -0.877  -0.033   0.392  -0.143   0.379   0.394   0.319   0.085
  1986   0.932   2.212  -0.990  -0.041  -1.180  -0.458   0.382  -2.420   0.527   0.041   0.209   0.732  -0.276   0.771  -0.088  -0.730   0.136  -0.327   0.455  -0.518  -0.113   0.401  -0.283  -0.321   0.161   0.548  -0.241  -0.332   0.062  -0.111
  1987   0.164   0.787  -1.652   0.012  -0.731  -2.874   0.323   0.161   1.449  -0.568   2.194   0.757   1.282   0.086  -0.256  -0.626  -0.088   0.805   0.128  -0.389  -0.410   0.262   0.746   0.431  -0.438  -0.602   0.113   0.281   0.063  -0.025
  1988   0.437   1.431   0.251   1.381  -2.395  -3.401   0.618  -1.063   0.189   1.105   0.061  -0.364   0.792  -0.230   0.750   0.233   1.079   0.464  -0.527   0.801   0.634  -0.069   0.233  -0.203  -0.032   0.150  -0.182  -0.440   0.160  -0.146
  1989   0.528   2.160  -1.109   0.993  -1.562  -1.388  -0.503   0.695  -1.917  -1.048   1.038  -0.428  -0.272  -0.271   1.404   0.530  -0.091   0.326  -0.748   0.390  -0.079  -0.237   0.118  -0.271   0.074  -0.318   0.006  -0.045  -0.402   0.394
  1990   3.921   1.963   1.031  -0.564  -0.422  -1.022  -3.081   0.155  -0.399  -0.161  -0.976   0.448   1.629  -0.322  -0.029   0.385  -0.699  -0.916  -0.029  -0.401   0.064  -0.355  -0.163  -0.020  -0.049   0.022   0.038   0.060   0.014   0.013
  1991  -0.876   1.076  -1.870  -0.268  -1.064   0.565  -0.476  -0.036   0.443  -1.080   0.463  -0.662   0.925  -0.255  -0.445   0.711  -0.808  -0.259   0.818  -0.054  -0.417  -0.981   0.001  -0.481  -0.380   0.460   0.165  -0.198  -0.174  -0.196
  1992  -0.492   0.932   1.122   0.009  -0.162  -0.407  -0.431   0.993   0.333  -0.446  -0.906  -0.917  -0.056  -1.071  -1.035  -0.896  -0.039   0.677  -0.949   0.702   0.593  -0.172  -0.185   0.689  -0.369  -0.053  -0.132   0.087   0.203  -0.337
  1993   0.338   0.621   1.127   0.825  -1.949   1.344   0.315  -0.402   0.034   0.064  -0.237   0.220  -0.937  -0.896  -1.752   0.107  -0.273   0.357   0.696   0.093   0.127   0.528   0.646  -0.021  -0.232   0.131   0.413  -0.024  -0.191   0.165
  1994   0.827   2.058   2.111  -0.800  -1.577   1.606   0.655   0.199   1.603   0.507   0.340   0.905  -0.536  -0.575   0.023  -0.169  -1.297   1.509  -0.567  -0.048  -0.836  -0.129  -0.483  -0.009   0.018   0.055   0.186   0.188  -0.013  -0.084
  1995  -0.913   0.801   1.038  -0.336  -1.880   1.738   1.938  -0.875   0.372   0.160   0.091  -1.032   0.667   0.362   1.029  -0.302   0.450   0.436   0.567   0.079  -0.422   0.338  -0.565   0.362   0.040  -0.229   0.441  -0.132  -0.089   0.254
  1996   0.318  -0.214  -0.426  -0.115  -0.181   0.999   0.587   0.001   0.945   0.624   2.053  -1.523   0.244   0.071  -0.570  -0.545  -0.059  -0.862   0.411   0.603   0.805  -0.525  -0.257  -0.114   0.852  -0.197   0.293   0.083   0.360  -0.067
  1997  -2.538   0.007  -0.370  -0.285  -0.687   0.964   0.200   0.368  -1.363   0.069   1.639  -0.257  -0.476   1.247  -0.977  -0.863  -0.094  -0.110  -0.280   0.508   0.336  -0.678  -0.068   0.395  -0.029   0.339   0.016  -0.182  -0.374   0.185
  1998  -1.566  -1.034   0.667  -0.126   0.154   1.685   1.803   0.394   0.103  -0.637  -0.393  -1.726   0.383   0.386  -0.068  -0.491   0.030  -0.306  -0.712  -0.562   0.541   0.676   0.125  -1.167  -0.803  -0.492   0.020  -0.246   0.019  -0.101
  1999  -2.346   0.350  -0.007  -0.086   0.502   1.739   2.084  -1.200  -0.270  -0.136  -0.511   0.854  -0.457   0.954  -0.006   0.524   0.841  -0.751  -1.299  -0.556  -0.246  -0.439   0.081   0.622  -0.106  -0.082  -0.251   0.128   0.085   0.040
  2000  -2.426  -0.498   0.020  -0.132  -0.089   0.623   0.976  -1.907   1.040  -0.176  -1.063   1.083   0.152  -0.273   0.043   0.236   0.248  -0.615   1.252   1.109   0.299  -0.668   0.381   0.275  -0.551  -0.111  -0.062   0.271  -0.043  -0.044
