 % variance  0.282   0.239
 cumulative  0.282   0.521
 series_id   #  1       2
  60059      0.693   0.012
  70065      0.198  -0.798
  80625      0.632   0.282
  90522      0.232   0.875
  121105     0.639  -0.477
  131113     0.509   0.557
  91327      0.646   0.246
  70332      0.596   0.323
  60252      0.656   0.350
  50244      0.624   0.145
  91487      0.858  -0.040
  70152      0.378   0.784
  50246      0.681   0.447
  30567A     0.027  -0.527
  70626A     0.682   0.361
  100974     0.689  -0.402
  91391      0.061  -0.006
  111094     0.835   0.206
  60172      0.375  -0.525
  40522     -0.346  -0.509
  80288      0.074  -0.027
  131032     0.897  -0.125
  60386      0.294   0.663
  152053A   -0.059  -0.364
  100680     0.277   0.881
  172210A    0.094  -0.786
  70269      0.528   0.732
  121088     0.719   0.237
  101159r    0.008   0.171
  172218Ar   0.442  -0.526
