cagl_drop.rwl -- no data title --                         1st itrdb line missing     
cagl_drop.rwl -- no data title --                         2nd itrdb line missing     
cagl_drop.rwl -- no data title --                         3rd itrdb line missing     
60059   1902  1161  1238  1290  1195  1076  1059   929  1088
60059   1910  1116   670   874   757   714   977  1164   894   679   543  ind
60059   1920   647   749  1273   812  1134   722   713   919   916  1146  ind
60059   1930  1147  1195  1153  1467  1261  1068  1211  1205  1125   971  ind
60059   1940  1201  1391  1122   869   893   925   965   602   850   871  ind
60059   1950   778   798   540   512   953  1278  1263  1123  1667  1528  ind
60059   1960  1350  1427   746   679   618   660   617  1015  1186   996  ind
60059   1970   994   960  1154  1456   853  1148   887   769  1195  1228  ind
60059   1980   832   809   953  1180   771  1063  1040   963   997   864  ind
60059   1990  1283   924  1180  1230  1064   961  1019   811   838   722  ind
60059   2000   836  1191   896   815  1124   902  1057  1106  1043  1048  ind
60059   2010 -9999
70065   1929   277
70065   1930  1299   701  1534   943   782  1092  1397  1464  1418  1295  ind
70065   1940  1289  1261  1221   924   944   871   450   502   293   826  ind
70065   1950   803   921   889   745   574   671   844  1131  1114  1211  ind
70065   1960  1268  1178  1044  1125  1014  1024   951  1031  1014  1059  ind
70065   1970  1039  1074  1147  1148   846   866   787   764   717   723  ind
70065   1980  1160  1254  1117  1211   893  1135  1154   772  1195  1404  ind
70065   1990  1057  1099   867  1091   982  1067  1179  1129   832   935  ind
70065   2000   786   865  1137  1099   875  1152   849   947   880   779  ind
70065   2010 -9999
80625   1901  1936  2129  1889  1389   566   791   477   411   243
80625   1910   265    95    69   467   262   318  1129  1547  1350  1348  ind
80625   1920  1386  1400  1645  1331  1520  1171  1000  1182   988   964  ind
80625   1930   981   886  1034  1063   951   992  1057  1108  1227  1081  ind
80625   1940  1122  1039  1031  1088   986  1008   787   382   560   765  ind
80625   1950   712   856   634   696   616   807  1052  1094  1394   979  ind
80625   1960  1227  1385  1155  1161   928   994   933  1017  1145   971  ind
80625   1970  1213  1181  1402  1144  1120  1169  1020   712   889   971  ind
80625   1980  1006  1094  1131   961   594   783  1001  1026  1104  1108  ind
80625   1990  1369  1013   923  1274  1052   980   895   943   755   767  ind
80625   2000   993  1080  1135  1183   862   774   866   841  1000 -9999  ind
90522   1905  1291  1277  1307   966  1216
90522   1910  1159   645   946   779   681  1403  2147   190    63   563  ind
90522   1920   721   690   732   559   834   229   574   690  1038  1361  ind
90522   1930  1121  1278  1317  1284   950  1346  1460  1399  1376  1277  ind
90522   1940  1252  1431  1175  1133   959   967  1030   661  1480  1162  ind
90522   1950  1136   967   797   940   837   819   771  1126  1521  1034  ind
90522   1960   917   959   918   871   837   742   875   938  1054   922  ind
90522   1970   957   876   949  1058   916   891  1134   953   924  1094  ind
90522   1980   844   749   910   850   824   946   985   793  1287   978  ind
90522   1990  1017   938  1059  1043  1136  1356   920   719  1265  1021  ind
90522   2000  1048  1051   920 -9999
121105  1906  1373   891   638   750
121105  1910   816   460   907  1149  1263  1185  1260  1130   877   887  ind
121105  1920  1100  1176  1179  1079  1386  1145  1223  1193  1213  1191  ind
121105  1930  1187  1024  1041   882   894   916   960   978   977   876  ind
121105  1940   949   814   933   609   716   696   529   528   506   588  ind
121105  1950   349   489   518   761   825  1281  1264  1417  1412  1178  ind
121105  1960  1359  1294  1032  1254   949  1083   929  1035  1048  1052  ind
121105  1970   981   828  1009   945   778  1086  1204   991  1286  1163  ind
121105  1980  1214  1131  1236   967   992   923   753  1563  1456  1403  ind
121105  1990  1324   924  1012   621   836   897  1130   756   795   663  ind
121105  2000   653   782   783  1196   990  1024  1004   763  1085  1029  ind
121105  2010 -9999
131113  1907   715   847   963
131113  1910   944   660   944  1106   846  1177  1296  1063   777   974  ind
131113  1920  1057  1205  1180   981  1175  1122  1261  1243  1107  1100  ind
131113  1930   864   905   814   882   899   980  1195  1396  1476   947  ind
131113  1940  1051   976   938   730   679  1037   962   717   865   903  ind
131113  1950   881   907   731   886   919  1065  1093  1288  1382  1072  ind
131113  1960  1153  1004  1007   967   788   891   730   860  1094  1020  ind
131113  1970  1136  1023  1146  1146  1077  1041  1103   851   592   627  ind
131113  1980   825   918  1003  1002   961  1052  1102  1006  1005  1122  ind
131113  1990  1176  1003  1000  1203  1176  1076   992  1014  1017  1113  ind
131113  2000   976  1182  1002  1104   804   957   812   888   979   958  ind
131113  2010 -9999
91327   1935   761  1082  1333   990   823
91327   1940   807  1034  1079  1012  1015   725   919   979   656  1115  ind
91327   1950   970  1076   957   963  1208  1073  1372  1147  1416  1152  ind
91327   1960  1266  1017   636  1045   930   885   634  1041  1120  1287  ind
91327   1970   973   943   796  1015   848  1283   696   546  1022   629  ind
91327   1980   990  1006  1161  1095  1017  1179  1112   960  1139  1219  ind
91327   1990  1455   867  1183  1068  1267   749   560   611   757   786  ind
91327   2000   745  1169  1055   960  1262   680  1129  1161  1188  1064  ind
91327   2010 -9999
70332   1891   542   511   139   320   302  1396  1659  1614  1359
70332   1900  1396  1528  1422  1460  1425  1726  1757  1328  1129  1322  ind
70332   1910  1380   480   211   149    40  -173   304   317   954  1173  ind
70332   1920   948  1019  1056  1328  1464  1464  1759  1339  1329  1575  ind
70332   1930  1374   966   833   876   902   990  1026   966   781   522  ind
70332   1940   803   707   820   454   924   879   796   670   469   567  ind
70332   1950   519   543   398   538   606   618  1252  1546  1468  1351  ind
70332   1960  1757  1725  1881  1594  1259  1358  1278  1150   949  1002  ind
70332   1970  1090  1032   862   867   754   820   456   523  2458  1196  ind
70332   1980  1167  1008  1025  1102   843   963   954  1176  1190   733  ind
70332   1990   830   580   818   980  1028   858   957   555   890   919  ind
70332   2000   853   949   919   922   826  1132   817  1275  1129  1270  ind
70332   2010 -9999
90542   1868   770  1133
90542   1870   785   619   957  1084   933   919   841   982  1178  1037  ind
90542   1880   917   900   863  1067   839   822   931   780   900   582  ind
90542   1890   908  1787  1873  1174  1137  1477  1357  1254  1003   966  ind
90542   1900   825  1059  1180  1213  1242   899  1076  1249   873   787  ind
90542   1910   774   229   746   794   752   770  1292  1256   544   601  ind
90542   1920   783   803  1053   984  1056   882   767  1200  1236  1364  ind
90542   1930  1077   817  1109  1334  1291  1176  1279  1300  1573  1130  ind
90542   1940  1116  1233   894   853   816   525   860   347   962  1028  ind
90542   1950   704  1133   723   524   767   675   989   863  1130   848  ind
90542   1960   943  1486  1003  1193   926   929   906  1113  1428  1246  ind
90542   1970  1061  1034  1028  1009  1214  1222  3000   687  1037   792  ind
90542   1980   697   605   668   644   785   817   765  1106   563   778  ind
90542   1990   975   934  1465 -9999
60252   1878  1486  1206
60252   1880  1402  1212  1224  1181  1087   859   807   793  1042   675  ind
60252   1890   547   869   606   804   895   957   843  1097  1139  1007  ind
60252   1900   979   927   790   885  1041  1158  1022  1134  1150   932  ind
60252   1910   940   851   701   755   903   983  1166  1000   995   791  ind
60252   1920   768   907  1105   725  1333  1062  1147  1211  1280  1196  ind
60252   1930  1098  1297  1081  1168  1105  1088  1293  1069  1049   815  ind
60252   1940  1395  1069   892   739   604  1062   686   -30   -33   655  ind
60252   1950   648   695   -47  1231  1627  1573  1475  1566  1314  1495  ind
60252   1960  1370  1332  1306  1217  1325  1149   -54  1267  1244  1271  ind
60252   1970  1104   943   964   858   871   729  1114   925  1079  1013  ind
60252   1980  1214  1307  1176   993   684   844   923   882   975   599  ind
60252   1990   966   815   805  1052  1099   979  1104   882  1003  1234  ind
60252   2000   996   917   933   952  1039   959   867   925  1188 -9999  ind
80301   1890   378   655   739  1149  1155   799   832  1147  1186  1047  ind
80301   1900  1247  1299  1220  1363  1285  1352  1402  1062  1080  1051  ind
80301   1910  1261   952  1127  1131   991  1135   982   716   486   755  ind
80301   1920    97   881   693   801   871   925   834  1121   992   958  ind
80301   1930   947   959  1046  1127  1071  1002   946  1151  1299   843  ind
80301   1940   936   937   865   845   908  1010   893   849   971   948  ind
80301   1950   992  1043  1049  1147  1144  1181  1062  1361  1194  1134  ind
80301   1960  1269  1014   909  1108  1175  1187   965  1014  1222  1057  ind
80301   1970   908   934   895   931   829   935   817   869   868   948  ind
80301   1980  1028   995   879   977   845   849   899  1098  1018  1113  ind
80301   1990   982   813   822  1059   951  1102  1191  1203 -9999
50244   1921  1226   803  1063  1224  1119  1491  1226  1474  1184
50244   1930  1136  1176   948   957   515   457   258   756   586   708  ind
50244   1940  1038  1282   997  1061   860   858   666   326   516   465  ind
50244   1950   579  1139   817  1202  1256  1307  1248  1037  1244  1189  ind
50244   1960  1256  1125   928   977  1173  1103   833  1242  1112  1059  ind
50244   1970  1014  1001   865   556   549   558   751   710   876  1105  ind
50244   1980  1149  1457  1704  1345  1516  1258  1071  1111   918  1112  ind
50244   1990  1996  1552   859   604   492   527   834   638   614   779  ind
50244   2000  1013  1029   578   995   973   766  1170  1116  1044 -9999  ind
70256   1956  1344   986   782   871
70256   1960   952   889   676  1062   605   850   440  1240  1118  1182  ind
70256   1970  1124  1088  1058  1150   683   815   901   685  1052   911  ind
70256   1980  1229  1766  1423  1092  1516  1175   974   978  1173   627  ind
70256   1990   840   878   715   653   858   381   769   626   438   431  ind
70256   2000   572   583  1300   985  1106  1359  1962  1032  1083 -9999  ind
91487   1917   270   578   607
91487   1920  1170  1915  1263   631   987  1108  1296  1092  1388  1533  ind
91487   1930  1325  1174  1140  1060  1044   966  1020  1067  1162   649  ind
91487   1940   779   773   768   820   607   778   718   433   546   626  ind
91487   1950   335   460   573   584  1466  1468  1518  1461  1701  1363  ind
91487   1960  1474  1402  1152   989   982  1127   992   935  1270  1032  ind
91487   1970   900   857   954   933   718   763   542   485  1021   809  ind
91487   1980  1031  1194  1385  1250  1126  1131  1065  1135  1195  1146  ind
91487   1990  1351   791  1154   871   416   600  1313  1007  1286   793  ind
91487   2000   618   754   317  1255  1652 -9999
70152   1916   360    77  -155  -168
70152   1920    15   226   981  2442  3304  1497  1672  1710  1467  1471  ind
70152   1930  1101   762   810  1042  1044  1121  1121  1208   971   820  ind
70152   1940  1234  1283  1136   712  1089   834   820   293   742   530  ind
70152   1950   629   809   820  1067  1219  1087  1427  1155  1260   725  ind
70152   1960  1114  1045   726   964   956   994   750  1110  1212  1294  ind
70152   1970  1066   995   759   859   717   537  1048   741   862   520  ind
70152   1980  1017  1457  1166  1068   855  1026  1180   897   545   740  ind
70152   1990  1006  1044   564   850   990  1177  1269   751  1091   957  ind
70152   2000   981   973  1086   987   966   989  1160   991  1238 -9999  ind
50246   1901  1745  1486  1488   863  1504   876   982   890   563
50246   1910   595   489  1016   306   604   555   829   862   862   530  ind
50246   1920   521   586   465  1034  1041  1779  1318  1517  1654  1843  ind
50246   1930  1638  1060  1134  1068  1088  1174  1057  1028  1184   266  ind
50246   1940  1056  1247   684   467   534   894   626   226   623   420  ind
50246   1950   618   567   749   916  1094  1911  1893  1851  2113  1782  ind
50246   1960  1974  1345  1468  1282   913   996   806   828  1022   606  ind
50246   1970   739   545   440   813   612   676   642   445   785   690  ind
50246   1980  1229  1253  1316  1161   660   751  1005   801   979   924  ind
50246   1990   982   862   833  1506  1114  1168  1102   958  1119   785  ind
50246   2000   876  1070  1077  1337   932 -9999
30567A  1932  1715  1516   877   794  1131   919   868   977
30567A  1940   841   874   830   847   880   805   774   677   863   666  ind
30567A  1950   927   931  1042  1058   947  1335   954  1027  1103   960  ind
30567A  1960  1241  1008  1021   872   893   873   862  1138  1098  1018  ind
30567A  1970   987  1110   988   997   934  1443  1606   669   674  1210  ind
30567A  1980  1287  1285  1437  1028   887   915   625   390   497   770  ind
30567A  1990   946   704  1176  1033   886   968   964   996  1219  1340  ind
30567A  2000   930   733   742  1532  1704  1562  1237  1094  1147  1388  ind
30567A  2010  1234   463   332    89 -9999
70626A  1930   454   751   890   611  1013   875  1172  1578  1448  1727  ind
70626A  1940  1129  1152  1067  1534  1324  1568  1326   810   716   275  ind
70626A  1950   551   186   252   615   602   888  1166  1098  1138  1075  ind
70626A  1960  1149  1209   952   936   846   997   894  1109  1141  1143  ind
70626A  1970  1191  1206  1187  1002   785   883   938   764  1241  1265  ind
70626A  1980  1295   922  1158  1077   929  1043   896   912   768   838  ind
70626A  1990   955  1112  1053  1098   936   886  1187   995  1149   668  ind
70626A  2000   881  1005  1090  1279   828   892   964 -9999
100961  1969   961
100961  1970  1248   595  1005  1302   947  1150   786   826   633  1050  ind
100961  1980  1471   897  1515  1170   938   951   520   838   895  1051  ind
100961  1990  1146  1001   912  1540   871   731  1195   668  1126  1119  ind
100961  2000  1151  1240   667   814   413  1014  1605  1001 -9999
100974  1936  1483  1421  1338   808
100974  1940   622   926  1214  1098   960   789   327   443   392   372  ind
100974  1950   545   748   603   846  1121  1635  1965  1584  1759  1215  ind
100974  1960  1818  1299  1045  1248   976  1073   233   964   909   885  ind
100974  1970   908   524   755  1186  1191   653   292   319   532   913  ind
100974  1980   982  1116  1146  1346  1384  1307  1079   860  1146  1485  ind
100974  1990  1602   977  1028   988  1103   899   837   826   813   681  ind
100974  2000   949  1016   990  1147   824   980 -9999
91391   1900  1959  1750  1582  1219  1055  1181  1089  1080   957  1056  ind
91391   1910   752   496   491   343   274   227   483   750   454   392  ind
91391   1920   555   833   901   930  1032  1183  1391  1163  1184  1235  ind
91391   1930  1236  1210  1183   985   991  1051  1087  1086  1181  1065  ind
91391   1940  1321  1004  1055   982   936   978   977  1063  1041  1320  ind
91391   1950   993  1280   978   911  1454   863  1003  1008  1179   847  ind
91391   1960   906   946   901   868   763   852   777  1076   995   987  ind
91391   1970   859   823  1020   994   989  1193  1111   761  1050   735  ind
91391   1980  1048  1004  1049   819   757   937  1072  1120  1209   901  ind
91391   1990  1170   981  1139  1094  1240   974  1219   965   842   827  ind
91391   2000   961   756 -9999
111094  1931   904   958   971   909   888  1256  1465  1592  1087
111094  1940  1199  1133  1055   921  1075   853   825    37   569   343  ind
111094  1950   466   470   401   499  1252  1406  1643  1472  1779  1258  ind
111094  1960  1317  1285  1118  1350   983  1181   644   631  1044   968  ind
111094  1970  1143   965   879   688   740   996   908   908   614   908  ind
111094  1980  1258   793   933   943   934  1390  1545  1171  1192   774  ind
111094  1990  1365   882   824  1047  1224   898   917   779   915  1180  ind
111094  2000   926  1274  1186   874   725   840   824  1176  1005   864  ind
111094  2010 -9999
60172   1880   809   805  1206  1149  1095   931  1254  1392  1170   659  ind
60172   1890   969   939   915  1395  1161  1092  1050  1095  1305  1146  ind
60172   1900  1045   925  1013   867   842   849   725   511   554   298  ind
60172   1910   179   340   523   296   304   591  1049  1221  1194  1212  ind
60172   1920  1240  1375  1829  1398  1315  1521  1279  1486  1419  1328  ind
60172   1930  1310  1053  1342  1105  1055  1171  1059   993  1226   997  ind
60172   1940  1351  1441  1164  1000   927   795   634   277   840   555  ind
60172   1950   904   708   738   760  1041   885  1084  1163  1471  1073  ind
60172   1960  1229  1187   789   953   948   897   751   455   884  1017  ind
60172   1970   766   792   762   927   700   463   534   942  1012   792  ind
60172   1980  1479  1499  1390  1075  1021  1278  1177   933  1120  1068  ind
60172   1990  1132  1046  1056  1036  1146  1006  1081   888   768  1095  ind
60172   2000  1033   917   970   906   791   887  1350  1000 -9999
40522   1930    80   309   357  1138  1022  1400  1543  1615  1088   940  ind
40522   1940  1341  1536  1482  1422  1169   911  1092  1033   822   985  ind
40522   1950  1056  1123   816   816   827   585   643   945   940   531  ind
40522   1960  1059  1000   946   790   758  1184   712   667  1160   773  ind
40522   1970  1359  1062   643   958   867   857  1021   441  1064   916  ind
40522   1980   837   779  1354  1144  1151   968   972   900   672   973  ind
40522   1990  1046  1154  1012  1115  1401  1055  1006   949   988  1110  ind
40522   2000   988   910  1024  1683  1464  1493   742   431   560   826  ind
40522   2010   685 -9999
80288   1906  1612   915  1229   974
80288   1910   808   807  1000  1026   800   713  1040  1062   887   949  ind
80288   1920   555   887   813  1132  1044  1135  1273  1133  1053   806  ind
80288   1930  1020   815  1223   779   901   825   920  1308  1405   887  ind
80288   1940  1056   822   886   843  1171  1000  1351  1010  1144  1464  ind
80288   1950  1307  1425  1149   909   940   975   924   986   948   689  ind
80288   1960   800   551   492   239   174   422   188   348   176   564  ind
80288   1970   986   980  1419  1729  1338  1650  1594  1254  1727  1383  ind
80288   1980  1515  1399  1831  1364  1001   817  1019   882  1322  1354  ind
80288   1990  1274   897   921   781   676   566   792   794   934   796  ind
80288   2000   500   984   746  1004  1107   921  1052 -9999
131032  1880  1532  1064  1213  1120   898  1056   980  1179   866   947  ind
131032  1890   772   874   726   772   958  1140  1150  1076   938   941  ind
131032  1900  1060  1100  1081  1154  1055   995  1004   822   890   913  ind
131032  1910   866   782   826   746   124  1180  1102   935   956   115  ind
131032  1920  1074  1322  1492  1265  1442  1209  1317  1257  1258  1107  ind
131032  1930  1077  1113   975   959   782   972   897  1019  1158   813  ind
131032  1940  1106   942   992   802   720   747   694   -27   736   603  ind
131032  1950   581   505   625   649  1279  1468  1557  1560  1666  1365  ind
131032  1960  1345  1280  1102  1230  1049  1040  1014   976  1024  1020  ind
131032  1970   997   849   993  1087   958   962  1022   943   920  1096  ind
131032  1980  1112  1000  1187  1062   897  1113  1079  1138   965  1165  ind
131032  1990  1372   792   831   970  1105   909   920   819   808   807  ind
131032  2000   659   801  1087   991  1113   965   924  1111  1088   966  ind
131032  2010 -9999
60386   1902  1079  1157  1122  1012   949   857   820   783
60386   1910   944   621   889   895   757   930  1014  1071   962  1121  ind
60386   1920  1028  1120  1212   926  1063  1091  1150  1262  1293  1306  ind
60386   1930  1084  1154   997  1067  1152  1082  1271  1062  1084   915  ind
60386   1940   937  1061  1004   849   909  1082   975    -6     6   929  ind
60386   1950  1088  1030  1037  1148  1053  1055  1245  1164  1022  1054  ind
60386   1960  1200  1107  1159   982   942   958   958   887  1011  1008  ind
60386   1970  1032   859   927   956   862   951  1062   835   954   985  ind
60386   1980   944  1005  1154  1013  1046   873   884  1078   909  1104  ind
60386   1990  1060  1061  1083   993  1172  1016  1071  1052  1080   906  ind
60386   2000   785   904   846   948  1061  1089  1000  1003  1010  1127  ind
60386   2010 -9999
111212  1952   863   968  1101  1075  1082  1090  1090   900
111212  1960  1119   896   866  1119   842   646   324  1157   942   727  ind
111212  1970   811   780   471  1676  2154  1725  1644  1084  1131  1019  ind
111212  1980  1039   980   808   729   656   536   884   806   750   700  ind
111212  1990  1000   884  1063   998  1254  1145  1456   942   730   760  ind
111212  2000   918  1141  1087  1024  1125   871  1055  1071   972   944  ind
111212  2010 -9999
92183A  1952  1018  1052   952  1236  1116  1061   823   848
92183A  1960   916  1097  1084   472   570   990   129  1021  1348  1215  ind
92183A  1970  1260  1083   827  1190  1094  1349  1068  1383  1050  1079  ind
92183A  1980  1307   714  1002   828   847   839   849  1058  1068   798  ind
92183A  1990  1153  1416  1438  1167   859   971   867   707   819   408  ind
92183A  2000  1393  1120  1162  1055   911  1106  1021   910   919   983  ind
92183A  2010   956   682   711  1026   995  1243  1135 -9999
152053A 1923  1136   822   921   986   809   840  1165
152053A 1930   955   741   776   594  1159  1063  1003  1396  1076  1005  ind
152053A 1940  1273  1376  1393  1148  1111  1009  1366   958  1065   989  ind
152053A 1950   801  1217   940   965  1014  1079   701   477   682   611  ind
152053A 1960   407   -32    64   400   160   705   589  1360  1638  1835  ind
152053A 1970  1568  1378  1242  1430  1141  1368  1325  1107  1332  1085  ind
152053A 1980  1452  1450  1160  1406   935  1023  1004  1042   921  1178  ind
152053A 1990   859   742  1113   749   803   713   777   950   847  1087  ind
152053A 2000   886  1063   857   800   850   792   971   915   812  1022  ind
152053A 2010   994   732   743  1089  1200  1397 -9999
100680  1931   675   834   921   725   963  1350  1585  1291   926
100680  1940   723  1136   749   921  1097   987   886   489   700   579  ind
100680  1950   962  1500  1225  1190  1136  1183  1330  1219  1222   935  ind
100680  1960   805   976  1165  1319   845   816   730  1085  1309   873  ind
100680  1970  1232  1047   985  1297  1006   912   769   606   820  1046  ind
100680  1980   820   979  1239   653   770   856  1070   759   945   886  ind
100680  1990  1380   787  1062   871  1273  1160   993  1150   955  1019  ind
100680  2000   907   855   717  1217  1057  1151   971  1040 -9999
112256A 1955  1309  1067   973  1175   975
112256A 1960   642   729   745   687   597   507   492  1178  1574  1336  ind
112256A 1970  1165  1302  1226  1328  1157  1183  1191  1026  1114   880  ind
112256A 1980  1157  1417  1240  1152   779   737   774   598   338   160  ind
112256A 1990   464   723  1394  1406  1360  1358  1257  1577  1204   700  ind
112256A 2000   739   829   927   885   880  1262   903   822   729  1162  ind
112256A 2010  1096   874   929  1056  1168  1014 -9999
172210A 1938  1818  1307
172210A 1940  1111  1042  1102   804   853  1111   809   422   560   884  ind
172210A 1950  1111   903  1064   750   947   825   889  1324   879   828  ind
172210A 1960   944   931   590   859   909  1008   644   616   681   481  ind
172210A 1970  1049  1289   688   523   265   776   710   530   317  1432  ind
172210A 1980  1970  2046  1832  1686   910  1429  1371  1446  1202  1095  ind
172210A 1990  1094  1035  1008  1177  1258   895   908   628   712   796  ind
172210A 2000  1094   752   710   887   446  1049   688   774  1051   828  ind
172210A 2010   964  1063   784   996  1128 -9999
91321   1881  1220  1081   913   872  1054  1197   930  1027   628
91321   1890   831   792  1249  1618  1554  1448  1729  1603  1346  1009  ind
91321   1900   328   680   831   887  1055   906   737   362   101   252  ind
91321   1910   263    98   120   176    72   997  1288  1397   957  1116  ind
91321   1920   909  1395  1579  1478  1359  1334  1092  1378  1418  1447  ind
91321   1930  1277  1000  1116  1108  1234   951  1152  1198  1227   893  ind
91321   1940  1139   936   984  1121  1080   947  1143   813   789   796  ind
91321   1950  1298  1057  1045  1090   842   996   965   933  1046  1110  ind
91321   1960  1003  1072   870   863   722  1051   813   816  1108  1085  ind
91321   1970  1140  1176   960  1061  1004   975   894   645   800   855  ind
91321   1980  1082   892   595   901  1038   829   852  1199  1089   902  ind
91321   1990   933   822   678  1346  1189  1271  1172 -9999
70269   1890  1104  1124  1168  1244  1118  1155  1197  1379  1326  1355  ind
70269   1900  1115   670   788   770   709   925   667   506   771   596  ind
70269   1910   977  1147   893   636   821   578   226  1153   607   745  ind
70269   1920   162   371   945   801  1064  1050   942  2044  2043  1667  ind
70269   1930  1237  1171  1407  1138   857   935  1369  1150  1352   625  ind
70269   1940   949  1146  1273   972  1171  1534   639   249   923   769  ind
70269   1950   953   591   716  1233  1268  1523  1664  1502  1619  1039  ind
70269   1960  1293  1081   804  1092   801  1181   920   951   958  1326  ind
70269   1970  1156   742   588   912  1044  1165  1243   592  1031   911  ind
70269   1980   569   603   885   925   866   867   884   889  1039   818  ind
70269   1990  1179   717  1092   941  1007   885  1041   644   711   704  ind
70269   2000  1176  1231  1188   972  1051  1022   887  1255  1251  1185  ind
70269   2010 -9999
121088  1902  1074  1439  1707  1378  1409  1166   994   560
121088  1910   725   523   752   776   627   864   867   429   508    96  ind
121088  1920   156   270   472   823  1469  1841  1998  1976  1439   960  ind
121088  1930  1412  1128  1599  1487  1167  1523  1343  1257  1326   775  ind
121088  1940   949   864   616   472   615   454   705   465   767   629  ind
121088  1950   504   260   687   722  1129  1480  1313  1266  1386   963  ind
121088  1960  1284  1169  1123  1117  1071  1106  1037  1312  1232  1233  ind
121088  1970  1124   756   819  1046   788   802  1150   983   825  1095  ind
121088  1980  1578  1480  1146  1234   908   849   956   856   757   869  ind
121088  1990   887   952   911   808  1042   877  1000   874   992  1003  ind
121088  2000   969   876   970  1027   850   799   993  1247  1095  1065  ind
121088  2010 -9999
101159r 1871   302   525   677   501   741  1038   794   981  1219
101159r 1880  1360   886  1065  1113  1196  1337  1095  1305  1106   831  ind
101159r 1890   919  1208  1520  1472  1569  1429  1234  1325  1730  1470  ind
101159r 1900   916   859   730   696   822   971  1181   873   721   814  ind
101159r 1910   515   386   266    53   264   675   637   723   648   789  ind
101159r 1920   518   830   750   924  1170  1249  1313  1420  1416  1623  ind
101159r 1930  1313  1513  1188  1261  1412  1297  1525  1308  1235  1022  ind
101159r 1940  1472  1404  1408   964  1249  1148   899   551   627  1119  ind
101159r 1950  1063   949   967   878   947   988   926  1042  1021   729  ind
101159r 1960  1029   748   737   759   449   772   595   617   514   665  ind
101159r 1970   780  1028   869  1020   449  1132  1092   767   905   968  ind
101159r 1980  1023  1078   968  1218  1196  1056  1276  1293  1240  1203  ind
101159r 1990   684   967   813   827   929  1162   947  1095   862  1201  ind
101159r 2000  1002  1204  1164 -9999
172218Ar1907  1627  1827  1608
172218Ar1910  1278  1048  1129   995   737   953   756   726   940   703  ind
172218Ar1920   800   571   853   544   902   548   756   966  1111   719  ind
172218Ar1930   771   806   879   853   845   466   937   914   941   563  ind
172218Ar1940   861  1002  1183  1032  1280  1374  1378   810   835   836  ind
172218Ar1950   837   960   590   985  1193  1133  1243  1013  1308  1042  ind
172218Ar1960  1302  1258  1196  1291  1156  1194   609  1033  1178   945  ind
172218Ar1970   550   679   986   473   392    69   176   287   364   572  ind
172218Ar1980   440  1428  2127  2011  1519  1784  1607  1457  1253  1270  ind
172218Ar1990  1566  1344  1398  1185  1197  1400  1103   961   803   603  ind
172218Ar2000   524   602   381   610   507   595   842  1113   787  1061  ind
172218Ar2010 -9999
33337A  1954   329   738  1385  1442  1624   867
33337A  1960  1020  1340  1494   869   510   605   672   738   915  1398  ind
33337A  1970   914   902  1465  1329   903   917   586   709   622   589  ind
33337A  1980   850  1146  1008  1479  1275  1050   950   576   915   727  ind
33337A  1990  1278  1423  1460  1664   762  1061  1045   883   841   855  ind
33337A  2000   401   704   477  1187  1470  1544  1316   866  1172  1255  ind
33337A  2010   810   743   984   918   757 -9999
