cagl_drop.rwl -- no data title --                         1st itrdb line missing     
cagl_drop.rwl -- no data title --                         2nd itrdb line missing     
cagl_drop.rwl -- no data title --                         3rd itrdb line missing     
60059   1902   757   878   861   879   841   852   913   929
60059   1910   888   894   861   877   767   866   818   879   906   871  raw
60059   1920   866   914   875   871   794   675   828   695   735   723  raw
60059   1930   517   780   692   689   825   606   891   883   866   862  raw
60059   1940   779   821   854   923   895   906   853   862   771   851  raw
60059   1950   871   837   804   702   748   653   768   796   817   758  raw
60059   1960   770   766   760   851   840   786   779   671   748   646  raw
60059   1970   793   811   699   781   815   892   884   795   822   826  raw
60059   1980   797   784   825   854   844   892   865   839   805   861  raw
60059   1990   848   819   714   876   813   745   861   807   828   809  raw
60059   2000   827   830   872   855   822   798   859   872   802   839  raw
60059   2010 -9999
70065   1929   745
70065   1930   627   787   701   797   844   775   910   886   881   889  raw
70065   1940   862   835   872   940   911   912   906   862   771   895  raw
70065   1950   879   845   902   749   759   692   798   852   821   809  raw
70065   1960   775   821   791   878   850   804   830   725   773   660  raw
70065   1970   802   845   781   794   847   895   903   863   841   845  raw
70065   1980   838   858   896   859   884   901   886   875   841   925  raw
70065   1990   853   837   719   888   848   858   919   807   876   850  raw
70065   2000   871   852   883   886   835   817   878   876   855   850  raw
70065   2010 -9999
80625   1901   856   808   914   933   928   916   912   929   937
80625   1910   948   919   931   888   916   900   932   925   918   886  raw
80625   1920   894   936   879   905   894   707   837   822   857   826  raw
80625   1930   665   826   766   868   877   871   915   926   892   902  raw
80625   1940   868   839   897   944   928   918   912   862   829   922  raw
80625   1950   896   866   920   863   787   791   890   856   879   894  raw
80625   1960   835   828   804   897   880   806   861   771   789   740  raw
80625   1970   803   860   810   894   859   925   908   885   860   848  raw
80625   1980   906   872   906   874   891   911   893   882   855   930  raw
80625   1990   912   870   871   909   884   871   924   903   887   882  raw
80625   2000   899   875   925   905   873   869   895   932   897 -9999  raw
90522   1905   929   917   958   934   955
90522   1910   949   943   931   904   928   944   937   928   925   954  raw
90522   1920   902   938   892   908   897   839   871   875   873   838  raw
90522   1930   769   897   863   912   914   885   926   939   920   938  raw
90522   1940   890   879   898   946   932   919   940   901   842   925  raw
90522   1950   905   894   928   893   857   897   907   900   914   903  raw
90522   1960   864   887   887   905   888   851   872   791   798   798  raw
90522   1970   821   921   873   898   908   929   923   913   909   888  raw
90522   1980   911   891   912   889   897   913   916   891   879   933  raw
90522   1990   918   888   907   924   888   889   939   929   929   889  raw
90522   2000   922   883   930 -9999
121105  1906   933   960   966   957
121105  1910   964   945   942   943   933   945   944   937   951   956  raw
121105  1920   951   949   921   922   943   851   916   877   902   884  raw
121105  1930   813   917   864   912   922   901   930   941   920   945  raw
121105  1940   914   889   905   949   932   919   948   923   842   930  raw
121105  1950   923   920   928   916   915   898   907   919   936   923  raw
121105  1960   878   917   933   924   897   882   891   811   850   900  raw
121105  1970   851   923   920   911   909   935   929   915   910   930  raw
121105  1980   918   920   913   913   914   929   922   896   908   948  raw
121105  1990   934   913   908   937   915   925   947   931   935   907  raw
121105  2000   925   918   934   913   905   930   915   935   899   921  raw
121105  2010 -9999
131113  1907   969   971   957
131113  1910   965   953   952   946   953   961   955   945   953   963  raw
131113  1920   959   961   937   949   946   858   924   941   949   905  raw
131113  1930   977   948   936   940   923   902   942   941   926   947  raw
131113  1940   920   914   905   951   939   955   949   940   912   943  raw
131113  1950   933   921   939   926   921   908   925   941   941   948  raw
131113  1960   922   937   934   933   901   890   893   854   929   917  raw
131113  1970   880   933   936   911   937   936   932   929   920   951  raw
131113  1980   925   922   929   931   941   935   923   904   929   948  raw
131113  1990   937   916   923   938   954   927   947   940   936   943  raw
131113  2000   937   920   942   928   908   944   920   935   914   925  raw
131113  2010 -9999
91327   1935   957   950   952   951   949
91327   1940   961   916   923   961   946   966   959   944   957   943  raw
91327   1950   935   929   944   930   939   929   931   941   945   959  raw
91327   1960   933   943   934   943   931   946   915   913   944   940  raw
91327   1970   885   935   939   912   952   938   933   935   938   952  raw
91327   1980   933   927   937   949   950   935   932   938   952   949  raw
91327   1990   940   919   925   944   963   946   955   959   946   945  raw
91327   2000   942   933   944   937   947   945   942   947   957   962  raw
91327   2010 -9999
70332   1891   910   902   941   945   922   931   883   941   905
70332   1900   947   923   945   949   945   967   987   970   972   969  raw
70332   1910   966   973   957   948   977   963   955   950   968   966  raw
70332   1920   978   967   968   966   981   891   971   971   979   979  raw
70332   1930   980   954   945   943   924   966   956   957   957   951  raw
70332   1940   965   928   929   965   955   969   962   947   965   956  raw
70332   1950   942   945   957   951   949   952   939   949   958   971  raw
70332   1960   963   952   949   950   954   954   917   953   958   946  raw
70332   1970   910   943   939   935   955   950   937   946   938   963  raw
70332   1980   956   950   962   950   950   943   940   939   956   950  raw
70332   1990   940   930   952   948   963   951   960   963   952   949  raw
70332   2000   963   939   950   944   959   948   956   951   964   982  raw
70332   2010 -9999
90542   1868  1000  1000
90542   1870  1000  1000  1000  1000  1000  1000  1000  1000  1000  1000  raw
90542   1880  1000   917   760   780   739   644   585  1000   861    35  raw
90542   1890   862   922   945   961   946   924   951   925   956   958  raw
90542   1900   953   958   954   971   947   991   990   981   983   970  raw
90542   1910   978   989   972   949   979   972   958   954   975   971  raw
90542   1920   980   981   972   968   987   976   971   971   983   984  raw
90542   1930   981   969   971   967   957   968   960   964   958   963  raw
90542   1940   967   932   950   972   967   971   965   958   965   962  raw
90542   1950   952   945   973   952   969   956   942   954   960   971  raw
90542   1960   967   970   959   973   979   964   961   963   965   954  raw
90542   1970   940   951   962   951   960   972   962   950   951   964  raw
90542   1980   965   961   975   955   951   947   940   955   957   954  raw
90542   1990   942   942   952 -9999
60252   1878  1000  1000
60252   1880  1000   953   970   978   982   911   990   897   987   403  raw
60252   1890   918   993   983   963   979   964   980   950   985   981  raw
60252   1900   960   985   962   995   985   995   992   989   992   996  raw
60252   1910   982   991   979   960   985   983   963   986   976   972  raw
60252   1920   985   994   992   971   992   998   972   986   987   994  raw
60252   1930   984   974   988   968   964   981   970   978   964   963  raw
60252   1940   969   976   970   972   981   974   970   970   970   963  raw
60252   1950   953   947   976   960   970   957   957   967   964   972  raw
60252   1960   968   972   968   979   981   968   972   968   967   960  raw
60252   1970   964   957   967   960   960   975   970   961   957   967  raw
60252   1980   966   962   975   957   952   952   941   970   960   954  raw
60252   1990   958   953   959   956   965   952   968   964   979   951  raw
60252   2000   972   957   953   944   964   966   971   952   975 -9999  raw
80301   1890   996  1000   985   988   994   985   988   991   990   989  raw
80301   1900   986   989   997   995   996   995   993   990   994   998  raw
80301   1910   996  1000   986   986   986   995   972   989   977   986  raw
80301   1920   987   998   995   985   994   998   983   993   995   994  raw
80301   1930   995   989   989   974   974   982   978   982   968   971  raw
80301   1940   974   977   980   977   983   977   975   984   970   971  raw
80301   1950   954   954   982   965   970   963   977   979   978   973  raw
80301   1960   968   978   978   983   984   971   974   976   976   963  raw
80301   1970   964   962   968   977   975   975   978   964   966   971  raw
80301   1980   970   968   979   962   958   954   953   974   961   959  raw
80301   1990   962   958   960   962   969   952   972   964 -9999
50244   1921   998   998   990   994  1000  1000   998   998  1000
50244   1930   998   991   994   979   982   989   988   986   981   990  raw
50244   1940   987   981   989   979   988   986   993   986   973   973  raw
50244   1950   968   963   984   968   972   966   979   981   983   975  raw
50244   1960   973   978   988   984   987   971   978   979   982   972  raw
50244   1970   978   973   974   977   984   977   981   980   966   971  raw
50244   1980   976   974   983   969   959   962   975   975   979   964  raw
50244   1990   967   968   967   966   971   967   974   969   981   954  raw
50244   2000   973   959   953   970   974   967   983   958   976 -9999  raw
70256   1956   989   985   984   978
70256   1960   980   981   988   984   993   977   992   979   987   975  raw
70256   1970   981   976   983   980   984   979   981   980   970   976  raw
70256   1980   978   976   987   972   963   973   980   991   985   966  raw
70256   1990   968   976   974   967   975   980   974   974   981   958  raw
70256   2000   981   968   969   972   978   968   986   975   981 -9999  raw
91487   1917   990   992   987
91487   1920  1000  1000  1000  1000   996  1000  1000  1000  1000  1000  raw
91487   1930  1000   998   996   997   983   989   992   988   988   994  raw
91487   1940   998   984   990   990   989   992   993   991   990   984  raw
91487   1950   969   972   984   978   983   990   989   992   985   980  raw
91487   1960   989   993   991   985   996   979   993   981   989   978  raw
91487   1970   987   988   983   981   984   983   982   981   971   983  raw
91487   1980   978   985   987   976   972   974   981   992   987   985  raw
91487   1990   969   979   979   970   976   985   976   978   982   963  raw
91487   2000   983   975   982   972   985 -9999
70152   1916   983   994   994  1000
70152   1920  1000  1000  1000  1000  1000   996  1000  1000  1000   994  raw
70152   1930  1000  1000  1000  1000   984  1000   992   991   989   998  raw
70152   1940  1000   991  1000   993   990   994   994   994   992   984  raw
70152   1950   984   972   995   980   987   990   989   994   990   988  raw
70152   1960   991   993   994   994   997   987   994   986   989   979  raw
70152   1970   989   990   986   988   987   985   983   990   977   986  raw
70152   1980   980   987   990   987   979   982   983   992   989   989  raw
70152   1990   969   986   983   976   977   989   980   980   990   968  raw
70152   2000   984   975   984   974   987   970   988   984   992 -9999  raw
50246   1901   996   997  1000   998   998   995   995   994   998
50246   1910  1000  1000   994   998   994   997  1000   995  1000  1000  raw
50246   1920   998  1000   997  1000   998   986   998  1000  1000   983  raw
50246   1930   998  1000  1000  1000   996  1000  1000   997   995  1000  raw
50246   1940  1000   998  1000   997   996   997   996   995   992   987  raw
50246   1950   987   984   995   981   995   992   993   996   992   992  raw
50246   1960   994   993  1000   996   997   988   994   987   996   984  raw
50246   1970   990   997   990   988   987   987   998   993   977   992  raw
50246   1980   983   994   991   990   980   987   983   992   990   990  raw
50246   1990   977   989   989   986   977   990   984   981   996   987  raw
50246   2000   989   979   986   976   990 -9999
30567A  1932  1000  1000  1000  1000  1000   998  1000  1000
30567A  1940  1000  1000  1000   997  1000  1000  1000   998   994   991  raw
30567A  1950   989   987   995   988   995   994  1000   998   994   992  raw
30567A  1960   994   995  1000   996   997   994  1000   994   998   990  raw
30567A  1970   993  1000   993   990   995   991   998   994   989   995  raw
30567A  1980   994   995   994   990   987   988   987   996   992   992  raw
30567A  1990   994   990   991   988   977   991   984   986   997   988  raw
30567A  2000   991   984   995   979   992   977   991   989   994   984  raw
30567A  2010   934   845   942   882 -9999
70626A  1930   994  1000  1000  1000  1000  1000  1000  1000  1000  1000  raw
70626A  1940  1000  1000  1000  1000  1000  1000  1000   998  1000   994  raw
70626A  1950   992   991   995   989   996   998  1000  1000  1000   998  raw
70626A  1960   998   995  1000   997   998   995  1000   994   998   993  raw
70626A  1970   997  1000   995   993   998   992  1000   995   993   996  raw
70626A  1980   994  1000   995   994   993   990   989   997   992   997  raw
70626A  1990   996   995   991   992   985   993   988   991   997   994  raw
70626A  2000   994   985   997   984   997   983   992 -9999
100961  1969   993
100961  1970  1000  1000   995   993  1000   993  1000   998   993   998  raw
100961  1980   998  1000   995   995   996   994   992   998  1000   997  raw
100961  1990   996   998   996   997   985   997   995   992   997   997  raw
100961  2000   995   990   998   990   997   990   992   990 -9999
100974  1936  1000  1000  1000  1000
100974  1940  1000   998  1000  1000  1000  1000  1000  1000   998   995  raw
100974  1950   994  1000   997   994  1000  1000  1000  1000  1000  1000  raw
100974  1960  1000   998  1000   997  1000   995  1000  1000  1000   997  raw
100974  1970  1000  1000   996   995  1000   994  1000  1000   996  1000  raw
100974  1980   998  1000   997  1000  1000   998   997  1000  1000  1000  raw
100974  1990   997  1000  1000  1000   991   998  1000  1000  1000   998  raw
100974  2000   995   991  1000  1000   998   993 -9999
91391   1900  1000   998   998  1000  1000  1000   998   997   995  1000  raw
91391   1910  1000  1000  1000   998  1000   998  1000   995  1000  1000  raw
91391   1920   997   996   994   998   997   982   994   997  1000   981  raw
91391   1930   993  1000   996  1000   998  1000   996  1000  1000  1000  raw
91391   1940  1000   984  1000  1000  1000  1000   996  1000   998  1000  raw
91391   1950  1000  1000  1000  1000  1000  1000  1000  1000  1000  1000  raw
91391   1960  1000  1000  1000   998  1000  1000  1000  1000  1000  1000  raw
91391   1970  1000  1000   997   997  1000   997  1000  1000  1000  1000  raw
91391   1980  1000  1000   998  1000  1000  1000  1000  1000  1000  1000  raw
91391   1990   998  1000  1000  1000   995  1000  1000   998  1000  1000  raw
91391   2000   997   997 -9999
111094  1931   991   993   996   993  1000   995   996  1000  1000
111094  1940  1000   981   996   995  1000  1000   995  1000   997   991  raw
111094  1950  1000   997  1000  1000  1000  1000   998  1000  1000   998  raw
111094  1960  1000  1000  1000  1000  1000  1000  1000   998  1000  1000  raw
111094  1970   995   998   998  1000  1000  1000  1000  1000  1000  1000  raw
111094  1980  1000  1000   998  1000  1000  1000  1000  1000  1000  1000  raw
111094  1990  1000   997   998  1000  1000  1000   998   992  1000  1000  raw
111094  2000  1000  1000  1000  1000  1000   994   994   995  1000   985  raw
111094  2010 -9999
60172   1880  1000   971   990   990   994   998   995  1000   991   983  raw
60172   1890  1000  1000   998  1000   998   992  1000   992   997   995  raw
60172   1900  1000  1000  1000  1000  1000  1000  1000   990   994   992  raw
60172   1910  1000  1000  1000  1000  1000  1000  1000   998   986   981  raw
60172   1920   996   993   982   994   995   981   992   995   996   976  raw
60172   1930   989   990   993   995   992   993   992   993   991   998  raw
60172   1940   996   979   991   994  1000   990   994  1000   995   987  raw
60172   1950   994   994   996  1000  1000  1000   997   998   995   995  raw
60172   1960   996  1000  1000  1000  1000  1000   998   996   996   998  raw
60172   1970   991   996  1000  1000   998   998   998  1000  1000  1000  raw
60172   1980  1000  1000  1000  1000   998  1000  1000  1000  1000  1000  raw
60172   1990  1000   997   996  1000  1000  1000   995   992  1000  1000  raw
60172   2000  1000  1000  1000  1000  1000   998   998   998 -9999
40522   1930   969   982   989   993   985   985   989   989   984   996  raw
40522   1940   993   979   971   987   975   990   985   996   981   987  raw
40522   1950   982   982   996   996   997  1000   997   997   995   993  raw
40522   1960   992   998   997   998  1000   998   998   992   993   994  raw
40522   1970   989   996  1000  1000   994   986   998   998   998   996  raw
40522   1980   998   995  1000   996   994  1000   995  1000   998   998  raw
40522   1990  1000   996   994  1000   996   996   989   988  1000  1000  raw
40522   2000  1000  1000  1000   993   995   997  1000  1000  1000   987  raw
40522   2010   985 -9999
80288   1906   992   977   986   975
80288   1910   987  1000  1000   996   993   990   979   949   977   973  raw
80288   1920   995   986   980   979   993   974   988   989   985   969  raw
80288   1930   964   979   987   984   984   985   988   976   978   986  raw
80288   1940   991   971   966   983   973   970   978   994   978   985  raw
80288   1950   962   953   995   992   996   994   996   997   994   991  raw
80288   1960   990   997   997   998   994   992   997   986   989   991  raw
80288   1970   988   993   997   996   982   985   996   998   996   996  raw
80288   1980   991   995  1000   994   994   997   992  1000   997   990  raw
80288   1990   998   994   987   998   993   994   984   986  1000   998  raw
80288   2000   989   997  1000   989   988   995  1000 -9999
131032  1880  1000   991   991   993   993   980   995  1000  1000   979  raw
131032  1890  1000   998  1000   998  1000   998  1000  1000   981   986  raw
131032  1900  1000   966  1000  1000   994  1000   987   968   981   974  raw
131032  1910   971   998   982   981   987   972   978   928   940   946  raw
131032  1920   971   981   964   969   964   973   976   978   976   967  raw
131032  1930   945   975   967   973   976   965   979   963   973   978  raw
131032  1940   967   968   965   972   968   970   965   992   972   977  raw
131032  1950   952   950   989   990   995   978   995   985   989   989  raw
131032  1960   987   988   997   988   988   987   994   981   982   987  raw
131032  1970   987   988   987   994   978   983   990   992   994   978  raw
131032  1980   989   984   997   987   992   995   989   997   992   988  raw
131032  1990   992   989   985   996   968   992   984   976  1000   990  raw
131032  2000   985   988   989   983   979   987  1000  1000  1000   991  raw
131032  2010 -9999
60386   1902   918   970   964   962   969   962   977   972
60386   1910   968   986   958   955   903   964   958   868   927   943  raw
60386   1920   949   949   957   965   952   972   961   965   955   965  raw
60386   1930   944   966   959   962   972   964   972   961   971   974  raw
60386   1940   960   966   961   961   962   967   964   951   950   967  raw
60386   1950   928   941   979   949   994   977   991   982   980   989  raw
60386   1960   987   981   994   981   980   980   992   976   981   969  raw
60386   1970   981   986   970   986   976   978   989   989   983   975  raw
60386   1980   980   969   982   985   982   994   988   994   990   987  raw
60386   1990   989   985   976   989   968   981   981   976   998   987  raw
60386   2000   974   987   986   980   975   966   987   997  1000   993  raw
60386   2010 -9999
111212  1952   975   948   985   975   988   982   977   986
111212  1960   966   976   986   981   974   957   976   974   970   963  raw
111212  1970   979   986   970   961   972   976   970   985   976   972  raw
111212  1980   978   969   975   961   979   990   979   979   982   983  raw
111212  1990   988   978   973   986   953   976   976   975   971   978  raw
111212  2000   964   960   978   969   942   942   982   992   980  1000  raw
111212  2010 -9999
92183A  1952   972   922   960   975   980   975   973   986
92183A  1960   959   976   970   964   974   954   971   967   968   932  raw
92183A  1970   971   985   963   953   959   974   970   982   957   966  raw
92183A  1980   975   961   974   941   977   974   978   967   965   978  raw
92183A  1990   944   975   969   965   952   974   961   972   968   977  raw
92183A  2000   954   937   971   965   924   941   971   971   976  1000  raw
92183A  2010   986   942   952   958  1000  1000  1000 -9999
152053A 1923   958   935   938   958   955   949   948
152053A 1930   932   958   949   958   957   926   943   952   962   961  raw
152053A 1940   948   964   961   960   960   967   961   930   937   963  raw
152053A 1950   903   913   968   910   916   946   972   963   964   984  raw
152053A 1960   958   962   956   958   967   942   957   956   967   927  raw
152053A 1970   965   979   949   923   958   961   967   967   933   962  raw
152053A 1980   949   958   972   938   914   956   957   957   957   971  raw
152053A 1990   929   946   967   964   917   969   954   971   961   938  raw
152053A 2000   954   903   958   937   901   933   924   956   896   968  raw
152053A 2010   995   997   994   998  1000  1000 -9999
100680  1931   953   911   944   905   910   940   929   940   956
100680  1940   945   963   958   960   959   959   960   909   912   933  raw
100680  1950   881   879   936   846   913   946   958   952   959   981  raw
100680  1960   954   941   955   957   953   934   944   946   956   921  raw
100680  1970   964   964   928   920   950   960   966   938   919   962  raw
100680  1980   946   952   948   937   908   948   941   943   944   961  raw
100680  1990   921   944   924   950   916   961   951   971   936   923  raw
100680  2000   942   879   956   908   645   919   793   944 -9999
112256A 1955   879   956   941   958   967
112256A 1960   939   938   952   955   951   932   935   932   941   911  raw
112256A 1970   932   956   907   916   932   949   951   928   909   958  raw
112256A 1980   935   938   932   934   898   886   878   899   943   955  raw
112256A 1990   901   928   914   948   895   932   948   954   930   844  raw
112256A 2000   940   859   946   794   438   884   785   925   884   955  raw
112256A 2010   945   991   990  1000  1000  1000 -9999
172210A 1938   911   946
172210A 1940   940   948   951   955   955   959   945   899   905   919  raw
172210A 1950   856   808   904   828   883   874   938   938   952   932  raw
172210A 1960   938   936   947   942   950   908   925   924   929   876  raw
172210A 1970   908   933   891   890   931   943   934   916   865   913  raw
172210A 1980   933   931   903   930   821   886   858   864   927   950  raw
172210A 1990   822   916   900   889   888   931   927   950   861   840  raw
172210A 2000   930   851   932   728   415   863   767   903   838   903  raw
172210A 2010   935   982   976   971  1000 -9999
91321   1881   975   959   948   941   977   925   997   931   972
91321   1890   992   952   963   987   980   979   971   878   974   977  raw
91321   1900   969   959   881   964   958   960   940   958   975   970  raw
91321   1910   964   955   915   819   726   960   942   850   919   933  raw
91321   1920   948   945   924   957   928   909   956   948   935   931  raw
91321   1930   930   932   897   912   878   902   924   911   867   891  raw
91321   1940   913   940   938   947   947   946   942   894   883   837  raw
91321   1950   831   795   848   766   789   871   919   924   941   922  raw
91321   1960   936   920   919   933   948   900   923   825   892   861  raw
91321   1970   861   926   854   857   930   914   899   888   827   899  raw
91321   1980   903   915   901   928   793   812   850   842   879   938  raw
91321   1990   798   863   864   881   811   916   926 -9999
70269   1890   924   949   913   926   932   858   914   875   968   926  raw
70269   1900   926   807   784   927   955   945   898   952   946   964  raw
70269   1910   959   954   891   745   542   947   839   841   897   927  raw
70269   1920   877   943   911   941   926   899   897   937   926   883  raw
70269   1930   876   923   894   891   850   838   913   896   861   888  raw
70269   1940   911   835   934   938   936   942   941   856   812   823  raw
70269   1950   795   763   847   764   672   856   850   922   941   911  raw
70269   1960   903   883   910   921   920   890   902   825   880   823  raw
70269   1970   854   915   839   856   929   906   889   867   737   899  raw
70269   1980   886   903   862   845   737   802   815   800   773   905  raw
70269   1990   796   856   828   868   599   907   861   895   839   831  raw
70269   2000   920   775   869   632   385   651   723   862   624   871  raw
70269   2010 -9999
121088  1902   428   923   935   878   793   950   931   962
121088  1910   945   946   803   635   520   896   834   809   885   881  raw
121088  1920   867   911   909   915   906   872   891   914   925   826  raw
121088  1930   864   909   878   773   768   813   870   855   812   865  raw
121088  1940   860   834   905   934   925   876   932   850   738   798  raw
121088  1950   781   715   838   735   668   853   822   910   935   886  raw
121088  1960   855   882   888   875   916   767   894   824   879   758  raw
121088  1970   786   872   784   824   903   892   846   840   637   899  raw
121088  1980   757   894   842   793   722   786   725   693   770   873  raw
121088  1990   763   793   558   844   592   821   795   852   765   758  raw
121088  2000   893   757   852   631   334   516   504   727   484   831  raw
121088  2010 -9999
101159r 1871  1000  1000  1000  1000  1000  1000  1000  1000  1000
101159r 1880  1000   744   804   866   899   839   742   911   912   951  raw
101159r 1890   817    76   505   875   892   702   901   864   935   916  raw
101159r 1900   380   720   279   804   886   818   763   936   899   948  raw
101159r 1910   938   807   793   394   323   792   798   784   799   875  raw
101159r 1920   846   906   900   563   316   398   537   468   617   482  raw
101159r 1930   492   846   796   653   616   585   829   817   776   831  raw
101159r 1940   826   819   869   907   876   875   921   688   734   734  raw
101159r 1950   781   657   836   695   628   848   809   886   863   855  raw
101159r 1960   816   870   800   854   899   717   889   822   866   651  raw
101159r 1970   746   863   690   803   895   880   782   816   618   853  raw
101159r 1980   705   695   765   784   539   758   716   650   673   761  raw
101159r 1990   620   778   548   780   488   818   257   757   691   705  raw
101159r 2000   873   695   754 -9999
172218Ar1907   858   857   926
172218Ar1910   901   775   739   385     6   769   714    64  1000    88  raw
172218Ar1920  1000  1000    67   235  1000     4   138   315   123     0  raw
172218Ar1930  1000   303   284   462   495   507   803   811   710   750  raw
172218Ar1940   631   522   624   886   726   853   872   609   544   588  raw
172218Ar1950   689   561   832   546   505   577   663   735   682   782  raw
172218Ar1960   769   801   770   844   846   582   820   710   702   622  raw
172218Ar1970   699   824   679   645   864   857   774   745   504   760  raw
172218Ar1980   663   469   725   743   214   600   454   343   425   591  raw
172218Ar1990   595   666   524   750   177   597   213   564   665   698  raw
172218Ar2000   870   656   698   269    52   404   291   550   252   711  raw
172218Ar2010 -9999
33337A  1954   131   225   522   525   482   499
33337A  1960   385   506   552   763   730   369   531   441   465   512  raw
33337A  1970   556   594   555   624   348   795   118   629   470   621  raw
33337A  1980   657   249   480   358   207   514   294    80   329   492  raw
33337A  1990   399   609   250   653   133   579  1000   402     1   687  raw
33337A  2000   551   308   668    54  1000    99  1000   482   232   582  raw
33337A  2010    78   709   920   721  1000 -9999
