 % variance  0.283
 cumulative  0.283
 series_id   #  1
  22371     -0.301
  32368      0.581
  32493      0.538
  32498      0.668
  40533      0.541
  42207      0.404
  42248      0.692
  42283      0.654
  42304      0.666
  50404      0.621
  52276      0.690
  52403      0.617
  62007      0.408
  80046      0.698
  80056      0.669
  80148      0.236
  80156      0.657
  80159      0.619
  80576      0.314
  82120      0.546
  82434      0.583
  90084      0.644
  90104      0.662
  90577      0.552
  90634      0.548
  90650      0.063
  91493      0.165
  91499     -0.098
  100551     0.663
  101123     0.698
  101215     0.598
  102238     0.649
  110819     0.531
  110920     0.670
  111163     0.656
  112206     0.139
  121379     0.654
  130911     0.699
  130991     0.663
  131009     0.593
  132232    -0.421
  132250    -0.168
  132396     0.394
  132542     0.559
  140733     0.698
  140736     0.197
  140756     0.417
  140761     0.572
  140931     0.638
  140934     0.714
  142015     0.075
  142575     0.567
  150951     0.615
  150957     0.663
  152490    -0.075
  152645     0.170
  152656     0.617
  160935     0.550
  162566     0.197
  171167     0.296
  180929     0.376
  182130     0.527
  190830     0.386
  192239     0.586
  90631      0.277
  10517      0.045
  182686     0.603
