  year  #   1
  1950   0.320
  1951   1.078
  1952  -0.135
  1953  -0.652
  1954  -0.272
  1955   1.177
  1956   0.790
  1957  -0.130
  1958   2.007
  1959  -2.365
  1960   2.070
  1961  -0.179
  1962  -0.245
  1963  -1.404
  1964  -2.553
  1965  -2.889
  1966  -4.171
  1967  -0.597
  1968   0.428
  1969  -0.446
  1970   1.527
  1971  -0.084
  1972   1.894
  1973   1.369
  1974   1.410
  1975   0.623
  1976   0.080
  1977  -1.822
  1978   2.223
  1979  -0.955
  1980   1.286
  1981   1.743
  1982   1.273
  1983  -0.025
  1984  -1.579
  1985  -0.717
  1986   1.232
  1987  -0.921
  1988  -0.365
  1989  -0.030
  1990   1.723
  1991  -2.144
  1992   1.105
  1993   3.815
  1994  -1.546
  1995   0.736
  1996   0.581
  1997  -0.409
  1998   0.375
  1999  -4.288
  2000   0.054
