 eigenvalue 11.329   5.140   3.333   2.066   1.394   1.283   0.887   0.811   0.571   0.533   0.464   0.369   0.323   0.284   0.255   0.244   0.238   0.187   0.178   0.173   0.157   0.147   0.129   0.123   0.111   0.100   0.089   0.081   0.078   0.069   0.062   0.058   0.056   0.049   0.041   0.041   0.037   0.035   0.029   0.025   0.023   0.021   0.019   0.017   0.014   0.013   0.011   0.009   0.008   0.007   0.000
 eval sderr  2.244   1.018   0.660   0.409   0.276   0.254   0.176   0.161   0.113   0.106   0.092   0.073   0.064   0.056   0.050   0.048   0.047   0.037   0.035   0.034   0.031   0.029   0.026   0.024   0.022   0.020   0.018   0.016   0.015   0.014   0.012   0.011   0.011   0.010   0.008   0.008   0.007   0.007   0.006   0.005   0.005   0.004   0.004   0.003   0.003   0.002   0.002   0.002   0.001   0.001   0.000
 % variance  0.357   0.162   0.105   0.065   0.044   0.040   0.028   0.026   0.018   0.017   0.015   0.012   0.010   0.009   0.008   0.008   0.008   0.006   0.006   0.005   0.005   0.005   0.004   0.004   0.003   0.003   0.003   0.003   0.002   0.002   0.002   0.002   0.002   0.002   0.001   0.001   0.001   0.001   0.001   0.001   0.001   0.001   0.001   0.001   0.000   0.000   0.000   0.000   0.000   0.000   0.000
 cumulative  0.357   0.519   0.624   0.689   0.733   0.774   0.802   0.827   0.845   0.862   0.877   0.888   0.899   0.908   0.916   0.923   0.931   0.937   0.942   0.948   0.953   0.957   0.961   0.965   0.969   0.972   0.975   0.977   0.980   0.982   0.984   0.986   0.987   0.989   0.990   0.992   0.993   0.994   0.995   0.996   0.996   0.997   0.998   0.998   0.999   0.999   0.999   1.000   1.000   1.000   1.000
 brokn stck  4.519   3.519   3.019   2.685   2.435   2.235   2.069   1.926   1.801   1.690   1.590   1.499   1.416   1.339   1.267   1.201   1.138   1.079   1.024   0.971   0.921   0.873   0.828   0.785   0.743   0.703   0.664   0.627   0.592   0.557   0.524   0.492   0.460   0.430   0.401   0.372   0.344   0.317   0.291   0.265   0.240   0.216   0.192   0.169   0.146   0.124   0.102   0.081   0.060   0.040   0.020
 series_id   #  1       2       3       4       5       6       7       8       9      10      11      12      13      14      15      16      17      18      19      20      21      22      23      24      25      26      27      28      29      30      31      32      33      34      35      36      37      38      39      40      41      42      43      44      45      46      47      48      49      50      51
  12490     -0.036   0.176   0.073   0.126   0.147   0.244   0.100   0.065   0.093  -0.006   0.019  -0.108  -0.104   0.001   0.097  -0.086  -0.108   0.021  -0.233  -0.071  -0.041  -0.053   0.001   0.031   0.010   0.056  -0.090  -0.063  -0.026   0.097  -0.050   0.022   0.082   0.180   0.168   0.315  -0.008  -0.122  -0.037   0.013   0.094   0.008   0.022  -0.147   0.076  -0.119   0.034   0.003   0.055   0.038   0.067
  22545      0.047   0.160   0.144   0.013  -0.040  -0.077  -0.039  -0.221   0.012   0.100   0.323   0.082  -0.065  -0.019   0.035   0.005  -0.142   0.262   0.164  -0.067   0.082   0.056  -0.170   0.104  -0.199   0.033  -0.302  -0.089   0.045  -0.139  -0.106  -0.184   0.128   0.146   0.035  -0.017   0.008  -0.097  -0.011   0.135  -0.037   0.015   0.001   0.201   0.170  -0.011  -0.008   0.021  -0.155   0.133   0.098
  32189     -0.005   0.106   0.218   0.121  -0.025   0.113  -0.065   0.064   0.116  -0.036   0.096   0.367   0.062  -0.029   0.093   0.055   0.274  -0.030  -0.101  -0.187   0.126   0.139  -0.091  -0.031   0.231   0.016   0.084  -0.160   0.004  -0.133   0.031   0.024  -0.014  -0.228   0.223  -0.045  -0.158  -0.010   0.043  -0.116  -0.013   0.019   0.021  -0.121  -0.106  -0.015   0.209   0.007   0.059   0.011  -0.009
  42544      0.155  -0.085   0.008   0.110  -0.025   0.014  -0.075   0.025   0.002  -0.011  -0.057   0.083   0.160  -0.050  -0.098  -0.088   0.078   0.239   0.030  -0.025   0.007   0.006  -0.167   0.022   0.138   0.130   0.143   0.004  -0.043  -0.145   0.056  -0.003   0.023   0.108  -0.222   0.148   0.074  -0.090  -0.062   0.110   0.079   0.031  -0.151   0.005   0.167   0.088   0.159   0.068   0.082  -0.113  -0.103
  50406      0.064   0.146  -0.026  -0.076  -0.001  -0.224  -0.012   0.247   0.152   0.206  -0.014   0.005  -0.138   0.005   0.413  -0.059  -0.045  -0.012   0.070   0.011  -0.084  -0.153   0.021  -0.025   0.066  -0.136  -0.018  -0.046  -0.086  -0.014   0.144   0.081  -0.017  -0.001  -0.111  -0.206  -0.014  -0.033  -0.150   0.048  -0.043  -0.154  -0.121  -0.181   0.126  -0.012  -0.056   0.135  -0.184   0.009   0.122
  50474     -0.022   0.098  -0.130   0.226   0.007   0.097   0.014   0.274  -0.189   0.064   0.144   0.110  -0.174  -0.136  -0.187  -0.090  -0.128  -0.080   0.089  -0.113   0.012  -0.030  -0.191  -0.257  -0.054   0.128   0.111  -0.005  -0.158   0.030  -0.072  -0.123   0.010   0.087   0.059  -0.019   0.080   0.171   0.193  -0.077  -0.141  -0.250  -0.009  -0.061  -0.042  -0.127   0.073   0.030  -0.009   0.123  -0.035
  50555      0.062   0.129  -0.215   0.081   0.078   0.175  -0.001   0.042   0.020   0.066  -0.069   0.079  -0.127  -0.039  -0.084   0.070  -0.076   0.010   0.059  -0.115   0.099  -0.093   0.029   0.176  -0.087  -0.007   0.125   0.016   0.174   0.172  -0.236   0.068   0.024  -0.080  -0.088  -0.072   0.073  -0.112   0.043   0.018   0.059  -0.193  -0.027   0.007   0.128  -0.070   0.202   0.092  -0.005  -0.220  -0.136
  60287     -0.059  -0.003   0.220   0.144   0.189   0.058   0.100   0.153  -0.001  -0.126  -0.035   0.031  -0.025  -0.110   0.055   0.050   0.083  -0.051   0.273   0.224   0.112  -0.021  -0.168   0.078  -0.032   0.014  -0.045   0.134   0.233   0.124  -0.096   0.224   0.191  -0.043  -0.072  -0.095  -0.187  -0.068  -0.102   0.054   0.002   0.018  -0.077   0.079  -0.084  -0.131  -0.036   0.093   0.029  -0.132  -0.058
  70433      0.100   0.029   0.094   0.069   0.300  -0.155   0.074   0.010   0.015   0.111   0.246   0.001  -0.046   0.154  -0.100  -0.039   0.027   0.041   0.133   0.041  -0.055  -0.079   0.054  -0.021   0.123  -0.115   0.157   0.079   0.165   0.048  -0.038  -0.091  -0.123   0.260   0.144   0.024   0.163   0.027   0.026   0.029   0.128  -0.048   0.227  -0.079   0.035   0.271   0.112  -0.173  -0.028  -0.080   0.018
  80711      0.066   0.021   0.185   0.078   0.111  -0.276   0.024  -0.119  -0.005   0.017  -0.082   0.008  -0.207   0.227  -0.153   0.011  -0.018   0.001  -0.164   0.238   0.280  -0.110   0.013   0.015   0.063   0.041   0.180  -0.341   0.018  -0.042  -0.081   0.000   0.041  -0.058  -0.022   0.033  -0.042  -0.052  -0.037   0.015   0.038  -0.044  -0.185  -0.163   0.002   0.057  -0.050   0.120  -0.053   0.124  -0.041
  80719      0.079  -0.133   0.095   0.150   0.057   0.165  -0.125  -0.063   0.093   0.002   0.264   0.065  -0.115  -0.108   0.017  -0.073  -0.063  -0.065  -0.230   0.203  -0.107   0.079   0.109   0.116  -0.147  -0.115  -0.097  -0.017  -0.171   0.105   0.261   0.174  -0.190  -0.028   0.128  -0.079   0.243  -0.028  -0.014   0.054  -0.066  -0.074  -0.108  -0.096  -0.023   0.188  -0.006   0.035   0.125  -0.024  -0.058
  82218      0.128   0.095  -0.093  -0.179   0.117  -0.034   0.036   0.002   0.025  -0.015  -0.058   0.122  -0.056   0.220   0.051   0.059  -0.131  -0.021  -0.002   0.059   0.066   0.043  -0.059  -0.038   0.051   0.014   0.099   0.002  -0.053   0.030   0.075   0.160  -0.018   0.109  -0.166   0.140  -0.021  -0.113   0.012   0.108  -0.035  -0.026   0.258   0.032  -0.135  -0.072   0.094   0.109   0.018   0.011   0.007
  90287      0.117   0.049   0.128  -0.045   0.023  -0.032  -0.263   0.102  -0.059   0.041  -0.025   0.001   0.066  -0.077  -0.063   0.381   0.136   0.084   0.065  -0.006   0.146  -0.201   0.144  -0.147  -0.169  -0.067   0.001   0.151  -0.217   0.205   0.100   0.101   0.419   0.066   0.017   0.030   0.069  -0.088   0.082   0.032  -0.104   0.161   0.004  -0.087   0.053   0.110   0.004  -0.074  -0.025   0.152  -0.117
  91377     -0.061   0.092   0.064   0.305  -0.073  -0.181  -0.051   0.072  -0.083  -0.071  -0.091   0.077   0.061  -0.130  -0.026   0.066  -0.110  -0.109   0.015  -0.067   0.108   0.003  -0.027  -0.092  -0.033   0.152   0.091   0.043   0.108  -0.169   0.117   0.064  -0.084  -0.024  -0.087   0.196   0.033  -0.004   0.122  -0.043   0.034   0.126  -0.026  -0.043   0.037   0.208  -0.069  -0.133   0.073  -0.041   0.078
  92486      0.082   0.129  -0.193  -0.016   0.186   0.046   0.040   0.082  -0.016   0.085  -0.052  -0.175   0.144   0.093   0.006   0.042  -0.062  -0.009  -0.064  -0.047   0.043   0.098  -0.132  -0.059  -0.074   0.173  -0.179  -0.003   0.019  -0.026  -0.028   0.065  -0.020  -0.092   0.057  -0.003   0.056  -0.018  -0.080  -0.008   0.057   0.112  -0.108  -0.088  -0.020   0.141   0.004  -0.071  -0.030  -0.098  -0.088
  92493      0.100   0.115  -0.098   0.123  -0.070   0.025   0.274  -0.054  -0.015  -0.105  -0.014  -0.026   0.174   0.115   0.018   0.210   0.017  -0.063  -0.193  -0.075  -0.148  -0.241  -0.051  -0.032  -0.094   0.052   0.098  -0.066   0.262  -0.043   0.185   0.036   0.053  -0.028   0.005  -0.093   0.132   0.004   0.089   0.049  -0.147   0.002  -0.016   0.103  -0.140  -0.063  -0.013  -0.075  -0.134   0.282  -0.001
  102412     0.035   0.212   0.024  -0.112  -0.053   0.177  -0.006   0.147  -0.005   0.123   0.002   0.017  -0.073  -0.033  -0.091  -0.101   0.013   0.242  -0.041   0.046   0.136   0.054   0.141  -0.143  -0.053  -0.168   0.026   0.055   0.193  -0.144  -0.087   0.005   0.032  -0.225   0.124   0.282   0.098   0.152  -0.144   0.268  -0.025   0.088  -0.112  -0.050  -0.010   0.034  -0.030   0.114  -0.009  -0.025  -0.028
  110791     0.099   0.156   0.082  -0.050  -0.104   0.173   0.023  -0.003  -0.051   0.091  -0.242   0.012  -0.005  -0.004  -0.161   0.101  -0.120   0.017  -0.065   0.125   0.052  -0.046  -0.088   0.117   0.270  -0.027  -0.106   0.069   0.017  -0.031   0.105  -0.008   0.037   0.188   0.023  -0.130   0.012   0.040   0.132  -0.155   0.110   0.016  -0.086  -0.222   0.080  -0.109  -0.188  -0.023  -0.135   0.008   0.020
  110798     0.089   0.119   0.137   0.017  -0.023   0.267  -0.135  -0.069  -0.042  -0.033   0.043   0.057  -0.045   0.236  -0.036  -0.012  -0.133  -0.127   0.145  -0.018  -0.141  -0.088   0.037  -0.089   0.051  -0.045  -0.001  -0.036  -0.008  -0.119   0.102   0.205   0.049   0.188   0.119   0.001  -0.012   0.154  -0.114  -0.127  -0.097   0.171   0.009   0.283   0.064  -0.057   0.018   0.234   0.062  -0.187   0.065
  110914     0.144   0.133  -0.024  -0.055  -0.035   0.061  -0.044  -0.042  -0.035  -0.106  -0.077  -0.032  -0.084  -0.031  -0.004   0.172  -0.095   0.024  -0.062   0.123  -0.118  -0.035   0.074   0.118  -0.072   0.034   0.194   0.094  -0.091   0.017  -0.153  -0.057  -0.161  -0.042  -0.119   0.161  -0.024  -0.198   0.026  -0.227  -0.113  -0.002   0.052  -0.042   0.031   0.012   0.055  -0.031   0.014   0.026   0.192
  110950     0.047  -0.051   0.207   0.090  -0.128   0.154   0.194  -0.159   0.021   0.304  -0.090   0.120   0.044   0.103  -0.005  -0.121  -0.143   0.030   0.090   0.032  -0.038   0.010   0.039   0.016  -0.130   0.046  -0.045  -0.103   0.100   0.007  -0.063   0.043  -0.060  -0.070  -0.184   0.031  -0.015  -0.047   0.058   0.047  -0.184   0.018   0.038  -0.141  -0.140   0.123  -0.094   0.070   0.096   0.146  -0.126
  111014     0.138   0.106   0.127   0.009  -0.007  -0.009  -0.118   0.055   0.001  -0.028   0.098   0.014   0.202  -0.095  -0.095   0.033   0.113  -0.005  -0.054  -0.018  -0.155  -0.136   0.053  -0.039  -0.087  -0.009  -0.096   0.017  -0.039   0.011  -0.122  -0.064  -0.176  -0.016  -0.143  -0.078  -0.197  -0.050  -0.051   0.161  -0.144  -0.020  -0.023  -0.170  -0.215  -0.114   0.106   0.120  -0.042  -0.104   0.004
  111030     0.102   0.180   0.066  -0.042  -0.047   0.086  -0.077   0.072  -0.064   0.016   0.070  -0.226   0.078  -0.098  -0.177   0.149   0.148   0.035  -0.069   0.030  -0.114  -0.010   0.001  -0.039  -0.072  -0.078  -0.096  -0.104   0.119  -0.154  -0.123  -0.025  -0.197   0.058  -0.120  -0.068   0.103   0.044  -0.140  -0.166  -0.099  -0.071   0.049  -0.015   0.175  -0.049   0.080   0.136   0.149   0.193  -0.002
  111051     0.139   0.089   0.040  -0.110  -0.015  -0.117  -0.069  -0.220  -0.130  -0.007  -0.074   0.080   0.029  -0.109   0.005  -0.047  -0.019  -0.038   0.003   0.063   0.021  -0.054  -0.122  -0.070  -0.058   0.200  -0.136   0.026  -0.209   0.085  -0.070  -0.107   0.027  -0.082   0.051   0.003  -0.084   0.043  -0.092   0.025  -0.041  -0.114  -0.063  -0.009  -0.022   0.086   0.188  -0.009   0.094   0.034  -0.068
  111134     0.079   0.199   0.016   0.020  -0.041  -0.091  -0.111  -0.041   0.073  -0.062   0.076  -0.192   0.048  -0.109  -0.169  -0.265   0.113  -0.082   0.120  -0.156   0.027   0.051  -0.072   0.280  -0.155  -0.073   0.220   0.022   0.084   0.087   0.056   0.043   0.026  -0.111  -0.029  -0.071  -0.019  -0.189  -0.046  -0.153   0.108   0.010   0.066  -0.065  -0.058   0.141  -0.146   0.174  -0.012   0.074   0.109
  121212     0.059   0.168   0.125   0.077   0.166   0.026   0.031   0.060   0.181  -0.111  -0.129  -0.188  -0.039  -0.261  -0.083  -0.054  -0.055   0.093  -0.058   0.078   0.116  -0.011  -0.001  -0.200   0.107  -0.218  -0.099  -0.110   0.006   0.095   0.021  -0.041  -0.076  -0.062  -0.086  -0.122  -0.135  -0.073   0.115   0.064  -0.015   0.008   0.109   0.362  -0.072   0.064  -0.075  -0.081   0.243   0.008   0.017
  121284     0.085   0.195  -0.041  -0.082   0.107  -0.004  -0.089   0.040  -0.240  -0.031  -0.010  -0.007  -0.019   0.009   0.018  -0.105   0.024  -0.055   0.010   0.077   0.090   0.072  -0.081   0.087   0.290   0.175   0.002  -0.156  -0.140   0.091   0.109   0.091  -0.164  -0.065   0.042  -0.056   0.133  -0.064   0.116   0.235  -0.193  -0.033   0.065   0.166  -0.071  -0.085  -0.146   0.046   0.018   0.151  -0.114
  131017     0.059  -0.044   0.044   0.327   0.170  -0.022   0.144  -0.003  -0.057  -0.095  -0.075   0.200   0.050  -0.006  -0.002   0.061  -0.009  -0.085  -0.084   0.191  -0.043   0.068  -0.139  -0.001  -0.088  -0.181  -0.131   0.088  -0.137  -0.094  -0.036   0.020   0.008  -0.050  -0.059   0.040   0.008   0.120  -0.221   0.049   0.123  -0.117  -0.094   0.062  -0.001   0.045   0.051  -0.028  -0.179   0.081   0.218
  131080    -0.009  -0.044   0.135   0.217   0.253  -0.045   0.022   0.135  -0.126   0.256  -0.018  -0.141   0.237  -0.040   0.044   0.122  -0.060   0.052   0.150  -0.018  -0.146  -0.105   0.186   0.251  -0.028   0.227   0.036  -0.125  -0.105  -0.123   0.078   0.044  -0.036  -0.138   0.219  -0.005  -0.164  -0.091   0.050  -0.023  -0.056  -0.134   0.138   0.089   0.086  -0.033  -0.028   0.080  -0.109  -0.114   0.017
  131304     0.112   0.116   0.114  -0.030   0.089  -0.087  -0.103   0.112   0.008   0.180  -0.040   0.087  -0.125   0.039  -0.083   0.214   0.017  -0.033  -0.138  -0.260  -0.199   0.247  -0.111   0.229   0.173  -0.152  -0.068   0.071   0.019   0.157  -0.047  -0.124   0.006   0.082  -0.025   0.011  -0.077  -0.020   0.064   0.100   0.014  -0.011  -0.095   0.118  -0.181   0.107  -0.082  -0.160   0.020   0.020   0.096
  140735     0.127   0.092  -0.125   0.122  -0.149  -0.063   0.012   0.045   0.063   0.016   0.024  -0.057  -0.038   0.077  -0.048  -0.108   0.018  -0.037   0.016   0.059   0.068   0.103  -0.119   0.225  -0.063  -0.172  -0.202  -0.138   0.037  -0.077   0.185  -0.087   0.200  -0.068  -0.234  -0.113   0.107   0.057   0.034  -0.124  -0.094   0.060   0.132  -0.069  -0.074  -0.140   0.168  -0.184  -0.017  -0.143  -0.107
  160777     0.097   0.155   0.101   0.001  -0.087  -0.088   0.166  -0.161   0.121  -0.066  -0.149  -0.050   0.090   0.064   0.026  -0.031   0.097  -0.047   0.182   0.108  -0.187   0.063  -0.109  -0.140  -0.020  -0.064  -0.011   0.021  -0.149   0.125  -0.065   0.020  -0.138   0.072   0.060   0.119  -0.153   0.033   0.210   0.187   0.031   0.035   0.040  -0.198   0.129  -0.103   0.178  -0.103  -0.026  -0.136  -0.077
  160930     0.037   0.229   0.045  -0.016  -0.021  -0.032  -0.007  -0.178  -0.009  -0.198  -0.076  -0.156  -0.086  -0.001   0.204   0.094   0.094  -0.131   0.055   0.078  -0.038   0.147   0.026   0.052  -0.155   0.055  -0.017   0.106  -0.047  -0.106  -0.070   0.093  -0.084   0.101   0.113   0.009   0.089   0.070   0.062   0.093   0.109  -0.057  -0.027  -0.036  -0.065   0.060   0.015   0.145   0.124   0.062  -0.054
  172229     0.061   0.215   0.027  -0.002   0.020  -0.010  -0.102  -0.040   0.083   0.014  -0.144   0.205  -0.223  -0.106   0.074  -0.047   0.178   0.142  -0.087   0.154  -0.062  -0.178   0.118   0.095  -0.111   0.295   0.034   0.063   0.016  -0.059   0.125  -0.169   0.016  -0.035   0.023  -0.098   0.128   0.133  -0.016  -0.053   0.234  -0.020  -0.085   0.127   0.013  -0.123  -0.105  -0.101   0.017  -0.053  -0.026
  180751     0.134   0.042  -0.097   0.101   0.101  -0.049  -0.233  -0.035  -0.001  -0.160  -0.038   0.158   0.064   0.069   0.134  -0.026  -0.132  -0.081   0.088  -0.065   0.181   0.000   0.037   0.100  -0.057  -0.003  -0.078   0.094   0.066  -0.019   0.108  -0.203  -0.049  -0.112  -0.060   0.064   0.075   0.147  -0.075   0.063  -0.234   0.123   0.189  -0.087  -0.099   0.071  -0.007   0.074  -0.073  -0.123   0.009
  180794     0.025   0.143   0.045  -0.190  -0.053   0.004   0.057   0.170   0.246   0.380  -0.108   0.224   0.036  -0.009   0.039  -0.051  -0.004  -0.240  -0.013   0.151  -0.136   0.039  -0.053  -0.038  -0.174   0.110   0.048   0.075   0.073  -0.050  -0.020  -0.018   0.013  -0.050   0.042  -0.023   0.012   0.002   0.080  -0.022   0.024   0.116   0.057   0.163  -0.058   0.017   0.104  -0.077   0.069   0.029   0.098
  190438     0.142   0.034   0.097  -0.120   0.009   0.009   0.038   0.108  -0.127  -0.212  -0.018   0.040  -0.069   0.235  -0.160   0.143   0.057  -0.197   0.069   0.041  -0.039   0.023  -0.024   0.012  -0.040   0.025  -0.082  -0.182  -0.053   0.026   0.042  -0.235   0.024  -0.087  -0.042   0.073   0.009  -0.026  -0.093  -0.106   0.156  -0.146   0.024   0.035   0.106   0.076  -0.094   0.029   0.041  -0.184   0.013
  200168     0.148  -0.105   0.018  -0.056   0.160  -0.067  -0.076  -0.016  -0.006   0.037  -0.020   0.065   0.058  -0.085   0.089  -0.103   0.128  -0.005   0.067   0.005  -0.096   0.111  -0.107   0.060  -0.034   0.066   0.133   0.044  -0.044   0.021  -0.032  -0.005   0.079   0.064   0.088   0.079   0.283  -0.101  -0.075  -0.149  -0.021   0.176  -0.067   0.014  -0.087  -0.147  -0.028  -0.063   0.218  -0.020   0.009
  200389    -0.103   0.173   0.042   0.151  -0.071  -0.123   0.012  -0.057  -0.007   0.066  -0.022  -0.039  -0.067  -0.051  -0.064   0.014   0.079   0.162  -0.010   0.148  -0.013   0.037  -0.078  -0.127   0.011  -0.106   0.005   0.091  -0.002   0.002   0.000   0.236  -0.014   0.078   0.061  -0.025   0.154  -0.010   0.024  -0.114  -0.225  -0.004   0.197  -0.185  -0.128   0.031  -0.109  -0.092  -0.134  -0.243   0.015
  20804A     0.004   0.147   0.096  -0.001  -0.219   0.184   0.204  -0.043  -0.241   0.034   0.034   0.005   0.237   0.002   0.255  -0.029  -0.023   0.086  -0.025   0.056   0.035  -0.113  -0.009   0.138   0.274  -0.099   0.039   0.197  -0.050   0.075  -0.022  -0.181   0.198  -0.108   0.057   0.007   0.110  -0.051  -0.062   0.021   0.098  -0.141   0.175   0.029  -0.007   0.232  -0.041   0.007   0.102   0.010  -0.051
  42250A     0.145  -0.038  -0.051   0.068  -0.083  -0.137  -0.028   0.277   0.009  -0.054   0.014  -0.037  -0.007  -0.055   0.007  -0.182  -0.080   0.021  -0.173   0.074  -0.006  -0.028  -0.032  -0.064   0.097  -0.035  -0.002   0.086  -0.027  -0.084   0.050   0.021   0.068   0.114  -0.012   0.029   0.108  -0.269   0.005   0.114   0.072   0.063   0.009   0.087   0.064  -0.154   0.086   0.115  -0.032  -0.039  -0.030
  72212A     0.146  -0.062  -0.004   0.087  -0.210   0.083  -0.028  -0.007   0.173  -0.038  -0.005  -0.113  -0.005  -0.012  -0.051   0.000   0.023  -0.046   0.027   0.041   0.036   0.127   0.008  -0.017   0.039   0.104   0.158  -0.084   0.010  -0.111  -0.079  -0.030  -0.016   0.014   0.065  -0.020   0.097  -0.178   0.157   0.226  -0.035   0.026  -0.037   0.189  -0.014   0.145  -0.036  -0.026  -0.248  -0.083  -0.006
  72345A     0.165  -0.038  -0.076   0.005  -0.087  -0.042  -0.006   0.130  -0.048  -0.109  -0.055   0.027  -0.010   0.031  -0.021   0.007  -0.058   0.019  -0.064  -0.041  -0.070  -0.001   0.051  -0.037   0.048   0.001  -0.072  -0.057   0.225   0.035   0.044   0.092   0.059   0.123   0.081  -0.181  -0.196   0.207  -0.018   0.121   0.084   0.018  -0.008  -0.032   0.043   0.213  -0.032   0.012   0.184  -0.036   0.007
  82403A     0.157  -0.002  -0.020  -0.042  -0.176  -0.020   0.172   0.045   0.017  -0.038   0.068   0.040   0.044  -0.002  -0.031   0.073   0.086   0.113   0.160   0.010  -0.059   0.056   0.032  -0.087   0.005   0.102  -0.013  -0.156  -0.085  -0.055   0.228   0.123   0.057   0.174  -0.051   0.083  -0.032  -0.090  -0.115  -0.058  -0.151  -0.185  -0.205   0.161  -0.039   0.149  -0.001  -0.097   0.040  -0.167   0.047
  92360A     0.068  -0.108   0.051   0.217  -0.172   0.068   0.058   0.088   0.258  -0.028  -0.122  -0.186  -0.103   0.143   0.023  -0.005  -0.099  -0.140   0.134   0.011   0.191  -0.283  -0.136   0.022   0.012   0.085   0.022   0.187  -0.081   0.099  -0.022  -0.260  -0.143   0.036   0.211  -0.113   0.042  -0.065  -0.228   0.039  -0.165   0.087  -0.046   0.023  -0.022   0.020   0.035  -0.039   0.183   0.058   0.053
  92442A     0.154   0.035  -0.046  -0.027   0.012   0.029  -0.063   0.097   0.036   0.041   0.137   0.018   0.250   0.107  -0.007  -0.229  -0.011  -0.148  -0.174   0.235   0.216   0.011   0.197  -0.089   0.028  -0.089  -0.088   0.084  -0.143  -0.039  -0.197  -0.071   0.051   0.005   0.007   0.129  -0.198  -0.058   0.054  -0.301  -0.081  -0.040  -0.025   0.127  -0.016   0.016  -0.106  -0.090  -0.146  -0.020   0.050
  102470A    0.155  -0.075   0.068  -0.083  -0.113   0.032  -0.003   0.062  -0.031  -0.066  -0.026  -0.038  -0.110  -0.074   0.044  -0.031  -0.066  -0.022  -0.081  -0.052  -0.021   0.028  -0.063   0.104  -0.020   0.030   0.110  -0.174  -0.002   0.327  -0.123   0.109   0.123   0.047   0.089   0.095   0.022   0.259  -0.172  -0.068  -0.060  -0.031   0.097   0.098  -0.147   0.105   0.204   0.053  -0.290  -0.012  -0.075
  122554A    0.104   0.054   0.091  -0.039   0.138   0.011   0.295  -0.137  -0.133   0.082   0.009   0.074   0.071  -0.147   0.127  -0.007   0.144  -0.254  -0.020  -0.267   0.401  -0.070   0.173  -0.022  -0.127  -0.172  -0.062  -0.019   0.020   0.013   0.116  -0.028  -0.179   0.241  -0.066  -0.005   0.136  -0.032   0.093  -0.046   0.079   0.006  -0.096   0.083   0.040  -0.128   0.071   0.016  -0.029  -0.110  -0.103
  42232A     0.161  -0.041  -0.109   0.047  -0.043   0.039   0.013   0.062  -0.018  -0.083   0.067  -0.018   0.043  -0.165   0.019   0.105   0.083  -0.057   0.054   0.016   0.030   0.097   0.069   0.073   0.083  -0.042   0.087   0.081   0.022  -0.091  -0.195   0.021  -0.097   0.101   0.091  -0.137  -0.017   0.094  -0.149   0.108  -0.059  -0.060  -0.165  -0.037   0.004  -0.050  -0.054  -0.205  -0.133   0.075   0.072
  042565A    0.099   0.151   0.085   0.032   0.047   0.000   0.096  -0.041   0.075  -0.208   0.188   0.016  -0.166  -0.102   0.072  -0.183  -0.181  -0.061   0.174  -0.135  -0.206  -0.120   0.314  -0.089   0.210   0.184  -0.095  -0.010   0.051  -0.041  -0.124   0.094   0.159  -0.100  -0.236   0.034   0.028  -0.048   0.007  -0.140   0.022   0.035  -0.113  -0.100  -0.096   0.068   0.034  -0.243   0.018   0.059  -0.020
  70602A    -0.104   0.130   0.112   0.050   0.009   0.183   0.011   0.100   0.036  -0.068   0.203  -0.025   0.024   0.207   0.017   0.040   0.108   0.013   0.245   0.085   0.078   0.315  -0.017  -0.128   0.006   0.121   0.085   0.035   0.002   0.279   0.136  -0.097  -0.083  -0.102  -0.131  -0.016   0.069   0.043  -0.068   0.019   0.023   0.059  -0.019  -0.071   0.182  -0.148  -0.168  -0.110  -0.110   0.143   0.092
  90285A     0.157  -0.067   0.000  -0.101  -0.031   0.099   0.043   0.025  -0.052   0.055  -0.112   0.137   0.083  -0.038  -0.164  -0.179   0.021   0.103   0.145   0.023   0.037  -0.031   0.026  -0.013   0.016   0.014  -0.103   0.046   0.023   0.147   0.048   0.016  -0.151  -0.029   0.061  -0.213   0.018  -0.019   0.000  -0.066   0.043  -0.100  -0.084  -0.123   0.049   0.195   0.042  -0.002   0.000   0.029  -0.087
  092501A    0.132   0.019  -0.156   0.103   0.084   0.047   0.034  -0.225   0.009   0.061   0.075   0.033   0.092   0.001   0.040  -0.028  -0.005  -0.045   0.026   0.043  -0.046   0.115  -0.093  -0.138   0.111   0.033   0.067   0.035  -0.134  -0.015  -0.225   0.161   0.144   0.013  -0.016  -0.293   0.071   0.009   0.062  -0.129   0.138   0.136  -0.042   0.027  -0.032   0.026  -0.145   0.227  -0.049   0.047  -0.048
  111166A    0.160  -0.111   0.038  -0.003  -0.084   0.010  -0.025  -0.045  -0.025  -0.017  -0.019   0.049  -0.008  -0.018   0.041  -0.034  -0.043  -0.010  -0.005  -0.007  -0.100   0.096  -0.065   0.004   0.078  -0.099  -0.006   0.130   0.057  -0.013   0.047  -0.042  -0.022  -0.134   0.072   0.010  -0.013  -0.207   0.123   0.017  -0.065  -0.015  -0.025  -0.039   0.291  -0.153   0.116   0.000  -0.073   0.010  -0.031
  131192A    0.128  -0.107   0.075  -0.141  -0.118   0.021   0.113   0.077   0.039  -0.002  -0.008  -0.022  -0.220  -0.097  -0.071   0.028   0.094  -0.085  -0.011  -0.088   0.142  -0.019  -0.082  -0.023  -0.075   0.097  -0.145  -0.011  -0.072  -0.127  -0.001   0.282  -0.027  -0.234   0.092  -0.014   0.024   0.038   0.049  -0.062   0.037  -0.062   0.365   0.001   0.296   0.076  -0.072  -0.114  -0.025  -0.046   0.090
  151051A    0.131   0.103  -0.095   0.103  -0.128  -0.098   0.042  -0.069  -0.086   0.037  -0.087   0.062   0.075  -0.108  -0.205  -0.088  -0.006  -0.054   0.108  -0.141  -0.058   0.003   0.173  -0.045   0.083  -0.048   0.002  -0.044  -0.027   0.037   0.171  -0.059   0.017   0.035   0.151   0.079  -0.068   0.041  -0.170   0.064   0.105   0.160   0.077  -0.144  -0.050  -0.183  -0.128   0.205   0.018  -0.025   0.250
  160962A    0.135  -0.077   0.134  -0.111  -0.130  -0.056  -0.032  -0.010  -0.088  -0.042  -0.015   0.009  -0.118  -0.012  -0.022   0.072  -0.097  -0.146   0.097  -0.045   0.049   0.084  -0.014  -0.060  -0.065  -0.040  -0.026   0.107   0.167  -0.212  -0.096   0.051   0.024  -0.009   0.285   0.033   0.035  -0.258  -0.065  -0.011   0.063  -0.124  -0.039  -0.056  -0.257  -0.109  -0.109  -0.048  -0.124   0.030  -0.120
  80248      0.114  -0.024  -0.009   0.214  -0.023  -0.056  -0.015   0.082  -0.118   0.039  -0.233  -0.112  -0.132   0.117   0.311  -0.165   0.377  -0.059  -0.039  -0.146  -0.120   0.131   0.092  -0.152  -0.042  -0.037  -0.052  -0.070   0.106   0.096  -0.104  -0.079   0.100   0.006  -0.015   0.094   0.005  -0.018   0.047  -0.067  -0.165  -0.014  -0.025   0.048   0.187   0.151  -0.045   0.132  -0.026   0.106  -0.022
  92389      0.133  -0.014  -0.144   0.070  -0.018   0.059  -0.093  -0.022   0.282   0.119  -0.024  -0.066   0.025   0.024   0.040   0.026   0.135   0.062   0.076  -0.004   0.224   0.128   0.210   0.081   0.032   0.182   0.035  -0.026  -0.076  -0.138  -0.081  -0.012   0.077   0.282  -0.027  -0.020  -0.143   0.181  -0.014   0.076   0.015  -0.206   0.201  -0.083  -0.089  -0.051  -0.076  -0.052   0.112   0.071  -0.027
  110952     0.095  -0.074   0.134   0.172   0.014   0.006   0.233   0.000  -0.054  -0.018  -0.124  -0.011  -0.103   0.143  -0.178  -0.033  -0.062   0.170  -0.216  -0.108   0.009   0.343   0.287   0.067  -0.130   0.149   0.001   0.267  -0.124   0.049   0.088   0.051   0.107  -0.009  -0.076  -0.157  -0.063  -0.057  -0.102   0.024  -0.020   0.003   0.091   0.032  -0.005  -0.135   0.112   0.020   0.034   0.061  -0.001
  120924     0.150  -0.087  -0.005   0.090   0.059  -0.077   0.085  -0.080   0.158   0.113   0.033   0.116  -0.006  -0.078  -0.149   0.113  -0.025  -0.135  -0.030   0.056  -0.108  -0.021   0.025   0.050   0.036  -0.061   0.095   0.015   0.030   0.078  -0.138  -0.113   0.056  -0.059  -0.035   0.047   0.033   0.209   0.135  -0.014  -0.138   0.193  -0.048   0.076   0.249   0.029  -0.192   0.129  -0.010  -0.063  -0.123
  82317      0.110  -0.043  -0.170   0.114   0.013   0.121  -0.029  -0.147   0.279   0.062   0.097  -0.078  -0.008  -0.077   0.023   0.159  -0.052  -0.073   0.052  -0.056   0.027  -0.004  -0.159  -0.027   0.037  -0.097  -0.063  -0.132  -0.052   0.057   0.185   0.006   0.197  -0.081   0.068   0.167  -0.108  -0.081   0.088  -0.050   0.157  -0.113  -0.046  -0.117  -0.026   0.021   0.059   0.105   0.114   0.133   0.067
  190497    -0.054   0.117  -0.059   0.274  -0.185   0.034  -0.192  -0.079  -0.096   0.049   0.022  -0.054  -0.100   0.092   0.067   0.116   0.018  -0.040  -0.012   0.036  -0.025  -0.059   0.087  -0.018   0.064  -0.071  -0.026   0.066  -0.125  -0.109  -0.095   0.039  -0.061  -0.136  -0.105  -0.082   0.024   0.058   0.084   0.094   0.277   0.021   0.126   0.123  -0.030   0.046   0.158   0.020  -0.076  -0.077  -0.040
  131047     0.083  -0.084   0.178   0.080  -0.041  -0.169  -0.251  -0.040  -0.075   0.032  -0.066  -0.013   0.183  -0.140   0.051  -0.119  -0.199  -0.133  -0.084   0.050  -0.001   0.043  -0.086  -0.036   0.043   0.140  -0.135  -0.006   0.262   0.135  -0.031   0.123   0.007   0.114  -0.025   0.061   0.022   0.116  -0.076   0.008   0.101  -0.080   0.192  -0.014   0.165  -0.121   0.006  -0.095   0.039   0.192  -0.029
  91491      0.132  -0.022  -0.095  -0.068   0.222  -0.144   0.125  -0.048  -0.034  -0.002   0.009  -0.026  -0.066   0.119  -0.094  -0.065   0.104   0.095   0.108   0.037  -0.023  -0.049  -0.099  -0.018   0.082  -0.131   0.041   0.258   0.027  -0.250   0.042   0.045   0.124  -0.156   0.068   0.012   0.020   0.120   0.026  -0.050  -0.141  -0.172   0.052   0.041  -0.007  -0.024   0.122   0.054   0.201   0.205   0.105
  60125      0.085   0.063  -0.186   0.070  -0.137  -0.114   0.170   0.099  -0.149  -0.113   0.136   0.100  -0.122  -0.034   0.141  -0.021   0.020   0.275  -0.005   0.105   0.089  -0.032  -0.098   0.272  -0.102   0.023  -0.074   0.036   0.006   0.105  -0.039   0.089  -0.161   0.090   0.165   0.123  -0.274   0.072   0.228  -0.164  -0.066   0.224  -0.080   0.022  -0.002   0.022  -0.078   0.043   0.084   0.017   0.023
  52388      0.123  -0.115  -0.048   0.011   0.010   0.148  -0.061   0.237  -0.143  -0.060   0.016   0.134   0.017   0.018   0.155   0.048  -0.103   0.071   0.094   0.186  -0.056   0.102   0.006  -0.144  -0.274  -0.091   0.119  -0.097   0.103  -0.067   0.071  -0.148  -0.040   0.123  -0.061  -0.090  -0.102  -0.123   0.131  -0.044   0.255   0.001   0.157  -0.080  -0.107   0.088  -0.042   0.082   0.057   0.127  -0.061
  82368      0.159  -0.040  -0.107  -0.029   0.021   0.076  -0.037  -0.074   0.034   0.079  -0.078   0.115  -0.030  -0.064   0.035   0.066  -0.075   0.079   0.128  -0.120   0.119  -0.060   0.017  -0.029   0.044  -0.049   0.054   0.110  -0.043   0.100   0.060   0.227  -0.281  -0.105  -0.167   0.138  -0.051   0.008  -0.096   0.010   0.108   0.045  -0.011   0.133   0.034   0.065   0.009  -0.040  -0.152   0.227   0.185
  130579     0.104   0.001   0.163   0.006   0.076   0.110  -0.269  -0.091  -0.005  -0.038   0.025  -0.043  -0.030   0.335   0.056  -0.152  -0.015   0.110  -0.153  -0.286   0.023  -0.159  -0.180  -0.075  -0.103  -0.011   0.086   0.204   0.033  -0.069   0.048   0.091  -0.076   0.026  -0.031  -0.127  -0.209   0.018   0.134  -0.048  -0.029  -0.075  -0.126  -0.008   0.049  -0.016  -0.113  -0.121  -0.028  -0.073  -0.055
  92486A     0.082   0.129  -0.193  -0.016   0.186   0.046   0.040   0.082  -0.016   0.085  -0.052  -0.175   0.144   0.093   0.006   0.042  -0.062  -0.009  -0.064  -0.047   0.043   0.098  -0.132  -0.059  -0.074   0.173  -0.179  -0.003   0.019  -0.026  -0.028   0.065  -0.020  -0.092   0.057  -0.003   0.056  -0.018  -0.080  -0.008   0.057   0.112  -0.108  -0.088  -0.020   0.141   0.004  -0.071  -0.030  -0.098   0.017
  121423A    0.136  -0.064   0.049  -0.133   0.134   0.142   0.046   0.115  -0.045  -0.119   0.141  -0.096  -0.049  -0.049   0.056   0.027  -0.034  -0.183   0.022   0.096   0.003  -0.007   0.084   0.239   0.090   0.009   0.044   0.012  -0.007  -0.218   0.045   0.005   0.061  -0.029  -0.061  -0.021  -0.089   0.114   0.121   0.192  -0.080   0.246  -0.024  -0.181   0.138   0.003   0.104  -0.052   0.002   0.116  -0.094
  52237A     0.048   0.102   0.188  -0.087   0.029  -0.113   0.065   0.074   0.178  -0.202  -0.142  -0.022   0.231  -0.061   0.178   0.060  -0.386   0.224  -0.001  -0.143   0.059   0.178   0.003  -0.019  -0.106  -0.144   0.265  -0.136  -0.140  -0.063  -0.060  -0.036   0.014  -0.080   0.093  -0.131   0.150   0.208   0.043  -0.119  -0.027  -0.073  -0.048  -0.011   0.099  -0.056  -0.009  -0.003   0.040  -0.056  -0.016
  80641A     0.118  -0.128   0.091   0.084  -0.081   0.021  -0.004   0.188   0.040  -0.014  -0.027   0.009   0.151   0.210  -0.024  -0.077   0.150   0.108   0.106  -0.080  -0.066  -0.222  -0.062   0.179  -0.068  -0.141  -0.087  -0.170  -0.188  -0.005  -0.212   0.196  -0.079  -0.056  -0.060   0.161   0.221   0.121   0.028   0.039   0.209   0.029   0.010   0.029  -0.139  -0.202  -0.151  -0.165   0.090   0.106  -0.060
  90607A     0.164  -0.036   0.009   0.010   0.080   0.068  -0.041  -0.143  -0.037   0.043  -0.002  -0.177   0.005  -0.017   0.023  -0.069   0.102   0.191   0.013   0.163  -0.003  -0.054   0.039  -0.108   0.022   0.018   0.101  -0.144   0.159   0.090   0.160  -0.080  -0.038  -0.082   0.164  -0.085  -0.066   0.046  -0.021  -0.135   0.101   0.187   0.027   0.069  -0.082  -0.113   0.310  -0.148  -0.215   0.054   0.052
  110899A    0.115  -0.086   0.026   0.062  -0.024   0.027  -0.029  -0.075  -0.339   0.319  -0.038  -0.210  -0.245  -0.079   0.121   0.055  -0.139  -0.027   0.107  -0.016   0.022   0.088  -0.037  -0.074   0.004  -0.151   0.142  -0.129  -0.127  -0.088  -0.017  -0.063  -0.007  -0.085  -0.067  -0.023  -0.112   0.027  -0.121  -0.017   0.002   0.154  -0.075  -0.020  -0.070  -0.087  -0.029  -0.218   0.187  -0.101  -0.021
  112421A    0.046   0.079   0.021   0.024  -0.241  -0.323   0.017   0.099   0.023   0.152   0.340  -0.086   0.079   0.184   0.007   0.178  -0.087  -0.047  -0.039   0.037   0.103   0.072   0.124  -0.043   0.069   0.069   0.011   0.130   0.093   0.176   0.021   0.111  -0.100  -0.136   0.026   0.003   0.008   0.059  -0.003  -0.073   0.137  -0.019  -0.156   0.085   0.009  -0.118   0.139   0.099   0.205  -0.007  -0.129
  140280A    0.166  -0.035  -0.081   0.005   0.075  -0.079   0.024  -0.024   0.035  -0.076   0.019  -0.048  -0.027  -0.006  -0.076  -0.088  -0.068   0.036   0.078  -0.046  -0.138  -0.050   0.109  -0.113  -0.101  -0.046  -0.094   0.067  -0.039   0.096   0.102  -0.111   0.042  -0.218   0.134   0.095  -0.031   0.074   0.194   0.141   0.110  -0.120  -0.026   0.042  -0.085  -0.108  -0.209   0.020  -0.087  -0.069  -0.148
  171403A    0.119  -0.150  -0.062   0.076   0.051   0.071  -0.135  -0.102   0.075   0.001  -0.093   0.019  -0.014  -0.001   0.149   0.225  -0.010   0.140   0.062   0.101   0.004   0.079   0.093  -0.027   0.184   0.009  -0.175   0.012   0.272   0.044  -0.001  -0.031  -0.105  -0.063  -0.003   0.153   0.137  -0.018   0.068  -0.167  -0.134  -0.223  -0.040  -0.011  -0.044  -0.141  -0.084   0.044   0.060  -0.114  -0.013
  052246A    0.082  -0.174   0.132  -0.043   0.057  -0.071   0.138   0.120   0.103  -0.045   0.058  -0.010  -0.131  -0.040   0.049   0.160   0.025   0.173  -0.028  -0.145   0.001  -0.045  -0.056  -0.143   0.153   0.152  -0.224   0.030  -0.091  -0.039  -0.109  -0.152  -0.145  -0.007  -0.070  -0.097   0.119  -0.045   0.003  -0.127   0.082   0.266   0.173  -0.070  -0.151   0.041  -0.009   0.279  -0.101  -0.006  -0.030
  82239A     0.132   0.021  -0.178   0.024   0.006  -0.008   0.058  -0.129  -0.042  -0.055   0.171   0.225   0.029   0.031   0.080   0.081   0.030   0.038  -0.196  -0.020  -0.020  -0.103  -0.012  -0.132  -0.067   0.012   0.105  -0.166   0.046   0.105  -0.164   0.030   0.043  -0.075   0.059  -0.173  -0.040  -0.198  -0.223   0.178  -0.058   0.052   0.204  -0.077   0.161  -0.123  -0.207  -0.191   0.197  -0.145   0.085
  82381A     0.107  -0.156   0.147  -0.086  -0.045   0.058  -0.001  -0.008  -0.125   0.035   0.077  -0.134   0.045   0.003   0.053  -0.038   0.031  -0.005  -0.070   0.039   0.124  -0.039  -0.015  -0.022  -0.043   0.135   0.003  -0.008   0.073   0.096  -0.076  -0.001   0.133  -0.042  -0.106  -0.072   0.166   0.119   0.343   0.157   0.006  -0.077  -0.101  -0.085  -0.117  -0.031   0.062   0.098   0.088  -0.205   0.647
  110902r    0.142  -0.038   0.113  -0.044  -0.011   0.058   0.127  -0.048   0.042   0.083   0.213  -0.171  -0.020  -0.187   0.087   0.023   0.084  -0.018  -0.198   0.018  -0.036  -0.037  -0.257  -0.053  -0.019   0.115   0.210   0.179   0.018  -0.045   0.171  -0.075  -0.019  -0.010  -0.212   0.181  -0.139   0.186  -0.145  -0.011   0.052  -0.113   0.092   0.000  -0.066  -0.034  -0.215   0.068  -0.086  -0.140  -0.181
