litu_drop.rwl -- no data title --                         1st itrdb line missin crv2 
litu_drop.rwl -- no data title --                         2nd itrdb line missin crv2 
litu_drop.rwl -- no data title --                         3rd itrdb line missin crv2 
12490   1940  1322  1285  1248  1211  1174  1138  1102  1066  1032   998  crv
12490   1950   966   936   908   881   858   837   818   802   789   779  crv
12490   1960   771   766   764   765   769   777   787   800   816   834  crv
12490   1970   853   872   892   912   932   952   972   993  1014  1037  crv
12490   1980  1061  1086  1111  1135  1159  1181  1201  1218  1232  1243  crv
12490   1990  1249  1251  1248  1240  1227  1209  1186  1160  1130  1098  crv
12490   2000  1064  1028   991   954   915   876   838   799   761   722  crv
12490   2010 -9999
22545   1922   978   980   981   983   985   986   988   990
22545   1930   992   994   997  1000  1004  1008  1013  1017  1021  1025  crv
22545   1940  1028  1031  1033  1035  1036  1036  1036  1035  1033  1030  crv
22545   1950  1027  1023  1018  1012  1007  1000   994   988   982   977  crv
22545   1960   972   967   964   961   960   959   960   962   965   970  crv
22545   1970   975   980   986   992   998  1003  1008  1012  1015  1018  crv
22545   1980  1020  1022  1023  1025  1026  1026  1027  1027  1026  1026  crv
22545   1990  1024  1023  1021  1018  1016  1013  1009  1005  1001   997  crv
22545   2000   993   988   983   978   972   966   961   955   949   943  crv
22545   2010 -9999
22604   1964   962   991  1020  1049  1075  1098
22604   1970  1115  1126  1131  1128  1118  1101  1076  1044  1007   965  crv
22604   1980   920   874   827   782   741   704   673   651   639   637  crv
22604   1990   646   667   699   739   787   839   893   947  1000  1051  crv
22604   2000  1101  1151  1201  1251  1300  1350  1399  1448  1497  1546  crv
22604   2010 -9999
32189   1936   558   573   587   601
32189   1940   616   632   648   665   684   703   723   744   765   786  crv
32189   1950   808   830   851   873   895   916   938   959   981  1002  crv
32189   1960  1023  1044  1064  1085  1105  1125  1145  1165  1184  1203  crv
32189   1970  1221  1237  1251  1264  1274  1283  1289  1294  1296  1298  crv
32189   1980  1297  1295  1292  1288  1283  1276  1268  1259  1248  1236  crv
32189   1990  1221  1205  1187  1167  1144  1119  1092  1063  1031   998  crv
32189   2000   963   927   889   849   809   767   725   682   639   596  crv
32189   2010 -9999
42544   1944   961   968   975   982   989   995
42544   1950  1000  1006  1011  1016  1021  1025  1028  1029  1030  1028  crv
42544   1960  1025  1020  1015  1010  1005  1001  1000  1000  1002  1005  crv
42544   1970  1011  1017  1024  1032  1040  1048  1056  1063  1068  1071  crv
42544   1980  1072  1069  1063  1054  1042  1028  1013   996   980   964  crv
42544   1990   949   935   924   915   908   905   905   909   916   926  crv
42544   2000   941   959   980  1003  1028  1055  1082  1110  1138  1165  crv
42544   2010 -9999
50406   1939  1220
50406   1940  1216  1213  1209  1205  1200  1194  1187  1179  1169  1158  crv
50406   1950  1144  1127  1109  1089  1067  1045  1021   997   973   949  crv
50406   1960   926   903   882   863   845   829   815   804   795   788  crv
50406   1970   782   779   777   777   777   778   780   783   786   789  crv
50406   1980   793   798   804   811   819   829   842   856   873   891  crv
50406   1990   912   934   958   982  1008  1033  1058  1082  1106  1130  crv
50406   2000  1153  1176  1199  1222  1244  1267  1290  1312  1336  1359  crv
50406   2010 -9999
50474   1923  1805  1742  1678  1614  1550  1486  1423
50474   1930  1360  1298  1237  1179  1123  1069  1018   970   926   885  crv
50474   1940   847   812   782   754   731   710   693   678   667   657  crv
50474   1950   650   644   641   638   638   638   640   642   646   651  crv
50474   1960   657   664   672   681   691   702   714   727   741   756  crv
50474   1970   771   788   805   823   842   862   882   903   924   945  crv
50474   1980   966   986  1005  1024  1041  1058  1073  1088  1102  1116  crv
50474   1990  1128  1140  1152  1163  1174  1184  1195  1206  1217  1229  crv
50474   2000  1242  1256  1270  1284  1299  1315  1330  1346  1362  1378  crv
50474   2010 -9999
50555   1919   658
50555   1920   693   727   761   795   828   861   893   924   954   983  crv
50555   1930  1010  1037  1062  1085  1107  1127  1145  1161  1174  1185  crv
50555   1940  1194  1200  1203  1205  1203  1199  1193  1185  1175  1162  crv
50555   1950  1148  1131  1114  1095  1075  1054  1033  1012   991   970  crv
50555   1960   951   933   916   900   886   875   865   858   852   849  crv
50555   1970   849   850   854   860   868   878   889   903   918   934  crv
50555   1980   950   967   983  1000  1014  1028  1040  1051  1060  1067  crv
50555   1990  1072  1076  1077  1077  1074  1070  1064  1057  1048  1037  crv
50555   2000  1026  1014  1001   987   973   959   945   930   916   901  crv
50555   2010 -9999
60083   1960   884   908   931   955   979  1003  1028  1053  1076  1098  crv
60083   1970  1116  1130  1138  1141  1139  1133  1122  1108  1089  1066  crv
60083   1980  1039  1008   976   942   909   878   852   831   815   805  crv
60083   1990   801   802   805   812   819   830   843   861   883   911  crv
60083   2000   945   984  1027  1073  1121  1171  1222  1273  1326  1378  crv
60083   2010 -9999
60287   1947   549   581   613
60287   1950   645   678   712   745   778   811   842   873   901   928  crv
60287   1960   954   977  1000  1018  1036  1053  1068  1081  1092  1102  crv
60287   1970  1109  1113  1116  1115  1113  1109  1103  1096  1090  1083  crv
60287   1980  1076  1070  1065  1061  1059  1058  1057  1058  1060  1062  crv
60287   1990  1064  1065  1066  1066  1066  1065  1064  1062  1061  1060  crv
60287   2000  1059  1058  1059  1060  1061  1064  1067  1071  1076  1080  crv
60287   2010 -9999
62248   1952   956   982  1007  1033  1056  1077  1096  1110
62248   1960  1120  1126  1127  1122  1114  1101  1086  1067  1046  1023  crv
62248   1970   998   971   941   910   877   843   808   775   745   720  crv
62248   1980   699   685   676   673   677   687   703   725   753   786  crv
62248   1990   822   862   904   946   988  1029  1068  1105  1139  1170  crv
62248   2000  1199  1225  1249  1272  1294  1315  1336  1357  1379  1401  crv
62248   2010 -9999
70433   1914  1052  1045  1038  1031  1024  1017
70433   1920  1010  1002   995   988   980   973   966   960   954   949  crv
70433   1930   945   941   938   936   935   935   936   938   940   943  crv
70433   1940   947   951   956   960   966   972   978   985   993  1001  crv
70433   1950  1009  1018  1026  1034  1041  1048  1053  1058  1061  1063  crv
70433   1960  1065  1065  1065  1064  1062  1060  1059  1057  1055  1053  crv
70433   1970  1051  1049  1047  1045  1043  1041  1038  1036  1033  1031  crv
70433   1980  1028  1025  1022  1019  1017  1014  1012  1010  1008  1006  crv
70433   1990  1003  1001   998   995   991   987   983   978   973   969  crv
70433   2000   964   959   955   951   947   943   939   935   932   928  crv
70433   2010 -9999
80282   1955   994   987   980   972   964
80282   1960   954   945   937   932   931   937   950   969   996  1027  crv
80282   1970  1062  1098  1132  1161  1186  1203  1212  1213  1206  1191  crv
80282   1980  1171  1146  1119  1091  1062  1032  1003   975   948   925  crv
80282   1990   904   888   876   868   864   865   870   877   887   898  crv
80282   2000   911   924   937   950   963   976   988  1001  1013  1026  crv
80282   2010 -9999
80711   1906  1061  1061  1062  1062
80711   1910  1062  1062  1062  1060  1059  1056  1052  1048  1042  1036  crv
80711   1920  1029  1020  1011  1001   991   980   968   957   946   934  crv
80711   1930   923   913   903   894   886   879   874   869   865   863  crv
80711   1940   861   861   862   865   868   873   878   885   892   900  crv
80711   1950   909   918   927   936   945   954   963   971   978   985  crv
80711   1960   991   997  1002  1006  1011  1015  1019  1023  1027  1031  crv
80711   1970  1035  1038  1041  1043  1045  1045  1045  1045  1043  1041  crv
80711   1980  1039  1037  1034  1032  1030  1028  1027  1026  1026  1026  crv
80711   1990  1028  1029  1032  1035  1039  1043  1047  1053  1058  1064  crv
80711   2000  1070  1076  1082  1088  1094  1101  1107  1114  1120  1126  crv
80711   2010 -9999
80719   1915   981   981   981   981   981
80719   1920   980   980   979   979   979   979   980   981   982   984  crv
80719   1930   986   989   992   995  1000  1003  1007  1011  1015  1020  crv
80719   1940  1025  1029  1034  1039  1045  1050  1057  1063  1070  1077  crv
80719   1950  1084  1091  1099  1107  1115  1122  1129  1136  1141  1146  crv
80719   1960  1150  1153  1155  1156  1156  1154  1152  1149  1145  1140  crv
80719   1970  1134  1128  1120  1113  1104  1095  1085  1075  1064  1052  crv
80719   1980  1041  1029  1016  1003   990   977   964   950   936   923  crv
80719   1990   910   896   884   871   860   848   838   828   818   810  crv
80719   2000   802   795   789   783   777   772   767   762   757   752  crv
80719   2010 -9999
82218   1919   792
82218   1920   814   835   856   877   898   919   940   960   980  1000  crv
82218   1930  1019  1038  1057  1075  1094  1111  1128  1145  1160  1174  crv
82218   1940  1187  1199  1209  1217  1223  1226  1227  1225  1221  1213  crv
82218   1950  1202  1189  1173  1154  1134  1111  1087  1062  1036  1010  crv
82218   1960   984   958   933   909   886   865   845   827   811   797  crv
82218   1970   785   775   768   762   758   756   757   759   763   769  crv
82218   1980   776   786   797   810   824   840   857   875   893   913  crv
82218   1990   933   953   974   995  1017  1038  1059  1080  1101  1121  crv
82218   2000  1142  1162  1182  1201  1220  1239  1258  1276  1295  1313  crv
82218   2010 -9999
90287   1920   953   956   960   964   969   973   978   984   989   995  crv
90287   1930  1002  1008  1015  1022  1030  1037  1043  1050  1055  1060  crv
90287   1940  1064  1066  1068  1068  1067  1064  1060  1055  1049  1043  crv
90287   1950  1035  1027  1019  1011  1003   995   987   980   974   968  crv
90287   1960   963   958   954   950   947   945   944   943   944   945  crv
90287   1970   947   949   951   954   957   960   963   966   969   971  crv
90287   1980   974   976   979   981   984   987   990   993   997  1000  crv
90287   1990  1004  1008  1011  1015  1018  1021  1023  1026  1028  1029  crv
90287   2000  1031  1032  1034  1035  1036  1037  1037  1038  1038  1039  crv
90287   2010 -9999
90645   1954  1032  1009   986   963   939   915
90645   1960   891   868   846   827   811   800   794   795   801   814  crv
90645   1970   831   853   878   905   935   966  1000  1032  1065  1098  crv
90645   1980  1130  1161  1191  1218  1244  1267  1286  1302  1314  1319  crv
90645   1990  1318  1312  1298  1279  1255  1224  1189  1150  1106  1059  crv
90645   2000  1010   960   907   853   799   743   688   633   577   522  crv
90645   2010 -9999
91377   1927  1152  1139  1127
91377   1930  1114  1101  1087  1072  1056  1039  1020  1000   978   954  crv
91377   1940   929   904   877   850   823   797   771   747   725   705  crv
91377   1950   687   673   661   653   647   645   645   648   654   662  crv
91377   1960   672   685   700   717   737   758   782   808   836   865  crv
91377   1970   896   927   959   990  1021  1051  1080  1107  1131  1154  crv
91377   1980  1174  1192  1206  1219  1229  1237  1243  1248  1251  1253  crv
91377   1990  1253  1253  1252  1250  1247  1243  1239  1234  1228  1222  crv
91377   2000  1215  1208  1200  1192  1184  1175  1167  1158  1149  1140  crv
91377   2010 -9999
92493   1917   927   942   956
92493   1920   971   985  1000  1013  1025  1037  1048  1057  1066  1073  crv
92493   1930  1080  1085  1090  1094  1096  1098  1100  1100  1100  1099  crv
92493   1940  1097  1093  1089  1084  1078  1070  1061  1051  1040  1028  crv
92493   1950  1014  1000   984   968   951   934   916   899   882   865  crv
92493   1960   850   835   822   810   801   792   786   782   779   778  crv
92493   1970   779   781   784   789   795   802   809   818   827   836  crv
92493   1980   846   856   867   877   888   899   910   922   935   948  crv
92493   1990   962   977   993  1011  1030  1050  1072  1096  1122  1150  crv
92493   2000  1179  1210  1244  1278  1314  1350  1387  1425  1462  1500  crv
92493   2010 -9999
102412  1929   924
102412  1930   947   969   992  1014  1036  1057  1077  1095  1111  1125  crv
102412  1940  1136  1143  1148  1149  1146  1140  1131  1119  1104  1085  crv
102412  1950  1064  1041  1015   989   963   936   911   887   866   846  crv
102412  1960   829   814   803   794   788   785   785   788   792   798  crv
102412  1970   806   815   825   836   847   858   870   883   896   910  crv
102412  1980   924   939   954   969   984  1000  1015  1030  1044  1057  crv
102412  1990  1070  1082  1092  1101  1109  1116  1121  1125  1128  1131  crv
102412  2000  1133  1134  1136  1137  1138  1139  1140  1141  1142  1143  crv
102412  2010 -9999
110128  1953   899   923   946   969   990  1010  1028
110128  1960  1043  1055  1064  1069  1073  1074  1075  1074  1072  1068  crv
110128  1970  1063  1055  1046  1035  1022  1008   993   978   962   948  crv
110128  1980   936   925   917   912   910   911   915   920   927   934  crv
110128  1990   942   950   957   964   970   975   980   984   989   995  crv
110128  2000  1002  1009  1018  1029  1042  1057  1073  1092  1110  1130  crv
110128  2010 -9999
110379  1970  1001   996   992   987   982   977   972   969   969   972  crv
110379  1980   977   986  1000  1016  1037  1061  1085  1109  1130  1148  crv
110379  1990  1160  1164  1162  1154  1138  1117  1091  1063  1034  1006  crv
110379  2000   979   953   926   899   871   842   813   785   758   731  crv
110379  2010 -9999
110791  1925   898   927   956   985  1013
110791  1930  1040  1067  1092  1115  1136  1155  1172  1185  1195  1202  crv
110791  1940  1206  1206  1203  1196  1186  1173  1158  1140  1119  1097  crv
110791  1950  1073  1048  1023   997   971   946   923   900   880   862  crv
110791  1960   846   832   821   813   808   805   806   809   814   820  crv
110791  1970   829   838   848   859   870   881   892   903   914   925  crv
110791  1980   936   948   959   970   981   991  1002  1011  1021  1030  crv
110791  1990  1039  1048  1056  1064  1071  1079  1086  1093  1099  1106  crv
110791  2000  1113  1119  1126  1133  1141  1148  1155  1162  1169  1176  crv
110791  2010 -9999
110798  1933  1006  1005  1004  1003  1001  1000  1000
110798  1940  1000  1000  1000  1000  1000  1000  1000  1000  1000   998  crv
110798  1950   996   995   992   990   988   985   983   982   981   980  crv
110798  1960   979   979   980   981   983   987   990   995  1001  1006  crv
110798  1970  1012  1018  1023  1027  1031  1033  1035  1036  1037  1037  crv
110798  1980  1037  1036  1036  1034  1033  1031  1029  1026  1022  1018  crv
110798  1990  1013  1007  1001   995   989   983   977   973   969   966  crv
110798  2000   965   966   967   970   973   977   982   987   993   998  crv
110798  2010 -9999
110914  1925   905   914   924   933   942
110914  1930   951   960   969   978   987   997  1007  1017  1027  1036  crv
110914  1940  1046  1054  1062  1068  1074  1078  1081  1083  1083  1081  crv
110914  1950  1078  1072  1065  1057  1047  1036  1025  1013  1001   989  crv
110914  1960   978   967   957   949   941   935   931   928   927   928  crv
110914  1970   930   934   938   944   949   956   962   969   976   983  crv
110914  1980   990   997  1004  1010  1016  1021  1026  1029  1032  1035  crv
110914  1990  1036  1036  1036  1035  1033  1031  1027  1023  1019  1014  crv
110914  2000  1009  1004  1000   993   987   982   976   971   965   959  crv
110914  2010 -9999
110950  1938   894   889
110950  1940   883   878   872   867   861   855   849   844   840   837  crv
110950  1950   836   837   840   845   853   862   874   887   901   918  crv
110950  1960   936   956   978  1003  1028  1055  1083  1111  1139  1165  crv
110950  1970  1189  1211  1230  1246  1259  1268  1274  1276  1276  1273  crv
110950  1980  1267  1259  1250  1238  1224  1208  1191  1171  1150  1128  crv
110950  1990  1105  1080  1056  1030  1004   977   950   922   894   865  crv
110950  2000   837   808   779   750   722   693   665   637   609   581  crv
110950  2010 -9999
111014  1926   957   966   975   984
111014  1930   993  1001  1009  1017  1023  1029  1034  1039  1042  1045  crv
111014  1940  1047  1048  1048  1047  1045  1042  1038  1034  1028  1022  crv
111014  1950  1014  1007  1000   990   982   974   966   959   952   946  crv
111014  1960   940   936   932   930   929   930   932   936   941   948  crv
111014  1970   955   963   972   980   988   995  1002  1008  1014  1018  crv
111014  1980  1022  1025  1028  1029  1031  1032  1032  1033  1033  1032  crv
111014  1990  1031  1030  1028  1026  1023  1020  1017  1013  1010  1006  crv
111014  2000  1003  1001  1000   998   997   997   996   996   996 -9999  crv
111030  1923   894   914   933   952   971   988  1005
111030  1930  1021  1035  1048  1060  1070  1079  1086  1092  1096  1099  crv
111030  1940  1100  1101  1099  1096  1092  1087  1081  1073  1064  1053  crv
111030  1950  1042  1029  1015  1001   987   972   958   945   932   920  crv
111030  1960   910   900   892   886   881   878   877   877   879   882  crv
111030  1970   887   892   899   906   913   920   927   935   942   949  crv
111030  1980   957   964   971   978   985   992  1000  1005  1012  1018  crv
111030  1990  1024  1030  1035  1039  1043  1046  1049  1052  1055  1058  crv
111030  2000  1060  1063  1066  1068  1071  1074  1076  1079  1081  1084  crv
111030  2010 -9999
111051  1923   934   948   961   974   987  1000  1013
111051  1930  1025  1036  1047  1058  1068  1078  1087  1096  1105  1112  crv
111051  1940  1119  1124  1128  1131  1133  1132  1130  1126  1119  1111  crv
111051  1950  1101  1090  1076  1062  1046  1029  1012   995   977   960  crv
111051  1960   943   927   912   899   887   877   869   863   859   857  crv
111051  1970   857   858   861   864   869   874   879   885   891   897  crv
111051  1980   904   910   917   925   933   941   949   958   967   977  crv
111051  1990   986   996  1006  1017  1027  1038  1050  1061  1072  1084  crv
111051  2000  1095  1107  1118  1129  1139  1149  1160  1170  1180  1189  crv
111051  2010 -9999
111134  1918   984   988
111134  1920   993   997  1001  1005  1008  1011  1013  1015  1016  1017  crv
111134  1930  1018  1019  1021  1022  1024  1025  1027  1029  1031  1033  crv
111134  1940  1034  1036  1037  1037  1037  1036  1034  1031  1027  1022  crv
111134  1950  1015  1008  1000   989   979   968   957   946   936   925  crv
111134  1960   916   907   899   892   887   884   883   883   885   889  crv
111134  1970   895   902   910   919   928   938   948   958   967   977  crv
111134  1980   986   994  1003  1010  1018  1025  1032  1038  1044  1049  crv
111134  1990  1054  1059  1063  1066  1069  1072  1073  1075  1076  1077  crv
111134  2000  1078  1079  1079  1080  1080  1081 -9999
121212  1908   765   780
121212  1910   795   811   826   841   856   871   886   900   914   927  crv
121212  1920   940   952   963   973   983   991  1000  1006  1012  1018  crv
121212  1930  1022  1026  1029  1032  1034  1035  1036  1037  1037  1037  crv
121212  1940  1037  1036  1035  1034  1032  1031  1029  1027  1025  1023  crv
121212  1950  1021  1018  1015  1012  1009  1006  1003  1000   996   993  crv
121212  1960   990   987   984   981   979   978   977   976   976   977  crv
121212  1970   978   979   981   982   984   986   988   991   993   996  crv
121212  1980  1000  1002  1005  1008  1012  1016  1020  1024  1028  1032  crv
121212  1990  1037  1041  1045  1050  1054  1058  1061  1065  1069  1072  crv
121212  2000  1076  1080  1084  1087  1091  1095  1099  1102  1106  1110  crv
121212  2010 -9999
121284  1922   844   863   882   901   921   940   959   978
121284  1930   996  1015  1033  1050  1067  1083  1099  1113  1126  1137  crv
121284  1940  1147  1155  1162  1166  1168  1168  1165  1161  1153  1143  crv
121284  1950  1130  1115  1098  1079  1058  1036  1013   990   967   944  crv
121284  1960   922   901   881   863   847   833   821   812   805   800  crv
121284  1970   798   799   801   805   811   819   828   838   849   861  crv
121284  1980   875   889   903   919   934   950   966   982   997  1012  crv
121284  1990  1025  1038  1049  1060  1069  1077  1084  1090  1095  1100  crv
121284  2000  1105  1109  1113  1116  1120  1124  1127  1131  1134  1138  crv
121284  2010 -9999
121442  1952   677   710   741   773   803   832   860   888
121442  1960   914   940   965   989  1012  1035  1059  1083  1106  1128  crv
121442  1970  1148  1166  1180  1191  1198  1202  1204  1202  1199  1193  crv
121442  1980  1185  1175  1161  1145  1126  1106  1086  1066  1047  1030  crv
121442  1990  1014  1000   987   975   964   954   946   938   932   927  crv
121442  2000   922   918   912   905   896   885   872   859   844   830  crv
121442  2010 -9999
131017  1950   717   752   786   820   851   880   905   926   943   957  crv
131017  1960   967   975   981   985   989   994  1000  1006  1015  1025  crv
131017  1970  1036  1049  1062  1076  1090  1105  1119  1133  1147  1159  crv
131017  1980  1171  1180  1187  1191  1192  1190  1186  1180  1170  1158  crv
131017  1990  1144  1128  1109  1089  1067  1044  1020   995   969   943  crv
131017  2000   917   892   866   841   816   791   766   741   716   691  crv
131017  2010 -9999
131080  1930  1018  1015  1011  1007  1003  1000   994   989   984   978  crv
131080  1940   972   966   960   955   951   948   947   947   948   951  crv
131080  1950   955   961   968   976   986   996  1007  1017  1026  1035  crv
131080  1960  1044  1051  1059  1065  1071  1077  1083  1088  1093  1098  crv
131080  1970  1102  1105  1109  1111  1113  1115  1116  1117  1117  1117  crv
131080  1980  1116  1114  1112  1109  1106  1102  1097  1091  1085  1078  crv
131080  1990  1069  1059  1047  1034  1018  1000   981   960   937   913  crv
131080  2000   888   862   835   808   780   751   723   694   665   637  crv
131080  2010 -9999
131304  1930   699   728   756   785   813   841   868   894   920   946  crv
131304  1940   970   994  1017  1038  1058  1076  1093  1107  1120  1130  crv
131304  1950  1137  1142  1145  1145  1143  1140  1135  1128  1120  1111  crv
131304  1960  1101  1090  1079  1069  1059  1050  1041  1034  1028  1023  crv
131304  1970  1019  1015  1012  1009  1006  1003  1000   997   994   991  crv
131304  1980   988   985   983   982   981   980   981   982   983   985  crv
131304  1990   987   989   990   992   992   992   990   988   984   980  crv
131304  2000   975   969   963   956   949   941   933   925   917   909  crv
131304  2010 -9999
140735  1939  1079
140735  1940  1077  1075  1072  1069  1065  1059  1051  1042  1030  1017  crv
140735  1950  1002   985   967   949   930   911   893   876   860   846  crv
140735  1960   834   824   817   813   812   814   821   831   845   862  crv
140735  1970   882   905   929   955   982  1008  1034  1058  1080  1100  crv
140735  1980  1117  1130  1139  1144  1146  1144  1139  1132  1123  1113  crv
140735  1990  1102  1091  1079  1068  1058  1048  1039  1031  1024  1020  crv
140735  2000  1016  1015  1014  1015  1018  1021  1026  1031  1036  1041  crv
140735  2010 -9999
160665  1954   974   986   998  1010  1022  1033
160665  1960  1043  1051  1059  1064  1069  1073  1075  1075  1074  1068  crv
160665  1970  1059  1044  1024  1000   971   941   909   878   848   821  crv
160665  1980   798   780   768   763   763   770   783   801   822   847  crv
160665  1990   873   900   926   951   974   996  1016  1035  1054  1073  crv
160665  2000  1094  1116  1140  1165  1191  1219  1248  1278  1309  1341  crv
160665  2010 -9999
160777  1949  1038
160777  1950  1026  1013  1000   986   971   957   942   927   913   900  crv
160777  1960   889   880   873   871   873   879   890   906   925   946  crv
160777  1970   969   993  1015  1036  1054  1069  1080  1088  1093  1094  crv
160777  1980  1093  1090  1086  1080  1073  1065  1057  1049  1041  1033  crv
160777  1990  1026  1019  1013  1008  1004  1001  1000   998   998   998  crv
160777  2000  1000  1003  1006  1009  1013  1017  1021  1026  1030  1034  crv
160777  2010 -9999
160930  1925   933   950   968   985  1002
160930  1930  1018  1034  1050  1064  1078  1090  1100  1109  1116  1121  crv
160930  1940  1124  1125  1124  1121  1116  1110  1102  1092  1080  1067  crv
160930  1950  1052  1036  1018  1000   982   963   944   925   908   891  crv
160930  1960   876   862   850   839   831   825   821   819   820   823  crv
160930  1970   827   833   841   849   858   868   877   887   897   907  crv
160930  1980   917   927   938   948   959   970   980   990  1000  1010  crv
160930  1990  1019  1028  1036  1044  1052  1060  1068  1076  1084  1092  crv
160930  2000  1101  1109  1118  1126  1135  1144  1153  1162  1171  1181  crv
160930  2010 -9999
170994  1960  1014  1009  1005  1001  1000   997   997   996   995   994  crv
170994  1970   990   986   980   974   968   964   961   962   965   971  crv
170994  1980   980   990  1002  1015  1028  1040  1052  1062  1070  1075  crv
170994  1990  1078  1077  1072  1066  1057  1047  1035  1022  1008   994  crv
170994  2000   980   968   957   949   943   940   940   941   944   947  crv
170994  2010 -9999
172229  1880   820   839   858   876   895   913   931   949   967   984  crv
172229  1890  1000  1016  1032  1046  1060  1072  1084  1094  1104  1112  crv
172229  1900  1119  1125  1130  1133  1135  1136  1137  1135  1133  1130  crv
172229  1910  1126  1122  1116  1110  1103  1096  1089  1080  1072  1064  crv
172229  1920  1055  1046  1038  1029  1020  1012  1004   996   988   981  crv
172229  1930   974   967   961   955   950   945   941   937   933   930  crv
172229  1940   927   924   921   919   917   915   913   911   909   908  crv
172229  1950   906   904   902   900   898   896   894   892   890   889  crv
172229  1960   888   887   886   886   886   887   888   890   893   896  crv
172229  1970   899   903   907   912   917   922   928   934   940   947  crv
172229  1980   954   961   968   976   984   991  1000  1008  1016  1025  crv
172229  1990  1033  1042  1051  1059  1068  1077  1086  1094  1103  1111  crv
172229  2000  1120  1128  1136  1145  1153  1161  1168  1176  1184  1192  crv
172229  2010 -9999
180751  1943  1032  1033  1034  1034  1033  1032  1029
180751  1950  1025  1020  1015  1010  1004   998   992   985   977   968  crv
180751  1960   959   949   938   927   917   908   901   897   896   898  crv
180751  1970   903   912   923   937   952   969   988  1007  1026  1044  crv
180751  1980  1062  1078  1092  1104  1113  1120  1125  1127  1127  1124  crv
180751  1990  1120  1113  1106  1096  1086  1074  1061  1047  1033  1017  crv
180751  2000  1001   984   966   947   928   907   886   865   843   822  crv
180751  2010 -9999
180794  1948  1013  1002
180794  1950   992   981   969   957   946   935   925   916   910   905  crv
180794  1960   902   902   905   911   920   930   943   957   971   984  crv
180794  1970   996  1005  1012  1016  1018  1018  1016  1013  1009  1006  crv
180794  1980  1004  1003  1003  1007  1012  1020  1029  1042  1056  1071  crv
180794  1990  1088  1105  1122  1136  1148  1156  1158  1155  1145  1129  crv
180794  2000  1108  1081  1050  1015   977   937   896   854   811   769  crv
180794  2010 -9999
190018  1953  1009  1012  1014  1016  1017  1017  1015
190018  1960  1011  1006  1000   994   987   982   978   975   974   975  crv
190018  1970   976   978   980   983   986   990   993   997  1000  1003  crv
190018  1980  1006  1008  1010  1011  1013  1014  1014  1015  1015  1014  crv
190018  1990  1013  1012  1010  1008  1006  1003  1001  1000   997   997  crv
190018  2000   997   998  1000  1000  1000  1000   998   997   996   995  crv
190018  2010 -9999
190438  1936   735   770   805   840
190438  1940   875   908   940   971  1000  1025  1048  1067  1082  1094  crv
190438  1950  1102  1107  1108  1107  1103  1097  1090  1081  1072  1063  crv
190438  1960  1054  1045  1037  1030  1023  1018  1014  1012  1010  1009  crv
190438  1970  1009  1008  1008  1007  1005  1003  1000   995   991   987  crv
190438  1980   983   979   976   973   972   971   971   972   973   975  crv
190438  1990   977   979   980   981   982   982   983   983   983   983  crv
190438  2000   983   983   984   984   985   985   986   986   987   988  crv
190438  2010 -9999
200038  1955   991   993   996   998  1001
200038  1960  1004  1007  1010  1012  1014  1015  1017  1017  1018  1017  crv
200038  1970  1015  1013  1010  1006  1002   997   993   989   985   982  crv
200038  1980   978   975   972   969   967   965   964   964   965   967  crv
200038  1990   970   974   977   980   983   985   988   990   992   996  crv
200038  2000  1000  1006  1013  1021  1030  1040  1050  1060  1071  1082  crv
200038  2010 -9999
200168  1950   957   967   977   987   996  1004  1010  1014  1017  1017  crv
200168  1960  1014  1010  1005   998   992   986   982   979   978   978  crv
200168  1970   979   981   983   986   988   991   993   995   996   996  crv
200168  1980   995   994   992   990   989   988   988   988   988   989  crv
200168  1990   990   991   992   992   993   993   993   993   992   992  crv
200168  2000   991   991   991   991   991   992   993   994   995   996  crv
200168  2010 -9999
200389  1950   425   428   431   434   438   442   448   454   463   473  crv
200389  1960   486   501   519   541   567   596   630   667   708   751  crv
200389  1970   797   845   893   942   989  1035  1079  1120  1158  1193  crv
200389  1980  1225  1254  1279  1303  1323  1342  1358  1373  1385  1394  crv
200389  1990  1402  1408  1411  1412  1410  1406  1400  1390  1377  1362  crv
200389  2000  1344  1323  1300  1276  1250  1223  1196  1169  1142  1115  crv
200389  2010 -9999
200988  1954  1017  1021  1024  1027  1029  1031
200988  1960  1031  1030  1028  1025  1022  1020  1018  1017  1015  1013  crv
200988  1970  1008  1000   988   972   950   925   896   865   832   800  crv
200988  1980   770   743   721   706   698   698   707   723   747   779  crv
200988  1990   816   859   904   952  1000  1045  1089  1129  1166  1198  crv
200988  2000  1227  1251  1271  1287  1299  1308  1315  1320  1325  1329  crv
200988  2010 -9999
202162  1980   981   984   987   991   996  1003  1012  1023  1033  1041  crv
202162  1990  1045  1046  1043  1036  1024  1005   982   954   928   907  crv
202162  2000   895   895   907   930   961   997  1036  1077  1120  1163  crv
202162  2010 -9999
12369A  1953   737   764   790   816   842   867   892
12369A  1960   916   939   963   985  1007  1028  1047  1065  1079  1091  crv
12369A  1970  1101  1107  1109  1109  1106  1100  1093  1083  1073  1061  crv
12369A  1980  1049  1037  1025  1015  1007  1001   997   994   993   992  crv
12369A  1990   991   989   988   985   982   978   974   969   964   959  crv
12369A  2000   955   951   947   943   940   937   934   930   927   923  crv
12369A  2010   919   915   911   907 -9999
20804A  1913   488   535   581   628   674   719   765
20804A  1920   809   853   895   936   975  1012  1047  1080  1110  1137  crv
20804A  1930  1161  1182  1200  1214  1226  1235  1240  1243  1242  1239  crv
20804A  1940  1233  1225  1215  1202  1188  1171  1154  1135  1115  1094  crv
20804A  1950  1072  1051  1029  1009   989   971   954   940   927   917  crv
20804A  1960   909   904   901   901   903   907   913   921   930   940  crv
20804A  1970   951   963   975   986   998  1009  1019  1029  1037  1045  crv
20804A  1980  1052  1058  1062  1065  1067  1068  1067  1064  1059  1053  crv
20804A  1990  1045  1035  1023  1010   995   979   961   942   922   902  crv
20804A  2000   880   859   837   815   793   771 -9999
42250A  1924   617   644   670   697   723   749
42250A  1930   775   801   826   851   876   900   924   947   970   991  crv
42250A  1940  1011  1030  1049  1065  1081  1095  1108  1119  1128  1136  crv
42250A  1950  1142  1146  1149  1150  1150  1149  1146  1143  1139  1134  crv
42250A  1960  1128  1122  1116  1110  1103  1097  1091  1086  1081  1077  crv
42250A  1970  1073  1070  1067  1064  1062  1060  1058  1055  1053  1049  crv
42250A  1980  1046  1041  1036  1030  1023  1017  1010  1004   998   992  crv
42250A  1990   986   981   975   970   965   959   954   948   942   936  crv
42250A  2000   929   923   916   909   902   894   887   879   870   862  crv
42250A  2010   853   844   835   825   816 -9999
72212A  1946   968   954   940   926
72212A  1950   912   899   885   873   863   854   849   846   846   849  crv
72212A  1960   855   863   875   890   908   930   955   984  1016  1050  crv
72212A  1970  1085  1122  1158  1193  1226  1256  1283  1306  1323  1336  crv
72212A  1980  1342  1342  1335  1320  1298  1271  1238  1203  1165  1127  crv
72212A  1990  1090  1053  1019   987   957   931   907   888   872   859  crv
72212A  2000   851   845   843   844   848   854   861   871   881   893  crv
72212A  2010   905   917   930   943 -9999
72345A  1933   836   865   895   924   953   981  1009
72345A  1940  1036  1061  1086  1108  1128  1146  1161  1174  1183  1189  crv
72345A  1950  1192  1191  1187  1180  1170  1158  1144  1129  1113  1096  crv
72345A  1960  1078  1061  1044  1028  1013  1000   989   979   972   968  crv
72345A  1970   965   965   966   969   974   979   985   991   997  1002  crv
72345A  1980  1007  1010  1011  1011  1010  1008  1006  1004  1002  1000  crv
72345A  1990  1000  1000  1000  1001  1003  1006  1010  1015  1021  1028  crv
72345A  2000  1035  1044  1052  1062  1072  1082  1092  1102  1112  1122  crv
72345A  2010  1133  1143  1153 -9999
82403A  1922   992   991   990   989   989   988   988   987
82403A  1930   987   987   987   987   988   989   990   991   992   994  crv
82403A  1940   996   998  1000  1001  1002  1003  1004  1004  1003  1002  crv
82403A  1950  1000   998   995   992   989   986   983   980   977   975  crv
82403A  1960   974   973   972   973   973   975   976   979   981   984  crv
82403A  1970   987   989   992   994   996   998  1000  1001  1002  1002  crv
82403A  1980  1002  1002  1000  1000   997   995   993   992   990   988  crv
82403A  1990   987   986   985   984   984   983   983   984   984   985  crv
82403A  2000   986   987   988   989   991   992   993   994   994   995  crv
82403A  2010   995   996   996   996 -9999
92360A  1922  1018  1012  1006  1000   993   986   979   972
92360A  1930   964   956   948   940   932   924   918   913   909   907  crv
92360A  1940   906   907   911   916   922   931   941   953   966   981  crv
92360A  1950   996  1013  1031  1049  1068  1087  1106  1125  1144  1163  crv
92360A  1960  1181  1198  1214  1229  1243  1256  1267  1278  1286  1293  crv
92360A  1970  1299  1302  1304  1304  1301  1297  1290  1282  1271  1258  crv
92360A  1980  1244  1227  1208  1188  1165  1141  1116  1091  1065  1039  crv
92360A  1990  1012   987   961   936   912   888   866   844   823   803  crv
92360A  2000   784   766   749   734   719   704   691   679   666   655  crv
92360A  2010   643   633   622   611   601   590 -9999
92442A  1940   924   947   969   991  1012  1032  1050  1064  1076  1084  crv
92442A  1950  1089  1091  1089  1085  1078  1069  1059  1047  1033  1020  crv
92442A  1960  1005   990   976   962   950   938   929   922   916   913  crv
92442A  1970   911   911   913   916   920   926   932   938   945   951  crv
92442A  1980   958   964   970   976   982   987   991   996  1000  1004  crv
92442A  1990  1008  1011  1014  1017  1019  1020  1021  1022  1024  1026  crv
92442A  2000  1029  1032  1035  1039  1043  1047  1051  1054  1058  1061  crv
92442A  2010  1065 -9999
102470A 1931   642   673   705   736   767   797   828   857   885
102470A 1940   913   939   963   986  1006  1025  1041  1056  1068  1078  crv
102470A 1950  1087  1093  1098  1102  1105  1108  1110  1111  1112  1114  crv
102470A 1960  1115  1116  1117  1118  1119  1120  1122  1123  1123  1124  crv
102470A 1970  1124  1123  1121  1118  1113  1108  1100  1092  1082  1071  crv
102470A 1980  1059  1047  1034  1020  1007   993   981   968   957   946  crv
102470A 1990   936   928   920   913   907   902   899   896   894   894  crv
102470A 2000   895   897   900   904   909   915   922   929   936   944  crv
102470A 2010   952   960   968   976 -9999
122554A 1935   985   996  1006  1016  1026
122554A 1940  1035  1043  1050  1055  1058  1060  1059  1057  1052  1046  crv
122554A 1950  1038  1028  1018  1006   994   981   968   955   942   929  crv
122554A 1960   918   909   902   896   894   893   895   899   904   912  crv
122554A 1970   920   930   940   950   960   970   979   988   998  1007  crv
122554A 1980  1015  1024  1032  1041  1049  1057  1064  1070  1076  1080  crv
122554A 1990  1082  1083  1082  1080  1076  1070  1062  1053  1042  1031  crv
122554A 2000  1018  1005   992   979   965   951   937   922   908   894  crv
122554A 2010 -9999
190075A 1957  1094  1069  1044
190075A 1960  1017   989   959   927   896   865   837   812   792   777  crv
190075A 1970   768   765   767   776   790   811   837   868   903   942  crv
190075A 1980   983  1024  1065  1104  1139  1169  1193  1211  1225  1236  crv
190075A 1990  1246  1256  1266  1276  1284  1289  1290  1286  1276  1260  crv
190075A 2000  1239  1213  1181  1144  1102  1057  1009   959   908   856  crv
190075A 2010   803   748   693   637   581   524 -9999
42232A  1943   963   975   986   997  1007  1015  1023
42232A  1950  1028  1031  1031  1030  1025  1019  1011  1002   991   980  crv
42232A  1960   969   957   946   936   926   918   912   908   907   908  crv
42232A  1970   912   919   929   941   955   970   987  1005  1023  1040  crv
42232A  1980  1055  1069  1080  1088  1093  1095  1095  1093  1089  1083  crv
42232A  1990  1076  1068  1059  1048  1038  1027  1015  1004   994   984  crv
42232A  2000   974   966   958   951   945   939   933   928   923   919  crv
42232A  2010   914 -9999
042565A 1933  1014  1020  1026  1032  1037  1042  1046
042565A 1940  1049  1050  1051  1051  1049  1047  1044  1040  1035  1029  crv
042565A 1950  1022  1014  1006   996   986   974   963   951   939   928  crv
042565A 1960   917   907   898   891   884   880   878   877   879   882  crv
042565A 1970   886   891   897   903   909   914   919   924   928   932  crv
042565A 1980   936   940   944   948   952   957   961   966   970   975  crv
042565A 1990   980   985   990   995  1000  1006  1012  1019  1027  1036  crv
042565A 2000  1047  1058  1070  1083  1097  1112  1126  1142  1158  1174  crv
042565A 2010  1190  1207  1225  1242 -9999
70602A  1929  1127
70602A  1930  1103  1079  1055  1031  1008   984   961   938   916   894  crv
70602A  1940   873   853   834   816   800   785   771   759   749   741  crv
70602A  1950   734   730   727   726   726   729   734   741   749   759  crv
70602A  1960   771   784   798   813   829   846   864   882   900   918  crv
70602A  1970   935   953   970   986  1002  1018  1033  1047  1062  1075  crv
70602A  1980  1089  1102  1115  1128  1140  1151  1162  1172  1181  1188  crv
70602A  1990  1195  1200  1204  1207  1209  1209  1208  1206  1204  1201  crv
70602A  2000  1198  1194  1190  1186  1181  1177  1172  1167  1162  1157  crv
70602A  2010  1152  1146  1141  1136  1131  1125 -9999
90285A  1926   488   550   610   671
90285A  1930   731   790   848   905   959  1010  1059  1104  1145  1183  crv
90285A  1940  1216  1245  1270  1291  1308  1320  1329  1334  1335  1334  crv
90285A  1950  1328  1320  1310  1297  1282  1265  1248  1229  1209  1189  crv
90285A  1960  1169  1149  1130  1111  1093  1077  1061  1046  1032  1019  crv
90285A  1970  1006   994   982   970   959   949   940   932   924   917  crv
90285A  1980   911   906   902   898   896   894   893   894   895   898  crv
90285A  1990   902   908   915   923   933   944   957   970   986  1002  crv
90285A  2000  1019  1037  1055  1074  1093  1112  1131  1150  1169  1188  crv
90285A  2010  1207  1226  1245 -9999
092501A 1932  1233  1212  1192  1171  1150  1130  1110  1090
092501A 1940  1071  1052  1035  1018  1003   989   975   963   952   941  crv
092501A 1950   931   921   912   902   893   884   874   865   856   848  crv
092501A 1960   839   832   826   821   817   816   816   819   824   831  crv
092501A 1970   841   853   867   883   900   920   940   961   983  1005  crv
092501A 1980  1026  1047  1066  1084  1100  1114  1126  1135  1142  1146  crv
092501A 1990  1149  1149  1147  1143  1138  1131  1122  1112  1101  1089  crv
092501A 2000  1077  1063  1049  1035  1020  1005   990   974   959   943  crv
092501A 2010   928   912   896   880   864   848 -9999
111166A 1918   434   457
111166A 1920   480   502   525   548   571   594   617   640   664   688  crv
111166A 1930   712   736   761   787   812   839   865   892   920   948  crv
111166A 1940   976  1004  1032  1059  1086  1113  1139  1163  1187  1210  crv
111166A 1950  1231  1251  1269  1285  1299  1312  1323  1332  1339  1344  crv
111166A 1960  1348  1350  1350  1348  1345  1341  1335  1329  1321  1312  crv
111166A 1970  1302  1291  1279  1266  1251  1236  1219  1201  1182  1162  crv
111166A 1980  1141  1119  1097  1074  1050  1026  1002   978   954   931  crv
111166A 1990   908   886   866   846   827   809   792   777   762   749  crv
111166A 2000   737   726   716   707   698   690   683   676   670   664  crv
111166A 2010   658   652   647   641   635 -9999
121017A 1956   671   717   762   807
121017A 1960   851   894   936   975  1013  1049  1083  1115  1144  1172  crv
121017A 1970  1196  1218  1236  1250  1259  1264  1264  1259  1249  1233  crv
121017A 1980  1214  1190  1163  1134  1104  1072  1041  1010   980   949  crv
121017A 1990   918   887   857   826   798   771   747   726   710   700  crv
121017A 2000   694   695   702   716   737   765   800   841   890   945  crv
121017A 2010  1007  1074  1146  1221  1299  1379  1461  1543 -9999
131192A 1949  1005
131192A 1950   986   968   950   935   922   911   905   902   904   912  crv
131192A 1960   925   944   967   993  1022  1052  1081  1110  1137  1161  crv
131192A 1970  1180  1194  1202  1203  1198  1186  1168  1145  1118  1088  crv
131192A 1980  1055  1021   987   954   923   895   872   855   845   842  crv
131192A 1990   845   855   870   891   916   945   978  1013  1050  1089  crv
131192A 2000  1128  1168 -9999
151051A 1923  1050  1060  1070  1079  1089  1098  1107
151051A 1930  1114  1121  1126  1130  1133  1134  1134  1132  1129  1124  crv
151051A 1940  1117  1109  1100  1089  1077  1064  1049  1034  1018  1002  crv
151051A 1950   985   967   949   931   912   895   877   861   846   832  crv
151051A 1960   819   808   799   793   789   787   788   791   796   804  crv
151051A 1970   814   826   840   855   871   887   905   922   940   957  crv
151051A 1980   973   989  1004  1018  1030  1042  1052  1062  1070  1077  crv
151051A 1990  1084  1089  1094  1098  1101  1103  1105  1105  1105  1105  crv
151051A 2000  1103  1101  1098  1094  1090  1084  1078  1072  1065  1058  crv
151051A 2010  1051  1043  1035  1027  1019  1011  1002 -9999
160962A 1920   636   647   658   669   680   692   703   714   725   736  crv
160962A 1930   747   758   769   780   792   803   815   827   841   855  crv
160962A 1940   871   889   908   928   950   973   998  1023  1048  1072  crv
160962A 1950  1096  1120  1142  1163  1183  1201  1219  1235  1250  1263  crv
160962A 1960  1276  1287  1296  1304  1311  1316  1319  1321  1321  1319  crv
160962A 1970  1315  1308  1299  1288  1273  1256  1235  1212  1187  1159  crv
160962A 1980  1130  1100  1068  1037  1005   975   945   915   888   861  crv
160962A 1990   836   813   791   770   751   734   718   702   688   675  crv
160962A 2000   662   650   638   626   615   603   592   581 -9999
172220A 1959   871
172220A 1960   883   895   907   919   931   943   956   969   981   993  crv
172220A 1970  1004  1014  1021  1026  1029  1029  1028  1026  1022  1017  crv
172220A 1980  1012  1004   995   985   975   965   957   953   952   956  crv
172220A 1990   965   978   993  1011  1029  1046  1061  1073  1081  1085  crv
172220A 2000  1085  1081  1073  1062  1049  1033  1015   997   977   955  crv
172220A 2010   933   911   889   867   845   824   802 -9999
200188A 1990   952   960   969   978   987   993   998   998   993   982  crv
200188A 2000   970   959   952   951   957   967   975   982   988   988  crv
200188A 2010   984   978   971   964   962   967   978   991 -9999
80248   1940   782   811   840   869   897   925   951   976   998  1018  crv
80248   1950  1035  1050  1062  1072  1079  1084  1087  1087  1084  1080  crv
80248   1960  1073  1066  1057  1048  1040  1032  1025  1020  1017  1015  crv
80248   1970  1015  1016  1018  1021  1025  1028  1031  1034  1037  1038  crv
80248   1980  1038  1036  1033  1027  1020  1012  1004   995   986   977  crv
80248   1990   969   961   955   949   945   943   942   943   946   950  crv
80248   2000   955   961   969   976   984   993  1001  1010  1018  1027  crv
80248   2010 -9999
192129  1971   714   711   708   706   705   706   709   716   727
192129  1980   740   755   772   790   812   839   871   910   954  1001  crv
192129  1990  1050  1098  1144  1187  1224  1256  1278  1291  1295  1292  crv
192129  2000  1283  1272  1256  1238  1216  1194  1172  1153  1136  1121  crv
192129  2010 -9999
92389   1928   938   945
92389   1930   952   959   966   973   981   990  1000  1009  1019  1030  crv
92389   1940  1040  1051  1061  1070  1078  1084  1089  1091  1092  1090  crv
92389   1950  1086  1080  1072  1063  1053  1042  1030  1017  1004   991  crv
92389   1960   977   964   951   939   928   918   910   903   899   896  crv
92389   1970   895   897   900   905   912   921   930   941   953   965  crv
92389   1980   976   988   998  1007  1015  1021  1026  1030  1033  1035  crv
92389   1990  1037  1038  1038  1038  1038  1038  1037  1036  1034  1033  crv
92389   2000  1031  1029  1027  1026  1023  1021  1019  1017  1015  1013  crv
92389   2010 -9999
90369   1954  1014  1004   994   983   971   959
90369   1960   948   937   927   920   916   915   920   929   944   963  crv
90369   1970   987  1015  1045  1077  1109  1139  1168  1194  1217  1237  crv
90369   1980  1253  1265  1274  1277  1276  1269  1257  1239  1218  1191  crv
90369   1990  1161  1128  1093  1056  1019   982   945   909   875   843  crv
90369   2000   814   787   762   738   717   697   678   659   641   622  crv
90369   2010 -9999
110952  1931   974   969   964   959   953   948   943   937   931
110952  1940   924   917   911   905   899   894   891   888   888   889  crv
110952  1950   893   898   906   915   925   936   948   960   972   984  crv
110952  1960   997  1010  1023  1037  1051  1065  1080  1095  1109  1123  crv
110952  1970  1137  1148  1159  1167  1174  1178  1181  1181  1179  1175  crv
110952  1980  1170  1162  1153  1142  1130  1116  1102  1087  1071  1054  crv
110952  1990  1038  1021  1004   987   970   954   937   922   906   892  crv
110952  2000   878   864   852   839   827   815   804   793   782   771  crv
110952  2010 -9999
192128  1965   263   334   405   477   549
192128  1970   621   692   760   827   891   954  1015  1075  1132  1186  crv
192128  1980  1234  1273  1300  1315  1318  1311  1294  1271  1243  1212  crv
192128  1990  1178  1142  1105  1067  1028   990   955   926   905   894  crv
192128  2000   896   911   939   979  1029  1087  1152  1219  1289  1360  crv
192128  2010 -9999
120924  1938   662   697
120924  1940   733   768   803   836   869   900   930   959   987  1013  crv
120924  1950  1038  1062  1083  1102  1118  1130  1139  1144  1145  1143  crv
120924  1960  1138  1131  1122  1112  1102  1092  1083  1075  1068  1062  crv
120924  1970  1058  1054  1052  1050  1049  1048  1047  1045  1043  1040  crv
120924  1980  1036  1030  1023  1015  1005   995   984   973   962   952  crv
120924  1990   943   935   929   924   921   918   917   917   918   921  crv
120924  2000   924   929   935   941   949   957   965   974   982   991  crv
120924  2010 -9999
12366   1981   715   727   745   778   832   907   992  1075  1147
12366   1990  1204  1242  1264  1268  1255  1225  1182  1128  1065  1000  crv
12366   2000   937   884   845   822   818   829   854   888   925   964  crv
12366   2010 -9999
82317   1922   812   824   835   847   859   872   885   898
82317   1930   911   925   940   955   971   988  1005  1022  1039  1055  crv
82317   1940  1071  1086  1100  1112  1122  1130  1136  1140  1142  1142  crv
82317   1950  1140  1137  1132  1125  1116  1106  1095  1083  1069  1055  crv
82317   1960  1040  1025  1010   995   981   967   954   943   933   926  crv
82317   1970   921   918   917   918   921   926   934   942   952   962  crv
82317   1980   973   983   993  1001  1008  1012  1015  1017  1017  1016  crv
82317   1990  1014  1012  1009  1005  1001   997   993   989   985   982  crv
82317   2000   978   976   973   972   970   969   968   967   967   966  crv
82317   2010 -9999
50281   1955  1413  1397  1381  1363  1342
50281   1960  1317  1288  1254  1215  1172  1125  1075  1023   970   916  crv
50281   1970   862   809   758   711   668   631   600   575   557   545  crv
50281   1980   540   541   548   563   584   612   646   684   726   772  crv
50281   1990   819   868   918   967  1016  1063  1108  1151  1190  1226  crv
50281   2000  1259  1288  1313  1334  1351  1366  1379  1390  1401  1412  crv
50281   2010 -9999
22603   1962  1200  1150  1101  1054  1011   970   931   894
22603   1970   859   828   804   789   785   793   813   844   883   929  crv
22603   1980   978  1027  1071  1109  1140  1164  1180  1189  1191  1189  crv
22603   1990  1181  1169  1152  1131  1107  1080  1050  1021   991   964  crv
22603   2000   940   920   906   898   895   896   900   907   914   922  crv
22603   2010 -9999
100997  1954   966   980   992  1004  1013  1020
100997  1960  1024  1027  1028  1028  1028  1028  1030  1035  1042  1052  crv
100997  1970  1065  1079  1093  1106  1117  1122  1122  1115  1101  1081  crv
100997  1980  1054  1023   988   953   918   885   856   832   815   804  crv
100997  1990   800   802   811   824   841   861   883   908   934   962  crv
100997  2000   992  1022  1053  1085  1116  1147  1178  1208  1238  1267  crv
100997  2010 -9999
190497  1950   548   541   534   528   524   522   522   524   529   535  crv
190497  1960   544   555   568   583   601   623   648   676   709   746  crv
190497  1970   787   832   880   931   983  1036  1088  1138  1187  1232  crv
190497  1980  1272  1307  1336  1359  1375  1384  1387  1384  1377  1365  crv
190497  1990  1350  1332  1314  1295  1277  1259  1243  1228  1216  1206  crv
190497  2000  1198  1192  1188  1186  1185  1185  1186  1188  1190  1192  crv
190497  2010  1194 -9999
131047  1950   487   545   603   661   719   776   830   882   929   970  crv
131047  1960  1006  1037  1063  1085  1104  1121  1137  1154  1170  1187  crv
131047  1970  1204  1221  1235  1247  1255  1258  1255  1247  1232  1212  crv
131047  1980  1187  1157  1125  1092  1059  1026   996   968   943   921  crv
131047  1990   902   888   876   868   863   860   859   860   863   867  crv
131047  2000   872   877   883   890   897   905   914   923   932   941  crv
131047  2010 -9999
91491   1928   825   842
91491   1930   860   878   896   916   935   956   978  1000  1023  1046  crv
91491   1940  1068  1089  1109  1127  1143  1157  1169  1178  1186  1191  crv
91491   1950  1194  1194  1192  1187  1179  1168  1155  1138  1120  1099  crv
91491   1960  1077  1053  1029  1004   980   956   933   911   890   872  crv
91491   1970   855   840   827   816   807   801   796   793   793   793  crv
91491   1980   796   800   805   812   821   831   842   854   868   883  crv
91491   1990   899   916   934   953   972   992  1013  1035  1056  1079  crv
91491   2000  1102  1125  1148  1171  1194  1218  1241  1264  1287  1310  crv
91491   2010 -9999
60125   1929   895
60125   1930   911   928   945   962   979   996  1012  1028  1043  1058  crv
60125   1940  1071  1083  1094  1102  1108  1112  1114  1113  1109  1103  crv
60125   1950  1095  1083  1070  1054  1037  1019  1000   980   961   943  crv
60125   1960   926   911   897   886   876   869   864   862   863   866  crv
60125   1970   871   879   888   900   914   928   944   960   976   992  crv
60125   1980  1007  1020  1032  1043  1052  1059  1065  1069  1072  1073  crv
60125   1990  1073  1072  1069  1066  1062  1057  1052  1045  1039  1031  crv
60125   2000  1024  1016  1008  1000   992   984   976   968   960   951  crv
60125   2010 -9999
111033  1915  1312  1283  1254  1224  1195
111033  1920  1166  1137  1108  1080  1052  1025  1000   976   953   932  crv
111033  1930   913   896   882   869   859   852   847   844   843   845  crv
111033  1940   848   853   859   867   876   885   894   903   912   920  crv
111033  1950   928   935   941   947   952   958   963   968   973   979  crv
111033  1960   985   991   997  1004  1011  1019  1026  1034  1042  1050  crv
111033  1970  1057  1064  1070  1075  1080  1083  1085  1086  1085  1083  crv
111033  1980  1081  1077  1072  1066  1059  1051  1042  1033  1023  1012  crv
111033  1990  1001   990   979   968   956   945   933 -9999
52388   1950   844   857   871   885   899   913   928   942   956   969  crv
52388   1960   982   994  1004  1013  1019  1024  1027  1029  1029  1029  crv
52388   1970  1027  1025  1023  1022  1022  1024  1027  1031  1037  1044  crv
52388   1980  1052  1059  1065  1069  1073  1075  1075  1074  1071  1067  crv
52388   1990  1061  1054  1046  1036  1025  1012  1000   985   970   956  crv
52388   2000   942   930   918   908   899   891   884   877   870   863  crv
52388   2010 -9999
80746   1953  1049  1055  1060  1063  1062  1057  1048
80746   1960  1036  1023  1012  1001   992   983   973   962   948   929  crv
80746   1970   905   876   842   804   765   726   689   658   633   616  crv
80746   1980   607   609   619   640   670   709   758   815   879   950  crv
80746   1990  1025  1105  1188  1275  1362  1450  1537  1623  1707  1790  crv
80746   2000  1873 -9999
82368   1870   672   683   694   706   717   729   740   751   762   773  crv
82368   1880   784   795   805   815   825   835   845   855   865   874  crv
82368   1890   883   893   902   911   920   929   938   947   955   964  crv
82368   1900   972   980   989   997  1005  1013  1021  1029  1038  1046  crv
82368   1910  1054  1062  1070  1079  1087  1095  1103  1111  1118  1126  crv
82368   1920  1133  1140  1148  1154  1161  1167  1173  1179  1185  1190  crv
82368   1930  1195  1200  1204  1209  1212  1216  1219  1221  1223  1225  crv
82368   1940  1226  1226  1226  1225  1223  1221  1218  1214  1209  1204  crv
82368   1950  1198  1191  1183  1175  1166  1156  1146  1136  1125  1113  crv
82368   1960  1102  1090  1078  1066  1053  1041  1029  1017  1006   994  crv
82368   1970   983   972   961   951   941   932   923   914   906   898  crv
82368   1980   891   884   877   871   865   859   854   849   844   840  crv
82368   1990   836   833   830   827   825   823   822   820   820   819  crv
82368   2000   819   819   819   820   821   822   823   824   825   826  crv
82368   2010 -9999
130579  1924   754   770   787   804   821   838
130579  1930   855   872   888   904   920   936   951   965   979   992  crv
130579  1940  1005  1018  1029  1040  1051  1061  1070  1079  1087  1094  crv
130579  1950  1100  1106  1111  1115  1119  1123  1125  1127  1129  1129  crv
130579  1960  1128  1126  1124  1120  1116  1112  1107  1102  1097  1092  crv
130579  1970  1087  1082  1076  1070  1063  1056  1048  1040  1032  1024  crv
130579  1980  1016  1008  1000   993   987   980   974   968   963   957  crv
130579  1990   952   947   943   939   935   931   928   925   923   922  crv
130579  2000   921   921   921   922   923   924   925   926   928   929  crv
130579  2010 -9999
92486A  1921   934   937   940   943   946   949   954   959   965
92486A  1930   972   979   988   998  1009  1020  1033  1046  1060  1074  crv
92486A  1940  1088  1102  1116  1128  1139  1147  1154  1158  1160  1158  crv
92486A  1950  1154  1146  1136  1123  1108  1091  1071  1050  1028  1004  crv
92486A  1960   980   956   932   909   887   865   846   828   812   799  crv
92486A  1970   787   779   772   769   768   769   773   780   788   799  crv
92486A  1980   812   826   841   858   875   893   911   929   948   966  crv
92486A  1990   985  1002  1020  1036  1052  1068  1083  1097  1111  1125  crv
92486A  2000  1139  1152  1166  1179  1192  1205  1218  1231  1244  1256  crv
92486A  2010 -9999
121423A 1935  1012  1008  1005  1002  1000
121423A 1940   996   994   992   991   990   990   990   990   990   990  crv
121423A 1950   990   990   990   990   990   990   991   991   991   991  crv
121423A 1960   992   992   992   992   992   991   990   989   988   986  crv
121423A 1970   985   982   980   977   973   970   967   965   964   964  crv
121423A 1980   965   968   973   979   986   994  1003  1012  1021  1029  crv
121423A 1990  1037  1043  1047  1049  1048  1045  1041  1034  1026  1017  crv
121423A 2000  1007   997   986   976   965   954   943   932   921 -9999  crv
52237A  1937  1020  1016  1011
52237A  1940  1005  1000   995   989   984   978   974   969   965   961  crv
52237A  1950   957   955   953   952   952   952   954   957   961   965  crv
52237A  1960   971   978   985   994  1003  1013  1025  1037  1049  1062  crv
52237A  1970  1074  1086  1096  1104  1111  1116  1119  1120  1120  1119  crv
52237A  1980  1116  1113  1110  1107  1104  1101  1098  1096  1093  1090  crv
52237A  1990  1088  1084  1080  1075  1068  1060  1050  1038  1025  1010  crv
52237A  2000   993   975   956   936   915   894   873   852   832   812  crv
52237A  2010   793   775   757   739   721 -9999
70469A  1953   894   880   868   858   851   849   852
70469A  1960   860   874   892   916   945   978  1017  1060  1107  1156  crv
70469A  1970  1205  1250  1289  1320  1341  1351  1350  1338  1316  1285  crv
70469A  1980  1246  1201  1152  1101  1050  1001   955   913   877   847  crv
70469A  1990   825   810   803   803   809   822   840   862   887   915  crv
70469A  2000   945   976  1008  1042  1075  1109  1143  1176 -9999
80641A  1937   658   672   686
80641A  1940   700   715   730   746   763   780   798   817   836   855  crv
80641A  1950   875   895   916   937   958   979  1000  1020  1040  1059  crv
80641A  1960  1077  1094  1110  1125  1139  1153  1165  1176  1186  1195  crv
80641A  1970  1202  1208  1212  1214  1215  1214  1212  1208  1203  1196  crv
80641A  1980  1187  1177  1166  1153  1139  1125  1110  1094  1079  1064  crv
80641A  1990  1048  1033  1018  1003   988   973   958   943   929   915  crv
80641A  2000   901   888   876   864   852   841   830   820   810   800  crv
80641A  2010   790   780   771   761   751   742   732 -9999
90607A  1919   867
90607A  1920   858   849   841   833   826   820   815   812   810   808  crv
90607A  1930   809   810   813   817   824   832   841   853   866   880  crv
90607A  1940   896   913   931   951   971   992  1013  1034  1056  1076  crv
90607A  1950  1096  1115  1132  1148  1162  1174  1184  1193  1199  1204  crv
90607A  1960  1207  1208  1207  1206  1203  1200  1196  1192  1187  1183  crv
90607A  1970  1178  1173  1167  1162  1156  1150  1143  1136  1128  1120  crv
90607A  1980  1111  1102  1092  1082  1070  1058  1044  1030  1015  1000  crv
90607A  1990   983   966   947   929   909   889   869   849   828   807  crv
90607A  2000   786   766   745   724   704   684   663   643   622 -9999  crv
110899A 1933  1166  1153  1141  1128  1116  1103  1091
110899A 1940  1078  1066  1054  1042  1031  1019  1008   998   987   978  crv
110899A 1950   969   960   953   946   940   936   931   928   925   922  crv
110899A 1960   921   920   920   921   923   925   928   932   937   942  crv
110899A 1970   948   955   961   968   975   982   988   994  1000  1003  crv
110899A 1980  1007  1010  1012  1014  1015  1015  1015  1015  1015  1014  crv
110899A 1990  1013  1013  1013  1013  1014  1015  1017  1019  1021  1024  crv
110899A 2000  1027  1030  1032  1035  1037  1038  1039  1039  1038  1037  crv
110899A 2010  1035  1034  1032  1030  1029  1027  1025  1024 -9999
112421A 1950  1095  1060  1026   992   959   927   898   872   849   831  crv
112421A 1960   818   809   806   808   814   826   843   864   890   919  crv
112421A 1970   953   989  1027  1065  1103  1138  1169  1195  1214  1226  crv
112421A 1980  1231  1231  1226  1218  1207  1194  1182  1170  1159  1150  crv
112421A 1990  1141  1133  1125  1116  1106  1093  1077  1058  1036  1011  crv
112421A 2000   984   955   924   891   858   824   790   756   723   690  crv
112421A 2010   657 -9999
140280A 1924  1433  1433  1433  1433  1433  1433
140280A 1930  1433  1433  1433  1433  1433  1433  1433  1433  1433  1433  crv
140280A 1940  1433  1433  1433  1433  1433  1433  1433  1433  1433  1433  crv
140280A 1950  1433  1433  1433  1433  1433  1433  1433  1433  1433  1433  crv
140280A 1960  1433  1433  1433  1433  1433  1433  1433  1433  1433  1433  crv
140280A 1970  1433  1433  1433  1433  1433  1433  1433  1433  1433  1433  crv
140280A 1980  1433  1433  1433  1433  1433  1433  1433  1433  1433  1433  crv
140280A 1990  1433  1433  1433  1433  1433  1433  1433  1433  1433  1433  crv
140280A 2000  1433  1433  1433  1433  1433  1433  1433  1433  1433  1433  crv
140280A 2010  1433  1433  1433  1433  1433  1433  1433 -9999
171403A 1950   859   879   900   920   939   958   975   990  1003  1014  crv
171403A 1960  1021  1027  1029  1029  1027  1023  1018  1012  1007  1002  crv
171403A 1970   998   994   993   992   994   997  1001  1007  1013  1020  crv
171403A 1980  1028  1035  1040  1044  1047  1048  1046  1044  1040  1035  crv
171403A 1990  1029  1024  1019  1014  1010  1006  1003  1000   998   996  crv
171403A 2000   993   991   988   985   981   977   973   967   961   955  crv
171403A 2010   948   941   934   926   919 -9999
052246A 1945   347   417   488   559   629
052246A 1950   698   766   832   896   956  1012  1063  1110  1152  1189  crv
052246A 1960  1222  1249  1272  1291  1304  1314  1319  1320  1318  1312  crv
052246A 1970  1302  1289  1273  1255  1233  1210  1185  1158  1131  1103  crv
052246A 1980  1075  1047  1020   995   971   950   931   915   902   892  crv
052246A 1990   884   879   876   875   875   877   880   884   889   894  crv
052246A 2000   899   905   910   916   922   927   933   938   943   948  crv
052246A 2010   953 -9999
82239A  1930  1121  1106  1090  1076  1061  1046  1032  1018  1005   993  crv
82239A  1940   982   973   966   961   956   954   952   951   950   950  crv
82239A  1950   949   948   947   945   942   939   935   931   927   922  crv
82239A  1960   918   914   911   908   907   906   907   909   912   918  crv
82239A  1970   925   934   944   956   969   984  1000  1015  1031  1047  crv
82239A  1980  1062  1077  1090  1102  1112  1121  1127  1132  1134  1134  crv
82239A  1990  1132  1128  1122  1114  1104  1092  1078  1063  1047  1029  crv
82239A  2000  1010   989   968   946   924   900   877   853   829   805  crv
82239A  2010   781 -9999
82381A  1942   533   568   602   637   672   707   741   775
82381A  1950   808   842   875   909   942   975  1008  1039  1070  1099  crv
82381A  1960  1127  1152  1176  1198  1218  1235  1249  1260  1268  1273  crv
82381A  1970  1274  1273  1268  1260  1248  1233  1215  1194  1171  1147  crv
82381A  1980  1121  1094  1068  1042  1017   993   970   949   930   912  crv
82381A  1990   896   882   870   859   850   843   838   834   833   833  crv
82381A  2000   836   840   846   854   863   872   883   894   906   917  crv
82381A  2010   929   941   953   965 -9999
110902r 1924   656   674   692   711   729   747
110902r 1930   764   782   799   816   834   851   869   886   903   921  crv
110902r 1940   938   954   970   986  1001  1015  1028  1040  1052  1063  crv
110902r 1950  1072  1081  1090  1098  1105  1111  1117  1123  1128  1133  crv
110902r 1960  1138  1142  1147  1151  1155  1160  1164  1168  1172  1176  crv
110902r 1970  1180  1183  1186  1188  1189  1190  1189  1188  1185  1182  crv
110902r 1980  1177  1172  1166  1159  1151  1142  1133  1122  1110  1097  crv
110902r 1990  1082  1067  1050  1032  1012   991   968   944   918   892  crv
110902r 2000   864   835   806   775   745   713   681   650   617   585  crv
110902r 2010   553   521 -9999
