litu_drop.rwl -- no data title --                         1st itrdb line missing     
litu_drop.rwl -- no data title --                         2nd itrdb line missing     
litu_drop.rwl -- no data title --                         3rd itrdb line missing     
12490   1940    12   340   727   505   733   338   282   118   147   123  ind
12490   1950   581   517   427   308   620   347   314   351   664   404  ind
12490   1960   303   404   470  1000  1000  1000  1000  1000  1000  1000  ind
12490   1970    14  1000     7    36   225    15   179   545   395   414  ind
12490   1980   338   629   792   752   559   375   455   451     9   149  ind
12490   1990  1000   591   582   515   125   463    54     1   235   492  ind
12490   2000   340   326   693   564   262   494   484   521   187   453  ind
12490   2010 -9999
22545   1922   838   776   604   639   591   390   769   782
22545   1930   685   769   755   645   494   593   734   367   710   395  ind
22545   1940   202   520   739   692   734   619   375   270   152   425  ind
22545   1950   755   664   489   702   722   619   718   636   741   693  ind
22545   1960   458   417   595   538   260   737   616   584   632   544  ind
22545   1970   598   386   266   640   251   627   444   605   585   540  ind
22545   1980   605   664   797   769   643   618   605   735   490   151  ind
22545   1990   241   668   583   566   604   787   442   425   551   686  ind
22545   2000   756   486   748   566   381   543   622   549   659   538  ind
22545   2010 -9999
22604   1964   408   776   747   795   668   581
22604   1970   712   572   595   660   498   742   481   606   593   562  ind
22604   1980   694   744   800   796   688   670   736   763   589   529  ind
22604   1990   655   796   609   644   664   817   533   446   692   759  ind
22604   2000   761   624   769   590   442   577   665   581   722   606  ind
22604   2010 -9999
32189   1936   761   528   743   410
32189   1940   562   712   755   725   795   638   527   473   385   531  ind
32189   1950   780   744   520   800   757   659   739   651   764   745  ind
32189   1960   613   641   662   593   680   786   756   813   733   770  ind
32189   1970   742   665   653   734   778   751   571   671   731   649  ind
32189   1980   718   818   802   845   699   738   747   770   632   669  ind
32189   1990   697   816   735   675   771   865   676   542   701   764  ind
32189   2000   804   725   779   664   606   638   689   673   743   607  ind
32189   2010 -9999
42544   1944   871   666   673   647   395   586
42544   1950   791   759   571   814   793   679   743   660   779   797  ind
42544   1960   662   653   739   629   764   793   758   850   777   794  ind
42544   1970   834   766   668   741   785   785   617   727   776   714  ind
42544   1980   739   863   847   852   800   761   801   824   722   714  ind
42544   1990   733   830   740   689   799   865   698   562   814   794  ind
42544   2000   866   726   784   678   657   670   717   675   765   633  ind
42544   2010 -9999
50406   1939   512
50406   1940   585   731   761   730   883   714   814   732   603   659  ind
50406   1950   835   786   664   819   794   741   768   730   832   820  ind
50406   1960   664   670   750   658   785   798   867   855   779   822  ind
50406   1970   849   799   773   784   815   813   734   754   794   741  ind
50406   1980   759   884   849   862   839   854   816   826   728   751  ind
50406   1990   757   854   740   739   827   892   832   576   821   823  ind
50406   2000   875   753   794   685   735   687   770   705   766   666  ind
50406   2010 -9999
50474   1923   884   811   713   638   631   771   782
50474   1930   732   882   767   680   546   622   812   719   794   777  ind
50474   1940   621   789   801   731   905   851   836   756   742   698  ind
50474   1950   846   820   705   878   803   755   777   744   843   832  ind
50474   1960   720   754   750   689   843   813   878   862   805   852  ind
50474   1970   853   853   816   800   827   814   745   774   804   791  ind
50474   1980   772   885   869   863   840   856   817   854   763   753  ind
50474   1990   767   854   772   752   873   904   854   641   848   835  ind
50474   2000   885   762   820   690   755   793   775   740   768   679  ind
50474   2010 -9999
50555   1919   523
50555   1920   889   923   918   941   825   736   665   688   897   865  ind
50555   1930   795   915   877   817   592   860   834   795   795   827  ind
50555   1940   671   795   806   782   911   855   854   840   813   785  ind
50555   1950   904   820   741   900   805   776   828   783   863   835  ind
50555   1960   791   764   768   693   857   827   880   870   840   863  ind
50555   1970   877   879   821   813   834   820   783   825   812   792  ind
50555   1980   800   888   874   864   858   868   848   856   798   770  ind
50555   1990   785   887   776   818   875   905   857   649   856   853  ind
50555   2000   895   787   832   776   811   826   790   746   769   716  ind
50555   2010 -9999
60083   1960   793   783   777   704   874   853   889   886   881   874  ind
60083   1970   878   892   864   813   853   830   797   832   825   793  ind
60083   1980   815   889   878   869   864   873   871   881   801   774  ind
60083   1990   787   899   807   835   875   912   859   691   858   869  ind
60083   2000   899   796   874   788   812   848   797   762   851   749  ind
60083   2010 -9999
60287   1947   866   863   799
60287   1950   905   852   742   902   846   802   828   845   864   836  ind
60287   1960   873   812   792   709   875   853   891   895   888   887  ind
60287   1970   882   906   891   857   856   870   814   838   848   812  ind
60287   1980   829   909   880   869   871   883   879   894   806   788  ind
60287   1990   801   902   825   853   878   917   873   755   863   881  ind
60287   2000   902   819   878   805   824   852   835   771   867   756  ind
60287   2010 -9999
62248   1952   770   904   851   875   842   856   871   839
62248   1960   879   858   796   806   884   860   900   896   898   892  ind
62248   1970   891   912   899   863   866   872   844   852   855   833  ind
62248   1980   870   915   903   896   884   895   884   922   810   802  ind
62248   1990   839   902   829   879   908   919   878   787   880   884  ind
62248   2000   907   849   891   825   827   866   839   823   878   802  ind
62248   2010 -9999
70433   1914   745   883   831   852   780   747
70433   1920   919   940   928   950   826   916   783   906   944   917  ind
70433   1930   866   916   890   865   735   905   871   814   828   850  ind
70433   1940   863   821   858   809   912   869   911   896   873   823  ind
70433   1950   921   871   795   907   865   880   843   865   880   860  ind
70433   1960   886   863   820   828   887   875   901   905   905   894  ind
70433   1970   906   914   909   871   871   874   851   872   857   854  ind
70433   1980   871   917   908   908   888   896   885   925   833   810  ind
70433   1990   892   903   861   884   908   934   914   802   885   886  ind
70433   2000   916   859   909   826   833   892   840   838   901   824  ind
70433   2010 -9999
80282   1955   884   886   872   896   861
80282   1960   891   883   851   843   899   897   901   915   920   914  ind
80282   1970   910   916   910   882   880   888   885   898   869   862  ind
80282   1980   873   921   917   911   895   902   906   930   840   836  ind
80282   1990   894   907   863   889   917   936   919   810   887   905  ind
80282   2000   933   880   912   848   857   895   857   877   915   869  ind
80282   2010 -9999
80711   1906  1000  1000  1000  1000
80711   1910  1000  1000  1000  1000   985   946   965   920   955   956  ind
80711   1920   944   943   936   961   851   929   882   945   953   934  ind
80711   1930   930   917   893   876   817   923   891   830   910   867  ind
80711   1940   865   825   883   874   928   885   918   897   882   829  ind
80711   1950   922   912   814   918   906   889   901   873   901   903  ind
80711   1960   892   888   883   849   901   902   906   918   923   924  ind
80711   1970   912   916   920   886   886   892   888   923   869   940  ind
80711   1980   878   921   918   914   901   914   909   931   854   848  ind
80711   1990   903   912   904   889   922   940   921   843   899   907  ind
80711   2000   934   881   915   882   902   901   859   905   924   891  ind
80711   2010 -9999
80719   1915   981   983   979   979   990
80719   1920   956   944   945   967   856   936   924   951   954   938  ind
80719   1930   944   928   893   885   889   940   892   916   916   870  ind
80719   1940   879   851   884   889   930   886   920   928   892   842  ind
80719   1950   925   912   821   920   907   908   902   875   906   913  ind
80719   1960   903   896   889   862   904   902   906   926   929   925  ind
80719   1970   921   918   925   916   892   911   893   926   882   941  ind
80719   1980   879   923   920   919   902   922   912   931   859   848  ind
80719   1990   915   930   935   897   924   943   927   845   904   910  ind
80719   2000   934   887   916   892   903   903   882   906   925   916  ind
80719   2010 -9999
82218   1919   990
82218   1920   957   951   948   971   875   944   948   951   955   953  ind
82218   1930   948   932   934   907   898   947   924   919   918   875  ind
82218   1940   905   879   927   898   934   891   933   941   918   845  ind
82218   1950   935   920   833   924   923   913   908   888   913   916  ind
82218   1960   908   897   905   873   905   904   925   930   934   928  ind
82218   1970   921   923   926   924   893   913   910   936   885   943  ind
82218   1980   898   925   924   927   914   926   921   932   862   865  ind
82218   1990   918   933   941   910   924   948   935   878   917   915  ind
82218   2000   939   887   924   907   910   911   897   911   926   919  ind
82218   2010 -9999
90287   1920   962   964   962   975   933   952   967   951   963   954  ind
90287   1930   950   938   942   913   917   948   941   934   923   910  ind
90287   1940   941   888   938   905   941   894   934   944   921   864  ind
90287   1950   937   920   843   928   933   916   926   894   914   917  ind
90287   1960   918   904   905   877   928   904   932   936   941   928  ind
90287   1970   926   928   927   927   906   914   913   938   886   948  ind
90287   1980   905   932   930   927   914   947   925   933   864   865  ind
90287   1990   919   935   948   931   930   950   941   924   919   929  ind
90287   2000   940   893   932   915   913   918   920   914   936   923  ind
90287   2010 -9999
90645   1954   933   921   928   912   924   926
90645   1960   923   918   922   892   929   907   933   937   948   930  ind
90645   1970   934   929   931   927   922   915   916   939   893   949  ind
90645   1980   907   933   934   930   924   949   926   939   874   876  ind
90645   1990   927   936   949   931   934   954   941   932   930   933  ind
90645   2000   943   893   936   918   915   924   928   914   940   923  ind
90645   2010 -9999
91377   1927   959   968   967
91377   1930   951   940   942   921   923   951   945   935   929   914  ind
91377   1940   947   891   953   909   941   902   941   945   946   907  ind
91377   1950   937   922   904   932   943   930   939   916   925   927  ind
91377   1960   930   943   923   897   930   908   943   937   949   947  ind
91377   1970   937   931   944   936   925   929   930   940   933   952  ind
91377   1980   914   933   937   940   925   950   929   945   902   899  ind
91377   1990   929   940   949   937   937   954   942   936   935   940  ind
91377   2000   944   895   941   941   927   928   929   938   947   923  ind
91377   2010 -9999
92493   1917   996   997   992
92493   1920   978   995   974   984   989   954   970   967   969   968  ind
92493   1930   951   963   943   925   950   953   957   946   938   954  ind
92493   1940   948   929   953   925   950   910   949   947   950   930  ind
92493   1950   939   924   905   941   944   936   940   922   927   929  ind
92493   1960   945   948   928   909   944   915   945   945   951   949  ind
92493   1970   939   935   945   940   928   936   937   942   958   955  ind
92493   1980   918   937   941   944   931   950   938   946   931   910  ind
92493   1990   937   940   953   939   944   955   949   938   937   941  ind
92493   2000   945   903   942   948   935   932   938   939   953   925  ind
92493   2010 -9999
102412  1929   981
102412  1930   956   964   955   961   952   956   962   949   959   955  ind
102412  1940   952   935   954   951   951   939   949   953   951   932  ind
102412  1950   940   930   914   948   949   939   941   927   939   931  ind
102412  1960   947   953   930   921   946   916   953   946   952   951  ind
102412  1970   941   937   946   941   930   944   938   944   961   957  ind
102412  1980   942   941   942   944   940   950   941   951   932   924  ind
102412  1990   940   951   954   943   944   955   950   944   943   942  ind
102412  2000   947   911   946   953   936   933   941   950   955   934  ind
102412  2010 -9999
110128  1953   956   951   940   942   938   940   940
110128  1960   947   956   945   927   949   927   956   948   955   952  ind
110128  1970   943   943   948   945   942   945   939   944   961   960  ind
110128  1980   948   943   943   948   942   952   949   952   933   936  ind
110128  1990   943   952   957   948   944   955   952   944   946   945  ind
110128  2000   948   931   955   960   940   943   947   952   958   938  ind
110128  2010 -9999
110379  1970   946   950   950   946   951   948   941   945   963   960  ind
110379  1980   949   944   952   953   945   954   954   953   936   941  ind
110379  1990   944   955   961   949   945   964   955   960   951   946  ind
110379  2000   951   935   955   962   945   951   949   955   964   949  ind
110379  2010 -9999
110791  1925   992   974   973   975   991
110791  1930   961   969   959   962   957   959   966   965   959   961  ind
110791  1940   953   952   959   956   956   964   957   953   953   957  ind
110791  1950   943   941   917   956   955   943   943   949   953   941  ind
110791  1960   953   957   947   935   951   938   959   950   955   953  ind
110791  1970   950   951   951   949   952   951   951   953   964   965  ind
110791  1980   949   946   955   959   953   958   960   953   937   946  ind
110791  1990   945   962   961   951   948   965   957   964   953   948  ind
110791  2000   957   936   956   963   946   954   952   961   968   966  ind
110791  2010 -9999
110798  1933   969   959   962   968   973   962   964
110798  1940   959   964   963   959   967   971   974   959   956   957  ind
110798  1950   951   953   928   958   960   945   945   951   959   949  ind
110798  1960   960   958   953   944   953   939   963   951   955   960  ind
110798  1970   952   958   955   960   955   955   956   961   964   966  ind
110798  1980   952   949   956   959   958   966   962   954   953   947  ind
110798  1990   947   962   962   954   951   968   959   964   957   949  ind
110798  2000   960   943   957   968   961   960   953   964   974   967  ind
110798  2010 -9999
110914  1925   993   977   980   983   992
110914  1930   972   970   973   976   960   967   970   974   963   966  ind
110914  1940   963   966   965   961   970   971   977   968   969   963  ind
110914  1950   963   953   939   959   961   946   952   960   960   950  ind
110914  1960   960   962   957   950   954   953   965   953   960   960  ind
110914  1970   952   958   960   963   965   955   957   964   968   968  ind
110914  1980   958   967   957   962   959   967   963   956   957   962  ind
110914  1990   960   964   966   956   955   970   959   965   960   951  ind
110914  2000   961   953   965   973   966   973   955   966   976   969  ind
110914  2010 -9999
110950  1938   968   966
110950  1940   967   981   972   962   971   976   980   969   973   965  ind
110950  1950   965   955   940   960   962   963   966   968   962   959  ind
110950  1960   961   967   960   953   956   957   965   957   961   960  ind
110950  1970   954   961   963   964   971   957   970   964   971   968  ind
110950  1980   965   969   958   967   968   967   963   965   960   963  ind
110950  1990   964   967   968   958   959   970   960   966   965   953  ind
110950  2000   961   961   966   974   969   975   961   972   976   972  ind
110950  2010 -9999
111014  1926   984   986   989   992
111014  1930   973   971   986   977   975   969   975   976   969   971  ind
111014  1940   971   982   973   970   973   979   980   972   976   968  ind
111014  1950   970   958   953   961   963   964   967   976   964   960  ind
111014  1960   965   968   964   956   959   958   970   958   961   961  ind
111014  1970   962   963   964   966   972   965   972   965   973   969  ind
111014  1980   968   973   961   967   975   968   966   967   961   964  ind
111014  1990   964   970   970   960   961   971   961   967   967   958  ind
111014  2000   964   968   967   976   969   977   971   972   980 -9999  ind
111030  1923   988   991   995   988   986   993   994
111030  1930   978   976   988   985   976   973   980   980   974   972  ind
111030  1940   971   985   974   971   978   982   981   974   978   973  ind
111030  1950   970   960   955   965   971   969   970   977   966   960  ind
111030  1960   969   969   964   958   961   968   972   964   970   966  ind
111030  1970   963   968   967   967   973   966   973   965   973   972  ind
111030  1980   969   976   961   970   976   968   971   972   962   968  ind
111030  1990   966   970   971   964   963   974   968   968   967   968  ind
111030  2000   964   969   967   976   971   982   974   974   980   975  ind
111030  2010 -9999
111051  1923   991   998   996   988   994   994   995
111051  1930   982   983   994   985   976   980   983   983   984   975  ind
111051  1940   973   987   978   971   982   985   982   983   981   980  ind
111051  1950   976   965   964   969   972   975   974   977   969   970  ind
111051  1960   971   969   967   965   966   968   972   968   970   968  ind
111051  1970   966   973   976   967   976   968   979   968   974   973  ind
111051  1980   971   977   964   971   978   970   975   973   968   974  ind
111051  1990   968   972   972   973   966   978   969   969   969   974  ind
111051  2000   966   970   969   977   974   983   975   975   980   976  ind
111051  2010 -9999
111134  1918   998  1000
111134  1920   979  1000   997   997  1000  1000   989  1000   998   998  ind
111134  1930   988   988   996   988   981   983   984   985   987   977  ind
111134  1940   973   989   988   978   986   987   984   988   982   985  ind
111134  1950   977   975   964   978   974   976   977   978   969   971  ind
111134  1960   972   971   968   970   970   970   973   977   971   970  ind
111134  1970   968   981   979   979   977   975   979   981   977   974  ind
111134  1980   977   979   966   973   978   975   975   975   968   977  ind
111134  1990   969   976   973   974   968   978   970   970   972   975  ind
111134  2000   969   982   972   982   976   984 -9999
121212  1908  1000  1000
121212  1910  1000  1000  1000  1000  1000  1000  1000   998  1000  1000  ind
121212  1920   991  1000   997  1000  1000  1000   995  1000   998  1000  ind
121212  1930   988   989   996   990   986   984   984   987   990   978  ind
121212  1940   976   989   990   984   987   987   985   989   985   985  ind
121212  1950   978   976   979   984   977   980   979   978   979   980  ind
121212  1960   977   971   969   976   972   972   975   979   973   971  ind
121212  1970   969   981   985   979   977   979   980   983   978   975  ind
121212  1980   978   980   969   973   982   976   981   979   971   980  ind
121212  1990   973   977   975   976   968   979   973   977   973   976  ind
121212  2000   970   982   973   984   978   984   979   977   980   979  ind
121212  2010 -9999
121284  1922  1000  1000  1000  1000  1000  1000  1000  1000
121284  1930   989   993  1000   991   990   991   986   991   993   984  ind
121284  1940   978   990   992   990   988   989   988   989   989   987  ind
121284  1950   981   987   983   985   977   980   982   981   981   981  ind
121284  1960   984   971   973   976   973   973   975   982   974   972  ind
121284  1970   978   982   987   984   977   980   981   984   979   977  ind
121284  1980   978   982   971   981   983   978   983   979   971   981  ind
121284  1990   975   978   976   977   971   981   974   979   980   979  ind
121284  2000   974   985   974   984   978   985   981   979   980   981  ind
121284  2010 -9999
121442  1952   986   987   982   983   986   983   981   981
121442  1960   987   978   978   977   976   980   977   986   974   977  ind
121442  1970   980   982   987   984   982   981   983   988   980   980  ind
121442  1980   982   982   972   981   984   985   988   980   976   982  ind
121442  1990   977   980   977   977   974   981   982   981   980   980  ind
121442  2000   975   986   975   986   981   985   981   981   983   982  ind
121442  2010 -9999
131017  1950   983   992   989   987   986   988   988   988   982   983  ind
131017  1960   988   979   985   978   977   981   982   991   975   977  ind
131017  1970   982   984   987   987   983   984   984   991   985   982  ind
131017  1980   983   982   972   983   993   987   990   982   977   985  ind
131017  1990   981   984   980   981   975   981   982   982   982   980  ind
131017  2000   979   986   976   986   981   986   983   982   986   983  ind
131017  2010 -9999
131080  1930   990   995  1000   992   993   992   988   993   994   989  ind
131080  1940   978   994   996   998   989   993   989   990   991   991  ind
131080  1950   984   992   995   988   987   988   989   989   983   983  ind
131080  1960   989   980   986   978   981   981   983   991   977   978  ind
131080  1970   983   984   990   989   985   988   989   991   985   983  ind
131080  1980   983   983   973   983   994   988   991   987   980   989  ind
131080  1990   982   988   983   984   976   983   985   982   982   981  ind
131080  2000   979   986   977   986   983   988   983   982   987   984  ind
131080  2010 -9999
131304  1930   991   996  1000   993   993   993   990   996   996   996  ind
131304  1940   988   995   998  1000   991   993   990   990   994   993  ind
131304  1950   987   992   995   989   990   990   989   989   985   984  ind
131304  1960   990   986   988   982   982   985   984   993   982   978  ind
131304  1970   984   987   990   991   987   989   991   991   988   983  ind
131304  1980   984   985   976   983   995   989   993   988   980   991  ind
131304  1990   985   988   983   986   980   985   985   984   985   981  ind
131304  2000   979   991   980   987   983   988   984   984   988   985  ind
131304  2010 -9999
140735  1939   998
140735  1940   993   997  1000  1000   994   995   992   994   996  1000  ind
140735  1950   996   993   997   989   991   990   992   992   987   985  ind
140735  1960   992   987   990   985   985   986   988   993   987   981  ind
140735  1970   986   988   990   992   991   990   991   992   990   989  ind
140735  1980   986   988   976   984   995   990   993   988   987   991  ind
140735  1990   986   988   986   987   985   985   985   984   985   984  ind
140735  2000   980   992   982   987   984   990   988   985   989   987  ind
140735  2010 -9999
160665  1954   992   991   992   992   989   986
160665  1960   992   989   992   990   986   986   989   994   988   982  ind
160665  1970   986   989   991   996   991   992   993   992   990   990  ind
160665  1980   987   988   979   987   996   990   993   989   988   992  ind
160665  1990   987   990   988   988   986   988   988   985   986   987  ind
160665  2000   983   992   986   988   986   991   988   989   990   991  ind
160665  2010 -9999
160777  1949  1000
160777  1950   997   993   997   989   992   992   992   993   997   986  ind
160777  1960   993   990   993   993   987   986   989   994   991   985  ind
160777  1970   989   989   992   996   991   994   993   995   992   990  ind
160777  1980   990   989   979   989   996   991   994   989   989   993  ind
160777  1990   988   990   988   989   987   992   988   986   987   989  ind
160777  2000   987   993   986   988   986   991   991   989   991   996  ind
160777  2010 -9999
160930  1925  1000  1000  1000  1000  1000
160930  1930  1000  1000  1000   997   996   995   993   997  1000   998  ind
160930  1940   993   997  1000  1000   994   996   993   994   998  1000  ind
160930  1950   997   994   997   990   996   994   993   994   997   988  ind
160930  1960   995   995   994   993   991   987   990   996   992   985  ind
160930  1970   992   989   993   997   993   996   994   997   993   991  ind
160930  1980   990   989   982   989   997   991   995   989   989   993  ind
160930  1990   988   991   989   990   990   992   988   987   987   994  ind
160930  2000   989   993   990   991   991   993   994   992   992   996  ind
160930  2010 -9999
170994  1960   996   996   996   994   992   990   991   998   997   987  ind
170994  1970   996   991   993   998   995   997   995   997   993   993  ind
170994  1980   992   990   984   991   997   991   997   991   990   996  ind
170994  1990   992   993   993   992   990   992   988   988   991   995  ind
170994  2000   990   995   991   993   993   994   994   993   993   998  ind
170994  2010 -9999
172229  1880  1000  1000  1000  1000  1000  1000  1000  1000  1000  1000  ind
172229  1890  1000  1000  1000  1000  1000  1000  1000  1000  1000  1000  ind
172229  1900  1000  1000  1000  1000  1000  1000  1000  1000  1000  1000  ind
172229  1910  1000  1000  1000  1000  1000  1000   993   997  1000   995  ind
172229  1920   992   993  1000   992  1000  1000  1000  1000  1000  1000  ind
172229  1930  1000  1000  1000   997   997   998   994   997  1000  1000  ind
172229  1940   994   997  1000  1000   995   998   993   995  1000  1000  ind
172229  1950  1000   996  1000   991   996   995   993   994  1000   990  ind
172229  1960   996   996   996   995   995   992   991   998   997   991  ind
172229  1970   997   992   993   998   995   997   995   997   993   995  ind
172229  1980   992   991   985   991   998   992   997   992   993   996  ind
172229  1990   992   994   994   994   992   993   989   988   992   996  ind
172229  2000   993   995   992   993   995   994   995   995   996   998  ind
172229  2010 -9999
180751  1943  1000   996  1000   993   995  1000  1000
180751  1950  1000   996  1000   993   998   995   995   995  1000   993  ind
180751  1960   997   997   996   995   997   993   992   998   997   993  ind
180751  1970   997   993   996  1000   995   998   996   997   993   996  ind
180751  1980   992   992   989   992  1000   993   998   995   994   997  ind
180751  1990   993   995   996   995   992   994   991   991   993   997  ind
180751  2000   994   996   994   997   996   995   996   997   998  1000  ind
180751  2010 -9999
180794  1948  1000  1000
180794  1950  1000   997  1000   996  1000   997   996   996  1000   993  ind
180794  1960   997   998   998   996   998   995   995   998   998   995  ind
180794  1970  1000   993   996  1000   997  1000   996   998   997   997  ind
180794  1980   995   993   990   993  1000   994  1000   995   995   998  ind
180794  1990   993   995   996   996   993   995   992   991   993   997  ind
180794  2000   996   997   994   997   996   996   997   998  1000  1000  ind
180794  2010 -9999
190018  1953   997  1000   997   996   997  1000   996
190018  1960   997   998   998   996   998   996   995   998   998   995  ind
190018  1970  1000   994   996  1000   998  1000   997   998   997  1000  ind
190018  1980   995   994   994   994  1000   995  1000   996   996  1000  ind
190018  1990   993   996  1000   996   993   996   996   993   994   998  ind
190018  2000   997   997   994   997   997   996   998  1000  1000  1000  ind
190018  2010 -9999
190438  1936   996  1000  1000  1000
190438  1940   997  1000  1000  1000   997  1000   996   998  1000  1000  ind
190438  1950  1000   998  1000   998  1000   998  1000   997  1000   997  ind
190438  1960  1000   998   998   996  1000   997   995  1000  1000   995  ind
190438  1970  1000   994   996  1000   998  1000   998   998   998  1000  ind
190438  1980   997   994   994   995  1000   995  1000   998   997  1000  ind
190438  1990   995   997  1000   996   993   996   997   993   994  1000  ind
190438  2000   998   998   995   998   998   997  1000  1000  1000  1000  ind
190438  2010 -9999
200038  1955  1000  1000   997  1000   997
200038  1960  1000   998  1000   996  1000  1000   995  1000  1000   995  ind
200038  1970  1000   995   997  1000  1000  1000   998  1000   998  1000  ind
200038  1980   998   995   996   997  1000   996  1000   998   998  1000  ind
200038  1990   996   997  1000   997   998   996   998   995   997  1000  ind
200038  2000   998   998   997   998  1000   998  1000  1000  1000  1000  ind
200038  2010 -9999
200168  1950  1000   998  1000  1000  1000  1000  1000   997  1000   998  ind
200168  1960  1000  1000  1000   997  1000  1000   996  1000  1000   996  ind
200168  1970  1000   996   997  1000  1000  1000   998  1000  1000  1000  ind
200168  1980  1000   995   997  1000  1000   997  1000  1000   998  1000  ind
200168  1990   996   998  1000   998   998   998  1000   995   998  1000  ind
200168  2000   998  1000   998   998  1000  1000  1000  1000  1000  1000  ind
200168  2010 -9999
200389  1950  1000  1000   998  1000  1000  1000  1000   998  1000  1000  ind
200389  1960  1000  1000  1000  1000  1000  1000   997  1000  1000   996  ind
200389  1970  1000   997   997  1000  1000  1000   998  1000  1000  1000  ind
200389  1980  1000   995   997  1000  1000   998  1000  1000  1000  1000  ind
200389  1990   998   998  1000   998   998   998  1000   996  1000  1000  ind
200389  2000  1000  1000   998  1000  1000  1000  1000  1000  1000  1000  ind
200389  2010 -9999
200988  1954  1000  1000  1000   998  1000  1000
200988  1960  1000  1000  1000  1000  1000  1000   997  1000  1000   997  ind
200988  1970  1000  1000   997  1000  1000  1000  1000  1000  1000  1000  ind
200988  1980  1000   996   997  1000  1000  1000  1000  1000  1000  1000  ind
200988  1990  1000   998  1000   998  1000   998  1000   998  1000  1000  ind
200988  2000  1000  1000   998  1000  1000  1000  1000  1000  1000  1000  ind
200988  2010 -9999
202162  1980  1000   996   998  1000  1000  1000  1000  1000  1000  1000  ind
202162  1990  1000  1000  1000  1000  1000  1000  1000   998  1000  1000  ind
202162  2000  1000  1000  1000  1000  1000  1000  1000  1000  1000  1000  ind
202162  2010 -9999
12369A  1953  1000  1000  1000  1000   998  1000  1000
12369A  1960  1000  1000  1000  1000  1000  1000   997  1000  1000   997  ind
12369A  1970  1000  1000   998  1000  1000  1000  1000  1000  1000  1000  ind
12369A  1980  1000   996   998  1000  1000  1000  1000  1000  1000  1000  ind
12369A  1990  1000  1000  1000  1000  1000  1000  1000  1000  1000  1000  ind
12369A  2000  1000  1000  1000  1000  1000  1000  1000   998  1000  1000  ind
12369A  2010   704   745   733   884 -9999
20804A  1913  1000   936   997   986   993   973   973
20804A  1920   984   982   998   986  1000  1000  1000  1000  1000  1000  ind
20804A  1930  1000   998  1000   998   997   998   997  1000  1000  1000  ind
20804A  1940   997  1000  1000   998   998  1000   998  1000  1000  1000  ind
20804A  1950  1000  1000   998  1000  1000  1000  1000   998  1000  1000  ind
20804A  1960  1000  1000  1000  1000  1000  1000   997  1000  1000  1000  ind
20804A  1970  1000  1000  1000  1000  1000  1000  1000  1000  1000  1000  ind
20804A  1980  1000   997   998  1000  1000  1000  1000  1000  1000  1000  ind
20804A  1990  1000  1000  1000  1000  1000  1000  1000  1000  1000  1000  ind
20804A  2000  1000  1000  1000  1000  1000  1000 -9999
42250A  1924   998   998   993   994   998  1000
42250A  1930  1000   998   998  1000   998  1000   998  1000  1000  1000  ind
42250A  1940  1000  1000  1000   996  1000  1000  1000  1000  1000  1000  ind
42250A  1950  1000  1000   997  1000  1000  1000  1000  1000  1000  1000  ind
42250A  1960  1000  1000  1000  1000  1000  1000   998  1000  1000  1000  ind
42250A  1970  1000  1000  1000  1000  1000  1000  1000  1000  1000  1000  ind
42250A  1980  1000   998  1000  1000  1000  1000  1000  1000  1000  1000  ind
42250A  1990  1000  1000  1000  1000  1000  1000  1000  1000  1000  1000  ind
42250A  2000  1000  1000  1000  1000  1000  1000  1000   998  1000   997  ind
42250A  2010   706   842   830   888   924 -9999
72212A  1946  1000  1000  1000   998
72212A  1950  1000  1000   997  1000  1000  1000  1000  1000  1000  1000  ind
72212A  1960  1000  1000  1000  1000  1000  1000   998  1000  1000  1000  ind
72212A  1970  1000  1000  1000  1000  1000  1000  1000  1000  1000  1000  ind
72212A  1980  1000   998  1000  1000  1000  1000  1000  1000  1000  1000  ind
72212A  1990  1000  1000  1000  1000  1000  1000  1000  1000  1000  1000  ind
72212A  2000  1000  1000  1000  1000  1000  1000  1000   998  1000   997  ind
72212A  2010   766   860   916   911 -9999
72345A  1933  1000   998  1000  1000  1000  1000  1000
72345A  1940  1000  1000  1000   996  1000  1000  1000  1000  1000   998  ind
72345A  1950  1000  1000   997  1000  1000  1000  1000  1000  1000  1000  ind
72345A  1960  1000  1000  1000  1000  1000  1000   998  1000  1000  1000  ind
72345A  1970  1000  1000  1000  1000  1000  1000  1000  1000  1000   998  ind
72345A  1980  1000  1000  1000  1000  1000  1000  1000  1000  1000  1000  ind
72345A  1990  1000  1000  1000  1000  1000  1000  1000  1000  1000  1000  ind
72345A  2000  1000  1000  1000  1000  1000  1000   998   998  1000   996  ind
72345A  2010   816   902   930 -9999
82403A  1922   996   985   984   993   982   993   997   996
82403A  1930   998   996   995  1000  1000  1000  1000  1000  1000  1000  ind
82403A  1940  1000   998  1000   995  1000  1000  1000  1000  1000   996  ind
82403A  1950  1000  1000   996   998   998   998  1000  1000  1000   998  ind
82403A  1960  1000  1000  1000   998   998  1000   998  1000  1000  1000  ind
82403A  1970  1000  1000  1000  1000  1000  1000  1000  1000   997   998  ind
82403A  1980  1000  1000  1000  1000  1000  1000   998  1000  1000   998  ind
82403A  1990  1000  1000  1000  1000  1000  1000  1000  1000  1000  1000  ind
82403A  2000  1000  1000  1000  1000  1000  1000   998   996  1000   996  ind
82403A  2010   934   923   944   963 -9999
92360A  1922   994   967   984   992   980   986   996   994
92360A  1930   992   995   995  1000  1000  1000  1000  1000  1000   998  ind
92360A  1940  1000   995  1000   995   998  1000  1000  1000  1000   992  ind
92360A  1950  1000   997   992   998   997   998  1000  1000  1000   998  ind
92360A  1960  1000  1000   997   998   997  1000  1000  1000  1000  1000  ind
92360A  1970  1000  1000  1000  1000  1000   998  1000  1000   997   998  ind
92360A  1980  1000  1000  1000  1000  1000   998   998  1000   997   998  ind
92360A  1990  1000  1000  1000  1000  1000  1000  1000  1000  1000   998  ind
92360A  2000  1000   998  1000  1000   998  1000   998   996  1000   996  ind
92360A  2010   939   942   957   964   927   942 -9999
92442A  1940  1000   994   997   994   998   998  1000  1000  1000   992  ind
92442A  1950   998   995   989   997   996   998  1000  1000  1000   997  ind
92442A  1960   998   997   997   996   996  1000  1000  1000  1000  1000  ind
92442A  1970  1000  1000  1000  1000  1000   998   998  1000   997   998  ind
92442A  1980  1000  1000  1000  1000  1000   998   997  1000   997   998  ind
92442A  1990  1000  1000  1000  1000  1000  1000  1000  1000  1000   998  ind
92442A  2000  1000   996  1000   997   997  1000   997   994  1000   995  ind
92442A  2010   960 -9999
102470A 1931   991   994  1000  1000   996   990  1000  1000   990
102470A 1940  1000   991   997   994   998   997   998   998   998   992  ind
102470A 1950   998   994   988   996   995   997  1000  1000   998   996  ind
102470A 1960   998   996   997   996   996  1000  1000  1000  1000  1000  ind
102470A 1970  1000  1000   997  1000   998   998   998  1000   997   997  ind
102470A 1980   998  1000  1000  1000  1000   998   995   998   997   995  ind
102470A 1990  1000  1000  1000  1000   998  1000  1000  1000   998   997  ind
102470A 2000   998   996  1000   996   995  1000   996   994   998   994  ind
102470A 2010   974   966   990   968 -9999
122554A 1935   991   989  1000   996   989
122554A 1940   998   990   993   994   995   993   997   998   998   991  ind
122554A 1950   998   993   988   995   994   996   998  1000   998   996  ind
122554A 1960   997   995   995   996   994   996  1000   998  1000  1000  ind
122554A 1970  1000  1000   996   998   998   997   997  1000   996   997  ind
122554A 1980   998  1000   998   998  1000   997   994   997   995   995  ind
122554A 1990  1000   998   998  1000   998  1000   998   998   998   997  ind
122554A 2000   996   995  1000   996   995  1000   996   994   998   993  ind
122554A 2010 -9999
190075A 1957   998   998   996
190075A 1960   996   995   993   995   994   996  1000   998  1000  1000  ind
190075A 1970  1000   998   996   997   997   997   996  1000   996   997  ind
190075A 1980   998  1000   998   997  1000   997   993   996   992   994  ind
190075A 1990  1000   998   998  1000   997  1000   997   997   997   997  ind
190075A 2000   994   995   995   995   993   998   995   993   998   992  ind
190075A 2010   976   986   995   969   938   964 -9999
42232A  1943   994   985   993   997   996   997   990
42232A  1950   998   992   986   995   992   996   995   998   995   992  ind
42232A  1960   996   993   992   993   994   995   998   998   998   997  ind
42232A  1970   998   997   996   995   997   997   996   997   996   996  ind
42232A  1980   998  1000   998   996  1000   997   993   996   989   993  ind
42232A  1990   995   997   998   996   997  1000   997   996   996   995  ind
42232A  2000   994   995   995   995   988   997   993   992   997   992  ind
42232A  2010   984 -9999
042565A 1933  1000   997   988   986   998   991   984
042565A 1940   998   990   993   992   985   992   993   994   994   989  ind
042565A 1950   998   992   980   990   992   990   995   998   995   992  ind
042565A 1960   995   991   992   992   993   992   998   997   993   996  ind
042565A 1970   997   996   994   994   994   997   996   997   995   995  ind
042565A 1980   998  1000   997   996   998   997   992   995   988   993  ind
042565A 1990   995   997   997   994   995  1000   996   996   996   995  ind
042565A 2000   992   992   994   993   986   996   992   990   997   989  ind
042565A 2010   988  1000   998   971 -9999
90285A  1926   976   978   996   993
90285A  1930   991   991   988  1000   991   988   985   996   989   983  ind
90285A  1940   997   984   993   991   984   989   991   994   990   986  ind
90285A  1950   993   992   977   988   990   989   994   997   995   991  ind
90285A  1960   994   990   989   991   992   991   996   997   993   992  ind
90285A  1970   997   994   994   992   994   994   995   996   995   994  ind
90285A  1980   997   998   994   995   995   997   991   993   987   992  ind
90285A  1990   995   994   997   993   995   997   995   996   996   994  ind
90285A  2000   991   991   992   993   986   996   992   990   996   987  ind
90285A  2010   997  1000  1000 -9999
092501A 1932   987   989   988   985   983   993   986   981
092501A 1940   994   980   990   991   983   988   989   994   989   983  ind
092501A 1950   993   987   977   985   990   988   994   996   995   990  ind
092501A 1960   994   990   988   991   992   990   994   997   989   992  ind
092501A 1970   996   993   992   992   992   994   994   995   994   994  ind
092501A 1980   996   997   994   995   993   995   990   991   987   992  ind
092501A 1990   994   992   996   991   995   996   993   994   990   993  ind
092501A 2000   991   991   990   992   983   994   989   990   995   986  ind
092501A 2010   997  1000  1000   991   966   969 -9999
111166A 1918   971   952
111166A 1920   934   970   978   965   973   992   975   975   995   993  ind
111166A 1930   989   987   987   987   988   975   971   991   982   979  ind
111166A 1940   991   980   990   988   983   988   987   991   988   983  ind
111166A 1950   993   986   977   985   990   987   993   996   993   990  ind
111166A 1960   992   989   988   990   991   990   993   994   989   991  ind
111166A 1970   995   991   988   990   988   992   994   994   993   994  ind
111166A 1980   995   995   993   995   993   993   990   989   985   991  ind
111166A 1990   993   991   996   989   993   993   990   993   989   993  ind
111166A 2000   988   991   990   990   982   994   989   989   995   985  ind
111166A 2010  1000   997  1000  1000   970 -9999
121017A 1956   992   995   993   990
121017A 1960   988   987   987   987   991   989   990   994   988   989  ind
121017A 1970   995   990   988   990   987   992   992   994   993   994  ind
121017A 1980   995   992   991   995   993   989   988   987   984   986  ind
121017A 1990   990   991   993   986   991   993   989   992   988   993  ind
121017A 2000   988   991   990   989   981   990   988   987   993   983  ind
121017A 2010  1000   996   993  1000   983   990   938  1000 -9999
131192A 1949   982
131192A 1950   993   985   974   984   989   986   990   990   993   989  ind
131192A 1960   986   986   986   987   990   986   990   992   988   987  ind
131192A 1970   995   988   987   989   985   991   991   991   992   992  ind
131192A 1980   992   992   990   994   992   989   988   986   983   986  ind
131192A 1990   990   991   992   986   989   992   989   989   987   992  ind
131192A 2000   987   987 -9999
151051A 1923   963   970   987   956   966   995   971
151051A 1930   971   986   982   986   977   970   971   985   981   978  ind
151051A 1940   989   977   988   985   982   983   987   988   987   982  ind
151051A 1950   986   985   972   982   987   985   989   989   992   989  ind
151051A 1960   986   983   985   981   990   983   989   991   986   987  ind
151051A 1970   994   987   986   989   983   991   991   990   992   990  ind
151051A 1980   988   992   990   993   992   988   985   983   983   986  ind
151051A 1990   990   991   991   986   987   989   988   985   986   990  ind
151051A 2000   986   987   988   984   981   989   986   985   992   981  ind
151051A 2010  1000   995   992  1000   991   995   950 -9999
160962A 1920   907   964   974   961   969   986   945   959   987   969  ind
160962A 1930   968   986   974   969   950   968   965   983   977   973  ind
160962A 1940   984   974   983   984   980   976   979   985   987   979  ind
160962A 1950   980   982   969   981   985   983   989   984   991   989  ind
160962A 1960   986   983   985   980   988   981   987   991   986   987  ind
160962A 1970   993   987   984   987   981   990   986   987   986   989  ind
160962A 1980   988   989   988   989   991   987   982   983   983   985  ind
160962A 1990   983   990   991   985   987   988   986   984   983   989  ind
160962A 2000   985   986   987   984   980   988   985   982 -9999
172220A 1959   989
172220A 1960   985   983   985   976   985   980   983   990   986   983  ind
172220A 1970   992   985   984   985   979   988   985   983   984   984  ind
172220A 1980   986   988   985   988   990   980   982   982   980   984  ind
172220A 1990   980   988   991   984   983   988   986   981   982   987  ind
172220A 2000   983   984   981   982   978   984   984   981   990   979  ind
172220A 2010   994   994   986   975   994   992   978 -9999
200188A 1990   980   985   984   984   983   983   981   979   979   984  ind
200188A 2000   983   980   979   978   977   980   983   980   986   978  ind
200188A 2010   991   983   975   969   966   977   998  1000 -9999
80248   1940   975   973   983   971   976   976   977   984   985   974  ind
80248   1950   977   981   969   979   983   982   988   983   990   986  ind
80248   1960   982   983   979   976   985   979   978   990   985   978  ind
80248   1970   980   983   980   984   977   988   984   978   984   982  ind
80248   1980   984   987   983   987   987   980   979   981   979   983  ind
80248   1990   976   983   983   983   981   979   979   975   977   982  ind
80248   2000   983   975   975   976   976   980   981   976   979   970  ind
80248   2010 -9999
192129  1971   982   980   984   976   987   979   976   981   982
192129  1980   983   987   979   986   984   978   979   980   978   982  ind
192129  1990   974   979   977   982   981   978   979   974   975   981  ind
192129  2000   982   972   973   974   973   979   977   972   977   970  ind
192129  2010 -9999
92389   1928   955   968
92389   1930   953   966   973   961   910   962   957   972   974   973  ind
92389   1940   973   968   976   970   969   969   972   978   982   971  ind
92389   1950   975   979   965   979   981   982   986   981   990   985  ind
92389   1960   976   978   976   975   985   976   973   987   985   976  ind
92389   1970   978   982   978   980   973   986   978   974   979   981  ind
92389   1980   977   983   977   981   984   977   977   979   976   980  ind
92389   1990   974   976   968   980   979   971   976   973   974   980  ind
92389   2000   980   972   973   961   972   978   975   972   974   969  ind
92389   2010 -9999
90369   1954   979   981   984   978   985   977
90369   1960   976   972   974   975   984   974   972   984   978   975  ind
90369   1970   977   980   977   979   973   985   974   973   977   981  ind
90369   1980   977   979   977   981   982   974   975   979   974   980  ind
90369   1990   973   972   968   979   978   970   972   971   974   977  ind
90369   2000   980   970   972   961   971   978   973   971   966   966  ind
90369   2010 -9999
110952  1931   963   968   960   903   958   953   967   972   971
110952  1940   973   968   971   960   958   968   968   970   971   969  ind
110952  1950   974   978   964   976   970   979   978   968   980   974  ind
110952  1960   973   970   974   974   984   971   968   983   978   971  ind
110952  1970   977   974   975   976   971   982   973   973   966   976  ind
110952  1980   970   977   977   978   978   973   974   977   973   980  ind
110952  1990   971   972   966   975   976   970   971   967   973   971  ind
110952  2000   974   968   954   959   969   969   967   971   954   965  ind
110952  2010 -9999
192128  1965   970   964   982   973   969
192128  1970   976   974   975   973   970   979   972   973   965   972  ind
192128  1980   967   964   975   977   971   967   971   966   973   978  ind
192128  1990   971   971   966   973   976   969   971   966   969   970  ind
192128  2000   969   967   953   954   968   948   965   970   950   963  ind
192128  2010 -9999
120924  1938   970   965
120924  1940   965   966   971   959   952   959   961   970   966   963  ind
120924  1950   972   973   963   971   969   973   977   966   976   973  ind
120924  1960   967   967   969   973   983   969   960   976   969   968  ind
120924  1970   975   972   970   971   963   977   971   973   962   969  ind
120924  1980   965   963   973   968   970   966   971   964   970   977  ind
120924  1990   969   971   963   968   976   968   969   966   960   966  ind
120924  2000   967   964   950   952   966   940   963   965   949   960  ind
120924  2010 -9999
12366   1981   963   966   967   965   965   965   962   969   972
12366   1990   965   971   960   960   972   968   968   949   956   963  ind
12366   2000   966   960   949   944   964   938   961   961   949   960  ind
12366   2010 -9999
82317   1922   973   959   964   962   941   955   953   968
82317   1930   920   961   956   936   894   955   949   965   969   964  ind
82317   1940   964   965   965   958   952   955   958   967   965   962  ind
82317   1950   971   968   962   970   967   972   970   960   966   970  ind
82317   1960   966   963   969   970   983   969   959   976   968   963  ind
82317   1970   975   969   969   970   963   976   965   966   960   966  ind
82317   1980   964   957   961   965   962   961   963   962   966   966  ind
82317   1990   964   971   959   951   968   965   967   945   956   956  ind
82317   2000   966   952   948   936   964   937   958   958   938   957  ind
82317   2010 -9999
50281   1955   969   964   960   965   967
50281   1960   965   960   968   970   976   968   953   975   966   963  ind
50281   1970   972   967   969   968   962   968   952   965   956   966  ind
50281   1980   953   951   956   963   946   961   963   962   963   964  ind
50281   1990   963   964   952   941   964   963   963   939   952   956  ind
50281   2000   963   946   947   936   954   937   953   956   938   946  ind
50281   2010 -9999
22603   1962   962   964   966   966   949   964   966   962
22603   1970   966   967   969   967   959   966   949   962   954   964  ind
22603   1980   946   937   953   956   945   959   959   962   959   960  ind
22603   1990   954   961   950   940   958   963   957   933   948   953  ind
22603   2000   962   939   944   932   953   935   953   953   933   944  ind
22603   2010 -9999
100997  1954   965   953   962   955   962   965
100997  1960   964   958   959   959   959   961   946   961   952   962  ind
100997  1970   964   966   965   962   954   962   944   960   954   955  ind
100997  1980   934   936   933   951   943   955   956   962   957   949  ind
100997  1990   949   960   949   939   952   961   952   931   948   949  ind
100997  2000   962   936   942   932   951   924   951   951   932   942  ind
100997  2010 -9999
190497  1950   963   966   961   969   964   944   956   951   962   965  ind
190497  1960   957   956   948   959   959   950   946   959   950   953  ind
190497  1970   962   959   965   959   953   959   943   957   946   955  ind
190497  1980   920   930   926   948   943   953   955   957   946   943  ind
190497  1990   949   954   948   932   950   960   949   929   942   945  ind
190497  2000   959   928   941   925   949   919   948   947   931   925  ind
190497  2010   988 -9999
131047  1950   959   965   955   968   961   938   952   944   956   954  ind
131047  1960   956   954   947   957   958   943   945   958   945   948  ind
131047  1970   949   957   963   955   950   948   941   957   945   954  ind
131047  1980   911   917   915   944   942   948   954   956   946   942  ind
131047  1990   947   947   946   930   940   958   944   918   938   937  ind
131047  2000   957   916   933   918   936   918   938   939   925   913  ind
131047  2010 -9999
91491   1928   952   965
91491   1930   907   960   947   890   847   949   939   951   961   959  ind
91491   1940   957   960   950   952   945   950   955   942   962   961  ind
91491   1950   958   963   953   966   960   935   951   923   952   951  ind
91491   1960   956   948   947   955   956   941   942   955   945   947  ind
91491   1970   941   950   957   954   944   920   940   956   938   950  ind
91491   1980   906   916   910   929   941   944   953   956   941   938  ind
91491   1990   947   941   941   926   934   957   941   913   933   936  ind
91491   2000   957   913   921   911   927   908   933   938   924   904  ind
91491   2010 -9999
60125   1929   955
60125   1930   899   956   946   889   835   937   933   949   956   948  ind
60125   1940   950   950   947   951   945   948   954   940   949   949  ind
60125   1950   957   958   951   964   958   934   944   921   937   944  ind
60125   1960   951   947   943   943   944   936   938   947   942   934  ind
60125   1970   920   950   952   952   942   920   933   955   934   946  ind
60125   1980   901   915   900   915   926   942   951   954   940   934  ind
60125   1990   945   937   940   925   932   955   938   909   930   931  ind
60125   2000   949   912   920   911   925   904   923   931   920   897  ind
60125   2010 -9999
111033  1915   943   940   923   937   933
111033  1920   887   957   925   946   962   936   939   943   947   946  ind
111033  1930   895   946   946   860   797   929   924   942   953   927  ind
111033  1940   884   939   943   950   944   941   953   917   947   945  ind
111033  1950   954   954   947   961   954   926   939   920   925   943  ind
111033  1960   951   943   940   930   942   920   937   947   942   928  ind
111033  1970   918   949   952   943   940   920   924   933   930   946  ind
111033  1980   899   910   895   914   912   941   938   954   902   933  ind
111033  1990   942   934   932   919   922   948   937 -9999
52388   1950   952   951   944   961   949   926   932   915   921   934  ind
52388   1960   950   943   936   916   939   909   926   944   941   904  ind
52388   1970   912   949   948   942   935   919   918   928   927   941  ind
52388   1980   885   909   893   912   903   937   932   949   899   926  ind
52388   1990   934   924   931   912   921   947   936   908   927   930  ind
52388   2000   948   909   884   900   923   884   920   920   915   897  ind
52388   2010 -9999
80746   1953   961   937   921   926   910   916   931
80746   1960   933   938   934   900   936   903   917   933   929   900  ind
80746   1970   910   944   947   924   935   917   914   925   916   940  ind
80746   1980   882   903   886   890   902   934   932   941   897   926  ind
80746   1990   933   922   924   910   911   942   934   897   915   925  ind
80746   2000   943 -9999
82368   1870  1000  1000  1000  1000  1000  1000  1000  1000  1000  1000  ind
82368   1880  1000  1000  1000  1000  1000  1000  1000  1000  1000  1000  ind
82368   1890  1000  1000  1000  1000  1000  1000  1000  1000  1000  1000  ind
82368   1900  1000  1000  1000  1000  1000  1000  1000  1000  1000  1000  ind
82368   1910  1000  1000  1000  1000   896   787   937   810   918   847  ind
82368   1920   832   955   878   942   922   934   881   891   937   935  ind
82368   1930   889   942   919   808   796   918   918   928   946   911  ind
82368   1940   866   936   941   944   944   925   949   915   942   937  ind
82368   1950   950   947   941   955   931   910   925   863   916   916  ind
82368   1960   927   917   931   899   936   902   913   933   928   893  ind
82368   1970   906   930   946   921   935   917   910   917   912   934  ind
82368   1980   870   884   885   885   899   927   931   937   896   913  ind
82368   1990   932   917   909   888   910   941   933   867   915   924  ind
82368   2000   943   905   876   897   904   877   915   920   915   878  ind
82368   2010 -9999
130579  1924   919   927   871   882   929   927
130579  1930   886   938   895   747   774   917   916   923   941   907  ind
130579  1940   810   917   936   939   929   921   949   913   942   936  ind
130579  1950   950   934   939   952   924   906   915   856   915   899  ind
130579  1960   917   884   923   899   920   884   904   924   917   870  ind
130579  1970   904   926   942   915   912   915   895   912   896   921  ind
130579  1980   841   879   884   881   897   919   921   936   892   911  ind
130579  1990   896   914   902   881   908   940   932   859   912   922  ind
130579  2000   936   893   874   895   899   837   904   919   904   868  ind
130579  2010 -9999
92486A  1921   954   809   929   909   886   740   776   929   889
92486A  1930   817   923   894   679   762   912   904   909   931   902  ind
92486A  1940   803   917   920   933   907   919   929   912   940   931  ind
92486A  1950   947   933   934   936   914   905   914   835   907   870  ind
92486A  1960   916   880   894   897   913   875   902   922   915   869  ind
92486A  1970   884   896   936   913   900   913   889   907   895   907  ind
92486A  1980   837   874   868   872   895   907   921   934   882   910  ind
92486A  1990   881   912   902   878   908   921   921   854   901   919  ind
92486A  2000   935   887   867   889   895   832   895   911   889   857  ind
92486A  2010 -9999
121423A 1935   899   899   908   922   891
121423A 1940   796   900   918   923   899   919   886   901   884   897  ind
121423A 1950   946   932   911   930   909   890   901   829   899   861  ind
121423A 1960   912   878   885   877   909   865   886   920   910   845  ind
121423A 1970   878   878   923   911   897   900   856   904   879   903  ind
121423A 1980   828   833   859   864   878   888   917   924   878   905  ind
121423A 1990   877   908   900   875   906   921   919   848   894   915  ind
121423A 2000   913   884   856   863   893   806   891   909   883 -9999  ind
52237A  1937   886   921   890
52237A  1940   760   837   910   917   890   902   885   898   874   897  ind
52237A  1950   945   911   908   928   907   888   829   819   882   857  ind
52237A  1960   904   877   882   846   904   864   877   920   907   840  ind
52237A  1970   871   865   914   905   888   895   851   884   856   900  ind
52237A  1980   818   831   844   854   861   882   909   914   855   903  ind
52237A  1990   875   899   894   865   899   918   908   813   893   908  ind
52237A  2000   898   873   855   861   891   782   881   899   860   839  ind
52237A  2010   985   962   972   969   946 -9999
70469A  1953   920   895   865   765   739   880   854
70469A  1960   904   873   876   820   900   860   864   904   887   835  ind
70469A  1970   870   863   882   903   886   894   836   872   842   895  ind
70469A  1980   777   827   837   843   840   879   898   889   848   903  ind
70469A  1990   871   899   885   841   892   915   878   794   891   908  ind
70469A  2000   876   865   852   842   875   777   876   882 -9999
80641A  1937   885   919   883
80641A  1940   752   834   910   916   886   893   861   855   856   883  ind
80641A  1950   935   901   906   916   886   864   757   630   864   842  ind
80641A  1960   825   869   870   802   898   860   860   904   886   829  ind
80641A  1970   863   860   880   894   878   889   832   846   835   866  ind
80641A  1980   754   805   834   840   774   857   897   887   848   902  ind
80641A  1990   860   887   878   745   890   909   874   786   872   902  ind
80641A  2000   876   864   845   820   845   773   869   877   835   831  ind
80641A  2010   978   945   952   961   915   961   998 -9999
90607A  1919   252
90607A  1920   781   938   596   927   892   857   714   572   920   875  ind
90607A  1930   804   845   879   672   744   876   885   842   916   876  ind
90607A  1940   743   796   907   872   884   887   840   812   853   875  ind
90607A  1950   921   894   896   901   885   857   755   614   860   829  ind
90607A  1960   824   855   859   800   878   849   853   902   886   779  ind
90607A  1970   848   855   853   881   869   859   829   821   833   866  ind
90607A  1980   752   770   820   829   771   834   894   884   826   889  ind
90607A  1990   858   875   862   732   887   907   867   780   860   875  ind
90607A  2000   874   860   814   814   844   735   860   855   768 -9999  ind
110899A 1933   669   729   835   844   842   900   870
110899A 1940   742   760   836   864   881   868   824   806   848   872  ind
110899A 1950   916   884   894   900   878   779   710   607   838   805  ind
110899A 1960   804   845   808   762   838   819   849   885   852   772  ind
110899A 1970   845   816   824   877   868   856   828   793   832   857  ind
110899A 1980   748   734   745   817   729   831   893   880   825   871  ind
110899A 1990   850   873   773   723   863   905   866   710   859   854  ind
110899A 2000   868   819   812   811   806   734   859   852   757   825  ind
110899A 2010   968   941   850   877   840   860   989  1000 -9999
112421A 1950   886   833   873   888   804   732   674   577   838   766  ind
112421A 1960   790   824   767   740   779   813   831   880   827   749  ind
112421A 1970   841   802   791   869   852   854   801   709   819   842  ind
112421A 1980   726   713   704   787   710   810   879   875   805   851  ind
112421A 1990   837   848   758   703   840   904   811   699   847   854  ind
112421A 2000   868   778   808   781   709   733   835   837   743   811  ind
112421A 2010   965 -9999
140820A 1924   835   763   411   468   907   861
140820A 1930   667   766   842   649   560   808   836   815   765   783  ind
140820A 1940   704   701   773   861   877   858   793   773   833   862  ind
140820A 1950   886   832   868   881   789   712   659   563   818   741  ind
140820A 1960   773   787   753   729   769   735   801   872   813   746  ind
140820A 1970   825   779   763   860   830   839   790   687   789   840  ind
140820A 1980   725   703   629   705   708   806   861   854   769   815  ind
140820A 1990   834   835   746   677   828   881   808   551   825   842  ind
140820A 2000   839   776   766   778   693   647   802   823   733   798  ind
140820A 2010   961   889   742   608   766  1000   624 -9999
171403A 1950   862   829   858   845   756   685   562   454   817   722  ind
171403A 1960   753   753   745   729   694   688   783   860   764   705  ind
171403A 1970   822   757   753   845   824   834   739   664   779   812  ind
171403A 1980   654   691   627   684   654   767   848   846   767   806  ind
171403A 1990   765   833   739   637   815   881   786   535   797   799  ind
171403A 2000   815   736   738   638   657   621   766   783   525   730  ind
171403A 2010   854   853   732   586  1000 -9999
052246A 1945   857   788   756   792   842
052246A 1950   851   815   840   690   739   544   534   446   817   683  ind
052246A 1960   738   693   728   671   663   650   779   848   757   621  ind
052246A 1970   727   731   727   840   819   819   727   632   770   688  ind
052246A 1980   626   675   545   587   594   753   840   823   667   800  ind
052246A 1990   760   819   727   488   783   832   778   485   757   797  ind
052246A 2000   797   705   700   531   651   492   728   769   503   690  ind
052246A 2010   852 -9999
82239A  1930   378   659   420   441   507   681   687   799   663   767  ind
82239A  1940   688   608   770   825   876   747   766   746   784   824  ind
82239A  1950   842   810   837   689   659   486   530   377   705   620  ind
82239A  1960   719   675   713   664   592   557   740   843   607   518  ind
82239A  1970   726   677   727   802   799   723   625   621   686   587  ind
82239A  1980   565   660   507   587   358   740   835   799   532   756  ind
82239A  1990   736   814   687   460   773   650   499   433   748   765  ind
82239A  2000   652   645   606   387   487   350   632   761   327   671  ind
82239A  2010   812 -9999
82381A  1942   754   807   803   735   764   730   732   781
82381A  1950   817   727   818   524   556   446   440   367   384   524  ind
82381A  1960   696   614   550   594   450   430   604   762   573   439  ind
82381A  1970   658   657   700   764   688   700   447   556   605   570  ind
82381A  1980   437   655   465   138   114   413   759   726   531   584  ind
82381A  1990   728   766   606   357   747   493   437   391   644   751  ind
82381A  2000   652   607   517   334   410    97   619   429   110   666  ind
82381A  2010   742   463  1000  1000 -9999
110902r 1924   793   655   190  1000   777   856
110902r 1930   229   244  1000    17  1000     6   589   783   620   748  ind
110902r 1940   500   604   734   691   765   682   754   703   726   684  ind
110902r 1950   778   646   805   511    40    18   197   254   337   187  ind
110902r 1960   650   596   498   399   406   262   467   591   346   219  ind
110902r 1970   605   649   694   715   305   542   268   439   205   523  ind
110902r 1980   122   130   390    15  1000  1000     4   512   494   423  ind
110902r 1990   506   434   147   156   647   491   241   297   586   664  ind
110902r 2000   489   331   456  1000  1000  1000   541  1000  1000  1000  ind
110902r 2010   544  1000 -9999
