litu_drop.rwl -- no data title --                         1st itrdb line missing     
litu_drop.rwl -- no data title --                         2nd itrdb line missing     
litu_drop.rwl -- no data title --                         3rd itrdb line missing     
12490   1940   656   607   265  1000   749   626   151   275   125   299  res
12490   1950   445   420   599   106   608   226   538   622  1000   336  res
12490   1960    93   653   101    16    58   628   536   111   294   529  res
12490   1970   205    24  1000   241   419   109   252   106   783   456  res
12490   1980   499   151   318   711   301   251   421   769   300   167  res
12490   1990    77   613   507   584    66   605    64   184   591   587  res
12490   2000   613   572   608   182   149   468   145   359   469   366  res
12490   2010 -9999
22545   1922   575   706   401   515   780   465  1000   606
22545   1930   710   693   158   627   687   114   725   479   637  1000  res
22545   1940   705   763   531    16   766   634   509   466   163   681  res
22545   1950   482   559   626   297   626   507   742   650   749   391  res
22545   1960   404   675   509   193   458   752   578   586   495   531  res
22545   1970   503   386   529   432   529   476   339   500   849   475  res
22545   1980   567   544   459   766   323   440   464   832   353   371  res
22545   1990   752   613   592   710   337   666   216   587   694   684  res
22545   2000   707   620   734   480   392   560   171   398   560   514  res
22545   2010 -9999
22604   1964   524   758   614   796   568   569
22604   1970   527   408   626   524   757   492   437   514   853   535  res
22604   1980   704   663   615   770   602   460   703   841   648   534  res
22604   1990   827   692   695   712   381   741   250   715   738   686  res
22604   2000   729   645   739   555   468   641   572   551   595   593  res
22604   2010 -9999
32189   1936   794   586   824  1000
32189   1940   811   841   617   115   794   682   513   604   504   820  res
32189   1950   648   562   790   640   637   566   764   668   756   548  res
32189   1960   494   720   526   700   582   760   712   805   656   719  res
32189   1970   635   573   646   776   759   498   685   559   861   711  res
32189   1980   743   714   661   779   734   501   740   845   696   616  res
32189   1990   857   815   697   815   630   784   261   719   796   744  res
32189   2000   791   698   760   682   490   727   634   622   611   631  res
32189   2010 -9999
42544   1944   819   723   597   755   729   850
42544   1950   663   569   801   673   847   651   781   708   788   548  res
42544   1960   813   743   634   707   582   793   738   806   665   724  res
42544   1970   732   641   657   799   829   596   742   584   878   726  res
42544   1980   760   737   671   829   752   698   795   856   719   625  res
42544   1990   858   818   709   816   666   855   401   778   824   752  res
42544   2000   793   706   844   721   564   780   694   678   719   670  res
42544   2010 -9999
50406   1939  1000
50406   1940   824   849   636   471   827   767   793   771   737   852  res
50406   1950   784   722   835   690   869   718   840   781   814   605  res
50406   1960   819   760   639   720   630   804   741   813   721   804  res
50406   1970   768   693   716   832   833   728   743   746   881   743  res
50406   1980   773   741   769   843   774   729   812   870   766   766  res
50406   1990   873   820   731   818   690   859   433   790   883   825  res
50406   2000   804   746   858   783   671   831   704   685   780   687  res
50406   2010 -9999
50474   1923   740   674   720   809   687   820   807
50474   1930   840   694   654   800   688   412   808   712   847    87  res
50474   1940   827   867   789   502   834   769   798   799   775   859  res
50474   1950   800   747   857   722   873   809   843   790   824   634  res
50474   1960   852   774   650   784   767   824   756   881   739   811  res
50474   1970   800   811   785   833   856   751   756   748   882   746  res
50474   1980   810   778   802   867   790   739   841   872   773   771  res
50474   1990   875   831   766   854   821   873   497   799   887   826  res
50474   2000   813   775   877   784   722   839   721   690   835   692  res
50474   2010 -9999
50555   1919   144
50555   1920   912    21   797   829   718   726   877   849   853   881  res
50555   1930   862   776   677   898   762   685   857   727   862   105  res
50555   1940   853   878   828   560   881   881   868   816   801   871  res
50555   1950   800   783   897   764   884   826   855   802   830   698  res
50555   1960   875   787   789   785   778   846   779   893   752   836  res
50555   1970   805   821   792   863   867   849   773   784   884   789  res
50555   1980   865   836   820   889   824   775   850   873   798   791  res
50555   1990   875   840   776   883   824   882   550   805   888   837  res
50555   2000   815   821   888   808   728   843   722   693   850   739  res
50555   2010 -9999
60083   1960   877   790   806   835   800   856   789   900   813   879  res
60083   1970   808   828   820   864   870   849   777   801   886   802  res
60083   1980   867   859   826   898   828   790   860   873   826   824  res
60083   1990   882   843   785   895   835   890   649   815   892   843  res
60083   2000   830   850   895   855   762   846   761   758   867   743  res
60083   2010 -9999
60287   1947   855   808   884
60287   1950   819   812   914   801   895   847   862   858   891   832  res
60287   1960   890   864   809   859   807   867   851   906   851   880  res
60287   1970   864   834   839   871   871   870   802   816   892   805  res
60287   1980   875   893   840   901   841   832   862   885   867   843  res
60287   1990   883   855   811   896   838   893   668   817   892   853  res
60287   2000   836   859   902   864   788   847   762   806   873   817  res
60287   2010 -9999
62248   1952   926   834   897   890   872   872   902   855
62248   1960   894   884   823   861   820   878   854   909   874   891  res
62248   1970   883   840   845   884   873   883   828   823   905   819  res
62248   1980   886   894   842   904   851   872   867   886   872   845  res
62248   1990   885   872   876   906   862   898   684   826   896   866  res
62248   2000   843   866   910   873   788   876   765   814   886   843  res
62248   2010 -9999
70433   1914   791   906   887   868   263   692
70433   1920   923   865   950   851   870   790   916   901   884   882  res
70433   1930   874   792   694   902   851   786   864   743   871   395  res
70433   1940   921   906   831   578   903   899   891   871   819   906  res
70433   1950   863   815   929   859   899   891   887   881   903   866  res
70433   1960   896   891   847   864   825   897   874   915   879   892  res
70433   1970   891   847   852   896   888   887   892   826   915   836  res
70433   1980   905   907   858   905   872   884   894   891   876   872  res
70433   1990   890   886   881   913   875   900   726   845   921   883  res
70433   2000   862   882   913   889   790   896   815   819   887   855  res
70433   2010 -9999
80282   1955   900   896   887   903   881
80282   1960   911   895   887   871   848   901   885   917   882   893  res
80282   1970   904   872   873   903   897   899   915   875   920   844  res
80282   1980   907   912   860   922   897   891   903   902   877   892  res
80282   1990   901   902   885   928   900   908   726   857   928   883  res
80282   2000   868   895   918   899   820   911   869   844   889   858  res
80282   2010 -9999
80711   1906  1000  1000  1000  1000
80711   1910  1000  1000  1000  1000   991   958   943   969   872   790  res
80711   1920   931   879   950   939   883   900   926   919   907   888  res
80711   1930   893   877   891   903   886   883   882   745   881   444  res
80711   1940   925   908   840   640   916   915   917   872   845   914  res
80711   1950   883   856   941   879   916   907   905   895   913   887  res
80711   1960   915   906   889   883   891   919   888   918   884   900  res
80711   1970   906   883   875   904   905   910   917   888   922   856  res
80711   1980   921   915   864   929   902   892   911   906   888   900  res
80711   1990   901   916   892   937   907   908   783   860   930   900  res
80711   2000   874   901   922   899   827   918   878   872   901   860  res
80711   2010 -9999
80719   1915   966   961   969   946   972
80719   1920   954   911   984   953   912   905   961   950   939   915  res
80719   1930   941   882   909   910   918   897   902   822   906   612  res
80719   1940   931   930   863   645   917   919   923   893   867   917  res
80719   1950   897   859   942   899   930   911   907   895   916   892  res
80719   1960   918   909   896   884   896   924   910   924   885   919  res
80719   1970   907   887   905   908   909   910   919   919   922   860  res
80719   1980   934   917   880   930   916   898   912   913   888   912  res
80719   1990   902   935   905   939   915   916   789   861   931   902  res
80719   2000   878   907   935   908   842   926   889   901   901   875  res
80719   2010 -9999
82218   1919   997
82218   1920   954   959   984   969   940   914   962   970   946   917  res
82218   1930   942   916   927   925   927   899   914   834   909   632  res
82218   1940   933   934   870   660   918   919   943   916   869   927  res
82218   1950   903   877   943   902   934   918   907   902   920   900  res
82218   1960   920   918   909   892   904   932   917   924   894   922  res
82218   1970   908   896   918   918   910   911   920   925   934   891  res
82218   1980   937   936   892   935   919   898   915   915   920   917  res
82218   1990   904   937   913   939   917   929   798   862   941   917  res
82218   2000   880   911   936   911   872   927   899   903   902   882  res
82218   2010 -9999
90287   1920   968   968   985   970   948   935   967   971   951   935  res
90287   1930   946   926   939   929   932   933   932   881   924   753  res
90287   1940   945   934   889   719   919   929   948   942   886   930  res
90287   1950   912   896   947   921   939   922   917   912   924   919  res
90287   1960   920   920   916   894   929   933   926   926   904   922  res
90287   1970   914   910   924   922   919   926   927   926   939   934  res
90287   1980   940   939   909   939   921   914   927   924   924   925  res
90287   1990   911   941   923   941   923   935   827   871   948   930  res
90287   2000   889   915   940   927   909   928   916   920   920   937  res
90287   2010 -9999
90645   1954   942   932   921   913   926   932
90645   1960   927   924   922   915   930   934   932   933   929   926  res
90645   1970   916   913   927   922   923   935   939   929   946   939  res
90645   1980   940   941   914   940   925   918   940   928   927   927  res
90645   1990   916   942   933   943   930   937   831   886   948   936  res
90645   2000   911   920   940   936   910   928   918   934   920   939  res
90645   2010 -9999
91377   1927   972   954   949
91377   1930   947   942   950   936   940   934   945   896   928   762  res
91377   1940   947   936   915   749   939   935   948   943   891   939  res
91377   1950   923   921   949   926   943   938   939   939   931   936  res
91377   1960   942   924   925   924   945   938   940   935   931   945  res
91377   1970   930   915   933   929   926   938   941   935   947   942  res
91377   1980   945   942   918   943   933   942   941   932   948   948  res
91377   1990   922   947   936   944   930   942   849   922   950   938  res
91377   2000   919   937   943   948   934   933   931   938   922   940  res
91377   2010 -9999
92493   1917   983   975   997
92493   1920   977   994   986   985   976   976   972   972   956   960  res
92493   1930   956   958   956   950   942   940   947   920   933   805  res
92493   1940   949   938   920   777   948   939   953   944   894   942  res
92493   1950   924   925   949   929   944   944   947   948   933   936  res
92493   1960   949   927   928   926   948   940   946   935   939   946  res
92493   1970   933   919   946   929   939   938   941   943   951   943  res
92493   1980   948   948   920   949   946   943   944   937   949   951  res
92493   1990   929   947   940   945   935   950   861   933   952   940  res
92493   2000   924   940   946   951   944   940   937   939   926   945  res
92493   2010 -9999
102412  1929   969
102412  1930   958   960   960   953   961   946   957   930   950   824  res
102412  1940   956   940   933   784   957   943   955   951   924   942  res
102412  1950   937   928   950   935   946   944   953   951   937   940  res
102412  1960   954   929   932   938   951   947   949   945   951   947  res
102412  1970   933   920   954   942   945   939   944   945   952   945  res
102412  1980   948   949   921   952   946   950   944   941   949   951  res
102412  1990   930   948   947   947   936   951   871   933   952   941  res
102412  2000   937   946   951   952   947   941   944   948   935   945  res
102412  2010 -9999
110128  1953   940   958   945   953   952   941   941
110128  1960   955   935   937   945   954   947   950   949   954   950  res
110128  1970   939   950   955   948   946   941   947   951   954   955  res
110128  1980   955   950   950   957   946   952   946   948   955   952  res
110128  1990   931   951   948   952   939   960   886   937   955   943  res
110128  2000   938   946   953   952   950   944   949   952   936   949  res
110128  2010 -9999
110379  1970   951   951   956   950   952   944   948   955   954   958  res
110379  1980   956   957   959   959   956   952   948   948   958   956  res
110379  1990   935   952   955   956   948   964   900   940   959   946  res
110379  2000   952   947   953   957   953   955   949   954   945   958  res
110379  2010 -9999
110791  1925   986   976   978   963   980
110791  1930   962   965   965   963   976   950   963   946   956   918  res
110791  1940   956   954   943   881   961   943   956   966   955   946  res
110791  1950   939   950   951   942   963   950   956   955   946   942  res
110791  1960   960   940   946   949   962   948   951   953   956   952  res
110791  1970   954   954   957   952   956   946   955   956   959   958  res
110791  1980   962   959   960   959   956   953   952   954   959   957  res
110791  1990   940   952   955   958   950   969   919   948   961   956  res
110791  2000   955   947   955   962   953   959   953   954   947   963  res
110791  2010 -9999
110798  1933   973   977   957   971   954   956   926
110798  1940   958   964   961   924   962   943   970   966   960   952  res
110798  1950   941   950   952   945   964   957   958   964   947   944  res
110798  1960   962   952   956   950   963   950   954   954   958   954  res
110798  1970   956   958   962   956   957   949   959   957   959   963  res
110798  1980   962   960   963   959   959   953   954   954   961   959  res
110798  1990   944   959   962   959   955   969   927   960   961   957  res
110798  2000   956   953   955   962   956   960   955   959   953   964  res
110798  2010 -9999
110914  1925   994   977   980   964   985
110914  1930   963   967   967   981   977   958   974   954   961   947  res
110914  1940   964   966   974   937   963   944   977   971   972   952  res
110914  1950   951   967   959   953   968   958   959   966   952   946  res
110914  1960   964   960   957   951   972   953   956   954   962   955  res
110914  1970   960   959   964   961   959   954   960   958   960   964  res
110914  1980   963   960   967   961   960   965   962   954   962   959  res
110914  1990   958   960   962   964   955   970   934   970   962   963  res
110914  2000   961   954   962   964   958   961   963   962   961   966  res
110914  2010 -9999
110950  1938   969   951
110950  1940   965   975   976   947   972   955   989   975   973   963  res
110950  1950   952   969   960   961   969   961   964   968   958   948  res
110950  1960   965   963   967   953   976   962   958   956   965   958  res
110950  1970   963   964   964   962   964   954   961   963   965   966  res
110950  1980   967   962   967   966   960   971   966   956   971   960  res
110950  1990   960   968   962   966   964   970   942   971   967   963  res
110950  2000   970   957   964   965   962   966   966   967   961   967  res
110950  2010 -9999
111014  1926   985   981   975   986
111014  1930   965   970   969   984   980   960   976   972   973   962  res
111014  1940   967   976   980   973   975   971   989   978   984   964  res
111014  1950   956   973   966   963   971   966   965   968   961   951  res
111014  1960   966   965   969   958   977   965   969   958   965   962  res
111014  1970   972   966   965   962   965   955   962   967   966   967  res
111014  1980   969   966   973   967   964   972   967   961   975   963  res
111014  1990   963   979   963   968   968   970   958   979   967   967  res
111014  2000   973   963   964   966   963   969   970   970   964 -9999  res
111030  1923   986   985   998   987   983   980   989
111030  1930   976   982   971   984   982   969   979   977   977   966  res
111030  1940   972   978   982   975   976   973   990   978   987   981  res
111030  1950   968   975   969   964   974   966   970   970   963   956  res
111030  1960   967   970   971   961   978   970   972   963   966   967  res
111030  1970   977   970   965   964   966   957   962   967   977   969  res
111030  1980   970   972   980   968   965   977   969   968   975   966  res
111030  1990   964   981   965   968   969   972   958   979   970   970  res
111030  2000   974   967   973   969   972   970   970   970   971   970  res
111030  2010 -9999
111051  1923   994   990  1000   992   989   981   992
111051  1930   982   982   986   987   983   975   981   984   979   972  res
111051  1940   982   979   983   983   980   979   991   988   987   986  res
111051  1950   970   983   973   977   975   966   979   973   966   961  res
111051  1960   967   972   974   964   980   971   973   968   975   969  res
111051  1970   977   971   967   975   972   961   962   974   980   971  res
111051  1980   977   972   981   973   968   977   970   975   978   967  res
111051  1990   966   983   967   974   975   972   973   981   972   975  res
111051  2000   983   971   977   971   972   971   972   977   974   976  res
111051  2010 -9999
111134  1918   978  1000
111134  1920   991   997   998   996   993  1000   995   996   983   995  res
111134  1930   982   984   987   989   987   979   990   985   983   978  res
111134  1940   984   989   984   984   980   983   991   988   988   988  res
111134  1950   974   988   984   979   975   967   981   974   973   962  res
111134  1960   968   972   975   970   981   973   979   970   977   976  res
111134  1970   984   974   969   976   974   969   963   979   981   977  res
111134  1980   979   973   983   975   971   979   973   975   981   971  res
111134  1990   967   983   971   976   977   975   978   981   976   978  res
111134  2000   985   976   978   973   975   972 -9999
121212  1908  1000  1000
121212  1910  1000  1000  1000  1000   996   998  1000  1000   998  1000  res
121212  1920   998   997  1000   997   995  1000   997   998   997   996  res
121212  1930   988   991   988   990   990   984   991   990   984   980  res
121212  1940   989   996   984   987   981   987   992   993   989   988  res
121212  1950   979   990   985   985   977   974   983   976   975   965  res
121212  1960   974   972   977   971   982   973   980   975   977   976  res
121212  1970   984   974   975   977   975   973   969   983   981   977  res
121212  1980   980   976   983   979   972   980   974   976   981   972  res
121212  1990   968   985   971   976   979   984   979   982   976   981  res
121212  2000   985   976   980   973   976   973   974   978   983   978  res
121212  2010 -9999
121284  1922  1000   998   998  1000  1000  1000   998   997
121284  1930   993   994   992   992   991   991   996   991   985   982  res
121284  1940   991   996   991   995   986   995   993   993   992   988  res
121284  1950   989   990   991   992   979   974   984   976   977   967  res
121284  1960   976   984   979   973   986   976   981   979   980   979  res
121284  1970   985   979   977   978   985   977   972   984   984   981  res
121284  1980   985   978   984   979   973   981   976   979   982   975  res
121284  1990   969   987   973   977   979   985   980   985   982   982  res
121284  2000   990   977   982   974   978   977   977   978   983   986  res
121284  2010 -9999
121442  1952   991   993   979   978   990   977   988   978
121442  1960   978   987   979   974   987   976   987   983   980   979  res
121442  1970   987   986   977   979   986   980   974   987   985   981  res
121442  1980   986   979   985   980   978   981   977   979   983   975  res
121442  1990   975   988   981   980   979   985   981   986   983   987  res
121442  2000   991   979   982   975   986   981   977   979   983   988  res
121442  2010 -9999
131017  1950   989   990   992   993   981   979   990   977   989   981  res
131017  1960   978   987   983   975   988   979   988   983   983   982  res
131017  1970   989   988   981   986   986   981   976   991   985   983  res
131017  1980   986   982   986   980   979   983   978   980   986   977  res
131017  1990   975   989   985   983   980   985   982   989   988   988  res
131017  2000   991   980   983   979   987   982   980   980   985   988  res
131017  2010 -9999
131080  1930   993   998   998   993   994   993   997   991   991   988  res
131080  1940   992  1000   994   996   987   996   994   994   995   989  res
131080  1950   991   991   993   994   982   980   992   978   991   983  res
131080  1960   982   988   984   978   989   985   989   990   988   984  res
131080  1970   990   990   984   986   986   985   978   992   985   983  res
131080  1980   987   982   987   981   981   984   981   980   986   978  res
131080  1990   978   990   986   984   984   987   983   991   989   990  res
131080  2000   992   982   984   981   988   984   982   981   987   989  res
131080  2010 -9999
131304  1930   998   998  1000   993   997   994   997   994   993   993  res
131304  1940   992  1000   995   997   991   998   994   995   996   994  res
131304  1950   991   992   995   995   987   982   994   978   991   984  res
131304  1960   983   992   985   982   990   987   990   992   992   984  res
131304  1970   992   990   984   988   987   990   979   993   985   987  res
131304  1980   988   984   988   984   984   985   985   987   987   979  res
131304  1990   978   991   987   984   986   988   985   992   989   991  res
131304  2000   993   983   984   982   989   986   982   983   991   990  res
131304  2010 -9999
140735  1939   994
140735  1940   992  1000   997   998   994  1000   995   996   997   997  res
140735  1950   992   992   996   995   988   984   995   980   993   984  res
140735  1960   985   994   986   987   992   987   991   992   992   985  res
140735  1970   992   991   988   989   989   991   979   993   988   991  res
140735  1980   988   985   989   987   987   987   986   990   988   981  res
140735  1990   979   994   988   984   986   990   985   993   990   991  res
140735  2000   993   984   984   984   990   986   987   988   992   990  res
140735  2010 -9999
160665  1954   989   984   996   982   993   987
160665  1960   986   996   990   989   992   989   991   992   993   985  res
160665  1970   993   991   990   989   990   991   979   996   989   991  res
160665  1980   988   985   989   987   988   988   987   992   988   984  res
160665  1990   983   995   989   985   987   990   987   993   990   992  res
160665  2000   994   984   985   984   992   991   991   989   993   990  res
160665  2010 -9999
160777  1949   998
160777  1950   993   993   997   996   989   986   997   983   995   988  res
160777  1960   989   996   990   991   993   992   996   993   993   986  res
160777  1970   993   992   991   990   992   992   980   996   990   991  res
160777  1980   989   987   990   988   990   989   989   996   993   984  res
160777  1990   983   995   990   990   988   991   990   993   991   994  res
160777  2000   995   986   987   986   994   993   991   992   993   991  res
160777  2010 -9999
160930  1925   995  1000  1000  1000  1000
160930  1930  1000  1000  1000   996   998   994   997   996  1000   997  res
160930  1940   996  1000  1000  1000   997  1000  1000   997  1000   998  res
160930  1950   997   994   998   997   990   987   997   983   995   989  res
160930  1960   990   997   990   991   993   993   996   996   994   989  res
160930  1970   993   992   993   993   995   995   988   997   991   992  res
160930  1980   989   987   990   991   992   993   992   996   993   987  res
160930  1990   988   995   991   991   989   991   993   993   992   994  res
160930  2000   996   989   987   989   996   993   993   993   996   992  res
160930  2010 -9999
170994  1960   993   997   991   991   995   994   998   997   995   989  res
170994  1970   994   992   994   995   995   996   989   997   993   992  res
170994  1980   989   987   990   991   992   994   993   996   993   988  res
170994  1990   989   996   991   991   989   991   993   994   993   994  res
170994  2000   996   991   989   991   997   994   995   993   996   996  res
170994  2010 -9999
172229  1880  1000  1000  1000  1000  1000  1000  1000  1000  1000  1000  res
172229  1890  1000  1000  1000  1000  1000  1000  1000  1000  1000  1000  res
172229  1900  1000  1000  1000  1000  1000  1000  1000  1000  1000  1000  res
172229  1910  1000  1000  1000  1000   998  1000   991   966  1000  1000  res
172229  1920  1000   994   997   997  1000   994  1000   996  1000  1000  res
172229  1930  1000  1000  1000   997   998   995   998   998  1000  1000  res
172229  1940   998  1000  1000  1000   998  1000  1000   998  1000   998  res
172229  1950   998  1000  1000   997   991   988   997   987   996   990  res
172229  1960   993   997   992   992   996   995   998   997   996   989  res
172229  1970   995   994   994   996   996   996   990   998   993   995  res
172229  1980   992   988   991   991   994   995   996   997   994   995  res
172229  1990   990   997   992   991   991   992   996   994   993   995  res
172229  2000   996   991   990   992   998   995   995   995   998   997  res
172229  2010 -9999
180751  1943  1000   998  1000  1000  1000  1000  1000
180751  1950  1000  1000  1000   997   991   991   997   989   996   991  res
180751  1960   993   997   993   994   998   995  1000   997   996   993  res
180751  1970   995   994   997   997   996   997   990   998   995   996  res
180751  1980   992   989   991   994   994   995   996  1000   995   996  res
180751  1990   993   997   994   993   992   993   997   994   993   995  res
180751  2000   996   991   991   992   998   995   996   995   998   997  res
180751  2010 -9999
180794  1948  1000  1000
180794  1950  1000  1000  1000   998   992   992   997   991   996   993  res
180794  1960   994   998   995   995   998   995  1000   998   997   993  res
180794  1970  1000   995   997   997   996   998   990   998   996   998  res
180794  1980   992   990   991   996   996   995   996  1000   995   997  res
180794  1990   994   997   995   994   994   993   997   994   995   996  res
180794  2000   997   992   993   992   998   996   997   997   998  1000  res
180794  2010 -9999
190018  1953  1000   994   994   998   995   997   993
190018  1960   995  1000   997   996  1000   996  1000   998   997   994  res
190018  1970  1000   996   997   997   996  1000   995   998   996   998  res
190018  1980   993   990   994   996   997   996   997  1000   996   998  res
190018  1990   996   998   996   995   994   993   997   995   996   997  res
190018  2000   997   995   993   995  1000   996   997   998   998  1000  res
190018  2010 -9999
190438  1936  1000  1000  1000  1000
190438  1940   998  1000  1000  1000  1000  1000  1000  1000  1000  1000  res
190438  1950  1000  1000  1000  1000   994   997   998   996  1000   994  res
190438  1960   997  1000   998   997  1000   997  1000   998   998   996  res
190438  1970  1000   997   998   998   997  1000   998   998   997  1000  res
190438  1980   994   990   995   997   997   996   998  1000   997   998  res
190438  1990   996   998   996   997   994   994  1000   996   997   997  res
190438  2000   997   995   994   997  1000   997   998  1000   998  1000  res
190438  2010 -9999
200038  1955   997   998   996  1000   998
200038  1960   997  1000  1000   998  1000   997  1000  1000  1000  1000  res
200038  1970  1000  1000   998   998   997  1000  1000  1000   998  1000  res
200038  1980   995   993   998   997  1000   997  1000  1000   997  1000  res
200038  1990   997  1000   996   997   996   995  1000   997   998   997  res
200038  2000   997   997   995   997  1000   998   998  1000   998  1000  res
200038  2010 -9999
200168  1950  1000  1000  1000  1000   995   998   998   998  1000  1000  res
200168  1960  1000  1000  1000  1000  1000   997  1000  1000  1000  1000  res
200168  1970  1000  1000  1000   998   998  1000  1000  1000   998  1000  res
200168  1980   995   997   998   998  1000   997  1000  1000   997  1000  res
200168  1990   998  1000   997   998   996   996  1000   997  1000   997  res
200168  2000   998   998   995   997  1000  1000  1000  1000  1000  1000  res
200168  2010 -9999
200389  1950  1000  1000  1000  1000   996  1000  1000   998  1000  1000  res
200389  1960  1000  1000  1000  1000  1000   997  1000  1000  1000  1000  res
200389  1970  1000  1000  1000  1000   998  1000  1000  1000   998  1000  res
200389  1980   996   997  1000  1000  1000  1000  1000  1000  1000  1000  res
200389  1990  1000  1000   997  1000   997   996  1000   997  1000  1000  res
200389  2000   998  1000   998   998  1000  1000  1000  1000  1000  1000  res
200389  2010 -9999
200988  1954   996  1000  1000  1000  1000  1000
200988  1960  1000  1000  1000  1000  1000  1000  1000  1000  1000  1000  res
200988  1970  1000  1000  1000  1000   998  1000  1000  1000  1000  1000  res
200988  1980   997  1000  1000  1000  1000  1000  1000  1000  1000  1000  res
200988  1990  1000  1000  1000  1000   998   996  1000   997  1000  1000  res
200988  2000   998  1000   998  1000  1000  1000  1000  1000  1000  1000  res
200988  2010 -9999
202162  1980   997  1000  1000  1000  1000  1000  1000  1000  1000  1000  res
202162  1990  1000  1000  1000  1000   998   997  1000   998  1000  1000  res
202162  2000   998  1000  1000  1000  1000  1000  1000   998  1000  1000  res
202162  2010 -9999
12369A  1953  1000   997  1000  1000  1000  1000  1000
12369A  1960  1000  1000  1000  1000  1000  1000  1000  1000  1000  1000  res
12369A  1970  1000  1000  1000  1000  1000  1000  1000  1000  1000  1000  res
12369A  1980   998  1000  1000  1000  1000  1000  1000  1000  1000  1000  res
12369A  1990  1000  1000  1000  1000   998   998  1000   998  1000  1000  res
12369A  2000  1000  1000  1000  1000  1000  1000  1000   998  1000  1000  res
12369A  2010   563   821   915   740 -9999
20804A  1913  1000   923   997   980   963   993   998
20804A  1920   987   989   996   994   997   992  1000   989  1000   998  res
20804A  1930  1000  1000  1000   998  1000   996  1000  1000  1000  1000  res
20804A  1940   998  1000  1000  1000  1000  1000  1000  1000  1000  1000  res
20804A  1950  1000  1000  1000  1000   998  1000  1000  1000  1000  1000  res
20804A  1960  1000  1000  1000  1000  1000  1000  1000  1000  1000  1000  res
20804A  1970  1000  1000  1000  1000  1000  1000  1000  1000  1000  1000  res
20804A  1980   998  1000  1000  1000  1000  1000  1000  1000  1000  1000  res
20804A  1990  1000  1000  1000  1000  1000  1000  1000   998  1000  1000  res
20804A  2000  1000  1000  1000  1000  1000  1000 -9999
42250A  1924   996   982  1000   989  1000   997
42250A  1930   998  1000   998  1000  1000   996  1000  1000  1000  1000  res
42250A  1940   998  1000  1000  1000  1000  1000  1000  1000  1000  1000  res
42250A  1950  1000  1000  1000  1000  1000  1000  1000  1000  1000   998  res
42250A  1960  1000  1000  1000  1000  1000  1000  1000  1000  1000  1000  res
42250A  1970  1000  1000  1000  1000  1000  1000  1000  1000  1000  1000  res
42250A  1980  1000  1000  1000  1000  1000  1000  1000  1000  1000  1000  res
42250A  1990  1000  1000  1000  1000  1000  1000  1000  1000  1000  1000  res
42250A  2000  1000   998  1000  1000  1000  1000  1000   998  1000  1000  res
42250A  2010   626   825   919   941   817 -9999
72212A  1946  1000  1000  1000  1000
72212A  1950  1000  1000  1000  1000  1000  1000  1000  1000  1000   998  res
72212A  1960  1000  1000  1000  1000  1000  1000  1000  1000  1000  1000  res
72212A  1970  1000  1000  1000  1000  1000  1000  1000  1000  1000  1000  res
72212A  1980  1000  1000  1000  1000  1000  1000  1000  1000  1000  1000  res
72212A  1990  1000  1000  1000  1000  1000  1000  1000  1000  1000  1000  res
72212A  2000  1000   997  1000  1000  1000  1000  1000   997  1000  1000  res
72212A  2010   822   884   946   947 -9999
72345A  1933  1000  1000  1000  1000  1000  1000  1000
72345A  1940  1000   998  1000   997  1000  1000  1000  1000  1000  1000  res
72345A  1950  1000  1000  1000  1000  1000  1000  1000  1000  1000   998  res
72345A  1960  1000  1000  1000  1000  1000  1000  1000  1000  1000  1000  res
72345A  1970  1000  1000  1000  1000  1000  1000   998  1000  1000  1000  res
72345A  1980  1000  1000  1000  1000  1000  1000  1000  1000  1000  1000  res
72345A  1990  1000  1000  1000  1000  1000  1000  1000  1000  1000  1000  res
72345A  2000  1000   996  1000  1000   998  1000  1000   997  1000  1000  res
72345A  2010   876   900   954 -9999
82403A  1922   990   985   995   975   996   988   997   994
82403A  1930   997   997   996   996  1000   997   997  1000  1000  1000  res
82403A  1940  1000   998  1000   997  1000  1000  1000  1000  1000  1000  res
82403A  1950   997  1000  1000  1000  1000  1000  1000  1000  1000   998  res
82403A  1960  1000  1000  1000  1000  1000  1000  1000   998   998  1000  res
82403A  1970  1000  1000  1000  1000  1000  1000   998  1000  1000  1000  res
82403A  1980  1000  1000  1000  1000  1000  1000  1000  1000  1000  1000  res
82403A  1990  1000  1000  1000  1000  1000  1000   998  1000  1000  1000  res
82403A  2000  1000   994  1000  1000   998  1000  1000   997  1000   998  res
82403A  2010   960   906   966   950 -9999
92360A  1922   982   982   993   965   973   984   996   992
92360A  1930   996   993   986   996   997   997   995   996   998  1000  res
92360A  1940  1000   998  1000   997  1000  1000   998  1000  1000   998  res
92360A  1950   997  1000   998   998  1000  1000  1000   998  1000   997  res
92360A  1960   998  1000  1000  1000  1000  1000  1000   998   998  1000  res
92360A  1970  1000  1000  1000  1000  1000  1000   998  1000  1000  1000  res
92360A  1980  1000  1000   998   998   998  1000   998  1000  1000  1000  res
92360A  1990  1000  1000  1000  1000  1000  1000   998  1000  1000  1000  res
92360A  2000  1000   994  1000  1000   997  1000  1000   996  1000   997  res
92360A  2010   966   986   970   963   858   483 -9999
92442A  1940  1000   998  1000   996  1000  1000   998   996  1000   997  res
92442A  1950   996   995   998   996  1000   998  1000   997  1000   997  res
92442A  1960   998  1000  1000  1000  1000  1000  1000   998   998  1000  res
92442A  1970   998  1000  1000  1000   998  1000   997  1000   998  1000  res
92442A  1980  1000  1000   998   998   997   998   997  1000  1000  1000  res
92442A  1990  1000  1000  1000  1000  1000  1000   998  1000  1000  1000  res
92442A  2000  1000   994  1000  1000   996  1000  1000   995   998   995  res
92442A  2010   967 -9999
102470A 1931   989   985   995   997   995   991   993   997   996
102470A 1940   998   998  1000   995  1000  1000   998   994  1000   996  res
102470A 1950   996   995   998   995  1000   996  1000   997  1000   996  res
102470A 1960   998  1000  1000   992  1000   998   998   997   997  1000  res
102470A 1970   997  1000  1000  1000   997  1000   997  1000   998  1000  res
102470A 1980  1000  1000   997   997   997   998   996   997  1000   998  res
102470A 1990  1000  1000  1000  1000  1000  1000   997  1000  1000  1000  res
102470A 2000  1000   994  1000  1000   996  1000  1000   995   997   994  res
102470A 2010   978   993   977   966 -9999
122554A 1935   992   991   991   996   994
122554A 1940   994   993   997   994   998   997   997   989   998   994  res
122554A 1950   995   992   998   994   997   996  1000   994  1000   996  res
122554A 1960   995   998   997   992   998   998   997   997   997  1000  res
122554A 1970   997  1000  1000  1000   997  1000   996   998   998   998  res
122554A 1980  1000  1000   997   996   997   998   996   997   998   997  res
122554A 1990   997  1000  1000  1000  1000  1000   996  1000  1000  1000  res
122554A 2000  1000   990  1000  1000   996  1000   998   994   997   993  res
122554A 2010 -9999
190075A 1957   994   998   995
190075A 1960   995   997   996   991   998   997   997   996   996   998  res
190075A 1970   996  1000   998   998   997   998   994   998   998   998  res
190075A 1980  1000  1000   997   994   996   997   993   996   998   997  res
190075A 1990   996  1000   997  1000  1000  1000   995  1000  1000   998  res
190075A 2000   998   990  1000   998   995   997   997   993   997   991  res
190075A 2010   979   995   978   978   931   936 -9999
42232A  1943   994   997   993   997   989   997   992
42232A  1950   994   992   997   993   994   994   998   994   997   994  res
42232A  1960   994   995   994   991   997   996   997   995   995   998  res
42232A  1970   996  1000   997   997   996   998   994   997   997   997  res
42232A  1980  1000  1000   995   994   994   996   993   996   995   996  res
42232A  1990   995   998   997   998   998  1000   995   998  1000   998  res
42232A  2000   998   990  1000   998   995   994   997   992   997   990  res
42232A  2010   981 -9999
042565A 1933   994   997   988   988   991   995   992
042565A 1940   994   993   996   990   996   992   996   988   995   992  res
042565A 1950   993   991   996   993   993   992   998   994   997   994  res
042565A 1960   994   995   994   991   994   994   994   994   993   992  res
042565A 1970   996   997   996   997   994   997   992   997   997   992  res
042565A 1980  1000   995   995   994   994   996   992   995   995   996  res
042565A 1990   995   996   997   998   998  1000   995   998   998   997  res
042565A 2000   997   989  1000   997   995   992   997   991   996   987  res
042565A 2010   985   996   996   995 -9999
90285A  1926   964   973   996   985
90285A  1930   991   985   980   991   995   983   988   984   993   991  res
90285A  1940   994   989   991   989   993   991   996   988   994   991  res
90285A  1950   992   990   994   992   993   988   997   993   995   991  res
90285A  1960   994   995   994   991   994   991   992   993   992   990  res
90285A  1970   995   997   996   997   993   997   991   997   994   992  res
90285A  1980  1000   995   995   993   993   993   992   994   994   996  res
90285A  1990   995   996   995   998   996  1000   995   998   997   994  res
90285A  2000   997   989  1000   997   993   992   995   990   996   987  res
90285A  2010   997   997  1000 -9999
092501A 1932   976   991   995   981   982   983   991   986
092501A 1940   991   986   989   989   992   988   991   988   993   986  res
092501A 1950   992   990   991   991   992   984   995   992   994   990  res
092501A 1960   994   995   994   990   992   991   990   993   991   990  res
092501A 1970   995   997   994   996   992   996   987   996   992   991  res
092501A 1980  1000   994   994   993   993   992   991   994   993   993  res
092501A 1990   995   996   994   995   995  1000   993   997   996   994  res
092501A 2000   996   987  1000   994   993   989   991   987   996   987  res
092501A 2010   997  1000  1000   998   983   973 -9999
111166A 1918   911   957
111166A 1920   924   985   938   976   990   959   964   963   995   984  res
111166A 1930   986   979   973   990   982   981   974   982   988   986  res
111166A 1940   989   985   988   985   982   988   987   978   990   984  res
111166A 1950   989   990   991   988   992   984   993   992   993   990  res
111166A 1960   993   994   994   990   988   989   989   992   990   989  res
111166A 1970   993   993   994   996   988   995   986   995   991   987  res
111166A 1980  1000   993   994   992   990   991   990   993   993   993  res
111166A 1990   994   995   990   994   994  1000   993   997   996   993  res
111166A 2000   992   986  1000   994   991   989   991   979   995   986  res
111166A 2010  1000  1000  1000  1000   985 -9999
121017A 1956   992   989   993   988
121017A 1960   992   993   991   990   982   989   989   991   990   988  res
121017A 1970   991   991   992   993   984   994   984   995   990   982  res
121017A 1980   998   990   993   989   990   988   990   991   988   989  res
121017A 1990   993   993   989   992   993  1000   991   996   995   993  res
121017A 2000   990   985   998   994   991   988   988   979   994   983  res
121017A 2010  1000   995   998  1000   990   992  1000  1000 -9999
131192A 1949   979
131192A 1950   988   985   989   986   990   984   991   989   990   987  res
131192A 1960   992   992   990   989   982   987   988   988   985   988  res
131192A 1970   991   984   991   992   982   994   980   994   988   978  res
131192A 1980   995   989   993   987   990   988   985   990   984   988  res
131192A 1990   991   993   985   991   992   998   990   995   995   991  res
131192A 2000   988   985 -9999
151051A 1923   955   978   954   962   958   990   981
151051A 1930   982   975   972   987   973   980   974   982   985   985  res
151051A 1940   987   984   985   984   980   985   984   976   988   979  res
151051A 1950   987   983   988   984   989   982   986   984   988   986  res
151051A 1960   991   990   988   988   980   985   987   988   983   985  res
151051A 1970   991   983   991   991   981   993   979   993   988   978  res
151051A 1980   991   988   993   987   989   987   985   989   982   987  res
151051A 1990   990   993   984   991   991   996   990   995   989   990  res
151051A 2000   986   984   994   994   990   982   986   978   992   983  res
151051A 2010   998   993   997   993   995   994   701 -9999
160962A 1920   903   983   921   921   977   946   962   956   977   977  res
160962A 1930   975   967   969   981   971   977   972   980   980   984  res
160962A 1940   973   984   984   981   973   976   980   974   983   978  res
160962A 1950   984   981   988   982   983   980   985   983   988   986  res
160962A 1960   988   988   985   984   979   984   986   988   982   984  res
160962A 1970   990   983   988   989   981   991   979   993   984   978  res
160962A 1980   990   987   988   986   987   986   983   988   978   986  res
160962A 1990   989   991   984   990   986   994   989   991   986   989  res
160962A 2000   981   983   993   993   990   981   986   977 -9999
172220A 1959   986
172220A 1960   985   983   980   982   978   980   986   988   980   982  res
172220A 1970   985   983   987   989   980   989   979   993   983   978  res
172220A 1980   989   987   986   983   985   985   979   987   978   985  res
172220A 1990   986   991   982   988   984   983   988   989   985   987  res
172220A 2000   980   978   989   993   988   978   982   976   990   981  res
172220A 2010   995   982   997   991  1000  1000   997 -9999
200188A 1990   981   990   981   987   984   978   988   988   984   981  res
200188A 2000   979   976   985   988   987   977   982   975   980   980  res
200188A 2010   994   978   992   988  1000   985   997  1000 -9999
80248   1940   971   981   983   979   973   971   977   973   975   977  res
80248   1950   984   981   983   982   981   978   981   981   988   983  res
80248   1960   984   977   978   981   969   978   983   987   980   981  res
80248   1970   981   980   983   983   978   983   978   990   983   976  res
80248   1980   987   985   982   982   984   980   979   987   975   983  res
80248   1990   981   990   981   984   983   976   986   987   983   981  res
80248   2000   978   975   976   981   986   973   981   972   979   979  res
80248   2010 -9999
192129  1971   978   983   980   978   977   978   984   980   976
192129  1980   978   984   974   980   982   975   978   987   973   978  res
192129  1990   980   988   981   982   983   975   986   985   975   978  res
192129  2000   975   974   975   979   983   971   980   972   977   975  res
192129  2010 -9999
92389   1928   976   969
92389   1930   947   967   966   967   969   975   967   972   980   981  res
92389   1940   970   977   982   978   971   962   976   970   970   975  res
92389   1950   980   967   981   982   980   977   976   980   987   983  res
92389   1960   982   974   978   981   969   978   980   984   978   981  res
92389   1970   980   977   980   979   977   975   973   984   978   974  res
92389   1980   975   981   971   977   980   974   977   985   973   977  res
92389   1990   980   983   980   981   982   964   977   980   973   976  res
92389   2000   974   973   975   974   982   971   977   971   975   974  res
92389   2010 -9999
90369   1954   974   977   974   977   987   982
90369   1960   982   974   975   978   969   977   979   982   977   979  res
90369   1970   978   974   978   977   975   973   973   982   978   967  res
90369   1980   969   979   968   977   980   971   976   983   969   975  res
90369   1990   977   978   977   974   980   963   977   978   966   970  res
90369   2000   974   971   974   967   980   971   976   971   974   972  res
90369   2010 -9999
110952  1931   964   966   965   967   972   957   971   977   977
110952  1940   962   976   970   974   966   962   971   964   966   974  res
110952  1950   980   964   981   980   971   973   970   975   986   978  res
110952  1960   981   973   973   976   967   977   979   979   976   978  res
110952  1970   976   974   974   977   974   971   969   979   976   964  res
110952  1980   968   974   967   974   976   971   972   982   968   972  res
110952  1990   976   975   976   971   975   963   972   975   962   970  res
110952  2000   971   970   972   959   972   967   974   970   973   971  res
110952  2010 -9999
192128  1965   977   978   977   975   976
192128  1970   972   971   969   976   973   971   969   973   975   962  res
192128  1980   967   973   966   974   974   967   972   981   968   972  res
192128  1990   976   970   973   971   974   961   971   970   959   969  res
192128  2000   966   969   964   956   971   962   972   969   971   970  res
192128  2010 -9999
120924  1938   976   977
120924  1940   954   956   968   970   949   961   970   963   962   972  res
120924  1950   979   961   978   980   971   972   969   963   986   978  res
120924  1960   979   967   970   973   964   975   974   975   969   972  res
120924  1970   971   969   969   972   970   971   969   968   971   959  res
120924  1980   964   963   962   972   974   965   971   979   965   971  res
120924  1990   972   969   967   970   971   960   965   966   956   958  res
120924  2000   964   968   949   951   971   952   967   965   971   965  res
120924  2010 -9999
12366   1981   961   958   972   969   962   969   977   962   967
12366   1990   965   968   965   970   966   960   964   966   955   952  res
12366   2000   964   963   944   934   970   949   960   960   969   961  res
12366   2010 -9999
82317   1922   915   913   969   937   961   956   972   951
82317   1930   942   963   965   960   956   971   948   967   975   976  res
82317   1940   953   954   953   969   947   960   963   962   955   972  res
82317   1950   979   961   977   969   969   972   969   960   985   973  res
82317   1960   975   965   968   970   964   973   973   975   967   970  res
82317   1970   969   963   969   968   967   969   968   967   968   954  res
82317   1980   960   953   952   967   967   952   969   964   961   966  res
82317   1990   961   963   948   970   965   938   959   963   954   951  res
82317   2000   960   963   935   934   968   948   957   959   966   939  res
82317   2010 -9999
50281   1955   969   965   958   985   970
50281   1960   972   963   964   969   961   964   961   971   965   968  res
50281   1970   966   959   961   966   966   969   968   963   964   947  res
50281   1980   959   951   948   962   967   951   967   964   956   966  res
50281   1990   958   962   946   967   963   936   957   959   953   949  res
50281   2000   950   959   931   930   967   946   955   958   963   934  res
50281   2010 -9999
22603   1962   963   968   956   962   959   971   964   959
22603   1970   962   952   959   959   965   967   966   961   963   946  res
22603   1980   951   941   948   954   967   951   960   963   954   962  res
22603   1990   956   956   945   965   959   935   954   945   951   942  res
22603   2000   949   959   931   923   962   945   952   957   935   933  res
22603   2010 -9999
100997  1954   963   964   963   954   969   965
100997  1960   962   963   958   965   955   957   956   971   958   954  res
100997  1970   961   949   959   958   964   965   964   960   963   937  res
100997  1980   950   940   947   954   954   946   955   963   952   962  res
100997  1990   956   953   931   965   955   933   944   942   950   938  res
100997  2000   942   954   930   918   951   938   939   954   933   926  res
100997  2010 -9999
190497  1950   977   960   966   969   962   963   961   949   961   962  res
190497  1960   962   962   956   953   953   949   954   959   956   954  res
190497  1970   952   949   953   958   952   960   963   953   963   924  res
190497  1980   942   923   945   953   953   945   955   961   951   957  res
190497  1990   955   950   930   962   946   928   933   933   943   937  res
190497  2000   936   946   926   911   950   937   935   954   924   918  res
190497  2010   988 -9999
131047  1950   975   956   964   967   955   961   960   947   957   956  res
131047  1960   958   956   954   942   951   936   954   956   956   952  res
131047  1970   951   937   952   950   948   955   960   952   962   923  res
131047  1980   926   918   937   950   949   944   955   952   951   954  res
131047  1990   936   950   925   961   939   922   929   902   942   937  res
131047  2000   936   945   911   899   926   937   928   951   920   915  res
131047  2010 -9999
91491   1928   943   950
91491   1930   930   963   965   957   934   966   942   959   968   974  res
91491   1940   933   952   940   953   942   959   961   960   950   964  res
91491   1950   970   956   957   965   951   956   960   943   957   949  res
91491   1960   957   953   953   940   947   919   947   954   956   947  res
91491   1970   947   937   951   935   944   950   950   947   962   919  res
91491   1980   906   918   930   950   949   935   954   943   950   949  res
91491   1990   932   945   924   959   937   918   922   888   942   935  res
91491   2000   929   944   908   899   926   934   924   946   896   910  res
91491   2010 -9999
60125   1929   949
60125   1930   902   957   942   957   908   953   941   958   955   973  res
60125   1940   926   950   924   952   940   958   955   959   935   944  res
60125   1950   960   956   955   960   948   946   959   943   956   948  res
60125   1960   953   945   951   939   928   910   945   951   933   932  res
60125   1970   936   919   951   934   933   946   949   942   955   919  res
60125   1980   896   912   923   949   940   935   953   928   940   939  res
60125   1990   927   943   919   953   937   917   882   888   941   932  res
60125   2000   916   943   898   897   921   931   915   939   893   909  res
60125   2010 -9999
111033  1915   948   969   962   777   922
111033  1920   871   951   912   899   952   915   960   926   921   948  res
111033  1930   883   935   926   924   866   942   940   951   940   963  res
111033  1940   924   949   919   937   930   956   955   959   935   942  res
111033  1950   954   952   955   958   947   944   958   930   952   942  res
111033  1960   944   939   946   937   926   908   942   950   928   930  res
111033  1970   927   918   950   927   933   944   944   936   949   918  res
111033  1980   889   910   912   946   937   923   948   927   935   932  res
111033  1990   924   942   908   944   936   913   874 -9999
52388   1950   953   948   954   944   943   940   954   921   950   929  res
52388   1960   943   929   942   936   923   908   926   949   918   922  res
52388   1970   924   906   934   908   926   938   941   925   939   912  res
52388   1980   886   909   903   944   931   915   941   922   933   924  res
52388   1990   922   929   907   932   933   910   863   864   937   931  res
52388   2000   885   940   886   897   918   930   894   938   883   903  res
52388   2010 -9999
80746   1953   943   942   918   951   913   943   924
80746   1960   940   915   912   933   919   907   916   942   916   919  res
80746   1970   922   905   912   906   922   896   924   923   934   909  res
80746   1980   873   904   901   939   926   911   941   913   932   915  res
80746   1990   921   916   890   925   932   910   862   864   930   931  res
80746   2000   866 -9999
82368   1870  1000  1000  1000  1000  1000  1000  1000  1000  1000  1000  res
82368   1880  1000  1000  1000  1000  1000  1000  1000  1000  1000  1000  res
82368   1890  1000  1000  1000  1000  1000  1000  1000  1000  1000  1000  res
82368   1900  1000  1000  1000  1000  1000  1000  1000  1000  1000  1000  res
82368   1910  1000  1000  1000  1000   871   719   877   933   579   898  res
82368   1920   689   948   876   855   923   839   957   924   886   943  res
82368   1930   883   935   909   910   858   932   935   948   940   931  res
82368   1940   918   940   904   931   925   954   953   959   920   931  res
82368   1950   950   948   950   943   927   916   951   911   924   909  res
82368   1960   920   911   903   931   915   886   886   933   911   919  res
82368   1970   905   903   907   905   892   894   916   920   931   869  res
82368   1980   857   883   901   932   915   911   941   910   929   913  res
82368   1990   897   913   890   925   925   909   861   851   929   928  res
82368   2000   860   918   882   897   909   928   892   938   877   893  res
82368   2010 -9999
130579  1924   916   376   936   879   845   884
130579  1930   877   934   896   885   847   931   934   920   939   923  res
130579  1940   912   936   901   931   913   953   952   939   919   930  res
130579  1950   950   938   946   933   923   907   941   908   920   908  res
130579  1960   916   909   888   928   913   876   881   932   906   917  res
130579  1970   887   884   899   890   889   889   897   918   929   869  res
130579  1980   850   882   888   929   915   906   933   905   922   913  res
130579  1990   887   912   871   923   896   893   857   840   929   924  res
130579  2000   856   913   875   878   889   892   890   934   863   886  res
130579  2010 -9999
92486A  1921   916    25   800   899   263   885   754   841   833
92486A  1930   876   794   889   884   834   910   925   918   939   913  res
92486A  1940   882   925   894   912   896   937   940   939   906   929  res
92486A  1950   938   916   946   924   922   904   923   908   917   899  res
92486A  1960   914   903   884   925   910   870   881   930   904   894  res
92486A  1970   874   874   886   887   886   884   867   902   928   869  res
92486A  1980   843   871   873   917   910   902   928   905   909   910  res
92486A  1990   881   911   858   920   889   892   832   831   928   907  res
92486A  2000   850   895   870   865   888   886   890   928   826   886  res
92486A  2010 -9999
121423A 1935   899   912   902   924   901
121423A 1940   857   924   885   911   880   931   935   939   902   922  res
121423A 1950   911   913   941   918   909   898   922   903   917   891  res
121423A 1960   913   886   883   915   907   858   880   926   895   872  res
121423A 1970   856   849   860   874   882   877   865   884   918   860  res
121423A 1980   838   850   854   888   894   900   915   904   908   909  res
121423A 1990   856   909   836   901   873   879   816   817   919   905  res
121423A 2000   846   887   867   855   884   866   874   926   826 -9999  res
52237A  1937   857   910   875
52237A  1940   848   924   880   899   875   915   922   938   846   898  res
52237A  1950   905   912   931   902   874   885   902   889   914   887  res
52237A  1960   901   878   868   903   901   856   872   925   894   863  res
52237A  1970   847   834   859   868   876   866   862   862   916   851  res
52237A  1980   825   850   836   886   888   887   912   901   890   898  res
52237A  1990   846   903   833   894   869   866   814   816   918   893  res
52237A  2000   833   883   858   854   840   866   868   903   804   885  res
52237A  2010   978   962   989   966   987 -9999
70469A  1953   886   874   871   894   805   911   873
70469A  1960   890   876   866   900   899   849   862   922   891   807  res
70469A  1970   839   819   853   867   873   841   862   861   908   842  res
70469A  1980   730   847   801   877   875   881   895   897   882   874  res
70469A  1990   844   899   830   879   852   840   805   813   901   884  res
70469A  2000   831   881   840   840   835   864   855   897 -9999
80641A  1937   857   899   869
80641A  1940   846   915   859   892   861   913   922   878   842   887  res
80641A  1950   904   910   931   876   858   869   890   804   908   864  res
80641A  1960   889   874   858   865   883   845   850   919   858   803  res
80641A  1970   822   802   821   857   855   841   861   860   906   834  res
80641A  1980   683   845   713   870   872   876   869   887   869   858  res
80641A  1990   832   862   819   829   816   836   764   807   896   864  res
80641A  2000   722   847   806   838   832   855   836   865   759   880  res
80641A  2010   966   926   970   963   940   958   996 -9999
90607A  1919   586
90607A  1920   283   799     1   554   802   227   874   380   809   816  res
90607A  1930   856   787   875   871   806   894   910   848   838   855  res
90607A  1940   813   913   806   892   780   835   911   859   835   887  res
90607A  1950   897   890   918   876   850   867   862   802   865   836  res
90607A  1960   879   851   848   862   881   845   837   916   849   796  res
90607A  1970   803   781   806   847   853   820   860   822   900   831  res
90607A  1980   676   808   693   859   837   843   863   881   860   858  res
90607A  1990   785   843   726   794   800   831   732   791   883   847  res
90607A  2000   659   821   800   836   831   845   833   829   743 -9999  res
110899A 1933   868   803   795   910   807   832   840
110899A 1940   754   909   781   854   711   831   910   854   815   867  res
110899A 1950   854   882   916   875   837   768   859   759   836   817  res
110899A 1960   861   838   799   853   868   828   824   888   836   778  res
110899A 1970   790   780   778   822   783   819   832   805   870   727  res
110899A 1980   643   799   655   818   837   843   848   843   855   846  res
110899A 1990   778   830   695   783   785   819   718   768   879   797  res
110899A 2000   648   794   782   834   799   831   810   800   736   856  res
110899A 2010   961   913   942   931   896   881   941  1000 -9999
112421A 1950   838   817   908   853   752   761   823   749   818   814  res
112421A 1960   836   837   772   851   865   826   822   880   771   762  res
112421A 1970   784   775   724   816   776   810   829   774   866   677  res
112421A 1980   639   774   643   812   823   827   846   778   841   816  res
112421A 1990   765   826   672   763   756   812   669   751   876   784  res
112421A 2000   520   785   748   826   788   779   800   779   736   850  res
112421A 2010   959 -9999
140820A 1924   633  1000   610   268   676   788
140820A 1930   534   771   853   864   797   784   907   765   816   653  res
140820A 1940   670   907   744   771   703   823   897   597   813   854  res
140820A 1950   836   814   905   824   676   715   763   741   817   761  res
140820A 1960   819   827   766   778   785   817   805   842   744   745  res
140820A 1970   745   745   713   793   760   792   754   754   846   583  res
140820A 1980   615   745   609   781   817   796   841   750   811   794  res
140820A 1990   738   786   671   758   740   809   663   733   864   769  res
140820A 2000   501   761   642   813   761   748   785   749   701   814  res
140820A 2010   957   781   930   295   838   828  1000 -9999
171403A 1950   772   813   855   779   645   695   696   638   810   750  res
171403A 1960   805   776   751   753   742   793   792   815   739   727  res
171403A 1970   720   724   668   748   742   738   729   734   825   566  res
171403A 1980   548   670   525   749   802   756   832   728   771   778  res
171403A 1990   737   777   652   746   696   747   635   723   838   766  res
171403A 2000   413   711   576   801   642   674   715   747   677   813  res
171403A 2010   952   422   807   254   728 -9999
052246A 1945   803   892   549   794   846
052246A 1950   724   799   836   538   608   662   674   619   783   721  res
052246A 1960   803   733   706   690   712   790   674   799   526   726  res
052246A 1970   686   710   637   737   741   714   717   656   803   544  res
052246A 1980   514   398   488   652   800   746   798   727   720   765  res
052246A 1990   722   768   650   714   691   660   598   705   825   764  res
052246A 2000   391   674   522   770   610   630   654   729   630   777  res
052246A 2010   911 -9999
82239A  1930   486   740   837   816   764   748   828   671   680   524  res
82239A  1940   665   883   739   558   668   794   872   507   741   818  res
82239A  1950   697   798   834   514   503   652   671   553   776   698  res
82239A  1960   727   730   662   665   453   693   384   781   507   649  res
82239A  1970   616   496   612   690   725   585   710   647   788   361  res
82239A  1980   487   366   246   647   738   717   779   714   679   746  res
82239A  1990   647   762   423   690   679   591   556   690   818   719  res
82239A  2000   376   664   520   764   582   616   644   618   547   748  res
82239A  2010   905 -9999
82381A  1942   349   537   657   705   781   431   686   794
82381A  1950   689   786   794   492   479   555   593   347   751   575  res
82381A  1960   697   672   658   663   389   690   377   767   438   615  res
82381A  1970   402   458   579   459   725   572   510   474   752   230  res
82381A  1980   452   312   203   168   730   612   771   543   629   516  res
82381A  1990   350   391   409   672   604   570   224   586   797   491  res
82381A  2000   244   650   490   630   338   318   612   382   452   685  res
82381A  2010   850   117   242   205 -9999
110902r 1924   607  1000   208  1000   304   692
110902r 1930   333   579  1000   318  1000   413   802   539   525   455  res
110902r 1940   331   866   332   454   481   662   749   414   344   772  res
110902r 1950   568    33   748    14   347   323   298   252   631   486  res
110902r 1960   657   572   634   501    58   268   178   517   182   443  res
110902r 1970    92   205   565   381    49   440   417   442   528    50  res
110902r 1980   379   227    50    75   672  1000   765     1    21   514  res
110902r 1990   302   163  1000   566   553  1000     3   519   697   438  res
110902r 2000    47   126   374   263   243   240   598  1000    88   471  res
110902r 2010   822  1000 -9999
