  year  #   1       2       3       4       5       6       7       8       9      10      11      12      13      14      15      16      17      18      19      20      21      22      23      24      25      26      27      28      29      30      31      32      33      34      35      36      37      38      39      40      41      42      43      44      45      46      47      48      49      50      51
  1950  16.260   7.350  -3.129  -3.751  -4.105  -2.424  -1.800   0.310   2.365  -0.002   0.622  -0.907   0.368  -0.557   1.678   0.532   1.546   0.580   1.163  -0.098   0.514   0.707   0.352  -0.339  -0.555  -0.127  -0.496  -0.210  -0.174  -0.448   0.071  -0.028  -0.067  -0.211  -0.096   0.033  -0.257   0.075  -0.079  -0.013  -0.069   0.113   0.042   0.004   0.041   0.012   0.009  -0.053   0.006  -0.019   0.000
  1951  13.436   6.902  -2.391  -2.956  -1.422  -1.488  -0.797   0.731   0.283   0.701  -0.015  -0.750   0.092  -0.758  -1.167  -0.184  -1.934  -1.435  -1.127  -0.224  -0.972  -0.332  -0.827   0.036   0.683   0.371   0.656   0.970  -0.156   0.435  -0.294   0.217   0.064   0.240   0.135  -0.271   0.219  -0.071  -0.216   0.071  -0.043  -0.223   0.012  -0.054  -0.032  -0.049  -0.001   0.030  -0.108   0.000   0.000
  1952  10.783   4.424  -2.060  -2.638   0.062   1.540   1.223   0.185  -1.118  -0.322  -0.536   0.008  -1.075   1.146  -1.387  -0.114  -0.776   0.199  -0.318  -0.542   0.337  -0.618   1.269   0.443  -0.047  -0.268   0.791  -1.422   0.520   0.334   0.453  -0.348   0.115  -0.011  -0.014   0.369   0.026   0.091   0.553  -0.029   0.236   0.149  -0.137  -0.038  -0.028   0.120   0.020   0.046   0.133   0.020   0.000
  1953   8.827   1.993  -3.679  -2.531   1.927   3.613   1.780  -0.178  -2.087  -1.467  -0.978   2.846  -0.889   0.658  -0.149  -0.013   1.152   1.244  -0.210   1.747  -0.024   0.142  -1.021   0.356   0.261  -0.577  -0.123   0.358   0.223  -0.442  -0.320   0.323  -0.032  -0.080  -0.272  -0.374   0.121  -0.081  -0.208  -0.082  -0.023  -0.061   0.015   0.015   0.024  -0.097   0.017  -0.049  -0.013   0.045   0.000
  1954   7.462  -3.288  -2.575  -1.362   2.698   3.215   1.200   0.747  -1.225  -0.221   0.651   1.411   0.510  -0.020   0.017  -2.454   0.303  -1.151   0.524  -1.522   0.280  -0.026   0.535  -0.782  -0.370   0.903  -1.229   0.211  -0.466   0.345  -0.023   0.020  -0.128   0.289   0.282   0.233  -0.197   0.135  -0.117   0.041  -0.109   0.069   0.022   0.063  -0.055   0.006  -0.013   0.064  -0.052  -0.024   0.000
  1955   8.791  -5.388  -1.277   0.613   5.688   2.932   2.073   0.235  -0.302   0.295   1.652  -1.828   2.237  -0.984   1.497   1.965  -0.802  -0.212  -0.709   0.050  -0.547   0.646  -0.095   0.560  -0.424  -0.036   0.340  -0.348  -0.173  -0.302   0.368   0.190   0.175  -0.152  -0.040   0.021  -0.014   0.000  -0.074   0.078  -0.005   0.047   0.057  -0.012   0.125  -0.077  -0.086  -0.020   0.044  -0.024   0.000
  1956   7.445  -5.370   1.683   1.432   4.079  -0.511  -0.421   0.821   2.839   0.325   1.155  -1.069  -0.145  -0.814  -1.450  -0.315  -0.062   1.385   0.779   0.523   1.486  -0.480  -0.086  -0.673   0.905  -0.286  -0.007   0.315   0.079   0.254  -0.310   0.006  -0.044   0.052  -0.420   0.072   0.218  -0.154   0.185  -0.027   0.063  -0.143  -0.050   0.221  -0.065   0.409   0.162  -0.046  -0.081   0.036   0.000
  1957   5.018  -5.190   1.755   1.633   3.257  -1.714  -0.974  -0.140   3.367   0.849  -0.564   0.639  -1.270   0.873  -1.018  -0.150   0.644   0.008  -0.119  -0.872  -0.075  -0.141  -0.198  -0.280  -0.403   0.199   0.502  -0.145   0.430  -0.407  -0.051   0.089   0.209  -0.202   0.324  -0.551  -0.286   0.207  -0.278  -0.174   0.092   0.120  -0.220  -0.508  -0.158  -0.450  -0.028   0.028   0.058   0.011   0.000
  1958   7.375  -4.367   2.300   1.765   1.005  -1.935  -1.289  -1.856   2.315   1.253  -2.221   2.196  -0.451   0.490   0.764  -0.395  -0.175  -0.774   0.039   0.229  -0.729   0.441  -0.211   0.869  -0.447  -0.294   0.202   0.429   0.094   0.228   0.284  -0.338  -0.399   0.093   0.058   0.404   0.234  -0.146   0.274   0.329  -0.126   0.127   0.272   0.501   0.157   0.038  -0.089  -0.057   0.079  -0.071   0.000
  1959   1.945  -3.976   0.706  -0.261   0.086  -1.002  -2.528  -1.998  -0.531  -0.220  -2.258  -0.132  -0.714   0.041   1.340   0.467  -1.127  -1.171  -0.577   0.670   0.272  -0.399  -0.017  -0.145   0.043  -0.593  -1.080  -0.957  -0.512   0.374  -0.397   0.865   0.480  -0.105   0.130  -0.101  -0.275  -0.113   0.025  -0.155   0.014   0.027   0.006  -0.251  -0.109   0.290   0.095  -0.053  -0.030   0.111   0.000
  1960   5.010  -4.387   1.311   0.736  -0.038  -2.583  -1.820  -1.747  -2.657  -0.778  -0.727   0.395   1.030  -0.553   0.754   0.396   1.016  -0.455  -0.795   0.354   0.428  -0.511   1.035   0.189   0.680   0.503   0.258   0.199  -0.016  -0.329  -0.128  -1.381   0.046  -0.083  -0.266   0.062   0.223   0.359  -0.181  -0.211  -0.029  -0.182  -0.235  -0.104  -0.017   0.014  -0.107   0.108  -0.173   0.045   0.000
  1961   3.175  -3.746   2.251  -0.057  -1.161  -2.297  -1.933  -1.472  -3.140  -0.924   0.230  -0.544   1.042  -0.422  -0.200  -0.769  -0.606   0.321   1.256   0.631   0.373  -0.477  -0.186  -0.849   0.288   0.219   0.343  -0.018   0.587   0.331   0.483   0.523  -0.065   0.132  -0.251  -0.183  -0.439  -0.120  -0.115  -0.077   0.275  -0.081   0.334   0.125   0.266  -0.346  -0.007   0.059   0.227  -0.080   0.000
  1962   1.971  -4.328   0.797   0.054  -1.359  -2.377  -0.738  -0.365  -3.142  -0.584   0.281  -1.050   0.619   1.260  -0.463  -0.655   0.082   1.172  -0.319  -1.091  -0.047   0.807  -0.764  -0.350  -1.073  -0.889   0.454   0.425   0.171  -0.158  -0.151   0.586  -0.118  -0.285   0.246   0.269   0.305   0.371   0.382   0.291  -0.367  -0.085  -0.186  -0.110  -0.132   0.105  -0.005  -0.079  -0.141  -0.011   0.000
  1963  -0.294  -4.390  -0.991  -1.358  -0.723  -1.334  -0.262   0.405  -1.441  -0.396   0.906  -1.151  -0.430   0.780  -0.616   0.699   0.338  -0.003   0.166  -0.474  -1.438  -0.099   0.824   0.724  -0.098   0.339  -0.587   0.511  -0.141  -0.183  -0.945  -0.270  -0.169  -0.148  -0.275  -0.208  -0.043  -0.695   0.146   0.110   0.233   0.278  -0.063   0.227  -0.301  -0.152   0.317  -0.092   0.162   0.063   0.000
  1964  -2.426  -4.523  -1.762  -2.963  -0.715  -0.966  -0.333   0.035   0.196  -0.861   0.954  -0.877  -1.265   1.125  -0.870   0.098   0.775   0.907  -0.495  -0.129  -0.025  -0.672  -0.394   0.770   0.629   0.198  -0.372  -0.247  -0.931   0.231   0.382  -0.144  -0.142  -0.436   0.610   0.041   0.150  -0.384  -0.198   0.071   0.126   0.028   0.251  -0.240   0.431   0.113  -0.217   0.002  -0.081  -0.197   0.000
  1965  -4.238  -4.620  -1.267  -3.746  -0.953  -0.709   0.102   0.505   1.174  -0.341   0.829  -0.941  -0.601   0.953  -0.241   0.352   0.529  -0.126   0.072   1.097  -0.412   0.845  -0.403   0.557   0.263   0.804  -0.186  -0.414   0.013   0.443   0.048   0.300  -0.140   0.920  -0.064   0.441   0.201   0.823   0.139  -0.404   0.071  -0.189   0.188   0.125  -0.267  -0.193  -0.109  -0.052  -0.010   0.099   0.000
  1966  -6.355  -4.297  -2.647  -4.196  -1.017   0.387   0.194   0.024   0.772  -0.282   0.408  -0.346  -0.441   0.448  -0.597   0.192   0.186  -0.857  -0.096   0.212   0.034   0.203   0.203  -0.769  -0.574  -0.382   0.668   0.026   0.429  -0.376   0.166  -0.217   0.009   0.052   0.233   0.094  -0.162  -0.415  -0.534   0.126  -0.454  -0.091   0.120   0.168   0.199   0.250  -0.025   0.292   0.072   0.287   0.000
  1967  -4.882  -3.885  -1.690  -3.015  -1.369   0.316   1.112   1.205   0.944   0.485   0.139   0.048  -0.014  -0.540   0.856  -0.223   0.467  -1.112  -0.294   1.254   0.093   0.325   0.078  -0.206  -0.047   0.051  -0.111   0.174   0.506   0.170  -0.055   0.080  -0.226   0.200  -0.117  -0.466  -0.166  -0.126   0.835   0.343   0.066  -0.114  -0.538  -0.240   0.242  -0.033   0.119   0.233  -0.061  -0.174   0.000
  1968  -3.344  -3.307   0.992  -2.104  -2.412  -1.196   0.990   1.615  -0.479   0.660   0.824   1.207   0.335  -1.728   0.776  -1.142  -0.363   0.363   0.124   0.367   0.584   0.107  -0.350   0.106   0.546  -0.022   0.597  -0.306  -0.171   0.000   0.229  -0.150   0.708   0.340   0.201  -0.154   0.356  -0.187  -0.097   0.316  -0.023   0.833  -0.127  -0.066  -0.178  -0.045  -0.135  -0.227   0.005   0.082   0.000
  1969  -3.138  -3.092   0.863  -1.890  -1.706  -1.017   1.159   2.890   0.132   1.819  -0.430   1.769   0.037  -1.049   1.449  -0.818  -1.192   1.588  -0.573  -0.794  -0.093   0.061   0.404   0.437  -0.325  -0.121   0.548  -0.048  -0.383  -0.578  -0.416   0.177  -0.263   0.004  -0.007   0.288  -0.139  -0.070  -0.108  -0.572   0.374  -0.455   0.123  -0.056   0.054   0.088   0.150   0.096   0.044  -0.029   0.000
  1970  -1.341  -0.715   3.070  -0.963  -1.451  -1.777   1.895   1.863  -0.088   1.125   0.781   1.633  -0.180  -0.690  -0.503   1.376  -0.595   0.458   0.051  -0.843  -0.555  -1.110  -0.180   0.246   0.309   0.077  -1.180  -0.582   0.642   0.304   0.215   0.171  -0.048  -0.652  -0.546  -0.258  -0.102   0.359  -0.049   0.213  -0.568  -0.124  -0.027   0.231   0.002  -0.081  -0.167   0.053  -0.044   0.028   0.000
  1971  -1.141  -0.393   3.567  -2.027  -1.017   0.342   3.121   1.069  -0.388   0.126  -0.659   0.349   0.389  -0.020  -0.638   2.030  -0.229  -1.254   0.901  -0.001   0.886  -0.280   0.061  -0.597  -0.228  -1.461  -0.444   1.068   0.027   0.247   0.307  -0.389  -0.394  -0.003   0.449   0.294   0.048   0.036  -0.036  -0.218   0.463   0.083   0.129  -0.196  -0.195  -0.102  -0.064  -0.080  -0.028  -0.018   0.000
  1972   0.470   1.328   6.186   0.017  -0.407  -0.256   2.208   1.175  -0.648  -0.346  -1.159   0.488   0.820   0.794  -1.035   0.693   0.209  -0.632   2.018   0.368  -0.047   0.856  -0.710   0.297  -0.470   1.112   0.572  -0.337  -0.608   0.203  -0.463  -0.304   0.738  -0.120   0.000  -0.141  -0.133   0.029  -0.119   0.001  -0.199  -0.224  -0.114  -0.087   0.058   0.333   0.078  -0.025   0.111  -0.101   0.000
  1973   1.298   1.487   5.824   1.491  -0.594   0.579   3.377   1.469   0.580  -0.619  -2.126  -2.003   0.067   2.301   1.431  -0.933  -0.355   0.324   0.069   0.003  -0.502   0.151   0.467  -0.208   1.102   0.157   0.119  -0.039  -0.006  -0.333   0.333   0.213  -0.643   0.180  -0.472   0.004  -0.245  -0.086  -0.328   0.324  -0.015   0.183   0.006  -0.103  -0.010  -0.013   0.015   0.013  -0.164   0.050   0.000
  1974   1.603   1.742   6.344   1.324  -2.540   1.240   2.008   0.157   1.070  -0.503  -0.298  -1.264   0.999   0.014  -0.698  -1.140   0.781  -0.090  -2.043   0.746   0.560  -0.263   0.741   0.156  -0.374   0.197  -0.467   0.505   0.104  -0.383   0.108   0.313   0.709  -0.360   0.490  -0.305   0.090  -0.047   0.299  -0.434  -0.120  -0.045   0.122   0.379   0.018  -0.068  -0.098  -0.021   0.083   0.008   0.000
  1975   1.015   2.180   7.025   1.154  -2.155   2.200  -0.442  -1.885   0.267  -0.419   0.576  -0.190   0.030  -1.625  -0.923  -0.061   0.835  -0.102  -1.253  -0.376   0.931   0.158  -1.264   0.584  -0.630  -0.020  -0.153  -0.714  -0.328   0.316  -0.277   0.000  -0.686   0.234  -0.395   0.450   0.102  -0.165  -0.309   0.295   0.181   0.074  -0.146  -0.099  -0.017  -0.164   0.156   0.195   0.046   0.037   0.000
  1976   0.029   0.396   6.008   0.687  -1.210   3.621  -1.934  -0.953  -0.173   0.283   1.741   0.793  -0.647  -1.333  -0.422  -0.074   0.959  -0.334   0.417  -0.084  -1.731   0.215   0.974  -0.199   0.134  -0.212   0.546  -0.174   0.298   0.073  -0.019   0.061  -0.253   0.147   0.063  -0.259  -0.234  -0.056   0.270  -0.083  -0.104  -0.126   0.413  -0.338   0.122   0.162   0.016  -0.273  -0.175   0.053   0.000
  1977  -2.673  -1.209   1.039  -0.340  -1.384   3.606  -1.826  -0.188   0.211  -0.005   0.061  -0.705  -1.448   0.038   1.036   0.080   0.841  -0.862   0.770  -0.941  -1.067  -1.053  -0.399  -0.527   0.348  -0.562   0.497   0.260  -0.331  -0.318   0.108   0.421   0.506  -0.205  -0.397   0.086   0.519   0.462  -0.181  -0.169   0.317   0.100  -0.379   0.380   0.062   0.097  -0.040   0.092   0.079  -0.095   0.000
  1978  -0.014   1.234   2.531   0.456  -1.231   3.791  -2.692  -1.082   0.031   0.696   1.666  -0.049  -1.261   1.337   1.260   0.223  -2.001   0.875   0.792   0.616   0.827  -0.694  -0.425   0.308  -0.151   0.367  -0.048   0.656  -0.520  -0.248   0.354  -0.588   0.045   0.006   0.214   0.076  -0.229  -0.105   0.314  -0.057  -0.496  -0.103  -0.116  -0.090  -0.178  -0.227   0.052   0.065   0.018   0.038   0.000
  1979  -2.363   0.627   0.983  -0.015  -1.206   2.490  -2.239  -0.803   0.428   0.195   0.336   0.097   0.045   0.721   0.229   0.165  -1.291   0.947  -0.391  -0.275   0.072   1.941   0.493  -0.158   0.501  -0.040  -0.847   0.015   1.282   0.332  -0.406  -0.406   0.413  -0.015   0.348  -0.057   0.260   0.079  -0.537   0.227   0.330  -0.097  -0.108   0.025   0.034   0.107  -0.054  -0.007   0.042  -0.114   0.000
  1980  -0.790  -0.478  -2.521   5.343  -1.242   1.138  -3.774   4.665   0.090  -2.582  -1.243   1.029  -0.112  -0.501  -0.922   1.462  -0.412  -0.015  -0.161   0.396   0.452   0.313   1.073  -0.387  -0.126   0.666   0.148   0.092  -0.398  -0.146   0.111   0.575  -0.368  -0.033   0.138   0.195   0.361   0.053   0.009   0.173  -0.117   0.116  -0.055  -0.003   0.157  -0.133   0.012  -0.015   0.019   0.022   0.000
  1981   0.696  -1.336  -4.550   6.450  -2.523   0.110  -1.141   2.671   0.035  -1.090   0.682   0.164   0.637   0.853  -0.249  -0.279   0.164  -0.628  -0.713  -0.610  -0.188   0.108  -1.573   0.253   0.015  -0.688  -0.294  -0.229   0.189  -0.218   0.503  -0.744   0.303   0.465  -0.375  -0.334  -0.609  -0.049   0.128  -0.218   0.172   0.019   0.208   0.036  -0.106   0.224   0.031   0.012  -0.020  -0.022   0.000
  1982   1.695  -0.859  -6.061   7.008  -2.800   0.709   2.231   0.142  -0.239   2.377   0.204  -1.114   0.086  -0.055   0.531  -0.942   0.456  -0.204   1.154   1.101  -0.165  -0.939   0.146   0.518  -0.563  -0.098   0.087  -0.391   0.330   0.711  -0.263  -0.034  -0.207  -0.358   0.451   0.047   0.351  -0.045  -0.346   0.089   0.091  -0.323  -0.140  -0.052   0.010  -0.099  -0.001  -0.099  -0.027   0.082   0.000
  1983   0.010  -0.579  -4.583   3.974  -2.066   0.503   2.808  -2.415  -0.647   2.492  -0.860  -0.574  -1.318  -0.869  -0.942   0.724   0.044   0.270  -0.037  -0.267   0.160   0.488   0.088  -0.490   0.720   0.335  -0.173   0.452  -0.013  -0.675  -0.586   0.175   0.375   0.230  -0.334   0.597  -0.163   0.078   0.250  -0.023  -0.263   0.292   0.302  -0.275   0.108   0.002  -0.145   0.132   0.076  -0.066   0.000
  1984  -3.086  -0.354  -3.207   1.266  -1.581  -0.136   1.909  -3.538   0.007   0.732  -0.099   0.651  -0.194  -0.372  -0.963   0.573  -0.476   0.644  -0.329  -0.251   0.124   1.040   0.386  -0.477   0.258   0.127   0.278  -0.050  -1.081   0.128   0.633   0.014  -0.525  -0.109   0.222  -0.822  -0.437   0.369  -0.028   0.044   0.229  -0.026  -0.320   0.414  -0.012   0.068   0.094  -0.093  -0.024   0.057   0.000
  1985  -3.802   0.223  -2.503  -0.305  -0.329  -0.452   1.175  -2.030   0.673  -0.816  -0.584   0.246   0.644  -0.341  -0.018   0.132  -0.178  -0.185   0.092  -0.312  -0.333   0.062  -0.243  -0.434   0.094   0.434  -0.167  -0.408   0.493  -0.201   0.927   0.028  -0.137  -0.013  -0.050   0.099   0.789  -0.443  -0.144  -0.587  -0.460   0.042   0.001  -0.116  -0.171  -0.012   0.500  -0.072  -0.053  -0.151   0.000
  1986  -2.681   2.272  -0.938   0.894  -0.019  -0.522   0.530  -2.273   0.907  -1.841  -0.110   0.401   1.029  -0.140   0.185   0.533  -0.173   0.769   0.628  -0.679  -0.037  -1.090   0.412   0.611  -0.676   0.366  -0.094   0.299   0.291  -0.288  -0.042   0.523  -0.233   1.030  -0.023  -0.342   0.141  -0.407   0.002   0.009   0.084  -0.128  -0.235  -0.107  -0.201   0.290  -0.491   0.024   0.040  -0.023   0.000
  1987  -4.279   2.202  -1.239   0.489   0.248  -0.657   1.034  -1.340   1.137  -1.647   0.595   1.063   1.268   0.535   0.617   0.766   0.544   0.042   0.107  -0.844   0.536  -1.043   0.150   0.683   0.750  -0.186   0.374   0.131   0.235  -0.077  -0.425   0.328   0.639   0.391   0.640   0.361  -0.388   0.315   0.024   0.445   0.025  -0.084   0.122   0.152   0.207  -0.162   0.434  -0.022  -0.111   0.017   0.000
  1988  -4.323   2.109  -1.857   0.876   0.077  -0.179   1.185  -0.834   1.746  -2.331   1.007   0.930   1.201   0.682   1.368  -0.440   0.101  -0.219  -0.486  -0.472  -0.002   0.277  -0.099  -0.863   0.826  -0.306   0.474  -0.040  -0.441   0.833  -0.596  -0.209  -0.277  -0.710  -0.254  -0.107   0.327   0.029   0.318   0.003  -0.137  -0.138   0.242  -0.253  -0.157  -0.053  -0.162   0.024   0.275   0.051   0.000
  1989  -4.272   2.552  -0.903   0.676   0.603  -0.911   0.728  -1.036   0.901  -1.489   1.023   0.679  -0.123   0.519  -0.074  -0.040  -1.003  -0.043   0.080   0.539  -0.303   0.160  -0.160  -0.545  -0.980   0.418   0.353  -0.103   0.164   0.381  -0.511   0.001   0.237  -0.542  -0.434   0.496  -0.341  -0.305   0.032  -0.443   0.286   0.388  -0.123   0.234   0.162  -0.147  -0.179   0.006  -0.363  -0.009   0.000
  1990  -2.823   4.109   0.645   1.748   2.479  -2.494   0.127  -0.206   0.264  -1.918   0.985  -0.017  -0.183  -1.494  -1.019  -1.444  -0.612  -0.094   0.974   1.202  -1.446   0.575   0.502   0.723   0.388  -1.025  -0.522  -0.025  -0.356  -0.604   0.374   0.006   0.128  -0.253   0.286   0.401  -0.159   0.219  -0.080   0.106  -0.016  -0.037  -0.154  -0.106  -0.210  -0.001  -0.003   0.253   0.048  -0.026   0.000
  1991  -5.152   2.318  -0.542  -0.699   1.967  -0.863   1.168  -0.092   0.256  -1.547  -1.038  -1.417  -1.390  -0.867  -0.001  -0.737  -1.050   0.061   0.352  -0.606   0.191  -0.034  -0.082  -0.054  -0.886  -0.402  -0.607  -0.047  -0.221  -0.305  -0.203  -0.724   0.215   0.422  -0.417  -0.428   0.478   0.297   0.130   0.082  -0.004  -0.170   0.103  -0.080   0.569  -0.219   0.050  -0.224   0.026   0.099   0.000
  1992  -3.705   2.619  -0.329  -0.003   2.208  -0.895   0.812   0.639  -0.587  -1.128  -0.393  -0.793  -2.143  -1.302   1.194   0.234   0.341   0.693  -1.264   0.707  -0.361  -0.886  -0.333  -0.664  -0.824   0.872   0.233   0.534   0.466   0.418   0.136  -0.313  -0.193  -0.131   0.247   0.172  -0.466   0.415  -0.204   0.256   0.016   0.136   0.131  -0.012  -0.245   0.321   0.118  -0.112   0.124  -0.100   0.000
  1993  -0.929   5.640   2.350   2.609   3.391  -2.380   0.301   1.143  -2.276   0.349   0.901  -0.369  -2.278  -0.306   1.331   0.433   0.757  -0.842   0.272  -0.885   0.819   0.939  -0.524   0.197   0.827   0.065   0.110  -0.322   0.365   0.001  -0.187   0.194  -0.379   0.163   0.678  -0.159   0.063  -0.399   0.190  -0.404  -0.125  -0.028  -0.150   0.286   0.094  -0.026  -0.105   0.049   0.002   0.046   0.000
  1994  -4.318   3.502  -0.240   0.850   1.808  -1.879  -0.236   0.264  -0.829   1.784   1.562   0.642  -1.152   1.173   0.170   0.022   0.680  -0.603  -0.668   0.172   1.014   0.457   1.365   0.303  -0.609  -0.435   0.246   0.385  -0.455   0.492   0.546   0.434   0.637   0.233  -0.884  -0.139   0.167  -0.180  -0.324   0.259  -0.016  -0.232   0.207  -0.073  -0.170  -0.058   0.051   0.013  -0.041  -0.092   0.000
  1995  -3.606   4.897   0.814   0.000   1.605  -1.418  -1.010  -0.312  -0.429   2.346   1.173   1.005   1.101   1.302  -0.243   0.024  -0.040  -0.613  -0.271   0.576  -0.143  -0.439  -0.717  -0.850  -0.037   0.979  -0.484  -0.297   0.057  -1.241   0.276   0.094  -0.160  -0.287   0.074   0.165   0.424   0.048   0.258   0.355   0.604  -0.078   0.111  -0.097   0.056   0.159   0.018  -0.063   0.031   0.123   0.000
  1996  -3.749   4.478   0.627  -0.099   2.127  -0.669  -1.681   0.780  -0.301   2.461   0.288   0.079   1.967   1.190  -0.533   0.069   0.359   0.658  -0.728   0.704  -0.767  -0.609   0.241  -0.587   0.003  -0.816  -0.190  -0.147  -0.339   0.406  -0.433  -0.187  -0.345   0.690   0.083   0.134  -0.180   0.149  -0.209  -0.370  -0.424   0.350  -0.342  -0.005   0.310   0.012   0.026  -0.083   0.137  -0.070   0.000
  1997  -4.559   2.156  -0.758  -1.148   1.631   1.295  -1.350   0.627  -0.275   1.048  -2.067  -0.803   0.615  -0.580  -0.150   0.294   0.454   0.923   0.289   0.048  -0.376  -0.255  -0.097  -0.938  -0.207  -0.309   0.198  -0.974  -0.369  -0.036  -0.367  -0.419   0.197   0.207   0.344  -0.364   0.153  -0.218   0.193   0.295   0.002  -0.133   0.425   0.310  -0.410  -0.264  -0.092   0.219  -0.180  -0.104   0.000
  1998  -4.869   3.048  -1.039  -0.751   1.765   0.781  -1.714   0.371  -0.156   1.165  -2.162  -0.459   1.075  -0.674   0.072   0.041   1.080   1.340   0.350  -0.783  -0.573   0.407  -0.379   0.584   0.149   0.412  -0.260   0.915   0.076   1.035   0.820   0.062   0.473  -0.291  -0.111   0.178  -0.093  -0.190   0.275  -0.129   0.196   0.050  -0.099  -0.207   0.110  -0.001   0.028   0.124  -0.011   0.226   0.000
  1999  -7.917   0.455  -2.902  -2.821   0.914   1.443  -1.653   0.162   0.298   0.334  -1.333  -0.694   0.514  -0.650  -0.718  -0.624   0.244  -0.951  -0.184  -0.270   0.754   0.099  -0.186   0.342   0.558  -0.084   0.224  -0.150   0.154  -0.520   0.029  -0.004  -0.121  -0.400  -0.286   0.562  -0.616  -0.302  -0.066   0.124  -0.165  -0.427  -0.281   0.099  -0.157  -0.145  -0.205  -0.428   0.047  -0.069   0.000
  2000  -7.246   1.828  -2.029  -1.548   1.111   1.193  -1.865  -0.157  -0.133   0.778  -0.371  -0.717   0.970   0.012  -0.348  -0.627  -0.439  -0.807   0.717  -0.066   1.231  -0.078   0.128   1.514  -0.153   0.066   0.303   0.213   0.368  -0.209  -0.397   0.206  -0.654  -0.527  -0.143  -0.621   0.044   0.565  -0.066  -0.195  -0.068   0.521   0.379  -0.019  -0.035   0.197   0.058   0.112  -0.046  -0.045   0.000
