  year  #   1       2
  1950   1.664   3.966
  1951   1.298   3.806
  1952   1.327   3.133
  1953   1.599   1.916
  1954   2.439   0.352
  1955   2.704   0.357
  1956   2.626   0.208
  1957   2.175  -0.161
  1958   2.411   0.574
  1959   1.617  -0.676
  1960   2.216  -0.113
  1961   1.848  -0.363
  1962   1.760  -0.951
  1963   1.421  -1.705
  1964   1.130  -2.666
  1965   0.669  -3.303
  1966   0.242  -4.157
  1967   0.479  -3.325
  1968   0.459  -2.231
  1969   0.414  -2.015
  1970   0.268  -0.501
  1971   0.132  -0.355
  1972   0.018   0.846
  1973   0.066   1.049
  1974   0.096   1.175
  1975  -0.205   1.325
  1976   0.061   0.506
  1977  -0.006  -0.894
  1978   0.068   0.630
  1979  -0.364  -0.137
  1980  -0.020  -0.022
  1981   0.683  -0.131
  1982   0.626   0.185
  1983   0.247  -0.083
  1984  -0.536  -0.654
  1985  -0.882  -0.533
  1986  -1.282   0.619
  1987  -1.648   0.088
  1988  -1.665   0.096
  1989  -1.870   0.327
  1990  -2.004   1.231
  1991  -2.244   0.004
  1992  -1.714   0.292
  1993  -1.620   2.143
  1994  -2.162   0.588
  1995  -2.457   1.257
  1996  -2.342   1.027
  1997  -1.813   0.048
  1998  -2.244   0.162
  1999  -2.790  -1.902
  2000  -2.895  -1.035
