  year  #   1       2       3       4       5       6       7       8       9      10      11      12      13      14      15      16      17      18      19      20      21      22      23      24      25      26      27      28      29      30      31      32      33      34      35      36      37      38      39      40      41      42      43      44      45      46      47      48      49      50      51
  1950   5.197   0.083  -7.681  -1.591  -2.848  -2.961  -1.248  -0.550   0.079   1.241   2.612   1.269  -2.134   1.651  -1.635   0.829   0.922   1.303  -1.373   0.179  -0.065  -0.189   0.087  -0.927  -1.494  -0.414  -0.274   0.700   0.365  -0.379   0.580  -0.151   0.269   0.124  -0.095   0.029  -0.540   0.083  -0.108  -0.114   0.177   0.242   0.075   0.092  -0.177   0.226  -0.149   0.000   0.106  -0.014   0.000
  1951   5.452  -0.233  -6.809  -1.912   0.489  -1.071  -1.240  -0.761  -0.015   0.129   3.570  -0.306  -1.443  -2.350   0.958  -0.231  -0.541  -1.727   0.493  -0.235   0.766  -0.036  -0.034   0.952   0.838   0.333   0.580   0.255  -0.029   0.926  -0.363   0.628  -0.298   0.014   0.142  -0.184   0.129  -0.185  -0.044  -0.339  -0.354  -0.516  -0.192  -0.332   0.326  -0.097   0.005   0.268  -0.180  -0.135   0.000
  1952   3.649  -0.412  -5.838  -1.932   2.777   1.097   0.160  -1.102  -0.383  -0.061   0.404  -0.840   0.679  -1.467   1.180  -0.844   0.693  -1.795   0.373   0.033  -0.016   0.175   0.569  -0.376  -0.049   0.017   0.932  -1.364  -0.678  -0.290   0.295  -0.890  -0.059  -0.256  -0.447   0.304   0.100   0.221  -0.020   0.647   0.197   0.740   0.375   0.387  -0.202   0.071  -0.075  -0.385   0.062   0.185   0.000
  1953   0.869   1.317  -4.380  -2.965   4.153   2.705   0.212  -2.019  -0.506  -2.685  -1.462   0.712   2.116   0.667  -0.567  -0.497   0.829   1.080  -1.620  -1.116  -0.784   0.280   0.515  -0.080   1.258   0.727   0.155   0.216   0.837  -1.055   0.452  -0.035   0.389  -0.336  -0.092  -0.173   0.348   0.000  -0.259  -0.393  -0.388  -0.469  -0.183   0.060  -0.007   0.054   0.033   0.270   0.128   0.048   0.000
  1954  -0.090   3.414   1.034  -2.443   4.629   2.755   0.703  -1.254  -0.665  -0.840   1.001   0.597   1.452   0.301   0.097  -1.041  -0.732   0.300  -1.670   0.515   1.291   0.687  -0.436  -0.229  -1.011  -1.184  -0.547   0.202  -0.151   0.321  -1.207   0.002  -0.010   0.153   0.495   0.480  -1.054  -0.527   0.164   0.133   0.282   0.266  -0.211   0.001   0.090  -0.189   0.145   0.040  -0.351  -0.024   0.000
  1955   1.543   4.483   3.082  -1.502   6.219   2.547   1.543   0.034  -0.663   0.918   2.142  -0.171  -0.576   1.466   0.394   0.117  -0.392  -0.621   1.591  -0.125  -0.939  -1.877  -0.209  -0.258  -0.763  -0.089  -0.378  -0.397   0.923  -0.229   0.698   0.709  -0.282   0.682   0.125  -0.701  -0.017   0.432   0.445  -0.064  -0.011   0.018   0.083  -0.308   0.045   0.250  -0.038  -0.149   0.180  -0.045   0.000
  1956   2.229   1.864   5.267   0.185   3.748  -0.051  -0.478   1.652  -0.676   1.491   1.914  -0.208  -0.484   0.048   0.651   2.185  -0.062   0.278  -0.898   0.773  -0.749   1.081  -0.250   0.769   0.234   0.440  -0.090   0.328   0.406   0.962   0.599  -0.638   0.294  -0.805  -0.765   0.280   0.423  -0.361  -0.383  -0.010   0.256   0.126   0.004   0.563   0.443   0.258  -0.230   0.244  -0.065   0.049   0.000
  1957   0.533   1.413   5.067   1.743   2.682  -2.035  -0.207   2.190   0.947   0.966   1.499   0.406   0.484  -1.564  -0.535   0.304   1.520  -1.061  -1.311  -0.207   0.062   0.192  -0.322  -1.242   0.238  -0.148   0.483   0.151  -0.161  -0.143   0.072  -0.383   0.445   0.038   0.305   0.346  -0.316   0.347  -0.364  -0.181  -0.741  -0.450   0.458  -0.182  -0.656  -0.422  -0.105  -0.167   0.070  -0.219   0.000
  1958   4.082   1.705   4.264   1.700   0.978  -2.788   1.493   1.863   1.964  -0.863   1.048   1.240  -0.435  -0.631  -0.586  -0.958   0.547   0.434  -0.934  -0.669   0.970   0.316   1.021  -0.155   0.404  -0.085   0.915   0.251  -0.937  -0.594  -0.074   0.098  -0.541   0.164   0.076  -0.447   0.430  -0.122  -0.084  -0.081   0.171   0.502  -0.457  -0.522   0.083   0.532   0.226   0.046   0.037   0.402   0.000
  1959  -1.564   1.159   2.844  -0.446   0.821  -3.713  -0.255  -0.454   0.562  -1.655  -0.962   1.340  -1.875  -2.238  -1.623  -1.146   0.372  -0.294   0.983  -1.286  -0.618  -0.499  -0.113   1.012  -0.172   1.088  -0.093  -0.499   0.706  -0.824   0.077   0.241   0.092   0.556   0.379   0.601  -0.810  -0.564  -0.065   0.290   0.554  -0.151   0.149   0.456   0.123  -0.037  -0.225   0.203  -0.028   0.010   0.000
  1960   2.540   2.531   3.277   1.015   0.274  -2.540  -1.572  -3.181  -0.079  -1.914   0.750  -0.507  -0.518   1.070  -0.387  -1.249   0.254   0.676   0.650  -0.144  -1.090   0.440   2.000   0.216  -0.427  -0.556  -0.496  -0.063  -1.118   0.593  -0.146   0.919  -0.186  -0.007  -0.859  -0.353   0.227   0.344  -0.027  -0.052  -0.461   0.218  -0.215   0.507  -0.136  -0.442  -0.008   0.011  -0.044  -0.184   0.000
  1961   1.214   0.699   2.767   0.442  -0.569  -2.571  -1.747  -4.335  -1.028  -1.657   0.456  -0.468  -0.548  -0.425   0.143   0.452  -0.909   1.577   1.040  -0.254   0.241   0.129  -0.900   0.064   0.248  -0.104   0.031  -0.253   0.417   0.387  -0.009  -1.355  -0.297  -0.612   0.121   0.582  -0.333   0.079   0.580  -0.487  -0.490  -0.063   0.386  -0.263   0.100   0.243   0.455  -0.290   0.156   0.166   0.000
  1962  -0.234   2.027   2.828   0.818  -1.843  -1.194  -1.814  -4.085  -0.817  -0.193  -0.620  -1.539   0.116  -0.012   1.526  -0.222   0.290  -0.219  -1.017  -1.307   0.479   0.005  -1.823  -0.869  -0.275   0.600   0.441   0.133   0.519   0.077  -0.199   0.155  -0.084  -0.187  -0.233  -0.382   0.361   0.526  -0.562   0.454   0.692   0.170  -0.437  -0.442  -0.095  -0.030  -0.442  -0.004  -0.018  -0.181   0.000
  1963  -3.512   2.297   1.010   0.654  -0.681   0.240  -1.974  -2.497   0.129   0.976  -0.674  -0.764   0.365   0.317   1.330   0.379   0.132  -0.987   0.708   0.548   1.347  -0.881   1.429  -0.622  -0.546  -0.392  -0.587   1.190   0.269  -0.281   0.283   0.466  -0.074  -0.042   0.385   0.488   0.599  -0.492  -0.360   0.335  -0.132  -0.428   0.541   0.058  -0.330   0.177  -0.065   0.359  -0.171   0.427   0.000
  1964  -7.347   1.555   0.123  -0.313  -0.229  -1.055  -2.205  -1.732   0.230   2.505  -0.939  -0.657   0.424   1.865   0.784   0.112   1.475  -0.830  -0.488   1.005   0.123   1.089   0.037   1.475   1.007  -0.107   0.058  -0.595  -0.770  -0.422   0.824   0.337  -0.067   0.734   0.249  -0.020  -0.764  -0.238  -0.536  -0.016  -0.053   0.213   0.172  -0.264   0.271   0.264   0.356   0.073   0.200  -0.262   0.000
  1965 -10.400  -0.382   0.015   0.271  -0.240  -1.023  -0.803   0.123   0.148   2.920   0.986  -0.502   0.041   0.386  -0.211   0.817   0.623   0.776   0.262  -0.343   0.542  -1.067   0.718  -0.327   0.968  -0.254   0.802  -0.565   0.387  -0.737  -0.803   0.480   0.483  -1.313   0.199  -0.231  -0.536   0.027   0.810   0.417  -0.377   0.114  -0.496   0.156   0.317  -0.185  -0.225  -0.031  -0.002   0.112   0.000
  1966 -14.143  -0.474  -1.190  -1.181  -0.432  -0.358   0.585  -0.103  -0.713   0.973   0.539   0.112   0.759  -0.713  -0.218   0.902   0.901   0.073   0.434  -0.801  -0.350  -0.108  -0.053  -0.613  -0.829  -0.207   0.187  -0.659  -0.184   0.777  -0.080  -1.182  -0.603   1.049  -0.011  -0.516   0.190   0.251  -0.379  -0.848   0.260  -0.172  -0.342   0.274   0.026  -0.321   0.105   0.221  -0.056   0.287   0.000
  1967 -10.165  -0.052  -0.406  -0.073  -1.339   2.047   0.978   0.836  -0.692   0.280   1.845   1.457   0.095  -0.297  -1.303  -0.920  -0.767   0.933  -0.227  -0.251  -0.067  -1.077   0.965   0.584   0.002   0.159   0.240   0.157   0.415  -0.094  -0.102   0.133  -0.710  -0.633  -0.364   1.016   0.653   0.451  -0.816   0.231   0.359   0.035   0.278  -0.228   0.028   0.055   0.384  -0.268  -0.145  -0.348   0.000
  1968  -5.764  -2.198   0.934   1.695  -3.212   1.551   0.236  -0.471  -0.536  -1.746   2.761   1.087  -0.033   0.916   0.539  -0.645  -1.581   0.081  -0.662   0.762  -0.304   0.507  -0.014   1.003   0.197   0.074   0.411  -1.072   0.509   0.373   0.157  -0.099   1.148   0.862   0.371   0.169   0.561  -0.629   0.227   0.217  -0.328   0.076  -0.311  -0.053  -0.625   0.150  -0.309  -0.085   0.092   0.077   0.000
  1969  -4.947  -1.873   1.078   1.919  -3.043   3.366   0.132   0.640   1.351  -2.019   1.168   0.884  -1.440   0.951   1.135  -1.480  -1.038  -1.107  -1.102  -0.621  -0.492   0.929  -0.464  -1.115  -0.245   0.159   0.329   0.348  -0.127  -0.089   0.364   0.087  -0.562  -0.546   0.413  -1.009  -0.400   0.017   0.056   0.170  -0.103  -0.179   0.663   0.385   0.546  -0.106   0.068   0.057   0.154   0.062   0.000
  1970  -0.454  -3.434   0.503   3.408  -2.076   2.507   0.386   0.018   0.314  -2.357   1.032   1.309   0.278   0.023   0.636   1.339   0.984  -2.469   1.041   0.613   0.256   0.317  -0.240  -0.077   0.212   0.222  -1.294   0.290   0.261  -1.165   0.134   0.100  -0.099  -0.352  -0.847   0.669  -0.650   0.537   0.125  -0.534   0.053   0.248  -0.605  -0.049  -0.123   0.044   0.062   0.053  -0.088   0.045   0.000
  1971  -0.399  -4.759  -0.339   1.356  -0.273   2.594   3.142  -0.386  -1.159  -2.170  -0.085  -0.959   0.342  -1.087  -0.001   2.496   2.250   1.338   0.339  -0.221   0.202   0.043   0.612   1.108  -1.095   0.894   0.128   0.875  -0.246   0.442  -0.368  -0.147  -0.437   0.338   0.422  -0.381  -0.299  -0.149  -0.045   0.685  -0.553   0.316   0.199  -0.247   0.116   0.017  -0.224  -0.016   0.060  -0.101   0.000
  1972   3.544  -6.014   1.023   1.611  -0.714   1.111   0.737   0.707  -1.127  -1.563   0.175  -1.142   0.134  -0.618   0.858   0.136   1.357   1.382   0.056  -0.140   1.592  -0.915   0.156  -0.315   0.479  -1.259   0.319  -0.850   0.122   0.275   0.322   1.075   0.866   0.047  -0.682  -0.240  -0.148  -0.578  -0.199  -0.637   0.765  -0.277   0.461   0.014   0.151  -0.121   0.063  -0.167   0.100  -0.005   0.000
  1973   4.801  -5.039   1.576   1.246  -1.154   1.794   0.906   0.771  -2.203   2.488  -0.838  -1.177  -1.301  -0.040   0.938  -3.119   1.104   0.386  -0.419  -0.717   0.414  -0.940   0.150   0.389   0.030  -0.186  -0.892  -0.009  -0.162  -0.201   0.958  -1.227  -0.337  -0.273   0.589  -0.021   0.110  -0.207   0.241  -0.299  -0.325   0.029  -0.374   0.204  -0.089   0.157  -0.118   0.092  -0.276  -0.204   0.000
  1974   5.503  -5.042   1.469  -0.664  -2.050  -0.412   1.975   0.519  -2.173   1.831   0.519  -2.278   0.541   0.162   0.021  -1.002  -0.355  -0.323  -0.847  -0.200  -1.338   0.542   0.582   0.094   0.584  -0.359   0.097   0.737   0.576   0.137  -0.749   0.135   0.050   0.875  -0.307   0.799  -0.362   0.845   0.199   0.532   0.181  -0.470  -0.103   0.009   0.194  -0.077   0.229   0.128   0.338   0.270   0.000
  1975   4.768  -5.965   1.475  -1.658  -1.919  -2.882   2.106  -0.674  -2.199   0.740  -0.059  -0.623   1.573   0.383  -2.069   1.045  -1.220  -1.036  -0.530   0.444  -1.308  -0.260  -0.916   0.098  -0.009  -0.004  -0.124  -0.864   0.204  -0.732  -0.056   0.651  -0.432  -0.446   0.044  -0.799   0.018  -0.496  -0.543  -0.022  -0.319   0.254   0.264  -0.069  -0.147  -0.066   0.185   0.014  -0.452   0.148   0.000
  1976   3.331  -5.207   2.664  -3.504  -1.023  -0.699   0.992  -0.816  -0.519   0.098  -0.301   1.409   2.293   0.873  -1.204   0.760  -1.414  -0.948   1.225   0.121   1.019   0.131   0.963  -1.093  -0.348   0.118   0.858  -0.066  -0.878   0.157   0.152  -0.429  -0.243  -0.291   0.374   0.253   0.055  -0.198   0.384  -0.160   0.348  -0.245  -0.105   0.073   0.032   0.221  -0.280   0.364   0.349  -0.404   0.000
  1977  -1.381  -1.441   2.238  -4.743  -0.937  -0.127   0.080  -0.229  -0.634   1.132  -1.597   2.106   0.021  -0.713  -1.394  -1.409   0.725  -0.802   0.693   0.793   1.989   1.109  -0.389   0.789  -0.863   0.335   0.040   0.831   0.772   0.307   0.230   0.223   1.124   0.051  -0.279  -0.644   0.483   0.708   0.151  -0.057  -0.288   0.156   0.068   0.095   0.280  -0.068   0.102  -0.346  -0.041   0.091   0.000
  1978   3.749  -1.663   1.094  -4.837  -0.992  -0.305   1.033   0.362   1.943   0.866  -0.944   3.252  -0.565   0.187   3.181   0.703   0.592   1.567   0.103   0.741  -0.222   0.339  -0.578   0.963   0.415  -0.484   0.251  -0.280   0.223  -0.065   0.212   0.346  -1.225  -0.259  -0.064  -0.049  -0.041   0.157   0.259   0.277   0.184  -0.368  -0.062   0.076  -0.575  -0.331   0.009  -0.007   0.003   0.074   0.000
  1979   0.426  -1.409   0.686  -4.263  -1.281  -2.011   1.174   0.730   1.605  -0.026  -1.043   0.905  -0.743   0.842   2.945   0.326  -0.213  -0.257  -0.558  -0.425  -0.963  -1.131   0.926  -0.905   0.182   1.187  -1.234  -0.241  -0.308   0.128  -1.365  -0.425   0.950   0.257  -0.030   0.232   0.219  -0.217  -0.184  -0.334  -0.144   0.418   0.259  -0.293   0.372  -0.028   0.007  -0.104  -0.051  -0.076   0.000
  1980   2.283   5.094   0.931  -3.197  -3.400   1.133  -5.579   4.014  -1.534  -2.567  -1.403  -0.115   0.932  -0.823  -0.181   0.826  -0.133  -0.680  -0.343  -0.701  -0.906  -0.965   0.654   0.771  -0.140  -1.245  -0.067  -0.190   0.078   0.736   0.473  -0.235   0.255  -0.388   0.506  -0.251  -0.366   0.440   0.004   0.183   0.070   0.219  -0.086  -0.251  -0.046   0.056   0.035   0.135  -0.006   0.042   0.000
  1981   3.898   8.934   0.444  -0.799  -3.842   1.190  -1.677   1.797  -1.537   0.101   1.019  -0.841   1.213  -0.060  -0.122   0.774   0.799   0.300  -0.337  -0.124   0.846  -0.034  -1.012  -0.055   0.050   0.811  -0.312  -0.210  -0.601  -1.157  -1.011   0.316  -0.569   0.671  -0.058   0.067   0.743  -0.314   0.554  -0.082  -0.105  -0.328   0.061   0.624   0.100   0.175   0.113  -0.302   0.042  -0.115   0.000
  1982   4.410   9.772  -0.532   1.134  -3.223   2.635   2.306   0.846   0.080   1.742  -0.473  -0.631  -0.036  -0.586  -0.151  -0.818  -1.045   1.049   1.453   0.476   0.268   0.884   0.263  -0.034  -0.158   0.110   0.443  -0.332   0.605  -0.696  -0.034  -0.485   0.123  -0.052  -0.636  -0.048  -0.241  -0.276  -0.265  -0.265  -0.174   0.525   0.272  -0.423   0.007  -0.499  -0.161   0.536   0.118  -0.005   0.000
  1983   2.427   7.653  -1.120   1.403  -2.262   1.364   4.232  -1.408   0.274   1.216  -1.559   0.003  -0.682  -1.012  -0.550   0.754   0.013  -0.568   0.233   0.035  -0.620   0.865   1.099  -0.695   0.611   0.156  -0.503  -0.195   0.315   1.227   0.029   0.407   0.165  -0.546   0.843  -0.272  -0.417  -0.191  -0.412  -0.145   0.287  -0.379  -0.396   0.179  -0.219   0.293   0.096  -0.545   0.045  -0.006   0.000
  1984  -1.740   4.560  -1.737   2.014  -0.560  -1.871   4.148  -1.524  -0.056  -0.276  -0.804   0.316   0.419  -0.373   0.182   1.072  -0.872  -0.598  -1.308  -0.155  -0.342  -1.362  -0.766   0.852   0.434  -0.481   0.313   1.133  -1.096  -0.080   1.332   0.126   0.501   0.124   0.343   0.404   0.457   0.209   0.887  -0.146   0.274   0.330   0.101   0.078   0.192  -0.465   0.050   0.011  -0.044  -0.008   0.000
  1985  -2.339   2.492  -2.121   2.431   1.119  -2.030   2.508   0.395  -0.084  -0.817  -0.730   0.429  -0.788   0.539  -0.280   0.265  -0.519  -0.139   0.008   0.099   0.858  -0.191  -0.155   0.740   0.484  -0.739  -0.722  -0.491  -0.440  -0.146  -0.948  -1.059   0.534  -0.041  -0.747  -0.999  -0.110   0.713   0.184   0.564   0.166  -0.680   0.343   0.019  -0.265   0.448   0.051   0.370  -0.174  -0.152   0.000
  1986   0.839   1.167  -2.433   2.313   1.186  -3.916   0.819   1.718  -0.253  -1.930  -1.340   0.128   0.135   1.589   0.584  -0.468   0.412  -0.883   0.890   1.195  -0.319  -0.121  -0.281   0.061  -0.727  -1.546   0.401   0.267   0.838  -0.484  -0.232  -0.765  -0.332  -0.063   0.084   0.164   0.504  -0.698  -0.583   0.265  -0.233  -0.386  -0.428  -0.077   0.545  -0.245  -0.126  -0.370   0.167  -0.074   0.000
  1987  -1.411   0.404  -2.684   2.227   0.821  -3.135   0.660   2.302  -0.158  -1.166   0.114  -1.147   1.287   1.378   0.660  -1.337   1.823   0.448   1.026   0.994  -0.728   1.075  -0.531  -0.374  -0.553   0.894   0.322  -0.320   0.518   0.726  -0.293   0.762   0.146  -0.583   1.012   0.366   0.387   0.502   0.570  -0.281   0.358   0.247   0.253  -0.008  -0.180   0.124   0.188   0.364  -0.173  -0.045   0.000
  1988  -1.518   0.791  -2.563   1.184   0.994  -1.187  -0.206   2.191  -1.446   0.678  -0.004   0.916   1.950   1.447  -0.029  -1.411  -0.923   0.619   0.784  -0.891   0.477  -0.492  -1.071   0.576  -0.116   1.265  -0.829   0.288  -1.510   0.847   0.313   0.431  -0.073  -0.460  -0.499   0.202  -0.681  -0.132  -0.456   0.023  -0.156  -0.306  -0.006  -0.185  -0.098  -0.038  -0.379  -0.234   0.191   0.317   0.000
  1989  -0.963  -1.062  -2.056   2.257   0.438  -1.312  -0.684   1.522  -0.156   0.646  -1.535   1.405   1.034  -0.429   0.800   0.461  -0.855   0.390   0.667  -1.747   0.293   0.360  -0.314  -1.719   0.676  -0.143   0.225   0.421   0.913   0.864   0.731   0.410  -0.125   0.885  -0.817   0.083  -0.184  -0.503   0.329   0.561  -0.489   0.419  -0.133   0.195  -0.044   0.208   0.386   0.059  -0.209  -0.200   0.000
  1990   2.164  -2.708  -1.425   3.626   2.625  -1.162  -2.911   1.213  -1.314   0.342  -0.950  -0.270  -0.155   0.183   0.735   1.245  -2.505   0.791  -0.447   0.369   0.969   1.157   1.777   0.194   0.095   1.004  -0.133  -0.130   0.375  -0.871   0.315  -0.187  -0.282   0.524   0.594  -0.333  -0.103   0.625   0.131  -0.259   0.397  -0.087   0.082  -0.073   0.067  -0.326  -0.191  -0.367  -0.224  -0.008   0.000
  1991  -2.469  -2.502  -1.533   2.275   2.917   0.887  -1.042   0.429  -2.257   1.080  -2.835   0.567  -2.537  -1.745   0.347   0.513  -1.131  -0.351  -1.138   0.213  -0.103  -0.079  -0.545   0.143  -1.520  -0.115  -0.043  -0.375  -0.373  -0.184  -0.839   0.894  -0.034  -0.459  -0.028   0.149   0.400  -0.121  -0.033  -0.288  -0.254   0.224  -0.177   0.078  -0.283   0.090   0.283   0.247   0.509  -0.029   0.000
  1992   0.316  -1.558  -0.376   1.304   1.137   3.103  -2.212  -0.627  -1.793   0.973  -1.145   1.933  -1.518   1.130  -1.299  -0.074   0.785  -0.249   1.276  -0.245  -1.622   0.424  -0.500  -0.097   1.643  -0.818   0.871   1.205  -0.545   0.091  -1.232  -0.128  -0.051   0.313   0.078  -0.002   0.205  -0.227   0.167  -0.365   0.304   0.261   0.359  -0.143  -0.135   0.076  -0.388  -0.151  -0.184   0.044   0.000
  1993   7.132  -1.539   0.111   3.031   0.470   2.612  -2.662  -1.066   0.912   0.345   0.070   1.650  -0.248   0.109  -1.578   0.037   0.642   0.581   0.308   2.115  -0.047  -1.442  -0.519  -0.936   0.578   1.143  -0.292  -0.551  -0.503   0.542   0.139  -0.514   0.360   0.196   0.362  -0.199   0.230   0.005  -0.210   0.713   0.204  -0.152  -0.287  -0.044   0.211  -0.428   0.485   0.190   0.036   0.075   0.000
  1994   0.786  -0.864  -0.458   2.996  -0.994   1.187  -1.683  -1.121   3.823   1.498  -1.531   0.120   2.262  -1.482  -0.310  -0.834   0.050  -0.016  -1.266   1.147  -1.520  -0.673   0.331   0.478  -1.521   0.157   0.652  -0.214   0.210   0.319  -0.151   0.052  -0.229   0.124  -0.855  -0.012  -0.229  -0.113   0.677  -0.346  -0.047  -0.432   0.091  -0.210   0.219   0.348  -0.268  -0.137  -0.180  -0.024   0.000
  1995   2.066  -3.355  -1.489   1.391   0.356   0.387  -0.455  -0.453   3.860   1.005   0.558   0.052   1.657  -1.317  -0.963   0.177  -0.535   0.813   0.481  -0.933   0.228   0.552  -0.825   0.307   0.675  -1.500  -1.852  -0.508   0.212   0.006  -0.233   0.319  -0.165   0.140   0.817   0.167   0.635   0.539  -0.367   0.029  -0.153   0.419   0.170   0.170   0.280   0.080  -0.346   0.064   0.213  -0.005   0.000
  1996   2.085  -2.905  -0.237  -0.030   0.808   1.282  -1.247   0.503   3.653   1.147   0.793  -2.097   0.522   1.122   0.000   0.431  -0.527  -0.321   1.184  -2.134  -0.409   0.358  -0.180   1.256  -0.954   0.207   0.278   0.979  -0.087  -0.478  -0.284  -0.532   0.745  -0.380   0.062  -0.412   0.094  -0.588  -0.015   0.016   0.436  -0.085  -0.169   0.075  -0.452  -0.209   0.562  -0.144   0.047  -0.066   0.000
  1997   0.630  -0.401   0.230  -2.113   0.085   2.618   0.739   0.677   1.472  -0.474  -1.465  -1.378  -2.595   1.536  -1.079   1.129  -0.081   0.301   0.353  -1.107   0.129   1.106  -0.520  -0.551  -0.814  -0.253   0.530  -1.216  -0.994  -0.116   0.652   0.433   0.309   0.128  -0.062   1.077   0.282   0.359   0.004   0.199  -0.351  -0.543  -0.145  -0.279   0.295   0.026  -0.080   0.005  -0.374   0.089   0.000
  1998   0.389  -0.377   0.015  -1.133   0.321   0.410   0.441   0.932   2.870  -1.374  -1.722  -2.577  -1.258   2.184  -1.588   0.053  -0.589  -0.744  -0.956   0.751   1.713  -1.445  -0.232   0.459   1.029   0.569   0.628   0.149   0.846   1.016  -0.423  -0.084  -0.798   0.252  -0.207   0.191  -0.255   0.186  -0.157  -0.359  -0.205   0.435   0.015   0.379  -0.304  -0.040  -0.127  -0.006   0.081   0.026   0.000
  1999  -7.664  -1.223  -0.687  -3.393   0.852  -0.682  -0.546   1.033   0.327  -0.743  -0.036  -2.208  -1.003  -1.169  -1.692  -0.407   0.314  -0.181  -0.437   0.916  -0.313   1.070   0.156  -0.813   0.696   0.140  -1.684   0.236  -0.057   0.114   0.541  -0.138  -0.526  -0.199  -0.564  -0.240   0.413  -0.808   0.927   0.294   0.378  -0.066   0.027  -0.553  -0.180  -0.217  -0.094  -0.103   0.144  -0.033   0.000
  2000  -4.356  -1.322   0.046  -2.958   0.237  -0.032   0.020   0.831   0.835  -1.230   0.083  -2.201  -0.207  -2.173   0.930  -0.523  -1.471   1.727   1.235   2.262  -0.841  -0.376  -0.817  -0.877   0.361  -0.135   0.527   1.166  -0.867  -0.839   0.266   0.154   0.477   0.227   0.156  -0.200  -0.400   0.330  -0.600  -0.075  -0.119   0.013  -0.291   0.291  -0.092   0.345  -0.031  -0.045  -0.096  -0.077   0.000
