  year  #   1       2       3       4       5       6       7       8       9      10      11      12      13      14      15      16      17      18      19      20      21      22      23      24      25      26      27      28      29      30      31      32      33      34      35      36      37      38      39      40      41      42      43      44      45      46      47      48      49      50      51
  1950  11.844   6.140  -3.877  -4.734  -3.538   1.545  -3.081   0.962  -1.817   1.223  -1.119  -1.133   0.513   0.803   0.551  -0.092  -0.566   0.114   0.527  -0.452   0.895  -0.536   1.292   0.969  -0.187   0.792  -0.159  -0.293  -0.112  -0.208   0.100  -0.257  -0.015   0.041  -0.001   0.232   0.105   0.178   0.230  -0.025  -0.050  -0.080  -0.030   0.030   0.100   0.027   0.023   0.064   0.012  -0.114   0.000
  1951  10.496   6.238  -3.210  -3.744  -1.718   1.187  -1.359   1.352  -0.382   0.032  -0.638  -0.581  -0.855  -0.178  -1.233  -0.009   0.605   0.585  -0.429   1.081  -0.844   0.348  -0.897  -1.029   0.446  -0.474  -0.408   0.586  -0.086  -0.028  -0.598   0.573  -0.222  -0.298  -0.010  -0.084   0.127  -0.205  -0.206   0.295   0.243  -0.071  -0.147  -0.202  -0.236  -0.017  -0.132  -0.227  -0.089   0.030   0.000
  1952   9.343   4.765  -2.953  -3.791  -0.917   0.422   1.232  -0.181   0.372  -0.780   0.640   0.103  -0.558  -1.253  -0.386   0.013   0.148  -0.253  -0.139   0.385  -0.405   1.194  -0.187  -0.095   0.075  -1.167   0.305  -0.403   0.042   0.312   0.564  -0.278   0.122   0.509   0.205  -0.256  -0.273   0.068  -0.104  -0.487  -0.391   0.229   0.355   0.124   0.287   0.083   0.284   0.181   0.017   0.105   0.000
  1953   8.106   2.190  -4.115  -3.608  -0.376  -1.067   2.781  -0.743   1.237  -2.002   1.108   1.947   1.298  -0.053   0.709  -0.213  -0.404  -1.262  -0.263  -1.234   0.172  -0.407  -1.067  -0.094  -0.427   0.586   0.088  -0.403   0.373   0.245   0.091  -0.389   0.112  -0.247  -0.131  -0.414   0.300  -0.005  -0.051   0.385   0.326  -0.056  -0.185   0.103  -0.084  -0.083  -0.172   0.074  -0.059  -0.007   0.000
  1954   7.793  -2.002  -3.107  -1.125   1.094  -2.013   3.019  -0.697   0.635  -0.367   0.646   1.356  -0.684   1.131  -0.019  -0.390   0.808  -1.076   0.041   0.873  -0.031  -0.393   1.047   0.509  -0.198   0.066   0.421   0.902  -0.211  -0.131  -0.083   0.522   0.311  -0.258   0.003   0.689  -0.559  -0.082   0.510  -0.180  -0.099  -0.113   0.016   0.049  -0.114  -0.020   0.033  -0.238   0.107   0.111   0.000
  1955   8.648  -2.224  -2.172   0.540   2.803  -1.907   3.776  -1.229   0.106   0.712   0.439  -0.429  -1.245   0.813   0.471   0.854   0.004   1.819   0.502  -0.755  -0.061   0.342   0.691  -0.478   0.455  -0.101  -0.041  -0.100   0.654  -0.546  -0.557  -0.476  -0.855   0.187   0.052   0.300   0.294   0.096  -0.224   0.059  -0.098   0.192  -0.092  -0.108  -0.001   0.026  -0.034   0.094   0.033  -0.155   0.000
  1956   8.110  -2.587   0.422   1.450   3.750  -1.305   0.911  -0.517  -1.803   1.283  -0.347  -0.528  -0.653  -0.414  -1.257   0.991  -0.237  -0.157   1.306  -0.212   0.194  -0.727  -0.741   0.596   0.000  -0.058  -0.161   0.118  -1.319   0.197   0.049  -0.370   0.468   0.069  -0.279  -0.500   0.182  -0.215   0.135   0.168  -0.099  -0.171   0.430  -0.056  -0.159   0.235  -0.108   0.027  -0.110   0.007   0.000
  1957   6.168  -2.765   0.726   1.752   3.677  -0.342   0.196  -0.555  -1.268   2.476  -0.392  -0.248   0.458  -1.112  -0.616  -0.565  -0.539  -0.817   0.198   0.531  -0.416   0.135   0.606  -0.322  -0.588  -0.145  -0.284  -0.171   0.140   0.246   0.192  -0.052   0.122  -0.472   0.440   0.001   0.199   0.171  -0.158  -0.033   0.618   0.021  -0.452   0.072   0.434  -0.208   0.332  -0.081  -0.123   0.032   0.000
  1958   8.128  -1.623   1.145   1.762   2.483   0.239  -0.813  -1.127  -0.185   2.533  -1.544   0.251   1.325  -0.027   0.095  -1.380   0.336  -0.631  -0.852   0.164   0.087   0.281  -0.419  -0.101  -0.354   0.158  -0.381  -0.283   0.354   0.088   0.328   0.693  -0.326   0.086  -0.115  -0.203  -0.162  -0.078  -0.060   0.007  -0.521   0.362  -0.047  -0.075  -0.120   0.040  -0.399   0.134   0.348  -0.044   0.000
  1959   3.589  -3.199   0.257   0.126   1.701  -1.016  -1.779  -1.001   0.591  -0.159  -1.071  -0.830   2.026  -0.242  -0.028  -1.482   0.126   0.933  -0.773  -0.222  -0.399  -0.322  -0.704   0.300   1.083  -0.089   0.282   0.132   0.786   0.360  -0.445  -0.800   0.289  -0.048  -0.040   0.587  -0.296  -0.386   0.179  -0.164  -0.118  -0.431   0.094   0.073   0.077   0.079  -0.004   0.020  -0.236   0.089   0.000
  1960   6.320  -2.799   0.669   0.903   2.686  -0.213  -2.865  -0.060   1.425  -1.046  -0.636   0.587  -0.095   1.319   0.560  -0.350  -0.898   0.294  -0.329  -0.711  -0.771   0.599   0.042  -0.182   0.333   0.478   0.384  -0.187  -0.435  -0.650   0.381   0.824   0.304   0.893   0.001  -0.065   0.492   0.209  -0.019  -0.114   0.147   0.108   0.090   0.206  -0.286  -0.110   0.245  -0.096  -0.189   0.075   0.000
  1961   4.720  -3.042   1.848   0.082   1.664  -0.339  -3.692   0.089   1.625  -2.243   0.022   0.447  -0.600   0.708  -0.242   0.062   0.786   0.908  -0.222  -0.066   0.485  -0.437  -0.127   0.101  -0.273  -0.546  -0.088   0.351  -0.746   0.559   0.133  -0.441  -0.258  -0.215   0.204   0.198  -0.502   0.464  -0.155   0.596   0.264   0.179   0.060   0.158   0.170  -0.112   0.063   0.160   0.285  -0.060   0.000
  1962   3.470  -4.019   0.718   1.035   0.978   0.065  -2.816   1.035   1.614  -2.051   0.426   0.090  -0.566  -0.695   1.164   0.612   0.998  -1.029   0.337   0.081  -0.735  -0.745   0.617   0.266  -0.139  -0.109  -0.607  -0.105   0.159   0.290  -0.467  -0.209  -0.231  -0.339  -0.043  -0.544   0.185   0.220   0.024  -0.559  -0.432   0.034  -0.302  -0.421  -0.069   0.152   0.015  -0.077  -0.155  -0.107   0.000
  1963   1.248  -4.937  -1.034  -0.067   0.833   0.228  -1.349   1.136   0.336  -1.082   1.242  -0.217  -0.527  -0.803   0.275   0.822  -0.011   0.489  -0.467   0.810   0.592   1.137   0.688   0.053  -0.067   1.242   0.155   0.200   0.143  -0.410  -0.207  -0.055   0.391   0.108   0.050  -0.402   0.106  -0.677  -0.170  -0.058   0.245  -0.106   0.087   0.010   0.445   0.099  -0.389   0.024   0.153   0.241   0.000
  1964  -1.253  -6.426  -2.222  -1.750   0.438   0.256  -1.561   0.221  -1.030  -0.401   1.629  -0.804  -0.222  -0.938   0.910   0.929  -1.061  -0.592   0.697   0.845   0.224  -0.375  -1.185   0.001  -0.204  -0.268   0.107  -0.611   0.350  -0.633   0.159   0.184   0.306  -0.071  -0.176   0.743  -0.271  -0.294  -0.410   0.045  -0.179   0.087   0.117   0.053  -0.067  -0.304   0.031  -0.149   0.050  -0.304   0.000
  1965  -3.708  -7.166  -1.513  -2.510   0.252   1.193  -0.824   0.140  -1.542   0.817   0.723  -0.660  -0.531  -0.709   0.395   0.474  -0.171   0.204  -0.620  -0.898   0.859   0.515  -0.048  -0.854  -0.304  -0.426   0.212   0.285   0.741   0.133  -0.148   0.344   0.411  -0.291  -0.217  -0.111  -0.265   0.643   0.749  -0.023   0.356   0.209   0.119  -0.109  -0.283   0.279   0.021   0.174  -0.072   0.056   0.000
  1966  -6.496  -8.421  -2.198  -3.475  -1.198   0.630   0.140  -0.531  -0.924   0.258   0.700  -0.345  -0.364  -0.660  -0.512   0.011  -0.482  -0.107  -0.684  -0.374  -0.252  -0.284   0.944   0.289   0.093  -0.337  -0.105  -0.172  -0.505   0.540   0.508   0.078  -0.935   0.019   0.031   0.182   0.193  -0.032  -0.392   0.161  -0.316  -0.340  -0.175   0.182  -0.296  -0.185  -0.142   0.072  -0.108   0.347   0.000
  1967  -4.289  -6.974  -1.381  -2.121  -1.275   1.346   1.616   1.059  -0.630   0.975  -0.336  -0.375   0.177   1.646   0.063  -0.811  -0.136   0.082  -0.746  -0.890   0.566   0.150  -0.409  -0.106   0.318   0.300  -0.095   0.605  -0.228  -0.045  -0.316  -0.244   0.137  -0.046   0.359  -0.995  -0.405  -0.041  -0.365  -0.091  -0.272  -0.095   0.034   0.004   0.107  -0.113   0.332  -0.317   0.112  -0.155   0.000
  1968  -2.577  -5.094   1.942  -1.494  -1.262   2.306   0.249   1.815   0.007   0.237  -0.448   0.834  -0.112   2.126  -0.402   0.049   0.688  -0.090   0.738   0.004   0.573  -0.291  -0.683   0.154   0.262  -1.014   0.617  -0.288  -0.162   0.234   0.032   0.230  -0.104  -0.073   0.149   0.189   0.642  -0.731   0.356  -0.239   0.081   0.389  -0.367   0.162   0.271   0.128  -0.109   0.121  -0.072  -0.026   0.000
  1969  -2.306  -4.562   1.716  -1.174  -1.133   1.852   1.462   2.571   0.334   1.043  -1.079   0.596   1.257   0.578   0.580  -0.101   1.897  -0.205   1.076   0.548  -1.236   0.741   0.153   0.431  -0.546   0.246  -0.013  -0.572   0.175   0.049  -0.470   0.035  -0.233  -0.001  -0.591   0.100  -0.016   0.284  -0.277   0.159   0.319  -0.194   0.574  -0.069  -0.017  -0.080   0.108   0.114  -0.002   0.050   0.000
  1970  -0.164  -1.551   3.850  -0.752  -0.565   3.163   1.054   1.918   0.548   0.279   0.046   1.342   0.821  -0.351  -1.243   0.576  -0.411   0.909   1.035   1.119  -0.563  -0.166  -0.060  -0.427  -0.070   0.651  -0.125   0.239   0.371  -0.349   0.557  -0.832   0.505   0.416   0.402  -0.002  -0.270   0.431   0.184   0.078  -0.273   0.043  -0.454   0.125  -0.316   0.049  -0.105  -0.014   0.025   0.032   0.000
  1971  -0.322  -1.137   4.177  -2.012  -0.751   2.370   2.130  -0.313   1.296  -0.891  -0.593   0.940   0.181  -1.628  -1.180  -0.056  -1.384   0.446  -0.244  -0.394   0.384  -0.650  -0.007   0.650   0.978   0.884  -0.671   0.330  -0.210   0.249   0.060   0.686  -0.329  -0.134  -0.407   0.383  -0.134   0.050  -0.193  -0.252   0.219   0.420   0.167  -0.239   0.208   0.141   0.107  -0.003  -0.051  -0.090   0.000
  1972   1.348   1.192   6.178  -0.700   0.348   1.727   1.113   0.324   0.312  -0.986  -1.162   1.117  -0.616  -1.467   0.098  -0.744  -0.071   0.299  -0.418  -0.334   1.204  -0.329   0.632  -0.669  -0.708  -0.769  -0.173  -0.347   0.018  -0.331  -0.482   0.274   0.370   0.359   0.111   0.071   0.399  -0.340   0.255   0.256  -0.237  -0.680   0.050  -0.213  -0.009  -0.190   0.169   0.067   0.119  -0.082   0.000
  1973   1.883   1.603   5.942   0.806  -0.636   1.078   2.051   0.393  -0.479  -0.809  -1.124  -1.919  -1.382  -0.944   2.364  -1.211   0.714  -0.232  -0.404   0.234   0.163   0.238  -0.237  -0.087  -0.048   0.215   0.353  -0.208  -0.518  -0.454   0.576  -0.414  -0.400  -0.158  -0.288   0.028  -0.268  -0.072   0.122   0.331   0.033   0.225  -0.166   0.236   0.004   0.256  -0.025  -0.237  -0.168   0.056   0.000
  1974   2.162   1.757   6.252   0.810  -1.914   0.742   0.485  -0.502  -0.411   0.080  -0.816  -0.974  -1.565   0.249   0.382   0.471  -0.478  -1.068  -0.294  -0.785  -0.839   0.310  -0.592   0.276  -0.230   0.317   0.316   0.789   0.032   0.108  -0.148  -0.214   0.060  -0.234   0.827   0.312   0.086   0.038  -0.245  -0.584   0.287  -0.212   0.164   0.060  -0.237  -0.182  -0.225   0.267   0.112  -0.075   0.000
  1975   1.486   2.290   7.127   0.038  -2.090  -0.704  -1.059  -2.012   0.208   0.176  -0.120  -0.694  -0.504   1.230  -0.758   1.112  -1.031  -0.940   0.541  -0.753  -0.271  -0.342   0.250   0.110  -0.050  -0.581  -0.132  -0.024   1.039  -0.062  -0.452  -0.131   0.290   0.121  -0.653  -0.159  -0.146  -0.031  -0.159   0.292  -0.133   0.234  -0.026   0.063   0.138  -0.054   0.045  -0.214   0.109   0.355   0.000
  1976   0.880   0.438   6.367  -0.359  -1.721  -2.621  -0.092  -1.312  -0.246   0.258   1.491   0.680   0.561   1.557  -0.711   0.912  -0.272  -0.092  -0.998   0.565   0.162   1.318   0.523  -0.055  -0.065  -0.136  -0.278  -0.606  -0.249   0.218   0.235   0.219  -0.069  -0.009  -0.007  -0.076  -0.485   0.078   0.048   0.109  -0.018  -0.323  -0.020  -0.050   0.113   0.097  -0.229  -0.005  -0.361  -0.340   0.000
  1977  -1.662  -1.992   2.204  -0.120  -2.613  -3.590   0.766  -0.735  -0.132  -0.613   1.057  -1.105   0.821   0.462   0.115  -0.827  -0.976   0.132  -0.918   2.342   0.082  -0.243  -0.068   0.473   0.189   0.013  -0.254   0.047  -0.006  -0.086  -0.157  -0.344  -0.045  -0.216   0.131  -0.219   0.921   0.158   0.309   0.104   0.018   0.275   0.236  -0.084  -0.211   0.000   0.236   0.101   0.160   0.014   0.000
  1978   1.141   0.828   2.904  -0.025  -2.744  -3.450  -0.472  -1.086  -0.381   0.794   2.459  -0.231   0.546  -0.832   0.027  -0.923   1.277   1.192   1.083  -0.216   0.576  -0.857  -1.038   0.220  -0.520   0.072   0.152   0.186  -0.161  -0.473  -0.205   0.638  -0.393   0.483  -0.058  -0.253  -0.167   0.373  -0.085  -0.468   0.159  -0.252  -0.255   0.127   0.120  -0.025  -0.015   0.015   0.016   0.114   0.000
  1979  -1.432  -0.116   1.866  -0.075  -2.882  -2.742  -1.078  -1.295  -0.363   0.874   0.608   0.188   0.442  -1.007   0.355   0.316   1.722  -0.125   0.991  -0.873  -0.205   0.440   0.483  -1.191   1.036   0.842   0.615   0.209  -0.166   0.828   0.562   0.058   0.415  -0.088   0.173   0.234   0.317  -0.319   0.010   0.299  -0.188   0.188   0.032  -0.282  -0.043  -0.100   0.164  -0.064   0.098  -0.072   0.000
  1980  -0.116  -0.021  -1.220   4.408  -2.080  -3.553  -0.096   3.344  -2.970  -1.931  -1.331   1.450   1.580  -0.793  -0.748   0.054  -0.623   0.032  -0.314  -0.995  -0.202   0.697   0.217  -0.052  -0.056  -0.606   0.376   0.219  -0.504  -0.819  -0.148  -0.253  -0.109  -0.419  -0.231   0.172  -0.042   0.162  -0.035  -0.148  -0.125   0.227  -0.056  -0.091   0.045  -0.108  -0.102  -0.038   0.031   0.046   0.000
  1981   1.760  -1.000  -2.930   6.197  -2.508  -1.030  -0.250   2.196  -1.147  -0.412  -0.323   0.895  -1.067  -0.157  -0.058  -0.013  -0.245  -0.657   0.115   0.311  -0.131  -1.186   0.212  -0.265   0.570   0.046  -0.254   0.168   1.147   0.275   0.408   0.399  -0.511   0.457   0.305  -0.255  -0.161  -0.185  -0.002   0.294   0.153  -0.247   0.270   0.363   0.044   0.295   0.095   0.062  -0.025  -0.110   0.000
  1982   2.221  -0.143  -4.348   6.443  -2.859   0.603   1.298   1.111   1.388   0.812  -0.171  -0.699  -1.289   0.338  -0.096  -0.033   0.286   0.707  -0.732   0.044   0.842   0.058  -0.510   0.832  -0.605   0.061  -0.052  -0.195   0.165   0.667   0.311  -0.093   0.533   0.412  -0.115   0.188  -0.029   0.137  -0.016   0.060  -0.009   0.172  -0.087  -0.507  -0.003  -0.414  -0.072  -0.030  -0.206   0.103   0.000
  1983   0.650  -0.241  -3.630   4.449  -2.557   1.407   0.669  -0.468   2.845   0.369   0.113  -1.691   0.289  -0.496  -0.974   0.430  -0.614  -0.037  -0.076  -0.124  -0.309   0.328   0.106  -0.562  -0.329   0.413   0.585  -0.452  -0.650   0.197  -0.779   0.317   0.233  -0.481  -0.388   0.099   0.031   0.079   0.013   0.006  -0.270  -0.168  -0.261   0.529  -0.021   0.220   0.151   0.132   0.111  -0.114   0.000
  1984  -2.662  -0.517  -2.872   2.441  -1.809   2.338  -0.619  -2.607   2.043   0.449   0.276  -0.290   0.818  -0.031  -0.451   0.456   0.397  -0.559   0.414  -0.543  -0.131   0.067  -0.216  -0.211   0.338  -0.186  -0.828  -0.438  -0.334  -1.308   0.267  -0.181  -0.583  -0.313   0.667  -0.079  -0.285  -0.276   0.615   0.092   0.153  -0.003   0.275  -0.217   0.041  -0.121   0.023  -0.010  -0.024   0.128   0.000
  1985  -3.482   0.107  -2.646   1.004  -0.396   2.289  -0.120  -2.569   0.639  -0.029  -0.864   0.003   0.488   0.295  -0.131   0.276   0.310  -0.093  -0.294   0.415   0.222  -0.406   0.233  -0.701   0.118  -0.670   0.458   0.656   0.069  -0.162   0.945  -0.413  -0.019   0.090  -0.713  -0.008   0.618   0.526  -0.166  -0.361   0.222  -0.374   0.155  -0.037   0.204   0.056  -0.258  -0.252   0.128  -0.156   0.000
  1986  -2.686   2.760  -1.269   1.611  -0.042   1.662  -0.887  -3.024  -0.599  -0.539  -0.467   0.955   0.667  -0.090   0.569   0.263  -0.356   0.949   0.587   0.381   0.012   0.728   0.304   0.974  -0.863  -0.283   0.442   0.845   0.283   0.040   0.303   0.001  -0.254  -0.203  -0.341  -0.405  -0.279  -0.828  -0.224   0.009   0.184   0.022  -0.235  -0.117  -0.380   0.078   0.313   0.155  -0.031  -0.077   0.000
  1987  -4.711   2.101  -1.418   1.172  -0.148   2.081  -0.535  -2.367  -1.145  -0.015  -0.250   1.960  -0.666  -0.303   1.339  -0.674  -1.554   0.864   1.039   0.499  -0.535   0.279  -0.215   0.376   0.227  -0.016   0.778  -0.429  -0.135   0.657  -0.713   0.279  -0.129  -0.267   0.526  -0.187   0.031   0.472   0.244   0.171  -0.205   0.011   0.189  -0.011   0.206  -0.052  -0.250  -0.224  -0.017   0.046   0.000
  1988  -4.696   2.233  -2.061   1.452  -0.347   1.273   0.422  -1.639  -2.172  -0.098   0.486   1.140  -0.824   1.190   1.335  -0.579   0.308  -0.095  -0.293   0.386  -0.417  -0.478  -0.016  -0.596   1.064  -0.027  -1.089  -0.286  -0.583  -0.356  -0.133  -0.028   0.919  -0.056  -0.337   0.159  -0.203   0.104  -0.387  -0.070   0.020  -0.069  -0.274  -0.079   0.083   0.093   0.056   0.377   0.033   0.122   0.000
  1989  -4.895   2.894  -0.807   1.184   0.339   1.856  -0.244  -1.208  -1.687  -0.371   1.367   0.389   0.613  -0.390  -0.418  -0.119   1.048   0.043  -0.876  -0.418  -0.216  -0.271   0.520  -0.291  -0.889   0.110  -0.811  -0.196  -0.285   0.532  -0.747  -0.507   0.018   0.784   0.088   0.301   0.103  -0.336   0.080  -0.245   0.224   0.486   0.193   0.380  -0.192   0.007  -0.073  -0.274   0.002  -0.094   0.000
  1990  -3.669   4.888   0.319   1.213   3.348   1.543  -0.552  -0.432  -2.095  -1.243   0.068   0.295  -0.330   0.764  -1.361   1.052   1.188  -0.653  -0.677   0.316   1.165   0.391  -0.996   0.233   0.098   1.082   0.574  -0.616   0.360  -0.016  -0.023  -0.020  -0.585  -0.192   0.115   0.308   0.184   0.314  -0.067  -0.072  -0.212  -0.223  -0.074  -0.142  -0.040   0.139   0.318  -0.056   0.056   0.140   0.000
  1991  -6.522   2.748  -0.799  -0.445   2.339   1.172   1.318  -0.787  -0.816  -2.167  -0.300  -2.198   0.662  -0.453  -0.950  -0.204   1.370  -0.449   0.344   0.085  -0.080  -0.142   0.685   0.871   0.804  -0.166   0.314   0.393   0.387  -0.322  -0.175   0.557   0.379   0.166   0.116  -0.458   0.008   0.267   0.068   0.319  -0.103   0.194  -0.077   0.211   0.075  -0.388  -0.189   0.184  -0.147  -0.164   0.000
  1992  -4.395   2.797  -0.517  -0.136   1.825   0.402   1.419   1.375  -0.797  -1.886   1.048  -2.212   1.368   1.209   0.534   0.132  -0.866   0.712   0.290  -0.654  -1.417  -0.224  -0.301  -0.414  -1.177   0.086  -0.528   0.409  -0.033   0.433   0.571   0.549   0.006   0.060   0.203   0.291   0.070  -0.113   0.206   0.134  -0.207  -0.173   0.020  -0.299   0.306   0.208   0.024  -0.012   0.082   0.049   0.000
  1993  -1.000   6.144   1.530   1.515   2.769   0.289   0.205   2.635   0.652  -0.427   1.374  -0.843   0.326   0.867   0.061  -1.001  -0.995   0.146   1.140   0.222   1.095  -0.025   0.623  -1.048   0.703  -0.062   0.004  -0.523  -0.008   0.572   0.208  -0.097  -0.293  -0.446  -0.308  -0.285  -0.338  -0.208   0.041  -0.471   0.213  -0.045   0.177   0.044  -0.312  -0.329  -0.088  -0.006   0.053   0.072   0.000
  1994  -5.272   3.790  -0.540   0.804   1.549   0.707  -0.796   2.187   1.410   1.787   2.641   0.053   0.135  -0.492   0.185  -1.093  -0.569  -1.340   0.318  -0.562   0.257   1.207  -0.031   1.115   0.749  -0.683  -0.048   0.584  -0.160  -0.110  -0.263  -0.242  -0.084   0.533   0.033   0.328   0.195   0.159  -0.122   0.345   0.107  -0.139  -0.195  -0.191  -0.061   0.302  -0.016  -0.052   0.116  -0.062   0.000
  1995  -5.033   5.329   0.783  -0.808   1.334   0.310  -0.925   1.201   1.128   2.246   1.514   0.780  -0.227   0.157  -0.322  -0.413   0.041   0.155  -1.067  -0.037  -0.378  -1.654   0.499  -0.468  -0.717   0.112   1.212   0.223   0.001  -0.668  -0.015  -0.110   0.087  -0.426   0.151  -0.059  -0.006  -0.093  -0.414   0.150  -0.215   0.294   0.342  -0.139   0.080   0.088  -0.017   0.138  -0.246   0.016   0.000
  1996  -5.073   4.774   0.642  -1.075   1.705  -1.101  -0.273   1.792   0.275   2.162   0.273   0.938  -0.810  -0.633   0.870   1.728   0.205   0.775  -1.265  -0.272  -1.122  -0.143  -0.478   0.737   0.502   0.100  -0.320   0.081   0.012   0.065   0.267  -0.020  -0.170  -0.199  -0.528  -0.234   0.069  -0.139   0.697  -0.064  -0.058  -0.149  -0.117   0.305   0.129  -0.360   0.100  -0.010   0.151  -0.063   0.000
  1997  -5.191   2.308  -0.796  -1.294   0.498  -2.479   1.146   0.459   0.997   0.257  -1.779  -0.612   0.948  -0.341   0.517   1.415   0.332   0.650  -0.499  -0.083   0.076  -0.722   0.420   0.707   0.385  -0.685   0.300  -1.180  -0.036   0.060   0.121   0.337   0.540  -0.001   0.642  -0.103  -0.224   0.004  -0.376  -0.099   0.415  -0.021  -0.115  -0.112  -0.257   0.319  -0.064  -0.187   0.200   0.050   0.000
  1998  -6.206   3.129  -1.248  -0.864   0.874  -2.209   0.128   0.299   1.445   0.849  -2.248   0.191   1.328  -0.078   1.631   1.679  -0.283  -0.611   0.437   0.735   1.543   0.247  -0.340  -0.740  -0.224  -0.010  -0.633   1.027  -0.238   0.203  -0.383   0.101  -0.206   0.268   0.226   0.204   0.042   0.139  -0.163   0.007  -0.242   0.101   0.062   0.237   0.079  -0.045   0.013   0.078  -0.234   0.122   0.000
  1999 -11.438  -0.334  -2.858  -3.086   0.406  -3.371  -0.617  -0.484   0.401  -0.218  -2.163  -0.393  -1.350   0.038  -0.943  -0.788  -0.812  -0.886   0.262   0.438  -0.661  -0.229  -0.111  -0.610  -0.320   0.549   0.577  -0.329  -0.282   0.028  -0.280  -0.397  -0.416   0.872  -0.285  -0.084  -0.435  -0.150   0.314  -0.049   0.235   0.028  -0.229  -0.350   0.096  -0.035  -0.022   0.124   0.063  -0.097   0.000
  2000 -10.256   1.444  -1.842  -1.853   0.386  -3.228  -0.830  -0.131   1.152  -0.214  -1.081   0.481  -2.008   0.088  -1.115  -1.622   0.450   0.620   0.873  -0.558   0.192   0.835  -0.106   0.404  -0.668   0.194  -1.089  -0.165   0.563  -0.218   0.462  -0.025   0.445  -0.731   0.052   0.142   0.324   0.014  -0.142  -0.079  -0.174   0.004   0.132   0.294  -0.047   0.140  -0.061  -0.085  -0.058  -0.044   0.000
