litu_drop.rwl -- no data title --                         1st itrdb line missing     
litu_drop.rwl -- no data title --                         2nd itrdb line missing     
litu_drop.rwl -- no data title --                         3rd itrdb line missing     
12490   1940  1396  1478  1354  1190  1035  1394  1255  1257  1001  1165  ind
12490   1950   722   956   918   626   497   798   605   946   963   798  ind
12490   1960   967   738   639   663   391   351   235   521   691   668  ind
12490   1970  1096  1391  1635  1669  1558  1021   695   469   342   371  ind
12490   1980   440   866  1482  1181  1056   994  1092  1306  1421  1645  ind
12490   1990  1673  1422  1734  1880  1767  1668  1504  1106   996   632  ind
12490   2000   720   985   934   970   961   407   478   426   856   933  ind
12490   2010 -9999
22545   1922   854   828  1435   873  1306  1195  1281  1108
22545   1930   618   509   484   539   708   880  1012  1221  1217  1044  ind
22545   1940  1487  1546   954   731   808  1068   935  1231  1418  1550  ind
22545   1950  1227  1055  1228  1180   728  1193  1145   962   940   871  ind
22545   1960   920  1001   689   838   800   526   362   415   570   478  ind
22545   1970  1068  1002  1243  1108  1240  1674  1565  1139  1762  1089  ind
22545   1980   629   673   913   817  1041   666  1252  1220  1113  1253  ind
22545   1990   982   663   989  1164  1192  1199  1200   748   905   509  ind
22545   2000  1110  1118  1111  1280  1225   924   721   669   899   946  ind
22545   2010 -9999
22604   1964   851   962   393   865  1270  1265
22604   1970  1451  1251  1209  1042  1253  1405  1362  1067  1143  1189  ind
22604   1980   664   816  1022   925   623   717   423   569   511   258  ind
22604   1990   257   170   369   504   828  1151  1338  1471  1473   985  ind
22604   2000   835  1015  1163  1489  1178  1432  1311  1413  1580  1499  ind
22604   2010 -9999
32189   1936   820   831   866   568
32189   1940   491   438   472   403   203   452   683   722   977  1190  ind
32189   1950   711   923  1046  1068   786   692   698   854  1212  1003  ind
32189   1960  1244  1374  1336   980   593   765   401   827  1309  1259  ind
32189   1970  1485  1429  1757  1538  1582  1440  1642   781  1338  1509  ind
32189   1980  1321  1110  1023   937  1400   931  1234  1252  1263  1257  ind
32189   1990  1684   953   744  1540  1477  1517  1501  1135  1040   332  ind
32189   2000   904  1169  1012  1196  1189   632   408   412   359   372  ind
32189   2010 -9999
42544   1944   626   970   939  1246  1249  1113
42544   1950   923   925   539   715   718  1184  1319  1102  1563  1630  ind
42544   1960  1658  1428   844  1087   742   334    70   506   963   963  ind
42544   1970  1207  1117   929   972   671   755   862   865  1534  1268  ind
42544   1980  1800  1634  1717  1598  1115  1099  1202   759   838   734  ind
42544   1990  1025   578   706   931   832   753   799   820   599   369  ind
42544   2000   505   780   777   807  1143  1813  1302  1441  1262  1234  ind
42544   2010 -9999
50406   1939   844
50406   1940  1155  1246  1087  1052  1002   968  1212  1410  1492  1599  ind
50406   1950  1601  1470  1353  1292  1079  1123   927   887   976   729  ind
50406   1960  1000   800  1061   677   695   424   414   576   624   818  ind
50406   1970   564   524   884  1209   877   859   868   860  1185  1000  ind
50406   1980   889  1065  1000   665   460   550   598   730   918   324  ind
50406   1990   364   470   948  1392  1276  1401  1563  1297  1348   981  ind
50406   2000   997  1444  1245  1168  1079  1327   950  1208  1346  1580  ind
50406   2010 -9999
50474   1923  1532  1712  2001  2455  2316  2302  2192
50474   1930  1438   929  1109   735   626   329   825  1238   941   386  ind
50474   1940   295   363   343   432   341   457   656   772   560   480  ind
50474   1950   874  1170   936   801   601   665  1208  1024   624   356  ind
50474   1960   656   418   666   797   789   844   560   793   675   589  ind
50474   1970  1121   482   858   658   845   276   216   352   822   741  ind
50474   1980  1837  1904  1774  1486   973   868   701  1349  1300  1338  ind
50474   1990  1566   771  1169  1622  1611  1345  1163   349   686   957  ind
50474   2000   861  1020  1109  1379  1426  1234  1359  1130  2075  1459  ind
50474   2010 -9999
50555   1919   -79
50555   1920   503   669   812   565   848   760   874  1132  1178  1177  ind
50555   1930   742   927   840   998   916  1335  1388  1475  1438  1526  ind
50555   1940  1366  1150  1535  1336  1299  1424  1151  1079  1344  1903  ind
50555   1950  1634  1437  1241  1246  1009  1093  1060   989   869   686  ind
50555   1960   759   664   786   766   639   659   376   605   670   587  ind
50555   1970   609   763   878   419   696   612   149   147   475   449  ind
50555   1980   922  1489  1751  1609  1142  1250  1519  1488  1129  1237  ind
50555   1990  1515  1231  1061  1385  1400  1363  1369  1080  1130   925  ind
50555   2000  1052  1137  1176   637   448   591   618  1046   801   769  ind
50555   2010 -9999
60083   1960   936   816  1107  1036   824   631   535   844  1115  1215  ind
60083   1970  1570  1378  1514  1325  1122   640  1258  1030  1364  1112  ind
60083   1980  1672  1030  1421   983   635   646   504   225   532   440  ind
60083   1990   599   722  1397  1689   984   875   714   885   510   252  ind
60083   2000   632   538  1373  1582  1394  1153   825  1380  1683  1390  ind
60083   2010 -9999
60287   1947   867   665   468
60287   1950    77   541   540   570   828   769  1170  1127  1041   909  ind
60287   1960   889  1082  1204  1071  1061   892   586   840  1175  1308  ind
60287   1970  1431  1279  1457  1412  1258  1208  1045   937  1031   883  ind
60287   1980   990  1122   928   791   649   773  1100  1049   962   961  ind
60287   1990  1328  1402  1175  1456  1147   968  1108  1016  1214   802  ind
60287   2000  1013  1123   966   981   901   877   857  1072  1295  1355  ind
60287   2010 -9999
62248   1952   608   733   702   758  1136  1157  1353  1455
62248   1960  1386  1415  1260  1525  1325  1102   849   548   864  1085  ind
62248   1970  1029  1024  1133  1371  1604  1336  1293    59   122   263  ind
62248   1980   304   498   764   721   468   421   411   326   351   738  ind
62248   1990   901   694   955  1175  1143  1398  1245  1628  1589  1107  ind
62248   2000  1220  1213  1516  1220  1423  1083  1006   804  1496  1649  ind
62248   2010 -9999
70433   1914   867  1020  1046  1133   777  1332
70433   1920  1215  1453  1540  1062  1160   743   607  1104  1024  1036  ind
70433   1930   662   524   771   420   682   766   530   986  1153   870  ind
70433   1940  1358  1386  1347  1027   917  1131   403   151   195   341  ind
70433   1950   706  1018  1193  1084  1557  1998  1851  1672  1403  1323  ind
70433   1960  1483  1303  1123  1013   820   722   475   646   917   835  ind
70433   1970  1057   826  1099  1024  1100  1289  1363  1152  1350  1030  ind
70433   1980   807  1180   870   686   663   833   821   851   769   992  ind
70433   1990  1303  1025  1206  1638  1458  1373  1142   982   833   715  ind
70433   2000   776   477   525   797   966  1136   912  1079   941  1072  ind
70433   2010 -9999
80282   1955   263  1313  1675  1122   942
80282   1960  1658  1487  1515   437   159   182   -96   330   496   142  ind
80282   1970  1140  1303  1877  1709  1481  1757  1871  1764  1860  1967  ind
80282   1980   692   423   837   980   948  1351  1190   769   701  1000  ind
80282   1990   855   533   663   518   529   846   813   826  1222   773  ind
80282   2000   899  1376  1132   943   762  1296  1005   625  1297   943  ind
80282   2010 -9999
80711   1906   270   744   966   761
80711   1910   963   759  1206  1088  1183  1783  1673  1495  1162  1552  ind
80711   1920  1177  1448  1394   997  1509  1171  1123   967   859   724  ind
80711   1930   537   989   386   591   500   827   576   857   965   286  ind
80711   1940   846   577   800   449   466   660   674   575   706   965  ind
80711   1950   639   791   740   785  1488  1651  1736  1485  1563  1272  ind
80711   1960  1373  1479   947   970   630   431   330   448   980   412  ind
80711   1970   729   928  1513  1469  1419  1905  2172  1719  1422  1027  ind
80711   1980   996  1014  1068   695   393   580   691   672   925   504  ind
80711   1990  1617   718   377  1368   447  1133   909  1346   904  1170  ind
80711   2000  1015  1346  1494  1161  1184   889   913  1370  1478   941  ind
80711   2010 -9999
80719   1915   636  1169   798  1237  1230
80719   1920  1499  1410  1220   573   698   600   675   861   812  1156  ind
80719   1930  1126   836   887   704   906   880  1183  1443  1380  1132  ind
80719   1940  1417  1073   954   596   566  1061  1080  1230  1022   853  ind
80719   1950   574   822   970   710  1097   973  1236  1546  1557   993  ind
80719   1960  1529  1548  1654  1451  1207  1075  1317   839  1109   933  ind
80719   1970  1164  1158  1250  1195  1168   948  1303  1197   950   802  ind
80719   1980   666  1208  1234  1201  1176  1049  1089  1028   850  1000  ind
80719   1990   855   574   818   811  1159   898   761   412   282   226  ind
80719   2000   441   802   709   941   800  1097   962   972  1045   764  ind
80719   2010 -9999
82218   1919  -293
82218   1920  1469  1291  1155   512   797   554   845  1251  1441  1092  ind
82218   1930   766   867   636   893   896   906   990  1033  1235   606  ind
82218   1940  1024  1427  1544   903  1059  1753  1672  1763  1866  1889  ind
82218   1950  1715  1662  1608  1668  1520  1303  1075   607   998   678  ind
82218   1960  1318   893   392   616   731   436   316   472   665   543  ind
82218   1970   553   791   837   638   693   815   907   628   554   603  ind
82218   1980   576   695   724   645   546   881  1017   954   983   641  ind
82218   1990  1230   771  1101  1410   931  1153  1261  1101  1376  1072  ind
82218   2000   895  1396  1450  1216  1822  1296   831  1166  1393   963  ind
82218   2010 -9999
90287   1920  1701   867  1053   626   861   739   682  1078  1156  1145  ind
90287   1930   443   646   670   729   761   875  1165  1356  1410  1057  ind
90287   1940  1275  1059  1690  1569  1121  1777  1224   884  1256  1454  ind
90287   1950  1304  1085   786   397   584   412  1249   906   904   705  ind
90287   1960  1028  1359  1153   950   738   788   367   308   899   645  ind
90287   1970  1142   847  1291   878  1106  1436  1268   749  1216  1442  ind
90287   1980  1093   913   872   825   658   877   973   665   766  1123  ind
90287   1990  1120   845  1089  1220   844  1358  1314  1267  1369   610  ind
90287   2000   728  1057  1022   913  1267  1214  1029  1156   796   874  ind
90287   2010 -9999
90645   1954   715  1107  1263  1143  1092  1046
90645   1960  1275  1259  1109   590   437   415   319   290   465   607  ind
90645   1970   761   807  1232  1064   925  1100   969   934   784  1499  ind
90645   1980  1248  1196  1106  1118   924  1191  1144  1252  1630  1963  ind
90645   1990  1591  1331  1460  1396  1299  1244  1426  1348  1101   579  ind
90645   2000   721  1166  1131   776   756   478   187   921   622   460  ind
90645   2010 -9999
91377   1927   724   642   992
91377   1930   529  1209  1157  1398  1433  1471  1364  1523  1635  1170  ind
91377   1940  1232  1211  1179  1033  1091  1480    -1   282   222   353  ind
91377   1950   247   166    93   367   401   436   726   840   896   703  ind
91377   1960   822   606   809   775   608   462   112   160   507   474  ind
91377   1970   807   861  1020  1262  1274  1346  1208  1179  1291  1441  ind
91377   1980  2548  2084  1495  1311  1087  1005  1205  1089  1021  1141  ind
91377   1990  1519   891  1085  1371  1207  1139  1165  1125  1460  1168  ind
91377   2000  1230  1399  1039  1366  1380  1048   944   757  1176  1195  ind
91377   2010 -9999
92493   1917   865  -159   601
92493   1920   838  1114  1247  1196  1343  1211  1220  1240  1304  1699  ind
92493   1930  1020  1278  1034   837   771   828   860  1015  1176   751  ind
92493   1940  1287  1036  1188  1056  1515  1350  1093  1136  1260  1444  ind
92493   1950  1073  1085  1229  1728  1229  1259   852   716   929   681  ind
92493   1960   720   299   596   430   386   275   276   493   475   566  ind
92493   1970   803   672   701   932   955   980   738   848   718   671  ind
92493   1980  1157  1403  1535  1350  1081  1119   996   722   968   984  ind
92493   1990  1115  1039  1311   893   380   917   896  1090   801   229  ind
92493   2000   217   416   902  1246  1453  1846  1812  2089  2076  1944  ind
92493   2010 -9999
102412  1929   954
102412  1930   245   747   593   502   763  1000   912  1206  1346  1298  ind
102412  1940  1791  1807  1728  1351   990  1489   929  1597  1807  1928  ind
102412  1950  1742  1873  1269   627   398   700   110   600   631   412  ind
102412  1960   328   660   206   448   300   628   261   415   804   762  ind
102412  1970  1313  1042  1527  1153  1067  1069   852   590   872   769  ind
102412  1980   784   660   954   909   759   951  1062  1129  1062  1123  ind
102412  1990  1291  1094  1085  1592  1469  1882  1307  1051  1073   513  ind
102412  2000  1180  1138  1173   835  1017  1173  1049   993  1093  1249  ind
102412  2010 -9999
110128  1953   523   500  1384   808   734  1119   938
110128  1960  1597  1758  1353  1067   918   879   359   779  1391  1201  ind
110128  1970  1151  1189  1101  1287  1237  1231  1199   611   988  1016  ind
110128  1980   940   654   536   470   685   712   847  1061   941   831  ind
110128  1990  1398  1123   777  1281  1175  1276  1221   786   725   796  ind
110128  2000  1152  1252  1196   552   345   883  1011  1056  1551  1466  ind
110128  2010 -9999
110379  1970  1054   773  1105  1106  1166  1143  1015   307  1191  1166  ind
110379  1980   917   894   952   584   853  1266  1067  1019  1091  1317  ind
110379  1990  1587  1112  1221  1463   996  1402  1403   715   671   485  ind
110379  2000  1076  1325   890   860  1066   855   640   630   843   787  ind
110379  2010 -9999
110791  1925   199   324   855   841  1125
110791  1930   675   808   917  1076  1339  1446  1622  1579  1571  1400  ind
110791  1940  1593  1625  1783  1464  1258  1625  1377  1094  1143  1415  ind
110791  1950  1555  1507  1151   623   408   453   791   646   916   604  ind
110791  1960   631   465   377   368   172   248   137   467   792   579  ind
110791  1970  1250  1371  1207  1127  1385  1359  1067   766   792   717  ind
110791  1980   812   943  1117   824  1023  1151  1110  1088  1070   940  ind
110791  1990  1262  1117   847  1259  1019  1100  1370  1209  1196   835  ind
110791  2000   701  1104  1018  1058   954  1426  1282  1171  1223  1099  ind
110791  2010 -9999
110798  1933   885  1138  1246  1183  1031   824   745
110798  1940   900   642   862   960   939  1344  1084  1000  1052  1081  ind
110798  1950  1507  1274  1200   824   737   707   890   959  1193   694  ind
110798  1960  1410  1134   987   647   769   558   438   624  1129   829  ind
110798  1970  1351  1169  1275  1178  1558  1642  1234   677   969   841  ind
110798  1980   662  1032   764   985  1106  1088  1143  1257  1263  1131  ind
110798  1990  1227  1033  1087  1348  1039  1214   851   601   682   446  ind
110798  2000   521   684   716  1050   849  1133  1115  1168  1315  1178  ind
110798  2010 -9999
110914  1925   484   584  1592  1410  1480
110914  1930   695   885   687   620   565   678   781   904   944   971  ind
110914  1940  1133  1334  1302  1017   895  1345   975  1035  1312  1388  ind
110914  1950  1851  1738  1569  1121  1157  1057  1023   770   881   851  ind
110914  1960   976   964   980   855   692   345   398   284   597   568  ind
110914  1970   813  1036  1045  1143  1340  1230   969   857   884   799  ind
110914  1980  1055   984  1073  1223   888  1054  1391  1168   927  1104  ind
110914  1990  1315   985  1122  1206   859  1214  1270  1072  1084   911  ind
110914  2000   654  1052   918   863   970  1072   801   830  1100   946  ind
110914  2010 -9999
110950  1938   831   662
110950  1940   843  1135  1246  1017  1122  1319   958   792   848   712  ind
110950  1950   533   295   382   457   782  1022   993  1173  1606   792  ind
110950  1960   704   416   514   467   478   758   801  1084  1313  1549  ind
110950  1970  1621  1619  1623  1554  1656  1876  1623  1252  1242  1118  ind
110950  1980   712  1027  1338  1381  1336  1182  1379  1491  1218  1065  ind
110950  1990   839   611   889  1113  1010  1238  1001   917   966   719  ind
110950  2000   860   856   632   685   599   678   431   619   746   701  ind
110950  2010 -9999
111014  1926   508   772   958  1172
111014  1930   836  1195  1000  1099   962  1191  1137  1102  1135   819  ind
111014  1940  1116  1157   942  1204  1090  1122  1190  1136  1230  1210  ind
111014  1950  1200  1316  1000   917   657   673   956   898  1183   972  ind
111014  1960   914  1199  1182   620   501   303   272   277   485   867  ind
111014  1970  1127  1020  1292  1148  1201  1468  1413   965  1416  1169  ind
111014  1980  1243  1041   859  1022   959   727  1122   704   822  1242  ind
111014  1990  1176   977  1165  1458  1124  1430  1273   968   925   547  ind
111014  2000   537   564   709   724  1220  1247  1000  1085  1273 -9999  ind
111030  1923   187   440   503   599  1067  1540  1724
111030  1930  1208  1286   948   961  1065  1237  1389  1200  1181  1081  ind
111030  1940  1002  1054  1144  1085  1270   896   837  1071  1378  1749  ind
111030  1950  1621  1729  1449   750   409   790   805   829   945   733  ind
111030  1960   660   778   880   715   541   408   313   286   553   832  ind
111030  1970   985   884  1146  1125  1247  1431  1092   839  1282   873  ind
111030  1980   962   850   876  1083   972   911   934   613   815  1228  ind
111030  1990  1407  1188  1221  1345  1064  1308  1286  1000   857   522  ind
111030  2000   612   977  1287  1053  1303  1243  1088   891  1113  1020  ind
111030  2010 -9999
111051  1923   589   947   758   694  1072  1220  1505
111051  1930   980  1474  1012   732   752   841   702  1051  1076   952  ind
111051  1940   963  1077  1438  1265  1185  1537  1381  1281  1532  1661  ind
111051  1950  1552  1399  1239  1311   959   790  1210  1035  1161   941  ind
111051  1960   819   986   693   514   548   309   296   319   149   301  ind
111051  1970   665   942  1065  1065  1188  1221  1254  1073  1414  1276  ind
111051  1980   884   682   533   739   777   819  1172  1112  1160  1070  ind
111051  1990  1221   709   828   950   641   978  1036  1042  1268  1067  ind
111051  2000  1020  1229  1446  1354  1218  1440   949  1245   937  1024  ind
111051  2010 -9999
111134  1918   403   796
111134  1920   783  1222  1356  1091  1364  1273  1354  1381  1189   971  ind
111134  1930   633   619   639   714   751  1064  1249  1079   950   720  ind
111134  1940   776  1014   958  1002  1093  1349  1192  1093  1268  1535  ind
111134  1950  1547  1415  1481  1222   863   611   970   850  1086  1103  ind
111134  1960   843   986   884   663   456   336   211   214   544   525  ind
111134  1970   519   796   969  1158  1299  1328  1021   932  1569  1151  ind
111134  1980  1081   918  1160  1168   953   836  1298   840   619  1035  ind
111134  1990  1174  1281  1107  1462  1388  1279   889  1038   732   833  ind
111134  2000  1234  1139  1184   899  1051   952 -9999
121212  1908   776   802
121212  1910   696   166   412   804   756   948  1218   905   735   968  ind
121212  1920   632  1241  1760  1052  1288   967   942  1230  1081  1344  ind
121212  1930  1042  1124   970  1151   853   963   825  1033  1016   849  ind
121212  1940  1018  1240  1106  1008   777   850   973   989  1112   971  ind
121212  1950   914  1375  1363   930   777  1064  1175  1142  1236  1138  ind
121212  1960  1030  1235  1015   852   600   583   369   416   634   638  ind
121212  1970  1068  1214  1539  1548  1147  1224   982   880   897   783  ind
121212  1980   919   973   933  1174   896   941   937   859   738  1004  ind
121212  1990  1163  1221  1077  1715  1076  1086  1188  1162  1120   756  ind
121212  2000   922   950   981   908  1241  1265  1184  1094  1269   899  ind
121212  2010 -9999
121284  1922   854   576  1106   772   778   899   833  1162
121284  1930   670  1019   830   776   840  1031  1004  1320  1320  1145  ind
121284  1940  1186  1341  1389   922  1041  1384  1310  1357  1687  1879  ind
121284  1950  2044  1826  1470  1226   792   736  1171   818  1169   784  ind
121284  1960   947   774   504   646   525   248   306   232   471   337  ind
121284  1970   545   665   859  1192   859   759   895   772   882   995  ind
121284  1980  1016   950   605   495   617   657  1001  1295  1257  1071  ind
121284  1990  1885  1353  1109  1730  1256  1125  1436   955  1051   807  ind
121284  2000   952  1144  1025   733  1193  1026   865  1311  1394   851  ind
121284  2010 -9999
121442  1952   327   284  1335  1058   669   845  1019   713
121442  1960   827  1114  1334  1252   886   438   317   678  1056  1409  ind
121442  1970  1549  1361  1577  1543  1192  1200  1350   815   826   773  ind
121442  1980  1478  1710  1804  1695  1017   798   957   955   511   623  ind
121442  1990   938   979  1229  1145  1098   969   510   681   904   634  ind
121442  2000   697   944  1254  1556  1296  1185   938   569   628   555  ind
121442  2010 -9999
131017  1950  -161   524   571   776  1163  1221  1481  1510  1348   960  ind
131017  1960  1217  1120  1121   933   802   551   476   662   812  1001  ind
131017  1970  1051   916  1175  1206  1106   910  1154  1042   868   618  ind
131017  1980  1733  1623  1540  1274  1079  1185  1272  1137  1348  1146  ind
131017  1990  1406  1029  1106  1191  1090   865  1005  1022  1233   631  ind
131017  2000   780   735   728   835   909   997   648   580   757   783  ind
131017  2010 -9999
131080  1930   746  1028   776  1094   904  1313   978  1555  1566  1184  ind
131080  1940  1168  1306  1145   369   677   415    14  1034  1515  1232  ind
131080  1950   606   107   212   213   838  1225  1785  1841  1542  1281  ind
131080  1960  1212   915  1122  1151  1059   845   840   934   920  1372  ind
131080  1970  1307   977  1000  1253  1221  1025  1210   971  1068  1000  ind
131080  1980  1366  1231   984  1038  1013   672  1017   993   832  1002  ind
131080  1990  1216  1212  1397  1452  1230  1303  1401  1295  1068   678  ind
131080  2000   695   638   678   722   887   704   628   479   628   464  ind
131080  2010 -9999
131304  1930   593   374   520   608   986  1198  1194   746   813   563  ind
131304  1940   686   940   994  1137   770  1261  1139  1382  1425  1536  ind
131304  1950  1407  1610  1418  1048   968  1224  1456  1169  1338  1120  ind
131304  1960  1337  1250  1034   777   504   664   417   569   833   828  ind
131304  1970  1008   941  1070  1102  1552  1606  1491   632   967  1087  ind
131304  1980  1143   933   933   730   649   576   901   778   736   934  ind
131304  1990  1203   724   843  1169  1497  1149  1832  1168  1006   666  ind
131304  2000   937  1076   995  1022  1061   897   732   684   930   769  ind
131304  2010 -9999
140735  1939   713
140735  1940   605   718  1137  1000  1382  1480  1332  1462  1293  1437  ind
140735  1950  1157  1029  1235   990   876   747   898   651  1033   662  ind
140735  1960   891   722   913   597   698   219    31   568   588   716  ind
140735  1970   609   529   706  1047   948  1138  1057  1367  1329   870  ind
140735  1980  1630  1768  2508  1746  1406  1196  1195   797  1161   900  ind
140735  1990   874   749   877  1347  1239   754   964   949   770   383  ind
140735  2000  1189   891  1025   707   834   975   916  1431  1252  1368  ind
140735  2010 -9999
160665  1954   829  1099   910   711  1042  1004
160665  1960  1285  1275  1205   961   941   791   464   563  1367  1410  ind
160665  1970  1749  1696  1673  1491  1057   961   574   692   960   926  ind
160665  1980   285   522   250   201   390   724   583   437   390  1070  ind
160665  1990  1476  1129  1184  1282  1299  1521  1358   962   847   604  ind
160665  2000   749  1026  1360  1116  1139  1020  1022  1016  1728  1634  ind
160665  2010 -9999
160777  1949   806
160777  1950   777  1229  1287  1207  1176  1145  1000   943  1135   987  ind
160777  1960   921  1021   804   373   375   184   170   450   731  1023  ind
160777  1970  1012  1136  1294  1558  1459  1526  1445  1188  1326  1329  ind
160777  1980   914   841  1005  1141  1127   942  1096  1048   899   890  ind
160777  1990   923  1010  1179  1159   733   798   880  1064  1225   923  ind
160777  2000   712   804  1244  1209   933  1101   961  1023  1247   934  ind
160777  2010 -9999
160930  1925   782   639   850   693   911
160930  1930   774   774   994  1083  1294  1357  1425  1520  1237  1105  ind
160930  1940  1296  1325  1256  1136  1085  1295   950  1147  1250  1357  ind
160930  1950  1467  1434  1381  1171   943   893   745   663   795   579  ind
160930  1960   899   876   867   675   458   330   174   146   338   539  ind
160930  1970   552   705  1120  1457  1439  1309  1063   954  1065   978  ind
160930  1980   724   693   746   853   944   932  1308  1064  1044  1062  ind
160930  1990  1320  1297  1194  1047   911   863   980  1031  1257   894  ind
160930  2000   889  1102  1288  1278   937  1051   921  1022  1480  1323  ind
160930  2010 -9999
170994  1960  1304   861  1222   820   487   992   770   946  1253  1504  ind
170994  1970  1219  1127   794  1259  1247   783   204   630  1019  1104  ind
170994  1980  1017   511  1147   985  1009  1309   909   900  1180  1427  ind
170994  1990  1558  1037   991  1163   922  1005  1174   991  1452   938  ind
170994  2000   609   926   925   884   654   759   522   989  1385  1183  ind
170994  2010 -9999
172229  1880   284   370   566   542   423   401   514   538   631  1085  ind
172229  1890  1255  1294  1127  1217  1524  1586  1470  1547  1525  1239  ind
172229  1900  1346  1596  1343  1603  1518  1428  1498  1507  1572  1309  ind
172229  1910  1342   812  1015  1110   998   903  1484  1213   790  1028  ind
172229  1920   759   929  1055   824  1073   620   500   969  1006  1071  ind
172229  1930   587   570   558   503   864   744   697   873   843   762  ind
172229  1940   825  1060   988   941   586   894   853  1048  1219  1382  ind
172229  1950  1653  1572  1265  1164  1029   877   835   946  1022   770  ind
172229  1960  1045  1149  1003   818   247   201   145   174   400   628  ind
172229  1970  1020   929  1210  1283  1208   990   855   746  1088   972  ind
172229  1980   732   994  1036   734   743  1056  1214  1163  1048  1085  ind
172229  1990  1255   879   605  1108   822  1489  1488  1047  1019   883  ind
172229  2000  1182  1631  1366  1470  1433  1317  1075   973   972   783  ind
172229  2010 -9999
180751  1943   346   604  1541  1312  1388  1339  1377
180751  1950  1104   521   678  1050   822   872  1050   870  1260  1104  ind
180751  1960  1531  1564  1470   965   981   586   308   378   510   424  ind
180751  1970   670   660   881   800   873  1065   908   910   878   926  ind
180751  1980  1635  1570  1385  1063  1166  1231  1510  1290  1119   997  ind
180751  1990  1347   786   983  1404  1179   980   796   755  1285   591  ind
180751  2000  1002  1202  1338  1151   950   837   604   865  1002   492  ind
180751  2010 -9999
180794  1948   624  1172
180794  1950  1107  1335  1286  1325  1139   437   492  1087  1377   607  ind
180794  1960   808   480   666   577   493   579   443   938  1138  1695  ind
180794  1970  1649  1263  1314  1174  1406  1287  1178   959  1031  1100  ind
180794  1980   500   650   727   950   875   829   813   938   668   809  ind
180794  1990   772   459   693  1270  1682  2125  1970  1308  1814  1317  ind
180794  2000  1314  1305  1520  1154   363   472   517   880   742   367  ind
180794  2010 -9999
190018  1953   700   765  1122  1117   934  1452  1025
190018  1960  1560  1289  1116   938   756   706   340   785  1047  1060  ind
190018  1970  1049   973   966  1030  1071  1038   874   638  1386  1336  ind
190018  1980   908   958  1060   897   915   945  1143  1047   959  1201  ind
190018  1990  1077   787  1038  1164  1165  1267  1081   489   647   515  ind
190018  2000  1056  1321  1123  1329  1132   930   966   803   971  1044  ind
190018  2010 -9999
190438  1936   576   315   443   480
190438  1940   597   784   939   900  1180  1522  1515  1462  1519  1546  ind
190438  1950  1466  1393  1331  1348  1142   957  1266   850   729   621  ind
190438  1960   959  1221  1061   828   733   360   371   590  1166  1065  ind
190438  1970  1196  1016  1207  1214  1513  1486  1572   925   834   795  ind
190438  1980  1186   961   659   635   598   794   721   580  1014  1003  ind
190438  1990  1588  1010  1268  1480   786   889  1015  1075   834   895  ind
190438  2000   928   930   961  1034  1141   911   807   822  1263   984  ind
190438  2010 -9999
200038  1955   957   978  1197  1165   398
200038  1960   864  1287  1178   990  1070   958   720  1060  1219  1050  ind
200038  1970  1113  1185   904  1035  1194  1056   590   686  1192  1007  ind
200038  1980  1057  1051  1045  1031  1110   788   696   853   837   905  ind
200038  1990  1081   996  1000  1108  1061  1282  1310   866   875   494  ind
200038  2000  1012  1117   830  1048  1044  1004  1009  1102  1197  1138  ind
200038  2010 -9999
200168  1950   796   763   764   797  1040  1034  1275  1251  1591   976  ind
200168  1960  1665   974  1150  1044  1028   441   215   424  1074  1330  ind
200168  1970   958   663  1167  1152  1287   508   709  1068  1633  1723  ind
200168  1980  1167   640   852   761   563   932  1276  1123   576  1056  ind
200168  1990  1193   861   876  1032  1258   885  1206  1115  1079   717  ind
200168  2000   943  1055   796  1146   908   916   949  1093   904  1129  ind
200168  2010 -9999
200389  1950   264  1033   729    55   342   570   573   422   675   517  ind
200389  1960   424   342   430   380   327   376   296   344   533   514  ind
200389  1970   709   717  1090  1066  1188  1163  1331  1333  1510  1444  ind
200389  1980  1299  1276  1377  1175  1096  1241  1358  1418  1315  1383  ind
200389  1990  1421  1373  1275  1394  1277  1588  1546  1408  1605  1367  ind
200389  2000  1671  1458  1565  1287  1017   944   875   961  1146  1190  ind
200389  2010 -9999
200988  1954  1015   712   870  1042  1183  1423
200988  1960  1174  1417   896  1021   796   574   676   385   668  1197  ind
200988  1970  1431  1387  1305  1556  1532  1217  1212  1095   769  1119  ind
200988  1980   804   211   250   306   232   424   336   388   272   356  ind
200988  1990   638   705   777  1435  1426  1361  1402  1216  1510  1029  ind
200988  2000  1590  1520  1504  1369  1534  1386  1325   931  1140   943  ind
200988  2010 -9999
202162  1980  1059   911   949  1156   966   804   907   977  1104  1286  ind
202162  1990  1058   856   908  1339   932  1263  1301   729  1150   635  ind
202162  2000   611   767   801   812  1060  1255  1003   876  1413  1113  ind
202162  2010 -9999
12369A  1953   582   559   770  1108   790  1300   972
12369A  1960   343   890   765  1033   689  1030   996  1041  1665  1361  ind
12369A  1970   669  1578  1379  1421  1098   991  1119  1208  1087  1192  ind
12369A  1980  1432   752   866   547   525   594   483  1197  1289   932  ind
12369A  1990  1168  1036  1307  1301  1051   968   955  1000  1104   611  ind
12369A  2000   803   994   860   956   829   834  1029  1129   943   944  ind
12369A  2010  1010   946   854   814 -9999
20804A  1913   332   146   128   239   445   313   627
20804A  1920   437   810   907  1092  1196  1046  1123  1564  1605  1487  ind
20804A  1930  1373  1487  1442  1412  1367  1442  1561  1640  1518  1271  ind
20804A  1940  1366  1245  1260  1084  1315  1261  1432  1706  1495  1465  ind
20804A  1950  1288   926   937   888   530   481   559   449   537   727  ind
20804A  1960   130   229   249   404   430   537   516   903   926   983  ind
20804A  1970  1153  1217  1196  1493  1416  1179  1070  1223  1118  1139  ind
20804A  1980  1057   967   939   849   946  1227  1364  1436  1582  1331  ind
20804A  1990  1049  1235  1263  1227  1199  1174  1181  1227  1126   363  ind
20804A  2000   504   498   682   569   619   452 -9999
42250A  1924   161   616   711   779   945  1096
42250A  1930   661   548   151   598   748   838  1124  1271  1274   948  ind
42250A  1940   899  1003  1120   632  1237  1260  1120  1344  1658  1453  ind
42250A  1950  1330  1531  1214  1170  1221  1096  1070  1083  1173  1221  ind
42250A  1960  1390  1169  1088  1275   986   605   568   852   885   768  ind
42250A  1970   821   769  1014  1166   937   690   911  1450  1187  1026  ind
42250A  1980  1963  1994  1764  1325   724   630   603   447   832   722  ind
42250A  1990   524   653  1051  1371  1188  1051  1081   988   943   867  ind
42250A  2000   851   840   903  1153  1022   885   699   911   896  1178  ind
42250A  2010  1190   870   660   604   563 -9999
72212A  1946   531  1301  1315  1327
72212A  1950  1381  1160   837   740   633   730   416   263   876   796  ind
72212A  1960  1251   901  1103  1267   451    72   -53   379  1077   868  ind
72212A  1970  1137   826   960  1675  1487  1463  1328  1369  1243  1505  ind
72212A  1980  1176  2265  2770  3366  2382  1194  1162   851   364   724  ind
72212A  1990   556   721   479  1041  1105   746   268   852   824   382  ind
72212A  2000   498   806   722  1084   676   913   707   853  1133   981  ind
72212A  2010  1197   959  1012  1183 -9999
72345A  1933   485   659   693   849   720  1152   279
72345A  1940  1098  1112  1376   953  1208  1178  1069  1485  1454  1915  ind
72345A  1950  1963  1776  1591  1598  1263  1360   825   777  1210   766  ind
72345A  1960  1393  1199  1194  1026   532   683    53   705   306   669  ind
72345A  1970   929   662   650   709   843   965   998   910   980   790  ind
72345A  1980  2134  2767  2037  1450   780   730   657   729   951   601  ind
72345A  1990   681   709  1312  1240   714   560   859  1533   792   782  ind
72345A  2000   744  1114   932  1010  1245  1119  1317  1138  1437  1202  ind
72345A  2010  1191   982  1120 -9999
82403A  1922  1263   945   959   778   953  1241  1165  1157
82403A  1930   572  1022  1043   798   784  1059   699   888  1313   649  ind
82403A  1940   828   725   980   947   840  1320  1525  1398  1418  1553  ind
82403A  1950   900   851  1160  1141  1086  1210   824   520   827   522  ind
82403A  1960  1010   706   842  1028   925   394   713   785   993  1173  ind
82403A  1970  1452  1097  1011  1140   892   814  1245   752  1447  1250  ind
82403A  1980  1055  1250  1334  1448   887   834   842   608   995   842  ind
82403A  1990   713   725  1276  1216   765   748   952  1312   875   500  ind
82403A  2000   730  1387   934  1012  1008   996  1287  1123  1041  1170  ind
82403A  2010  1034  1080   793   799 -9999
92360A  1922  1090   580   282  1460  1048   558  1491  1774
92360A  1930  1895  2167  1623   769   610   688   763   484   487   401  ind
92360A  1940   400   108  1084   616   543   768   862   575  1240  1250  ind
92360A  1950   867   659   532   881  1104  1268  1445  1025  1289  1182  ind
92360A  1960  1257  1653  1747  1193  1069   597   950  1677  1679  1212  ind
92360A  1970  1500  1379  1171  1736  1891  1592   797  1486  1133  1021  ind
92360A  1980  1130  2163  2433  2162  1582  1221   805   729   666   526  ind
92360A  1990   566   573   814  1178   897   713   204   769  1151   642  ind
92360A  2000   467   482   677   460   415   626   746   854   684   772  ind
92360A  2010   519   695   408  1215   997   559 -9999
92442A  1940   379   556   546   507   765  1331  1617  1492  1652  1528  ind
92442A  1950  1610  1338  1207  1060  1415   692   722  1070  1368  1180  ind
92442A  1960  1021  1012   991   966   690   521   374   761   756   699  ind
92442A  1970   908   735  1014   855   719   751  1271  1180  1099   665  ind
92442A  1980  1165  1062  1141  1242   996   979   852   661  1066  1235  ind
92442A  1990   926   787   888  1744  1425  1287   718   794  1170   447  ind
92442A  2000   417   890  1199  1328  1228  1137   998  1139  1162  1082  ind
92442A  2010   908 -9999
102470A 1931   466   382   499   445   864   636   603   852   858
102470A 1940   933   938  1343  1107  1323  1402  1444  1310  1084  1535  ind
102470A 1950  1417  1120  1350  1033   799   730   950   803   893   914  ind
102470A 1960  1245  1153  1208   761   930   946   845   815   932  1103  ind
102470A 1970   977  1415  1374  1490  1776  1332  1374  1173  1257  1132  ind
102470A 1980  1005  1300  1476  1366   326   538   615  1128   725   834  ind
102470A 1990   911   663   940  1003   852   826   873  1300   802   707  ind
102470A 2000   802   448   662   684   646   933  1255  1134  1214   962  ind
102470A 2010  1026   975   961  1195 -9999
122554A 1935   923   565   599   822   737
122554A 1940  1044  1318  1442  1159  1106  1454  1456  1471  1442  1311  ind
122554A 1950   798   356  1061  1333  1133  1336  1213  1254  1241   515  ind
122554A 1960   548   484   557   417   428   726   581   621   732   691  ind
122554A 1970   693  1132  1685  1504  1134  1146  1133   692  1219  1042  ind
122554A 1980   866   837   868   622   905  1146  1120   824  1055  1427  ind
122554A 1990  1398  1350  1056  1421  1254  1138  1214  1282  1461   757  ind
122554A 2000   806   451  1005   918   978   955   897   821   834   892  ind
122554A 2010 -9999
190075A 1957   216   914  1367
190075A 1960  1704  1635  1792  1580   867   607   354   429   365   623  ind
190075A 1970   775   428   637   630   541   454   647   665   441   438  ind
190075A 1980   904  1093   589  1797  1624  3329  2780  1833   769    84  ind
190075A 1990   102   308   561   863   779  2367  2442  1611  1451   638  ind
190075A 2000  1531  1645  1738  1869  1025   792   298   416  1093   767  ind
190075A 2010   572  1198   805   554   406   298 -9999
42232A  1943   663   628   546   908  1092  1084  1383
42232A  1950  1302  1413  1343  1241  1206  1361  1077   955   896   720  ind
42232A  1960   975   884  1350  1270   930   594   545   613   438   777  ind
42232A  1970   814   632   733   867   746   625   640   703  1167   968  ind
42232A  1980  1631  1780  1779  1697  1293  1042  1153  1031   839  1016  ind
42232A  1990  1083  1278   897  1100  1375   762   850  1157  1152   489  ind
42232A  2000   417   647  1475  1142   518   941   950   959  1044   974  ind
42232A  2010  1023 -9999
042565A 1933   316   642  1115   945  1165  1400  1194
042565A 1940  1491  1181  1190  1011   922  1159   791   989   951  1105  ind
042565A 1950  1127  1202  1274  1415  1293  1289   938   932   723   731  ind
042565A 1960  1206   755  1247   779   429   179   113    94   220   363  ind
042565A 1970   925  1448  1406  1470  1318  1525   988   832  1072  1060  ind
042565A 1980   841  1004   716  1058   691   654   911  1095  1211   994  ind
042565A 1990   820  1072  1192  1811  1155  1091   899   661   372   479  ind
042565A 2000   769   766  1200  1305  1309  1431  1280   978  1127   797  ind
042565A 2010   847  1359  1585  1572 -9999
70602A  1929  1342
70602A  1930   966  1130  1342  1214   907  1211   979  1196  1103   804  ind
70602A  1940   850   889   500   660   871  1208   240   408   492  1033  ind
70602A  1950   615   806   799   631   435   510   473   590   509   486  ind
70602A  1960   654   882   797   969   667   751   671   856  1273  1286  ind
70602A  1970  1364   988   985  1260  1155  1204  1274   814   918  1183  ind
70602A  1980   731   697   987   973   985  1155  1231  1296  1172  1297  ind
70602A  1990  1619  1337  1507  1862  1559  1283  1181   763  1176   842  ind
70602A  2000  1141  1206  1424  1040  1097   874   984  1151  1410  1360  ind
70602A  2010  1120   956  1216   887  1148  1183 -9999
90285A  1926  -207   -38   134   249
90285A  1930    50   216   530  1391  1032  1583  1784  1593  1393  1556  ind
90285A  1940  1702  1793  1451  1427  1765  1569  1284  1355  1528  1767  ind
90285A  1950  1727  1604  1270  1174  1055  1056  1338  1360  1615   978  ind
90285A  1960   777   897   759   589   102   560   672  1078  1207  1253  ind
90285A  1970  1602  1619  1360   726   714   637   787   633  1227   859  ind
90285A  1980   896  1285   951   844   901  1024  1145  1047   644   715  ind
90285A  1990   724   585   769  1230   650   705   563   878   730   650  ind
90285A  2000   887  1716  1247  1171  1033  1279  1399  1310  1271  1458  ind
90285A  2010  1207  1262   988 -9999
092501A 1932  1245  1455  1267  1314  1431  1282  1174  1160
092501A 1940   854  1245   630   315   580   887   866   843   973   941  ind
092501A 1950   776  1088  1087  1256  1127  1272  1231  1152  1336   864  ind
092501A 1960  1170   607   752   870   618   663   232   556   420   429  ind
092501A 1970   478   559   508   591   737   644   741   812  1053   970  ind
092501A 1980   918  1194  1476  1755  1552  1414  1498  1533  1557  1323  ind
092501A 1990  1221  1264  1050  1328  1234  1096  1020  1082  1287   919  ind
092501A 2000   782   997  1080   931   914   955   691   887  1238   875  ind
092501A 2010   951   798   880   961   710   851 -9999
111166A 1918   722   386
111166A 1920   231   639   687   629   739   576   462   539   564  1114  ind
111166A 1930   602   912   795   459   227   593   412   668   836   792  ind
111166A 1940  1005   868   920   868  1051  1208  1109  1214  1293  1554  ind
111166A 1950  1409  1456  1491  1336  1545  1522  1464  1574  1633  1603  ind
111166A 1960  1540  1511  1472  1329  1252  1021   925  1140  1322  1059  ind
111166A 1970  1148  1236  1264  1356  1544  1435  1416  1290  1250  1352  ind
111166A 1980  1384  1494  1333  1186  1284   959  1137  1002   838   565  ind
111166A 1990   473   472   774   674   641   497   792   544   628   384  ind
111166A 2000   492   642   702   649   612   698   761   922   802   802  ind
111166A 2010   619   750   748   800   879 -9999
121017A 1956   244   705   755   491
121017A 1960  1111   916   772  1383  1591   823   685  1024  1031   669  ind
121017A 1970  1077  1473  1613  1315  1412  1087  1539  1657  1841  1586  ind
121017A 1980  1360  1467   962  1252   875   369   429   535  1126  1135  ind
121017A 1990  1533  1232  1401  1132   665   504   839   707   487   314  ind
121017A 2000   629   461   630   690   454   715   690   314   910   466  ind
121017A 2010   615   884   759  1876  1551  1105  2161  2301 -9999
131192A 1949  1604
131192A 1950   862  1031   950   904  1154   834  1021   606   704    84  ind
131192A 1960   560   853   927  1086   921  1120   890  1217  1240  1263  ind
131192A 1970   901  1843  1629  1560  1646  1154  1318  1014  1508  1124  ind
131192A 1980   749  1133  1132  1126  1127   689   133   487   560   549  ind
131192A 1990   799   756   883   853   673  1034  1105  1177  1060   879  ind
131192A 2000  1515  1427 -9999
151051A 1923   729   696   255   289  1444  1297  1583
151051A 1930  1297  1223  1123  1109  1349  1540  1239  1376  1530  1309  ind
151051A 1940  1251  1275  1269  1159   875  1046  1160  1009  1128  1173  ind
151051A 1950  1355  1137  1221  1058   886   955   926   955   993   645  ind
151051A 1960   629   559   407   329   232   136   293   216   234   418  ind
151051A 1970   631   722   705   677   989   973   913   781  1116  1352  ind
151051A 1980  1688  1574  1539  1316  1251  1074  1177  1047  1134  1136  ind
151051A 1990   942  1054   905  1262  1049  1083   860  1260  1034  1002  ind
151051A 2000  1105  1011  1336  1546  1511  1180   826   942  1000   964  ind
151051A 2010   885   917  1410   953   941   712   866 -9999
160962A 1920   294   631  1265   799   693   240   459   855   838   696  ind
160962A 1930  1047   998   923  1093  1139  1058   952   991  1137  -109  ind
160962A 1940  -165   434   658   254   276   182   311  1231  1597  2013  ind
160962A 1950  1684  1649  1260  1272  1352  1295  1363  1214  1158   917  ind
160962A 1960  1382  1154  1321  1322  1452  1126   934   986  1351   913  ind
160962A 1970  1371  1275  1902  1499  2421  2277  1972  1432  1654  1494  ind
160962A 1980  1280  1240   550   507   862   343   854   546   439   464  ind
160962A 1990   551   405   557   710   545   563   456   788   864   681  ind
160962A 2000   810   670   877   571   732   930   624   735 -9999
172220A 1959   877
172220A 1960   715  1127  1113   971   623   703   662   788  1015   966  ind
172220A 1970  1232  1137  1318  1307  1152  1145  1153   579   653   395  ind
172220A 1980  1849  1537  1658  1498   887   759   678   426   481   236  ind
172220A 1990   342   415   633  1385  1157  1374  1315  1611  1789  1147  ind
172220A 2000  1096  1262  1734   658   752   846   961  1137  1270  1063  ind
172220A 2010   484   651   871   913   775   741   917 -9999
200188A 1990  1021   837   950  1012   996   810  1210   949  1275  1068  ind
200188A 2000   796   869  1086   484   854  1348  1109   337  1827   650  ind
200188A 2010  1078  1000  1244   733   723   766  1142  1120 -9999
80248   1940   666   486   470   522   693  1017  1152  1194  1291  1745  ind
80248   1950  1192  1022   903   624  1173  1483  1147  1311  1674  1292  ind
80248   1960  1261  1084  1433   906   455   764   262   816   899  1285  ind
80248   1970   430    72  1013  1747  1356   940   789   663   915  1299  ind
80248   1980  1569  1804  1802  1244   836   860   770   784  1327   992  ind
80248   1990   883   755   935   960   674   576   801   848   895   541  ind
80248   2000   837  1009  1203  1341  1188  1054   829   872  1161  1168  ind
80248   2010 -9999
192129  1971   627  1041   726   636   622   876   473   563   460
192129  1980   964   982  1061  1149   351   594   622   560   831  1179  ind
192129  1990  1241  1025  1043  1314   885  1654  1772  1796  1291   939  ind
192129  2000  1141   952  1623  1437  1536   807   995   544  1138  1552  ind
192129  2010 -9999
92389   1928   771  1527
92389   1930  1278  1682   455   379   226   815   860  1094   692   417  ind
92389   1940  1000  1068   943   564  1388  1641  1628  1661  1800  1767  ind
92389   1950  1553   914   922   775  1139  1214   869   685  1193   912  ind
92389   1960  1390  1154  1042  1273   593   584   344   686   358   953  ind
92389   1970   769   567   707   641   556   633   680   542  1047  1009  ind
92389   1980   643  1296  2106  1985  1742  1374  1131   894   819   869  ind
92389   1990   861   888   536  1226  1406   998   796  1173  1335   717  ind
92389   2000   831   674  1359  1252  1185   978   863   548  1168  1152  ind
92389   2010 -9999
90369   1954   255  1522  1371  1430  1115   840
90369   1960   879  1223  1348   941   439   564   452   827   460   754  ind
90369   1970   640   442  1079  1401  1549  1423  1435   882  1536  2103  ind
90369   1980   105   840  1853  1692  1659  1197  1194  1597  1424  1562  ind
90369   1990  1210   797  1058  1156   848   885  1027   774   651   538  ind
90369   2000   628   653   711   647   619   865   703   801   761   710  ind
90369   2010 -9999
110952  1931  1235   769   653   746   854   838  1309  1665  1286
110952  1940  1369   726  1095   903  1076   883   673  1035   324   -96  ind
110952  1950   296   453   657   430  1296  1590  1428  1356  1362   790  ind
110952  1960  1329  1030   612  1206    68   716   704  1300   847  1089  ind
110952  1970  1214  1392  1480  1566  1679  1353  1683  1140   771   931  ind
110952  1980  1613  1286  1763  1404   737   946  1275   763   901   998  ind
110952  1990  1050  1049  1180  1181   730   758   899   840   720   533  ind
110952  2000   925   674  1126   824   667   753   783   725  1029   989  ind
110952  2010 -9999
192128  1965   540   247    77   132   364
192128  1970   962   976  1181   392   956   929   929   410   739   462  ind
192128  1980  1886  1930  2152  1914  1292  1575  1207  1011  1049   925  ind
192128  1990  1078   806  1570  1837  1022  1240   741  1229   543   294  ind
192128  2000   361   315   672   757  1078  1075  1335  1468  1715  1628  ind
192128  2010 -9999
120924  1938   296   120
120924  1940   580   950  1150  1128  1034  1358   580   764   729   662  ind
120924  1950   368   670  1196  1311  1831  1858  1817  1775  1703  1214  ind
120924  1960  1224  1227  1382   992   736   618   466   406   731   785  ind
120924  1970  1085  1076   791   632  1082  1268  1305  1127  1028  1022  ind
120924  1980  1156  1428  1661  1834  1196  1102   695   919   615   722  ind
120924  1990   731   680   426   790  1064  1052  1104   995  1001   684  ind
120924  2000   573   622   838  1197  1090   936   962  1024  1095  1236  ind
120924  2010 -9999
12366   1981  1213  1020   543   126    48   467  1676  1267  1353
12366   1990  1489  1207  1145  1420  1476  1114  1165  1383  1313   783  ind
12366   2000   768   967   527   647   650   761   748  1096  1153   993  ind
12366   2010 -9999
82317   1922  1288   826   978   732   649   808  1101  1102
82317   1930  1083   550   415   209   406   739   675  1061   839   651  ind
82317   1940  1408  1406  1602  1454  1339  1516  1710  1770  1222   985  ind
82317   1950   895   982  1360  1440  1242  1278  1279  1199  1209  1076  ind
82317   1960  1275  1152  1217  1052  1367   858   544   361   534   292  ind
82317   1970   607   686   332   342   671   553   318   328   635   839  ind
82317   1980   226  1377  2418  2543  2467  1678  1317  1035  1135   840  ind
82317   1990   772   599   936  1068  1334   735   824  1186  1045   447  ind
82317   2000   611   596   755   964   962   967  1018  1030  1246  1123  ind
82317   2010 -9999
50281   1955   562  1131  1453  1351  1424
50281   1960  1976  1679  1759  1449  1090  1296   898  1075  1075   925  ind
50281   1970  1308   714   799   577   117   237   636   335   452   328  ind
50281   1980  1159   728   190    54    54   419   722   772   851   810  ind
50281   1990   746   766  1191  1061   833   994  1571  1505  1160   836  ind
50281   2000  1295  1717  1833  1447  1743  1170   982  1283  1494   970  ind
50281   2010 -9999
22603   1962  1933  1348   638   387   754   966  1705  1748
22603   1970  1590  1008  -122   241   -51   273   380   379   398   218  ind
22603   1980  1544  1953  1640  1633  1478  1517  1301  1251   838  1040  ind
22603   1990  1194  1317  1177  1400  1198  1115  1136  1209  1180   649  ind
22603   2000   571   556   614   493   582   911  1081  1192  1179  1072  ind
22603   2010 -9999
100997  1954   327   343  1570  1377  1375  1472
100997  1960  1143  1166  1148  1184  1000  1013   640   636   250   655  ind
100997  1970   341   997   957  1034  1560  1669  1643  1673  2370  1356  ind
100997  1980  1525  1143   615  1208   842   626   401   278   211   265  ind
100997  1990   281   310  1007  1155  1153  1036  1026   958   895   679  ind
100997  2000   965  1130  1184  1153  1180  1346  1358  1236  1192  1103  ind
100997  2010 -9999
190497  1950  1233  1019   337    22   275   290   570   584   491   387  ind
190497  1960   712   800   859   618   572   629   371   422   575   494  ind
190497  1970   295   232   418   941  1186  1322   970  1036  1087  1208  ind
190497  1980  1568  2044  1817  1788  1803  1491  1656  1564  1819  1527  ind
190497  1990  1282  1005   812  1130  1232  1256  1196   837  1083   814  ind
190497  2000   898  1197  1182  1366  1273  1026  1312  1052  1357  1513  ind
190497  2010  1148 -9999
131047  1950   650   290    84   246   138   127   934  1639  1923  1836  ind
131047  1960  1642  1336  1322  1102  1118   837   503   394   353   794  ind
131047  1970   775  1156  1253  1137  1608  2069  1900  1845  1751  1646  ind
131047  1980  1649  1636   768   681   640   626   759   941   564   756  ind
131047  1990   781   353   727  1038   943   651   854   846  1271   940  ind
131047  2000   838  1005   970   936   807   684   861   936  1122  1053  ind
131047  2010 -9999
91491   1928  1265  1487
91491   1930  1072   617   722   441   222   243   347   236   873   854  ind
91491   1940  1573  1763  1698  1418  1443  1440  1077  1301  1091   713  ind
91491   1950   841  1346  1348  1334  2019  2063  1824  1353  1246  1220  ind
91491   1960  1253  1119   763   832   872   759   483   839   612   531  ind
91491   1970   669   490   708   650   670   604   606   912  1145   674  ind
91491   1980   932   843   809   713   723   968   792   615   969   421  ind
91491   1990  1099  1210  1148  1101   771   920   942  1020   949   798  ind
91491   2000  1157  1292  1518  1271  1287  1258  1148  1320  1281  1292  ind
91491   2010 -9999
60125   1929  1386
60125   1930   602   673   533   759   747   887   798  1032  1305   677  ind
60125   1940   937   958  1358  1474  1415  1581   934  1262  1489  1634  ind
60125   1950  1498  1327  1548  1460  1629  1514   823   440   595   499  ind
60125   1960   411   702   665   871   822   606   542   651   544   507  ind
60125   1970   623   676   450   913   659   186   705  1182  1560   718  ind
60125   1980  1755  1897  2144  1157   832   604  1226  1388  1295  1229  ind
60125   1990  1000   846  1290  1092   950   747  1244  1192  1042   804  ind
60125   2000  1069   881  1029   868   959   910   886  1041  1002   874  ind
60125   2010 -9999
111033  1915  1358  1206  1346  1326  1367
111033  1920  1554  1521  1400   935  1012   916  1018  1050   844   614  ind
111033  1930   726   777   792   631   649   443   723   653   859   666  ind
111033  1940   702   478   505   548   869  1428  1152  1285  1480  1496  ind
111033  1950  1105  1222   901   942  1147   884   914   814   992   579  ind
111033  1960   872   916   915   830   929  1069   859   722  1014   930  ind
111033  1970   883  1119  1228  1455  1435  1292  1073  1024  1251  1144  ind
111033  1980  1327  1020  1139  1152  1034  1000  1044  1158  1076  1119  ind
111033  1990   846   903   924   715   710   988   974 -9999
52388   1950   979   860   860   706   745   819   896   977   905   619  ind
52388   1960  1170  1022  1140  1397  1345  1238   711   864  1238  1466  ind
52388   1970  1451   521  1031  1003   781   539   728   785   682   532  ind
52388   1980  1557  1694  1377  1009   941  1063  1305  1250  1034  1127  ind
52388   1990  1010   558  1382  1493  1063  1082  1072   967  1021   971  ind
52388   2000   658   817   562   508   858  1032   957   979   928  1018  ind
52388   2010 -9999
80746   1953   776   276  1013  1451  1872  2081  1548
80746   1960   360   324   580   893   681   550  1053  1078  1328  1316  ind
80746   1970  1275  1366  1118  1316   835   499   640   207   210   449  ind
80746   1980   345   637   526   486   566   815   199   170  1439  1504  ind
80746   1990  1068   675   863  1195  1655  1909  1856  1757  2111  1436  ind
80746   2000  1653 -9999
82368   1870   592   334   455   558   338   226   719  1144  1423  1298  ind
82368   1880  1159  1113   921   865   950   685   732   486   554   577  ind
82368   1890   907  1127   885   882  1102  1130  1227  1098   801   980  ind
82368   1900   740  1042  1208  1294  1131   975   830   512   519   706  ind
82368   1910   876   763   812  1084  1155  1440  1673  1392   853   944  ind
82368   1920   654  1086  1324  1220  1476  1330  1126  1100  1209  1049  ind
82368   1930   881  1209  1312  1010  1067   995   751   970  1253  1249  ind
82368   1940  1327  1434  1330  1096  1522  1963  1748  1708  1620  1670  ind
82368   1950  1642  1450  1274  1332  1347  1494  1319  1213  1344   966  ind
82368   1960  1268  1174   933   856   919   917   867   617   820   671  ind
82368   1970   643  1110   746   684   669   733   510   274   887   799  ind
82368   1980   777  1150  1125  1173  1026  1091  1137  1046   702   590  ind
82368   1990   696   427   549   855   655   690   725   708   971   415  ind
82368   2000   497   534   484   924   943  1024  1204  1164  1379  1218  ind
82368   2010 -9999
130579  1924   950   693   611   772   611   733
130579  1930   395   903  1073  1229  1116  1040  1078   760   776  1178  ind
130579  1940   963  1109  1088   895   738  1314  1306   990   953  1559  ind
130579  1950  1382  1173   661   818   772   875  1086   976  1606  1463  ind
130579  1960  1851  1861  1275   830   733   986   454  1024  1179   547  ind
130579  1970   951   931  1309  1340  1562  1721  1388   652  1340   808  ind
130579  1980   628   793   773   683   957  1022  1141   938   919   963  ind
130579  1990  1205   730  1194  1239   829  1281   924   474   541   489  ind
130579  2000   593  1203  1026   905   974   969  1018  1033  1041  1017  ind
130579  2010 -9999
92486A  1921  1434  1324  1123  1095   964   558   865   922   485
92486A  1930   591  1208   844   976   681   774   451   131   614   674  ind
92486A  1940  1166  1231   964  1020  1327  1724  1652  1773  1817  1669  ind
92486A  1950  1846  1832  1383  1559  1055  1442  1234  1289  1404   946  ind
92486A  1960  1070   606   643   853   762   673   234   762   387   557  ind
92486A  1970   575   557   402   654   563   330   368   444   438   376  ind
92486A  1980   860   834  1243  1237  1000   927   990   736   982  1055  ind
92486A  1990  1459  1120  1577  1468  1217  1072  1133  1122  1367   727  ind
92486A  2000   819  1098  1208  1325  1300  1044  1062  1270  1222  1208  ind
92486A  2010 -9999
121423A 1935  1228  1257   882  1097   639
121423A 1940  1152  1133   728   352   770  1057  1191  1293  1317   989  ind
121423A 1950  1034   733  1090   878  1195   872  1152   965   787   491  ind
121423A 1960  1059  1038  1293  1218  1285   926   635   716   916   992  ind
121423A 1970  1278  1366  1172  1585   992  1070   860   947   641   432  ind
121423A 1980   661   696   718   657   843   725   802   824   931   831  ind
121423A 1990  1454  1763  1525  1586  1700  1322  1315  1120   843   756  ind
121423A 2000   614   693   991  1040   653   810   982  1145   765 -9999  ind
52237A  1937   461  1246  1159
52237A  1940  1451  1479  1211   292   696  1095  1225  1126  1093   767  ind
52237A  1950   895   697  1163  1286   456   983   721   747   792  1084  ind
52237A  1960  1404  1182   916   825   569   563   364   628   850   852  ind
52237A  1970  1267  1499  1883  1642  1550  1593  1642  1393  1255   955  ind
52237A  1980  1557   344   576  1046   619   822  1104  1235   433   591  ind
52237A  1990   877   984  1541  1705  1050  1166  1291  1687  1568   947  ind
52237A  2000   929  1148  1660   877   450  1302   343   319   237   368  ind
52237A  2010   673   677   816   938  1201 -9999
70469A  1953  1928  1318   815   466   434   524   297
70469A  1960   935  1069   796  1118   814   807   360   -23   409   293  ind
70469A  1970  1722  1716  2149  2222  1956  1505  1883  1895  1925  1508  ind
70469A  1980  1626   998   984   817  1088   801   811   672   366   343  ind
70469A  1990   688   567   656   557   482   681   923  1097  1284   735  ind
70469A  2000  1203   934   882  1198  1201  1297  1417   942 -9999
80641A  1937  1236   789   724
80641A  1940   590   453   628   700   401   572   795   877   911   945  ind
80641A  1950   907   807   247   718  1024  1000  1216   992  1249  1113  ind
80641A  1960  1389  1494  1371   785   876   692   832  1053  1725  1793  ind
80641A  1970  1205  1124  1227  1149  1207  1240  1190  1284  1555   938  ind
80641A  1980  1595  1454  1612  1365  1137   858   680   825   879  1033  ind
80641A  1990   776   842  1238  1279  1012   952   945  1277   822   511  ind
80641A  2000   810   812   981   760   763   674   898   741   883   783  ind
80641A  2010   818   884   876   656   923   867   603 -9999
90607A  1919  2135
90607A  1920  1312  1187   874   320   397    99   101   909  1224  1564  ind
90607A  1930  1263   619   186   335   439   503   826   822   770   756  ind
90607A  1940   810   842   509   622   629   509   664  1073  1194  1628  ind
90607A  1950  1556  1497  1527   996  1244  1738  1511  1809  1718  1573  ind
90607A  1960  1493  1443  1255  1099  1078  1007   671   776   811   843  ind
90607A  1970  1135   910  1030  1476  1143  1121  1071  1146  1282  1158  ind
90607A  1980   541  1144  1339  1219  1183  1224  1288  1083   925  1071  ind
90607A  1990  1215  1083   985  1393   504  1016   777  1056   702   488  ind
90607A  2000   598   480   632   726   595   768   725   641   705 -9999  ind
110899A 1933   886  1210  1319  1567  1150  1360   457
110899A 1940  1235   982  1174  1133   909  1051  1087  1005  1154  1273  ind
110899A 1950  1170   718   578  -300   431  1353  1784  1678  1403   460  ind
110899A 1960   676   410   477   679  1414  1305   841   939   721   601  ind
110899A 1970   530   317   714  1597  1520  1339   956   803  1154  1167  ind
110899A 1980  1148  1275  1374  1165   891   957  1045  1366  1282   872  ind
110899A 1990   881   537   613  1009   933   836  1063   932   733   886  ind
110899A 2000   549   924  1071  1350  1569  1591  1496  1402  1165   862  ind
110899A 2010   594  1027   875   925   906   752   963  1294 -9999
112421A 1950  1523  1178  1087  1239  1290  1159   576   764   579   503  ind
112421A 1960   546   702   669   915   704   656   650   756   674   588  ind
112421A 1970   612   559   337   654  1309  1669  2178  2040  2119  1901  ind
112421A 1980  1554  1590  1459  1396   775   578   754   486   851   795  ind
112421A 1990   729   493  1198  1642  1502  1347  1532  1316  1460   844  ind
112421A 2000   997   602  1299  1165   786   750   337   266   499   787  ind
112421A 2010   974 -9999
140280A 1924   820  2274  2333  4967  2192  2138
140280A 1930  2538  2255  4414  2789  5110  3474  2379  2165  1912  -164  ind
140280A 1940  1473  1713  1989    87   532  1136  1158   442  1709  2564  ind
140280A 1950  1369  1955  1303  2828  3585  3690  3012  2774  1174  1143  ind
140280A 1960  1602  2346  1000  -511 -1084 -1528 -1921 -2912 -3026 -2655  ind
140280A 1970  -706 -1646  -655  -567    62  -936  -115   167   115    81  ind
140280A 1980  1738  2456  2453  2639  1178   609   124   -23  -324   -88  ind
140280A 1990 -1159   294  2928  2995  -181   204   -90   832    21   323  ind
140280A 2000  1646  1453  2016  2920  3413  2947  1592  3930  4071  3283  ind
140280A 2010  2130  3489  4648  5092  4777  3032  1585 -9999
171403A 1950   789   648   527   471   872  1431   962  1069  1221  1278  ind
171403A 1960  1347  1214  1494  1298  1235  1038   926   702   872   897  ind
171403A 1970   945   804   784   611   854   853   833   846   667  1008  ind
171403A 1980   820  1447  1401  1355  1439  1423  1296  1206  1061   833  ind
171403A 1990   978   800   828   954   778   525  1105  1063  1316   736  ind
171403A 2000   926  1096  1007  1098   939  1083  1166  1005  1083   842  ind
171403A 2010   868   876  1087  1002   653 -9999
052246A 1945   325   233   271   -64   205
052246A 1950   461   792   851  1106  1126  1832  1546  1104  1065  1141  ind
052246A 1960  1365  1419  1504  1444  1154  1333  1222  1342  1310  1340  ind
052246A 1970  1353  1594  1294  1377  1318  1115  1255  1276  1189  1157  ind
052246A 1980  1029  1016   978   924   874   659   511   505   776   800  ind
052246A 1990   694   700   963  1081   736   824  1157   995   977   827  ind
052246A 2000   876  1043   857  1076   926   901  1014  1018  1092   905  ind
052246A 2010   793 -9999
82239A  1930  1154  1181  1249  1386  1233  1329  1413  1377  1382  -108  ind
82239A  1940   156   336   674   505   269  1118  1273  1007   977  1089  ind
82239A  1950  1030  1191  1262  1684  1300  1338   955   862  1068   807  ind
82239A  1960   909   922   887  1038   956   690   672   807   588   596  ind
82239A  1970   557   667   806   585   661   755   982   884  1014  1051  ind
82239A  1980  1151  1412  1458  1348  1232  1239  1307  1432  1410  1431  ind
82239A  1990  1246   960  1136  1144   951  1380  1184  1268  1083   909  ind
82239A  2000   886  1034  1006   976   954   820   736   734   706   629  ind
82239A  2010   634 -9999
82381A  1942   714   559   217   197   660  1235  1141   963
82381A  1950   963   439   237   598   745   811  1213  1172  1284  1116  ind
82381A  1960   958  1109  1154  1175  1219  1716  1104  1335  1362  1313  ind
82381A  1970  1383  1263  1579  1596  1433  1456  1608  1731  1467  1359  ind
82381A  1980   593   790   866   901   652   825   658   691   773   924  ind
82381A  1990   930   956  1071   937   727   736   905   767   663   644  ind
82381A  2000   491   628   888   931   874   861   904  1080   938  1082  ind
82381A  2010  1157  1112   885   948 -9999
110902r 1924   273   764   435   936  1123  1034
110902r 1930   714   956   853   477   530   612   806   818   740   579  ind
110902r 1940   829  1165  1204  1162  1130  1055  1283  1235  1287  1119  ind
110902r 1950   881  1085  1176  1163  1098  1192  1171  1093  1212  1111  ind
110902r 1960   976  1047   975  1055  1148  1067   896   917   837  1053  ind
110902r 1970  1204  1297  1178  1594  1501  1212  1304  1177  1476  1216  ind
110902r 1980   834   989  1255  1256  1038  1216  1009   887   997  1076  ind
110902r 1990  1157  1096  1205  1199  1236  1362  1298  1069  1035   819  ind
110902r 2000   773   776   837  1035   703   540   462   387   526   562  ind
110902r 2010   485   351 -9999
