litu_drop.rwl -- no data title --                         1st itrdb line missing     
litu_drop.rwl -- no data title --                         2nd itrdb line missing     
litu_drop.rwl -- no data title --                         3rd itrdb line missing     
12490   1940   838   855   862   897   876   888   845   832   792   770  raw
12490   1950   834   825   827   807   816   798   876   805   825   828  raw
12490   1960   813   846   834   862   772   860   805   833   872   841  raw
12490   1970   864   866   851   883   814   826   830   813   861   872  raw
12490   1980   805   785   795   752   817   829   872   869   874   878  raw
12490   1990   898   890   854   849   872   910   901   904   902   925  raw
12490   2000   905   904   907   874   898   894   878   883   894   893  raw
12490   2010 -9999
22545   1922   823   827   890   768   805   847   861   841
22545   1930   808   839   836   898   858   872   876   816   828   897  raw
22545   1940   859   885   864   898   877   889   849   838   838   806  raw
22545   1950   846   832   863   832   820   798   879   880   875   869  raw
22545   1960   826   850   837   864   856   864   808   843   878   848  raw
22545   1970   865   889   862   886   815   837   840   819   867   891  raw
22545   1980   839   819   811   803   870   847   883   884   889   883  raw
22545   1990   899   893   869   879   887   913   901   904   903   926  raw
22545   2000   908   905   908   880   907   903   883   892   904   904  raw
22545   2010 -9999
22604   1964   859   874   812   863   882   853
22604   1970   867   891   865   894   835   860   853   822   879   895  raw
22604   1980   855   822   814   812   871   864   896   889   909   884  raw
22604   1990   910   895   871   879   888   913   905   904   906   928  raw
22604   2000   913   907   908   885   908   903   903   894   909   906  raw
22604   2010 -9999
32189   1936   892   854   867   904
32189   1940   869   888   864   899   881   895   883   854   841   836  raw
32189   1950   860   853   869   861   834   808   904   892   889   871  raw
32189   1960   872   855   851   866   860   876   871   884   886   867  raw
32189   1970   881   896   889   900   839   862   854   823   891   900  raw
32189   1980   875   832   829   848   874   886   908   893   916   896  raw
32189   1990   914   914   892   886   894   917   919   911   909   928  raw
32189   2000   917   914   917   903   909   907   904   896   913   908  raw
32189   2010 -9999
42544   1944   884   904   894   866   890   844
42544   1950   868   880   870   861   857   847   914   894   893   876  raw
42544   1960   898   877   860   884   872   903   872   891   902   883  raw
42544   1970   883   897   894   902   849   886   866   848   897   905  raw
42544   1980   876   841   861   849   887   895   921   904   917   910  raw
42544   1990   920   922   901   892   902   920   921   916   911   929  raw
42544   2000   920   919   920   904   912   912   904   896   916   910  raw
42544   2010 -9999
50406   1939   904
50406   1940   871   889   868   901   885   910   897   868   900   866  raw
50406   1950   887   882   876   872   857   852   918   906   904   885  raw
50406   1960   898   900   868   900   898   906   875   896   906   883  raw
50406   1970   884   919   901   906   863   890   870   863   909   910  raw
50406   1980   884   856   865   856   891   896   924   906   922   922  raw
50406   1990   926   923   902   895   905   921   923   917   913   931  raw
50406   2000   922   920   923   904   914   912   906   897   918   917  raw
50406   2010 -9999
50474   1923   862   901   827   818   888   899   881
50474   1930   813   883   841   902   860   875   897   872   869   919  raw
50474   1940   886   891   884   908   893   914   899   876   901   872  raw
50474   1950   899   889   879   876   894   872   922   906   904   899  raw
50474   1960   903   906   871   916   900   909   877   900   906   900  raw
50474   1970   920   926   907   907   884   893   888   864   918   917  raw
50474   1980   885   873   875   872   899   900   925   913   924   926  raw
50474   1990   929   926   905   897   906   922   928   919   915   931  raw
50474   2000   924   921   923   910   917   913   908   902   921   920  raw
50474   2010 -9999
50555   1919   809
50555   1920   889   894   836   886   903   837   878   896   913   906  raw
50555   1930   911   884   863   910   861   875   911   886   882   921  raw
50555   1940   893   902   893   909   902   917   903   891   906   874  raw
50555   1950   901   891   884   882   897   876   931   907   905   902  raw
50555   1960   909   910   889   918   911   909   881   901   913   909  raw
50555   1970   921   927   908   913   915   900   893   865   923   932  raw
50555   1980   889   874   897   878   903   904   925   914   926   928  raw
50555   1990   932   927   908   902   907   925   929   920   918   932  raw
50555   2000   927   924   923   913   919   914   910   902   922   921  raw
50555   2010 -9999
60083   1960   912   911   904   924   913   914   896   910   920   914  raw
60083   1970   923   928   909   918   916   907   893   884   923   932  raw
60083   1980   903   891   899   889   905   914   926   919   930   929  raw
60083   1990   933   927   910   906   909   927   931   923   919   935  raw
60083   2000   927   925   923   913   924   917   913   913   923   922  raw
60083   2010 -9999
60287   1947   906   914   882
60287   1950   910   898   894   886   903   910   933   910   913   908  raw
60287   1960   916   914   914   929   918   918   897   912   926   923  raw
60287   1970   924   928   913   918   916   914   903   888   927   932  raw
60287   1980   905   892   900   890   909   918   926   921   930   930  raw
60287   1990   934   931   912   906   911   927   933   923   923   941  raw
60287   2000   928   927   925   915   925   919   918   921   925   925  raw
60287   2010 -9999
62248   1952   900   890   914   913   937   910   920   916
62248   1960   924   926   922   930   918   921   910   912   934   923  raw
62248   1970   928   932   921   922   917   917   904   895   927   934  raw
62248   1980   912   893   900   897   923   920   929   922   931   931  raw
62248   1990   934   934   917   906   912   932   934   924   924   941  raw
62248   2000   931   929   926   922   926   921   927   922   925   928  raw
62248   2010 -9999
70433   1914   475   599   866   950   718   927
70433   1920   934   903   904   912   926   860   883   905   922   927  raw
70433   1930   919   887   878   912   876   878   927   902   886   922  raw
70433   1940   904   903   901   910   903   923   913   908   917   900  raw
70433   1950   911   904   908   899   923   923   940   918   925   924  raw
70433   1960   926   930   936   932   920   936   911   921   935   923  raw
70433   1970   931   936   927   930   917   921   912   899   932   934  raw
70433   1980   920   894   904   903   924   924   931   925   932   931  raw
70433   1990   936   935   918   918   912   933   934   935   925   941  raw
70433   2000   932   930   930   924   928   922   929   924   926   928  raw
70433   2010 -9999
80282   1955   924   942   920   927   927
80282   1960   929   932   938   934   928   937   914   925   941   926  raw
80282   1970   931   937   929   930   921   928   915   903   934   941  raw
80282   1980   923   903   911   903   932   932   932   925   933   931  raw
80282   1990   938   937   923   919   916   934   936   935   928   943  raw
80282   2000   934   931   931   926   932   924   930   925   929   934  raw
80282   2010 -9999
80711   1906  1000  1000  1000  1000
80711   1910  1000  1000  1000  1000   960   918   963   951   916   927  raw
80711   1920   962   922   916   951   930   897   886   910   924   929  raw
80711   1930   936   905   900   914   883   889   937   910   892   927  raw
80711   1940   917   916   909   910   903   929   929   912   918   910  raw
80711   1950   912   923   911   904   924   924   945   921   930   928  raw
80711   1960   932   933   942   936   936   939   914   929   942   927  raw
80711   1970   934   937   929   936   921   929   919   904   937   946  raw
80711   1980   925   903   920   913   934   934   933   927   934   932  raw
80711   1990   938   937   924   930   918   934   939   936   928   944  raw
80711   2000   939   933   933   927   933   924   930   926   930   934  raw
80711   2010 -9999
80719   1915   977   976   964   971   977
80719   1920   968   950   928   962   933   940   933   916   932   930  raw
80719   1930   937   906   905   925   910   896   942   921   903   932  raw
80719   1940   925   923   911   919   906   935   932   930   922   914  raw
80719   1950   914   924   924   909   934   927   947   929   935   931  raw
80719   1960   935   935   944   939   944   940   914   932   945   936  raw
80719   1970   935   939   932   939   929   931   921   906   940   947  raw
80719   1980   926   904   922   925   936   935   934   933   934   935  raw
80719   1990   939   938   926   931   927   939   942   936   930   945  raw
80719   2000   941   938   934   932   936   929   931   926   931   935  raw
80719   2010 -9999
82218   1919   985
82218   1920   977   965   942   970   945   965   942   924   934   935  raw
82218   1930   939   936   916   932   916   918   945   930   917   937  raw
82218   1940   926   928   918   926   922   936   934   931   929   923  raw
82218   1950   920   925   931   915   935   930   948   931   935   938  raw
82218   1960   944   942   945   944   951   941   924   938   948   940  raw
82218   1970   937   949   936   941   929   935   923   907   940   948  raw
82218   1980   927   905   925   927   936   936   939   933   936   936  raw
82218   1990   939   938   928   931   929   941   945   939   935   946  raw
82218   2000   943   938   937   934   937   937   932   928   933   936  raw
82218   2010 -9999
90287   1920   982   979   970   972   967   966   945   950   945   942  raw
90287   1930   940   938   918   952   918   918   947   932   928   939  raw
90287   1940   933   936   927   937   930   938   945   934   930   924  raw
90287   1950   927   928   933   921   940   931   950   937   943   943  raw
90287   1960   945   945   947   952   954   954   924   940   949   941  raw
90287   1970   939   950   943   944   935   936   929   914   940   948  raw
90287   1980   931   908   925   933   947   938   940   933   938   937  raw
90287   1990   939   940   937   932   929   942   947   940   936   947  raw
90287   2000   944   940   937   936   940   939   934   936   935   943  raw
90287   2010 -9999
90645   1954   942   939   950   939   943   944
90645   1960   952   946   952   953   955   957   927   945   949   948  raw
90645   1970   939   950   944   946   937   939   933   917   941   950  raw
90645   1980   938   921   933   942   947   939   940   934   940   937  raw
90645   1990   943   944   939   933   930   944   948   941   940   947  raw
90645   2000   946   941   937   936   942   941   935   936   939   943  raw
90645   2010 -9999
91377   1927   955   948   953
91377   1930   954   954   933   954   920   922   948   933   934   943  raw
91377   1940   933   948   928   938   944   942   947   934   939   934  raw
91377   1950   932   930   945   926   943   942   952   945   949   945  raw
91377   1960   954   947   955   955   955   957   933   947   958   949  raw
91377   1970   941   951   944   946   938   944   940   929   945   952  raw
91377   1980   940   927   934   942   949   940   941   942   940   939  raw
91377   1990   946   944   945   933   930   945   950   944   943   949  raw
91377   2000   946   942   938   940   944   941   940   939   941   945  raw
91377   2010 -9999
92493   1917   992   974   993
92493   1920   996   982   972   980   976   967   969   960   961   968  raw
92493   1930   954   957   937   957   923   927   949   941   940   946  raw
92493   1940   938   949   945   953   946   946   949   937   941   937  raw
92493   1950   933   939   946   936   943   949   957   950   952   946  raw
92493   1960   955   949   957   958   957   961   937   950   959   950  raw
92493   1970   942   952   946   947   939   945   947   936   951   953  raw
92493   1980   944   938   938   942   950   945   943   943   942   941  raw
92493   1990   947   944   945   938   935   945   951   944   943   950  raw
92493   2000   946   946   938   940   944   941   940   941   942   945  raw
92493   2010 -9999
102412  1929   972
102412  1930   956   960   953   958   934   937   954   948   941   952  raw
102412  1940   947   951   947   955   955   951   953   938   945   949  raw
102412  1950   945   939   947   944   944   957   959   952   952   948  raw
102412  1960   955   949   958   959   957   962   945   952   960   953  raw
102412  1970   949   958   947   954   945   945   950   937   952   955  raw
102412  1980   946   954   950   944   950   947   947   943   944   944  raw
102412  1990   950   945   948   938   935   945   952   945   945   951  raw
102412  2000   948   948   945   944   947   942   942   941   944   954  raw
102412  2010 -9999
110128  1953   944   950   962   962   953   959   948
110128  1960   958   953   960   964   958   963   949   954   962   955  raw
110128  1970   952   959   948   954   945   945   950   938   953   955  raw
110128  1980   953   956   951   948   950   948   948   943   948   946  raw
110128  1990   951   945   949   940   942   946   953   949   948   951  raw
110128  2000   948   949   945   949   947   944   943   943   944   956  raw
110128  2010 -9999
110379  1970   953   962   955   959   949   950   953   945   954   955  raw
110379  1980   954   961   954   950   950   949   948   944   954   948  raw
110379  1990   951   948   952   940   948   948   953   950   953   951  raw
110379  2000   949   949   946   950   952   945   944   947   950   956  raw
110379  2010 -9999
110791  1925   970   970   960   972   973
110791  1930   975   962   958   960   935   944   956   957   944   963  raw
110791  1940   960   952   951   955   957   958   958   939   950   955  raw
110791  1950   946   942   951   954   954   962   962   953   962   952  raw
110791  1960   963   958   960   965   959   964   949   958   963   955  raw
110791  1970   957   962   956   959   951   951   956   952   956   955  raw
110791  1980   954   961   957   954   951   950   951   944   955   951  raw
110791  1990   953   952   954   941   951   948   955   950   953   952  raw
110791  2000   949   950   947   953   952   948   946   952   951   956  raw
110791  2010 -9999
110798  1933   963   945   951   957   969   945   963
110798  1940   962   953   954   958   960   961   960   940   956   956  raw
110798  1950   948   945   953   955   956   962   963   967   962   955  raw
110798  1960   963   959   960   965   960   964   949   958   963   956  raw
110798  1970   962   964   957   959   952   953   956   957   957   958  raw
110798  1980   956   964   962   954   955   957   952   944   955   952  raw
110798  1990   955   954   954   941   953   949   955   955   954   954  raw
110798  2000   949   950   948   954   953   949   947   957   952   958  raw
110798  2010 -9999
110914  1925   973   974   960   973   979
110914  1930   976   962   961   964   947   965   959   970   947   965  raw
110914  1940   964   959   961   961   967   967   966   942   959   959  raw
110914  1950   948   950   953   957   961   963   963   969   964   957  raw
110914  1960   965   961   965   967   960   966   958   959   965   958  raw
110914  1970   964   964   962   960   953   955   957   959   957   958  raw
110914  1980   956   964   967   957   956   957   953   946   957   953  raw
110914  1990   955   955   956   943   954   952   956   956   955   954  raw
110914  2000   952   952   951   954   953   952   948   958   953   959  raw
110914  2010 -9999
110950  1938   951   968
110950  1940   968   962   965   963   973   972   972   969   976   963  raw
110950  1950   953   952   954   966   963   965   964   970   969   962  raw
110950  1960   973   963   976   969   964   968   961   969   965   961  raw
110950  1970   965   964   964   962   954   955   960   961   960   959  raw
110950  1980   960   967   970   960   957   958   954   946   960   960  raw
110950  1990   956   957   957   946   955   952   957   961   957   954  raw
110950  2000   954   953   952   957   957   952   950   959   954   959  raw
110950  2010 -9999
111014  1926   975   968   977   980
111014  1930   978   967   962   967   951   972   963   977   954   970  raw
111014  1940   972   968   967   969   979   979   977   970   978   964  raw
111014  1950   955   956   960   967   965   967   965   970   969   967  raw
111014  1960   974   976   979   970   965   970   969   970   967   964  raw
111014  1970   968   971   967   968   955   958   961   962   960   960  raw
111014  1980   965   967   971   961   958   962   954   946   961   960  raw
111014  1990   957   958   959   950   962   954   957   962   957   956  raw
111014  2000   956   953   953   957   958   953   951   962   957 -9999  raw
111030  1923   983   979   975   975   979   978   983
111030  1930   979   971   966   971   951   973   972   980   965   974  raw
111030  1940   976   974   975   973   983   979   985   973   979   967  raw
111030  1950   959   956   961   973   967   967   971   972   969   967  raw
111030  1960   974   978   979   971   976   970   971   971   968   968  raw
111030  1970   972   971   968   969   956   960   961   963   968   960  raw
111030  1980   966   967   971   963   961   968   956   947   962   961  raw
111030  1990   957   959   960   951   966   957   963   964   959   961  raw
111030  2000   957   954   957   959   958   954   951   963   963   961  raw
111030  2010 -9999
111051  1923   995   987   982   984   993   982   983
111051  1930   991   973   973   974   980   978   978   981   987   975  raw
111051  1940   979   980   976   974   983   981   986   983   979   970  raw
111051  1950   960   960   962   975   972   967   974   974   971   968  raw
111051  1960   975   978   979   971   978   971   971   971   970   970  raw
111051  1970   972   972   971   971   956   962   961   964   973   964  raw
111051  1980   969   971   972   964   962   968   958   949   964   962  raw
111051  1990   958   961   960   952   969   958   964   967   959   961  raw
111051  2000   960   955   957   960   959   954   954   965   965   964  raw
111051  2010 -9999
111134  1918  1000   993
111134  1920  1000   986   981   998   992   997   989   998   983   989  raw
111134  1930   992   977   973   979   988   980   991   983   987   980  raw
111134  1940   982   982   976   976   984   981   987   985   980   976  raw
111134  1950   963   964   968   975   974   977   975   975   972   968  raw
111134  1960   976   981   984   971   979   972   978   971   975   970  raw
111134  1970   974   975   971   971   960   963   962   967   974   966  raw
111134  1980   972   973   974   968   962   970   959   950   965   964  raw
111134  1990   959   962   962   952   969   961   965   968   962   962  raw
111134  2000   963   957   959   960   961   955 -9999
121212  1908  1000  1000
121212  1910  1000  1000  1000  1000   979  1000   998  1000  1000   993  raw
121212  1920  1000   993   982  1000   997   998  1000  1000   992   993  raw
121212  1930   994   978   984   980   988   981   991   984   987   980  raw
121212  1940   983   983   978   978   985   982   988   989   983   978  raw
121212  1950   965   965   973   977   975   983   975   977   973   969  raw
121212  1960   983   981   984   978   979   976   978   971   975   972  raw
121212  1970   975   976   973   972   963   964   965   967   974   969  raw
121212  1980   974   976   976   968   965   971   960   953   965   965  raw
121212  1990   959   962   965   954   970   966   967   969   962   965  raw
121212  2000   965   958   964   961   961   957   956   966   967   965  raw
121212  2010 -9999
121284  1922   986  1000  1000  1000  1000  1000   997   997
121284  1930   996   995   985   990   991   986   992   984   988   983  raw
121284  1940   986   986   984   981   986   983   989   990   984   978  raw
121284  1950   970   965   973   978   976   985   978   978   976   973  raw
121284  1960   984   986   985   980   983   978   979   977   982   972  raw
121284  1970   977   976   975   974   965   964   967   969   975   971  raw
121284  1980   977   977   976   971   966   972   961   953   967   965  raw
121284  1990   960   965   966   964   970   966   968   970   964   966  raw
121284  2000   966   958   965   963   963   958   959   969   967   968  raw
121284  2010 -9999
121442  1952   975   983   980   986   979   979   978   975
121442  1960   986   987   986   981   983   979   984   978   983   975  raw
121442  1970   977   976   975   974   969   965   970   971   976   973  raw
121442  1980   982   978   978   971   969   972   962   955   969   966  raw
121442  1990   961   966   969   964   970   967   969   970   966   968  raw
121442  2000   968   960   966   964   964   959   962   969   969   969  raw
121442  2010 -9999
131017  1950   972   966   977   983   982   986   979   981   979   977  raw
131017  1960   986   990   987   982   984   979   987   980   984   976  raw
131017  1970   978   976   976   975   973   966   972   975   977   976  raw
131017  1980   983   979   979   973   969   972   966   960   969   966  raw
131017  1990   965   967   970   964   971   968   970   971   969   970  raw
131017  2000   972   965   967   964   964   960   963   970   970   970  raw
131017  2010 -9999
131080  1930   996   997   991   991   992   993   995   985   988   987  raw
131080  1940   990   990   984   984   986   985   992   992   989   978  raw
131080  1950   975   968   978   984   986   992   982   981   980   980  raw
131080  1960   986   990   987   985   985   980   988   982   985   976  raw
131080  1970   978   978   979   976   973   975   974   977   986   977  raw
131080  1980   984   983   980   978   971   974   969   961   970   967  raw
131080  1990   966   968   970   967   973   970   971   972   972   970  raw
131080  2000   974   972   968   965   964   962   965   970   970   976  raw
131080  2010 -9999
131304  1930   998   998  1000   991   996   993   997   993   991   989  raw
131304  1940   990   990   985   984   987   986   993   995   989   982  raw
131304  1950   977   974   983   984   987   992   982   982   981   980  raw
131304  1960   987   991   989   986   986   981   989   986   985   978  raw
131304  1970   978   978   980   977   974   975   978   979   986   979  raw
131304  1980   985   983   980   979   971   974   969   962   970   969  raw
131304  1990   967   974   974   971   975   971   971   974   972   970  raw
131304  2000   975   974   970   966   965   963   970   972   971   977  raw
131304  2010 -9999
140735  1939   989
140735  1940   991   991   986   985   988   989   994   997   989   986  raw
140735  1950   982   978   983   987   988   993   988   986   984   982  raw
140735  1960   991   992   989   992   988   985   990   986   986   981  raw
140735  1970   979   979   980   978   978   975   983   981   988   983  raw
140735  1980   987   983   981   981   977   978   969   965   971   970  raw
140735  1990   968   977   976   971   975   972   971   975   974   973  raw
140735  2000   979   976   971   967   967   966   971   974   973   977  raw
140735  2010 -9999
160665  1954   992   994   988   987   984   985
160665  1960   991   992   991   993   988   986   990   987   988   988  raw
160665  1970   982   980   981   979   979   976   985   983   988   985  raw
160665  1980   989   984   981   982   978   980   975   965   972   970  raw
160665  1990   968   977   978   973   977   976   972   975   976   975  raw
160665  2000   980   977   972   970   968   971   981   974   974   978  raw
160665  2010 -9999
160777  1949   987
160777  1950   983   978   988   988   996   994   989   988   985   986  raw
160777  1960   992   993   991   994   989   992   990   988   988   989  raw
160777  1970   984   981   981   982   979   981   985   983   988   986  raw
160777  1980   989   986   984   987   979   980   976   969   973   973  raw
160777  1990   968   979   979   974   983   977   973   979   978   976  raw
160777  2000   982   980   972   973   969   971   982   974   975   979  raw
160777  2010 -9999
160930  1925  1000  1000  1000   997  1000
160930  1930  1000  1000  1000   991  1000   996   997   996   993   991  raw
160930  1940   993   991   990   987   990   990   995   997   993   988  raw
160930  1950   984   979   988   993   996   996   989   988   988   987  raw
160930  1960   993   993   993   995   990   992   992   988   988   990  raw
160930  1970   985   989   983   985   980   982   986   984   988   987  raw
160930  1980   991   986   984   988   980   981   976   970   974   974  raw
160930  1990   973   981   982   975   984   980   973   979   981   976  raw
160930  2000   982   981   973   973   972   977   984   980   979   980  raw
160930  2010 -9999
170994  1960   993   993   994   996   991   992   992   992   989   991  raw
170994  1970   986   991   984   985   983   982   987   984   988   990  raw
170994  1980   993   990   985   989   984   985   981   976   974   975  raw
170994  1990   979   982   982   978   986   981   975   980   984   977  raw
170994  2000   984   985   975   976   975   978   985   980   980   980  raw
170994  2010 -9999
172229  1880  1000  1000  1000  1000  1000  1000  1000  1000  1000  1000  raw
172229  1890  1000  1000  1000  1000  1000  1000  1000  1000  1000  1000  raw
172229  1900  1000  1000  1000  1000  1000  1000  1000  1000  1000  1000  raw
172229  1910  1000  1000  1000  1000   979  1000   986  1000  1000  1000  raw
172229  1920  1000   995   988  1000  1000   997  1000  1000  1000  1000  raw
172229  1930  1000  1000  1000   997  1000  1000   997   997   994   994  raw
172229  1940   994   992   990   987   991   994   995   998   994   992  raw
172229  1950   984   981   992   995   996   996   990   990   988   989  raw
172229  1960   993   994   994   996   992   993   994   998   994   992  raw
172229  1970   987   993   984   986   984   983   987   987   989   990  raw
172229  1980   993   990   987   990   988   988   983   976   979   975  raw
172229  1990   980   983   982   979   987   981   979   983   985   980  raw
172229  2000   984   985   975   978   975   978   987   982   982   981  raw
172229  2010 -9999
180751  1943   989   994   996   995  1000   995   993
180751  1950   985   983   995   995   997   996   991   991   988   989  raw
180751  1960   993   994   996   997   993   994   994   998   994   993  raw
180751  1970   990   993   985   988   985   984   987   990   990   991  raw
180751  1980   993   992   987   991   990   988   983   980   980   977  raw
180751  1990   981   986   984   980   987   983   981   983   985   981  raw
180751  2000   984   986   979   982   977   978   988   982   985   982  raw
180751  2010 -9999
180794  1948   995   996
180794  1950   990   985   996   997   997   997   994   992   988   992  raw
180794  1960   994   995   997   997   994   994   994  1000   995   993  raw
180794  1970   990   993   986   988   986   987   991   990   991   992  raw
180794  1980   994   992   988   992   991   989   984   984   982   982  raw
180794  1990   982   986   985   983   988   983   982   985   986   983  raw
180794  2000   985   987   983   982   978   983   990   984   985   983  raw
180794  2010 -9999
190018  1953   997  1000   998   994   992   990   993
190018  1960   996   995   997  1000   995   995   995  1000   996   993  raw
190018  1970   991   994   987   989   987   992   991   992   993   994  raw
190018  1980   995   992   989   993   992   990   984   987   982   982  raw
190018  1990   983   988   988   985   988   984   983   985   987   987  raw
190018  2000   985   989   986   983   978   984   991   987   988   983  raw
190018  2010 -9999
190438  1936   998   998   997   994
190438  1940   994   995   993   992   998   997   997  1000  1000   998  raw
190438  1950   991   988   996   997  1000  1000   995   994   991   993  raw
190438  1960   996   995   997  1000   996   996   997  1000   997   993  raw
190438  1970   992   994   988   990   990   992   992   992   994   994  raw
190438  1980   996   992   990   994   993   993   985   989   985   983  raw
190438  1990   984   989   988   986   988   985   987   987   989   989  raw
190438  2000   987   989   987   988   979   984   992   989   988   985  raw
190438  2010 -9999
200038  1955  1000   996   995   993   993
200038  1960   996   996   997  1000   997   997   997  1000   998   995  raw
200038  1970   992   994   992   991   992   993   993   993   994   996  raw
200038  1980   997   994   993   995   994   993   986   990   985   983  raw
200038  1990   986   990   990   987   989   990   989   989   990   991  raw
200038  2000   987   990   988   989   980   988   992   989   988   986  raw
200038  2010 -9999
200168  1950   992   992   997   998  1000  1000   997   995   993   993  raw
200168  1960   997   997   998  1000   998   998  1000  1000   998   995  raw
200168  1970   993   994   994   994   992   994   994   995   995   996  raw
200168  1980   997   995   993   996   995   994   989   991   985   985  raw
200168  1990   990   992   992   991   991   991   989   993   991   992  raw
200168  2000   992   993   990   989   982   988   994   990   989   987  raw
200168  2010 -9999
200389  1950   995   993   997  1000  1000  1000   997   996   994   994  raw
200389  1960   998   998   998  1000   998   998  1000  1000  1000   995  raw
200389  1970   994   997   995   995   993   995   996   995   997   997  raw
200389  1980   998   997   993   998   995   995   991   992   986   985  raw
200389  1990   990   993   993   991   991   996   990   996   994   995  raw
200389  2000   992   993   993   991   983   990   994   993   989   990  raw
200389  2010 -9999
200988  1954  1000  1000   997   996   995   994
200988  1960   998   998  1000  1000   998  1000  1000  1000  1000   995  raw
200988  1970   994   997   996   995   993   996   997   996  1000   998  raw
200988  1980   998   997   995   998   995   995   993   992   986   986  raw
200988  1990   993   996   993   992   991   996   992   996   996   995  raw
200988  2000   993   994   993   991   983   990   994   993   990   992  raw
200988  2010 -9999
202162  1980   998  1000   996   998   995   997   993   994   987   988  raw
202162  1990   994   996   994   994   992   997   997   997   996   996  raw
202162  2000   995   995   993   994   985   993   995   993   991   995  raw
202162  2010 -9999
12369A  1953  1000  1000  1000   998   997   995   997
12369A  1960  1000  1000  1000  1000  1000  1000  1000  1000  1000   996  raw
12369A  1970   995   998   998   998   994   996   998   997  1000   998  raw
12369A  1980  1000  1000   997  1000   996   997   994   996   989   991  raw
12369A  1990   996   997   996   994   993   998   997   998   997   997  raw
12369A  2000   995   998   998   996   990   993   996   993   994   996  raw
12369A  2010   906   879   905   918 -9999
20804A  1913  1000   969   992   977   969  1000   964
20804A  1920   989  1000  1000   995  1000   995  1000   996  1000  1000  raw
20804A  1930  1000  1000  1000  1000  1000  1000   998  1000  1000   998  raw
20804A  1940   996   996   994   993  1000   997   998  1000  1000  1000  raw
20804A  1950   996   995   998  1000  1000  1000   998   997   996   998  raw
20804A  1960  1000  1000  1000  1000  1000  1000  1000  1000  1000   996  raw
20804A  1970   996  1000  1000  1000   995   997  1000   998  1000  1000  raw
20804A  1980  1000  1000   998  1000   997   998   996   997   997   992  raw
20804A  1990   996   997   996   994   996   998   998  1000   998   998  raw
20804A  2000   998  1000   998   997   998   994 -9999
42250A  1924   998   994  1000   991  1000  1000
42250A  1930  1000  1000   997  1000   998  1000  1000  1000  1000   998  raw
42250A  1940   996   998   996   995  1000  1000   998  1000  1000  1000  raw
42250A  1950   996   995  1000  1000  1000  1000   998  1000   998  1000  raw
42250A  1960  1000  1000  1000  1000  1000  1000  1000  1000  1000   996  raw
42250A  1970   998  1000  1000  1000   995   998  1000  1000  1000  1000  raw
42250A  1980  1000  1000  1000  1000  1000   998   997   997   997   996  raw
42250A  1990   998   998   997   994   998  1000  1000  1000   998  1000  raw
42250A  2000  1000  1000   998   998  1000   997   997   996   995   997  raw
42250A  2010   906   881   927   929   938 -9999
72212A  1946   998  1000  1000  1000
72212A  1950   996   996  1000  1000  1000  1000  1000  1000   998  1000  raw
72212A  1960  1000  1000  1000  1000  1000  1000  1000  1000  1000   997  raw
72212A  1970  1000  1000  1000  1000   996   998  1000  1000  1000  1000  raw
72212A  1980  1000  1000  1000  1000  1000   998   997   998   998   996  raw
72212A  1990   998   998  1000   995  1000  1000  1000  1000  1000  1000  raw
72212A  2000  1000  1000  1000  1000  1000   997   997   996   995   998  raw
72212A  2010   929   909   939   943 -9999
72345A  1933  1000   997  1000  1000  1000  1000  1000
72345A  1940   998  1000   998   996  1000  1000  1000  1000  1000  1000  raw
72345A  1950   997   998  1000  1000  1000  1000  1000  1000  1000  1000  raw
72345A  1960  1000  1000  1000  1000  1000  1000  1000  1000  1000   998  raw
72345A  1970  1000  1000  1000  1000   997   998  1000  1000  1000  1000  raw
72345A  1980  1000  1000  1000  1000  1000  1000   997   998  1000  1000  raw
72345A  1990  1000  1000  1000   997  1000  1000  1000  1000  1000  1000  raw
72345A  2000  1000  1000  1000  1000  1000   998   997   996   995   998  raw
72345A  2010   947   960   948 -9999
82403A  1922  1000   992   998   986   994   989   996  1000
82403A  1930  1000  1000   994  1000   997  1000  1000  1000  1000  1000  raw
82403A  1940  1000  1000  1000   996  1000  1000  1000  1000  1000  1000  raw
82403A  1950   998  1000  1000  1000  1000  1000  1000  1000  1000  1000  raw
82403A  1960  1000  1000  1000  1000  1000  1000  1000  1000  1000   998  raw
82403A  1970  1000  1000  1000  1000  1000   998  1000  1000  1000  1000  raw
82403A  1980  1000  1000  1000  1000  1000  1000  1000  1000  1000  1000  raw
82403A  1990  1000  1000  1000  1000  1000  1000  1000  1000  1000  1000  raw
82403A  2000  1000  1000  1000  1000  1000  1000   997   996   995  1000  raw
82403A  2010   949   960   971   948 -9999
92360A  1922   974   976   992   985   993   988   995  1000
92360A  1930   998   997   994  1000   996   998  1000  1000  1000  1000  raw
92360A  1940  1000  1000  1000   997  1000  1000  1000  1000  1000  1000  raw
92360A  1950  1000  1000  1000  1000  1000  1000  1000  1000  1000  1000  raw
92360A  1960  1000  1000  1000  1000  1000  1000  1000  1000  1000  1000  raw
92360A  1970  1000  1000  1000  1000  1000   998  1000  1000  1000  1000  raw
92360A  1980  1000  1000  1000  1000  1000  1000  1000  1000  1000  1000  raw
92360A  1990  1000  1000  1000  1000  1000  1000  1000  1000  1000  1000  raw
92360A  2000  1000  1000  1000  1000  1000  1000   998   998  1000  1000  raw
92360A  2010   961   989   987   953   943   892 -9999
92442A  1940  1000  1000  1000   997  1000  1000  1000   998  1000  1000  raw
92442A  1950  1000  1000  1000  1000  1000   998  1000  1000  1000  1000  raw
92442A  1960  1000  1000  1000  1000  1000  1000  1000  1000  1000  1000  raw
92442A  1970  1000  1000  1000  1000  1000  1000  1000  1000  1000  1000  raw
92442A  1980  1000  1000   998  1000  1000  1000  1000  1000  1000  1000  raw
92442A  1990  1000  1000  1000  1000  1000  1000  1000  1000  1000  1000  raw
92442A  2000  1000  1000  1000  1000  1000  1000  1000   998  1000  1000  raw
92442A  2010   967 -9999
102470A 1931   997   993   996   996   996  1000  1000   997  1000
102470A 1940   997   998  1000  1000  1000  1000   997   998  1000  1000  raw
102470A 1950  1000  1000  1000  1000   998   998  1000  1000  1000  1000  raw
102470A 1960  1000  1000  1000   998   996  1000   998  1000  1000  1000  raw
102470A 1970  1000  1000  1000  1000  1000  1000  1000  1000  1000  1000  raw
102470A 1980  1000  1000   998  1000  1000  1000  1000  1000  1000  1000  raw
102470A 1990  1000  1000  1000  1000  1000  1000  1000  1000  1000  1000  raw
102470A 2000  1000  1000  1000  1000  1000  1000  1000  1000  1000  1000  raw
102470A 2010   983   995   987   966 -9999
122554A 1935   996   998  1000   996   997
122554A 1940   996   998   998   998  1000  1000   997   998   998  1000  raw
122554A 1950  1000  1000  1000  1000   998   998  1000  1000  1000   998  raw
122554A 1960   998  1000  1000   998   995  1000   997  1000  1000  1000  raw
122554A 1970  1000  1000  1000  1000  1000  1000  1000  1000  1000  1000  raw
122554A 1980  1000  1000   997   998  1000  1000  1000  1000  1000  1000  raw
122554A 1990  1000  1000  1000  1000  1000  1000  1000  1000  1000  1000  raw
122554A 2000  1000  1000  1000  1000   997  1000  1000  1000  1000  1000  raw
122554A 2010 -9999
190075A 1957   998  1000   998
190075A 1960   998  1000  1000   993   995  1000   995   998   998  1000  raw
190075A 1970  1000  1000  1000  1000  1000  1000  1000   997  1000   998  raw
190075A 1980  1000  1000   996   998  1000  1000  1000  1000  1000  1000  raw
190075A 1990  1000  1000  1000  1000  1000  1000  1000  1000   998  1000  raw
190075A 2000  1000   998   998  1000   996  1000  1000  1000  1000  1000  raw
190075A 2010   986   996   988   972   950   906 -9999
42232A  1943   998  1000  1000   997   996   997   998
42232A  1950  1000  1000  1000  1000   998   997  1000   995   997   996  raw
42232A  1960   998  1000  1000   993   994   998   995   998   997   998  raw
42232A  1970   997  1000  1000   997  1000  1000   998   996  1000   998  raw
42232A  1980  1000  1000   996   998  1000  1000  1000  1000  1000   998  raw
42232A  1990  1000  1000  1000   998  1000  1000  1000  1000   998  1000  raw
42232A  2000  1000   997   997   997   996  1000  1000  1000  1000  1000  raw
42232A  2010   987 -9999
042565A 1933   995   994   996   997   998   994   996
042565A 1940   991   997   998   997  1000  1000   995   995   996   998  raw
042565A 1950  1000  1000  1000   998   997   997  1000   995   996   994  raw
042565A 1960   994   998  1000   993   993   997   994   997   997   995  raw
042565A 1970   995  1000  1000   996  1000  1000   998   995  1000   998  raw
042565A 1980  1000   998   995   997   998  1000  1000   998   998   998  raw
042565A 1990  1000  1000   998   997  1000  1000  1000   998   995   998  raw
042565A 2000  1000   997   997   995   996   996  1000   998   997   992  raw
042565A 2010   991   996   991   982 -9999
70602A  1929   998
70602A  1930   996   993   993   993   993   995   992   993   993   995  raw
70602A  1940   989   995   996   996  1000  1000   995   994   995   997  raw
70602A  1950  1000  1000  1000   992   996   997   996   995   987   992  raw
70602A  1960   993   997   998   993   991   995   993   997   997   994  raw
70602A  1970   994   996   997   996  1000  1000   997   992  1000   997  raw
70602A  1980   998   993   994   996   997  1000  1000   998   998   997  raw
70602A  1990  1000  1000   998   997  1000   998  1000   998   995   998  raw
70602A  2000   996   997   996   992   992   994  1000   997   995   991  raw
70602A  2010   997  1000   992   996   971   970 -9999
90285A  1926   987   986   992   996
90285A  1930   991   992   987   993   993   991   992   991   990   993  raw
90285A  1940   989   993   994   994  1000   996   994   993   994   993  raw
90285A  1950  1000   996  1000   992   992   996   988   994   986   991  raw
90285A  1960   991   996   997   993   988   995   992   997   996   991  raw
90285A  1970   993   993   997   994  1000  1000   997   991   998   995  raw
90285A  1980   998   993   994   996   997  1000  1000   998   997   993  raw
90285A  1990  1000  1000   998   997  1000   997   998   996   993   997  raw
90285A  2000   995   996   996   992   990   994  1000   997   991   990  raw
90285A  2010   998  1000   996 -9999
092501A 1932   982   991   992   990   988   989   988   988
092501A 1940   987   993   992   988  1000   995   992   987   994   993  raw
092501A 1950   996   995  1000   988   992   993   987   988   985   989  raw
092501A 1960   990   990   996   993   987   994   992   995   995   990  raw
092501A 1970   992   991   995   994   996   998   996   990   998   994  raw
092501A 1980   997   990   993   996   995   996  1000   993   995   992  raw
092501A 1990   998  1000   998   996   998   995   996   995   990   997  raw
092501A 2000   995   994   995   990   989   989   998   993   990   986  raw
092501A 2010  1000  1000   998  1000   982   985 -9999
111166A 1918   956   961
111166A 1920   960   989   958   975   991   982   974   984   987   994  raw
111166A 1930   991   992   981   990   983   989   987   988   985   988  raw
111166A 1940   985   988   991   976   988   994   988   985   991   985  raw
111166A 1950   995   995   997   985   990   992   978   987   985   988  raw
111166A 1960   987   988   994   991   984   993   990   994   994   987  raw
111166A 1970   991   990   995   993   992   998   995   989   998   992  raw
111166A 1980   997   990   990   996   995   995   998   992   994   988  raw
111166A 1990   997  1000   998   996   997   994   996   994   987   996  raw
111166A 2000   993   993   988   987   985   987   998   992   987   983  raw
111166A 2010  1000   997   997  1000   982 -9999
121017A 1956   973   987   982   988
121017A 1960   987   986   992   990   983   991   989   994   994   983  raw
121017A 1970   990   983   992   992   990   997   995   986   997   990  raw
121017A 1980   995   989   989   994   993   994   993   991   992   986  raw
121017A 1990   997   998   996   996   996   993   994   993   987   996  raw
121017A 2000   993   990   987   984   984   987   997   992   982   981  raw
121017A 2010  1000   989   992  1000   994  1000   955  1000 -9999
131192A 1949   981
131192A 1950   995   991   994   985   990   990   970   981   981   987  raw
131192A 1960   983   985   992   990   982   989   988   992   994   978  raw
131192A 1970   989   982   991   990   987   997   994   984   995   990  raw
131192A 1980   993   988   985   993   993   994   991   990   992   984  raw
131192A 1990   996   997   993   987   992   993   993   990   987   995  raw
131192A 2000   992   987 -9999
151051A 1923   960   978   972   967   983   987   983
151051A 1930   986   990   979   987   982   983   981   986   983   984  raw
151051A 1940   985   981   985   972   980   992   986   982   984   979  raw
151051A 1950   992   988   993   978   988   988   968   980   975   985  raw
151051A 1960   983   984   982   989   981   981   987   990   994   977  raw
151051A 1970   984   981   989   989   986   991   992   982   994   990  raw
151051A 1980   992   986   983   991   989   992   983   990   992   981  raw
151051A 1990   996   996   992   986   991   991   992   990   985   994  raw
151051A 2000   992   985   986   984   983   983   996   989   975   975  raw
151051A 2010  1000   986   990  1000  1000   998   962 -9999
160962A 1920   552   959   872   958   978   969   945   944   978   974  raw
160962A 1930   976   984   977   986   972   975   973   986   983   979  raw
160962A 1940   984   974   985   971   976   984   979   978   979   979  raw
160962A 1950   985   986   983   976   988   984   967   980   970   983  raw
160962A 1960   973   978   980   988   981   981   987   988   992   972  raw
160962A 1970   983   978   988   989   982   989   988   982   993   988  raw
160962A 1980   987   985   983   990   989   990   980   990   989   976  raw
160962A 1990   989   990   989   983   988   990   992   990   983   991  raw
160962A 2000   991   985   985   982   981   979   996   977 -9999
172220A 1959   983
172220A 1960   972   978   976   988   979   978   986   986   990   971  raw
172220A 1970   982   976   985   980   972   984   988   981   991   984  raw
172220A 1980   980   979   983   988   983   984   978   988   982   974  raw
172220A 1990   981   988   988   982   985   990   991   989   982   987  raw
172220A 2000   985   984   985   981   976   979   994   975   973   962  raw
172220A 2010  1000   982   948  1000  1000   964   998 -9999
200188A 1990   978   987   983   980   984   987   991   982   979   986  raw
200188A 2000   985   982   985   981   974   977   980   975   971   961  raw
200188A 2010   987   969   803   976   998   949  1000  1000 -9999
80248   1940   974   970   972   967   976   980   979   975   976   960  raw
80248   1950   981   984   979   975   984   983   967   962   965   979  raw
80248   1960   971   972   973   986   976   978   985   983   987   966  raw
80248   1970   975   976   979   980   971   983   981   979   991   977  raw
80248   1980   977   977   982   987   978   984   976   986   982   973  raw
80248   1990   974   983   980   975   981   984   990   981   979   981  raw
80248   2000   982   982   984   976   973   976   978   971   968   961  raw
80248   2010 -9999
192129  1971   975   977   977   960   973   979   979   990   974
192129  1980   977   974   977   987   975   980   976   985   982   971  raw
192129  1990   974   983   977   974   979   982   983   974   977   980  raw
192129  2000   979   966   982   967   969   971   972   968   963   960  raw
192129  2010 -9999
92389   1928   973   971
92389   1930   966   970   973   978   970   969   973   982   978   976  raw
92389   1940   962   963   969   964   963   978   971   971   975   954  raw
92389   1950   979   982   977   974   972   972   966   960   958   977  raw
92389   1960   967   970   971   983   975   978   980   980   984   964  raw
92389   1970   969   974   977   974   952   971   979   976   988   973  raw
92389   1980   975   972   977   987   975   976   975   979   965   970  raw
92389   1990   974   977   966   970   978   981   981   973   977   975  raw
92389   2000   977   966   976   961   969   965   968   961   958   959  raw
92389   2010 -9999
90369   1954   972   965   961   953   954   974
90369   1960   961   969   971   980   970   974   978   975   981   963  raw
90369   1970   962   971   974   973   949   967   976   976   985   973  raw
90369   1980   974   969   974   985   974   969   972   962   965   965  raw
90369   1990   954   971   951   967   973   980   980   970   976   972  raw
90369   2000   976   965   959   960   964   963   967   958   956   945  raw
90369   2010 -9999
110952  1931   967   969   971   965   968   969   971   975   964
110952  1940   951   956   969   963   943   970   969   967   975   952  raw
110952  1950   978   981   975   972   971   952   958   946   953   963  raw
110952  1960   957   965   968   977   969   969   976   971   979   952  raw
110952  1970   958   970   972   972   938   960   974   974   985   972  raw
110952  1980   974   966   974   982   974   967   969   952   964   963  raw
110952  1990   953   968   947   960   972   978   978   969   974   967  raw
110952  2000   976   953   956   953   959   959   967   953   947   944  raw
110952  2010 -9999
192128  1965   964   975   969   979   940
192128  1970   954   970   971   971   935   960   974   970   981   971  raw
192128  1980   968   964   972   974   972   967   962   951   962   963  raw
192128  1990   951   967   945   953   951   974   976   969   973   967  raw
192128  2000   973   948   949   943   957   957   936   952   945   936  raw
192128  2010 -9999
120924  1938   975   960
120924  1940   949   951   964   963   938   969   969   965   968   947  raw
120924  1950   975   972   971   971   967   948   957   943   947   960  raw
120924  1960   950   946   960   977   968   958   969   966   978   921  raw
120924  1970   953   963   963   967   922   946   971   965   970   969  raw
120924  1980   960   964   967   961   971   964   961   947   956   954  raw
120924  1990   949   961   942   949   931   974   974   968   972   967  raw
120924  2000   973   943   943   932   954   955   931   952   933   907  raw
120924  2010 -9999
12366   1981   951   964   957   968   962   960   942   949   952
12366   1990   939   929   942   945   927   973   963   966   959   966  raw
12366   2000   954   941   942   928   950   953   910   946   929   901  raw
12366   2010 -9999
82317   1922   851   940   967   968   926   939   956   966
82317   1930   961   954   969   971   965   965   959   964   974   957  raw
82317   1940   941   945   950   954   936   968   964   961   966   939  raw
82317   1950   970   956   969   967   965   935   957   936   947   958  raw
82317   1960   947   934   951   976   967   947   954   964   975   917  raw
82317   1970   946   963   957   961   914   943   968   964   968   969  raw
82317   1980   957   949   964   938   964   951   949   936   948   951  raw
82317   1990   937   926   939   941   921   965   958   962   959   963  raw
82317   2000   949   940   940   922   939   941   908   945   926   888  raw
82317   2010 -9999
50281   1955   934   955   936   942   956
50281   1960   944   930   945   975   965   946   943   945   968   917  raw
50281   1970   946   961   943   956   913   923   965   964   954   966  raw
50281   1980   954   936   963   938   956   950   945   931   940   949  raw
50281   1990   936   919   938   906   918   952   945   953   958   959  raw
50281   2000   942   939   931   917   937   936   906   944   905   875  raw
50281   2010 -9999
22603   1962   943   975   957   946   937   945   946   907
22603   1970   937   952   937   939   913   923   962   954   952   966  raw
22603   1980   952   934   962   929   940   950   935   928   934   946  raw
22603   1990   919   918   935   880   911   946   943   950   957   959  raw
22603   2000   924   936   925   912   935   924   886   937   904   874  raw
22603   2010 -9999
100997  1954   964   929   952   929   937   953
100997  1960   926   923   938   970   937   937   936   944   944   900  raw
100997  1970   935   952   937   937   908   916   952   954   950   965  raw
100997  1980   949   926   954   922   937   931   923   926   933   945  raw
100997  1990   916   889   912   880   909   927   934   947   952   958  raw
100997  2000   916   936   911   907   932   923   882   914   895   864  raw
100997  2010 -9999
190497  1950   963   952   963   964   962   920   949   915   931   944  raw
190497  1960   922   923   932   954   935   932   933   922   941   894  raw
190497  1970   929   951   927   928   905   912   948   952   949   965  raw
190497  1980   944   924   925   914   934   925   919   924   926   941  raw
190497  1990   909   881   911   868   902   925   921   938   951   946  raw
190497  2000   896   925   911   892   931   917   878   909   885   860  raw
190497  2010   982 -9999
131047  1950   958   909   937   956   959   911   943   913   928   918  raw
131047  1960   915   911   925   944   932   929   925   918   939   873  raw
131047  1970   909   949   916   924   904   897   938   939   938   957  raw
131047  1980   934   922   918   899   932   920   913   916   921   935  raw
131047  1990   908   876   900   866   885   920   919   931   951   942  raw
131047  2000   893   913   905   890   929   903   872   892   880   852  raw
131047  2010 -9999
91491   1928   918   954
91491   1930   949   952   962   957   962   959   958   960   970   957  raw
91491   1940   927   942   935   947   932   960   961   958   956   932  raw
91491   1950   949   905   922   954   955   909   942   913   918   914  raw
91491   1960   908   907   916   943   928   927   898   916   927   846  raw
91491   1970   895   944   913   920   887   857   923   935   931   947  raw
91491   1980   924   915   912   895   911   908   906   911   911   928  raw
91491   1990   899   869   865   864   884   909   918   926   929   927  raw
91491   2000   882   896   902   886   928   880   845   884   873   824  raw
91491   2010 -9999
60125   1929   948
60125   1930   947   948   951   950   946   954   952   959   964   953  raw
60125   1940   924   939   924   938   929   940   960   949   952   902  raw
60125   1950   918   900   909   952   945   889   930   910   912   909  raw
60125   1960   896   905   914   939   927   912   878   898   924   845  raw
60125   1970   888   941   907   917   867   843   889   929   927   945  raw
60125   1980   923   901   911   893   893   903   901   903   910   911  raw
60125   1990   896   857   854   856   880   906   910   916   917   921  raw
60125   2000   849   892   894   884   919   854   797   879   865   806  raw
60125   2010 -9999
111033  1915   670   952   967   850   867
111033  1920   420   877   821   911   958   940   921   919   905   945  raw
111033  1930   938   923   950   945   938   954   941   954   963   948  raw
111033  1940   922   932   924   929   921   931   958   929   949   888  raw
111033  1950   909   894   883   950   938   888   927   906   885   898  raw
111033  1960   889   879   900   927   922   890   873   883   918   840  raw
111033  1970   884   935   904   913   860   811   880   922   924   943  raw
111033  1980   916   891   907   885   882   859   900   896   902   894  raw
111033  1990   886   851   845   856   878   893   894 -9999
52388   1950   908   880   880   943   937   883   919   905   884   881  raw
52388   1960   861   868   896   919   919   887   862   876   900   824  raw
52388   1970   872   922   876   907   851   809   871   911   918   940  raw
52388   1980   914   889   906   882   876   842   888   894   900   887  raw
52388   1990   886   844   843   856   870   878   893   909   913   914  raw
52388   2000   836   884   888   858   889   843   777   837   845   800  raw
52388   2010 -9999
80746   1953   931   919   879   915   898   883   874
80746   1960   857   858   876   915   898   884   847   847   869   820  raw
80746   1970   859   922   869   898   821   757   859   882   829   936  raw
80746   1980   897   887   891   873   854   804   886   877   895   870  raw
80746   1990   880   808   831   854   869   872   887   908   909   899  raw
80746   2000   805 -9999
82368   1870  1000  1000  1000  1000  1000  1000  1000  1000  1000  1000  raw
82368   1880  1000  1000  1000  1000  1000  1000  1000  1000  1000  1000  raw
82368   1890  1000  1000  1000  1000  1000  1000  1000  1000  1000  1000  raw
82368   1900  1000  1000  1000  1000  1000  1000  1000  1000  1000  1000  raw
82368   1910  1000  1000  1000  1000   713   640   944   814   703   566  raw
82368   1920   118   737   774   879   942   938   915   898   865   843  raw
82368   1930   927   917   891   940   931   952   941   945   954   940  raw
82368   1940   922   928   896   927   916   926   956   929   948   872  raw
82368   1950   863   879   867   916   914   856   911   895   878   840  raw
82368   1960   850   821   861   906   898   859   839   840   860   800  raw
82368   1970   835   904   860   897   776   739   858   879   769   921  raw
82368   1980   897   879   889   868   844   803   867   861   895   868  raw
82368   1990   873   801   812   851   857   870   873   907   891   888  raw
82368   2000   796   883   886   856   874   843   768   828   832   785  raw
82368   2010 -9999
130579  1924   924   913   886   870   863   839
130579  1930   920   901   882   916   912   947   940   935   906   929  raw
130579  1940   911   921   877   921   908   910   951   927   921   869  raw
130579  1950   845   855   859   909   913   853   910   883   878   838  raw
130579  1960   823   816   855   904   869   815   825   813   783   758  raw
130579  1970   821   889   852   891   773   713   788   867   767   920  raw
130579  1980   861   879   881   867   844   795   860   846   890   832  raw
130579  1990   873   799   789   841   842   865   865   902   882   861  raw
130579  2000   783   866   881   852   857   826   720   820   825   771  raw
130579  2010 -9999
92486A  1921   716   678   842   922   876   879   854   831   811
92486A  1930   893   781   864   915   887   926   921   923   902   921  raw
92486A  1940   908   914   843   916   908   907   950   921   904   852  raw
92486A  1950   844   854   856   896   899   849   910   873   869   804  raw
92486A  1960   806   799   828   885   859   813   818   808   769   680  raw
92486A  1970   796   861   850   881   773   707   750   849   764   919  raw
92486A  1980   841   872   864   864   840   784   856   834   882   829  raw
92486A  1990   864   798   785   832   825   862   862   899   870   851  raw
92486A  2000   763   862   872   852   806   823   702   808   811   755  raw
92486A  2010 -9999
121423A 1935   904   917   914   899   920
121423A 1940   904   894   815   874   888   893   946   889   880   806  raw
121423A 1950   810   831   854   887   867   816   877   865   853   746  raw
121423A 1960   786   749   693   878   822   799   811   787   747   672  raw
121423A 1970   792   859   842   873   743   695   745   832   743   873  raw
121423A 1980   834   870   856   856   838   779   851   828   879   829  raw
121423A 1990   803   781   781   820   815   855   839   894   853   844  raw
121423A 2000   761   856   842   828   802   796   671   801   791 -9999  raw
52237A  1937   914   885   898
52237A  1940   896   880   809   811   881   875   917   873   817   787  raw
52237A  1950   794   814   850   854   805   814   864   851   767   744  raw
52237A  1960   743   694   642   871   772   797   806   771   683   647  raw
52237A  1970   743   849   842   864   674   690   715   816   738   835  raw
52237A  1980   789   869   855   848   800   756   840   810   869   813  raw
52237A  1990   749   776   769   818   780   801   795   886   841   816  raw
52237A  2000   738   836   838   821   794   760   653   783   771   600  raw
52237A  2010   979   905   464   946   958 -9999
70469A  1953   845   779   799   857   816   741   725
70469A  1960   597   682   641   835   718   772   806   744   675   569  raw
70469A  1970   705   839   840   849   674   666   703   815   709   743  raw
70469A  1980   781   850   847   843   759   720   831   804   861   793  raw
70469A  1990   742   747   761   761   740   744   780   847   832   802  raw
70469A  2000   717   813   802   795   783   747   629   773 -9999
80641A  1937   903   870   896
80641A  1940   854   878   809   795   863   870   912   833   780   763  raw
80641A  1950   773   809   849   840   747   724   844   806   658   704  raw
80641A  1960   532   544   612   746   661   770   743   733   662   494  raw
80641A  1970   694   833   837   844   666   621   698   801   707   677  raw
80641A  1980   765   838   847   816   745   693   828   775   853   778  raw
80641A  1990   741   720   744   740   739   720   768   807   813   800  raw
80641A  2000   655   799   793   753   762   736   614   752   753   561  raw
80641A  2010   960   891   354   905   956   944  1000 -9999
90607A  1919   346
90607A  1920    27   672   611   716   908   859   846   817   830   772  raw
90607A  1930   742   751   813   893   857   852   908   902   838   846  raw
90607A  1940   796   864   802   792   797   841   860   805   774   759  raw
90607A  1950   768   730   845   803   672   688   787   675   654   594  raw
90607A  1960   339   495   598   745   644   615   591   688   625   487  raw
90607A  1970   691   762   831   790   637   609   688   793   609   665  raw
90607A  1980   737   809   844   807   677   684   817   730   725   760  raw
90607A  1990   725   643   661   720   695   716   750   801   799   765  raw
90607A  2000   653   771   751   722   754   713   608   737   691 -9999  raw
110899A 1933   867   787   829   877   808   770   839
110899A 1940   715   765   791   770   656   837   810   712   769   744  raw
110899A 1950   713   723   807   783   657   666   757   612   644   466  raw
110899A 1960   281   393   574   720   590   497   561   502   586   420  raw
110899A 1970   671   758   830   749   623   591   627   749   597   614  raw
110899A 1980   715   745   844   791   640   604   816   699   698   753  raw
110899A 1990   672   635   653   666   625   640   744   794   708   760  raw
110899A 2000   628   649   749   689   748   710   556   722   689   534  raw
110899A 2010   951   698   263   652   711   154   763  1000 -9999
112421A 1950   665   712   783   731   627   648   619   556   599   409  raw
112421A 1960   232   368   344   595   505   443   513   495   451   349  raw
112421A 1970   662   636   741   712   577   559   621   665   574   580  raw
112421A 1980   658   585   690   704   608   512   799   691   691   623  raw
112421A 1990   658   629   578   615   554   637   686   786   707   707  raw
112421A 2000   586   519   708   602   744   684   539   668   679   511  raw
112421A 2010   944 -9999
140280A 1924   849   849   711   810   718   690
140280A 1930   738   578   729   815   714   730   724   771   742   817  raw
140280A 1940   693   756   760   743   628   829   791   702   749   627  raw
140280A 1950   661   644   724   726   579  1000   531   460   541   350  raw
140280A 1960     6   256    21   280   451   119   318   405   384    73  raw
140280A 1970   422   612   660   670   559   518   607   661   524   548  raw
140280A 1980   608   449   600   676   607   483   750   686   662   596  raw
140280A 1990   574   472   497   586   493   622   683   756   696   691  raw
140280A 2000   372   492   690   541   673   681   524   627   657   509  raw
140280A 2010   888    25  1000   481   346  1000    37 -9999
171403A 1950   623   610   708   702   455  1000   204   144   204   302  raw
171403A 1960  1000     1  1000     8  1000  1000   242     4    65  1000  raw
171403A 1970   275   445   598   576   405   474   550   596   486   454  raw
171403A 1980   592   444   542   675   428   412   741   534   645   512  raw
171403A 1990   494   420   446   458   486   575   655   755   641   672  raw
171403A 2000   326   471   626   534   643   605   465   601   657   484  raw
171403A 2010   884     1  1000   321    40 -9999
052246A 1945   819   746   686   741   617
052246A 1950   592   566   700   605   156  1000  1000  1000  1000   132  raw
052246A 1960  1000  1000  1000  1000  1000  1000    70  1000  1000  1000  raw
052246A 1970   222   355   580   440   339   424   453   537   432   453  raw
052246A 1980   497   424   353   643   424   393   680   531   633   457  raw
052246A 1990   485   230   232   390   346   261   284   576   596   653  raw
052246A 2000   235   439   603   512   519   543   425   550   561   468  raw
052246A 2010   551 -9999
82239A  1930   437   476   656   670   626   646   689   720   691   770  raw
82239A  1940   497   608   729   631   528   593   583   653   665   517  raw
82239A  1950   586   540   637   484  1000  1000  1000  1000  1000  1000  raw
82239A  1960  1000  1000  1000  1000  1000  1000  1000  1000  1000  1000  raw
82239A  1970    26    58   539   414   262   365   444   527    78   274  raw
82239A  1980   310   255   326   526   304   247   657   523   616   370  raw
82239A  1990   304   151    89   349   321   243   221   537   479   649  raw
82239A  2000    91   281   599   187   307   542   391   462   218    53  raw
82239A  2010   101 -9999
82381A  1942   579   393   491   530   480   385   512   514
82381A  1950   561   488   576   188  1000  1000  1000  1000  1000  1000  raw
82381A  1960  1000  1000  1000  1000  1000  1000  1000  1000  1000  1000  raw
82381A  1970  1000  1000  1000    19    72   260   317   448    72    99  raw
82381A  1980   144   181   281   141   291   222   453   496   573   361  raw
82381A  1990   156   148    43   173   127   233   218   520   408   183  raw
82381A  2000    66   199   469   172   285   362    52   203   128     2  raw
82381A  2010    13  1000  1000  1000 -9999
110902r 1924   802   551   632   775   531   507
110902r 1930   346   375   504   610   387   489   436   405   371   525  raw
110902r 1940   329   436   213   381   227   143   183    61   312   366  raw
110902r 1950   503   466   398     2  1000  1000  1000  1000  1000  1000  raw
110902r 1960  1000  1000  1000  1000  1000  1000  1000  1000  1000  1000  raw
110902r 1970  1000  1000  1000  1000  1000  1000    19   398    26    50  raw
110902r 1980   136    41   114    47  1000  1000   368   339   262    67  raw
110902r 1990    71     4  1000   141    12   132   135    19    40  1000  raw
110902r 2000    65    51    93   151   262   276     7    14  1000  1000  raw
110902r 2010    13  1000 -9999
