  year  #   1       2       3       4       5       6       7       8       9      10      11      12      13      14      15      16      17      18      19      20      21      22      23      24      25      26      27      28      29      30      31      32      33      34      35      36      37      38      39      40      41      42      43      44      45      46      47      48      49      50      51
  1950   0.632  -1.489  -1.613  -1.403  -6.119  -1.329   0.547  -0.802  -2.831   2.744   2.277   0.478   1.556   1.224  -0.523  -1.028   1.719   0.481   1.520   0.241  -1.044   0.856   0.099  -0.602  -1.296   0.887   0.941   0.247  -0.342   0.330   0.408   0.266   1.204  -0.217   0.504   0.250   0.714   0.417  -0.700   0.253  -0.062   0.244  -0.153  -0.133  -0.337   0.151   0.236  -0.332  -0.267   0.475   0.000
  1951   2.612  -0.794  -0.286  -3.097  -1.176  -4.095   1.279  -1.874  -0.763  -2.359  -1.257   3.957  -0.506  -0.434  -0.900   3.190  -0.530  -0.796  -1.707  -1.076  -2.315   0.015   0.751   0.265   0.624   0.038   0.399  -1.120  -1.124  -0.077  -0.112  -0.758  -0.488   0.131  -0.132   0.291   0.140  -0.689   0.236  -0.279   0.171   0.209  -0.354  -0.025  -0.298   0.388   0.466   0.053  -0.025  -0.137   0.000
  1952  -0.238  -0.118   2.037  -3.209  -0.318  -0.744  -0.485   1.306  -0.910  -3.824  -0.962  -0.180   1.147   0.210  -0.174   0.168  -0.885   2.271   1.009  -1.055   1.506   0.131  -1.326   0.217  -0.380  -0.814   1.605  -0.354  -0.612  -0.492  -0.310   0.370   0.784   0.193  -0.033  -0.913   0.302   1.168   0.901   0.520   0.654  -0.035  -0.777  -0.477  -0.192  -0.490  -0.540   0.335  -0.310   0.014   0.000
  1953  -1.843   2.302   0.315  -5.035  -1.243   1.952   0.672   4.865   1.920  -1.272   0.542  -1.969  -1.650   1.282   0.026   0.676  -1.290  -0.436  -0.492   1.020  -0.314  -1.864   1.272   0.047   0.964  -0.273   0.262   1.583  -0.007  -0.431  -0.334   0.757   0.655  -0.234  -0.522   0.316   0.651  -0.467  -0.806  -0.196   0.558   0.285   0.105   0.190   0.039   0.292   0.540   0.092  -0.230   0.174   0.000
  1954  -0.528   3.408   0.575   0.940   3.777   0.161   4.982  -1.946   0.344  -1.288  -1.592   0.022  -0.781   2.522  -0.461   0.676  -0.182   0.799   0.868  -0.885  -0.364   1.335  -0.076  -0.886  -2.123   0.719   0.003   1.575   0.668   0.073  -1.123   0.477   0.517  -0.150  -0.093   0.412  -0.037   0.948  -0.323  -0.134  -0.729  -0.473   0.225   0.104  -0.360   0.194   0.401  -0.089  -0.158  -0.321   0.000
  1955   2.718   3.170   2.215  -1.647   2.553  -1.870   3.293  -0.095  -0.082   1.433  -2.781  -0.222   0.305  -3.909  -1.893  -2.754   0.287  -0.514   0.940   0.741  -0.810  -0.946   0.193  -0.311  -0.297  -1.583  -0.880  -0.733   0.300  -0.640   0.265   0.768   0.643  -0.711   0.657  -0.176   0.382  -0.701  -0.097   0.347   0.134   0.019  -0.261   0.431  -0.401   0.032  -0.277  -0.145   0.100   0.369   0.000
  1956   2.071  -1.565  -3.073   3.514   2.391   1.830   0.584  -1.110  -0.366   0.767  -1.779  -2.607   2.146   0.600   1.678  -0.328  -1.090   0.149  -2.104  -1.139  -1.681  -0.525   0.617  -0.259   1.402   0.533   0.444  -0.009  -0.739   0.964   0.589   1.262  -0.150  -1.102   0.051   0.544  -0.151   0.030   0.392   0.757   0.553   0.323  -0.609  -0.842  -0.259   0.280   0.097   0.034  -0.301   0.214   0.000
  1957  -0.385  -0.256   0.041   3.827   1.214   0.215  -0.198  -0.211   2.662   0.705  -0.315  -0.026  -0.169  -0.589  -3.308   0.186  -0.806   2.192  -0.391  -0.826   0.481  -0.193   0.412  -0.978   0.060  -0.215   0.041   0.092  -0.498   0.872   0.010  -1.715   1.079   1.299  -0.175   0.025   0.246   0.007  -0.868  -1.077   0.349   1.213  -0.599  -0.167   0.553  -0.027  -0.180  -0.326  -0.206   0.195   0.000
  1958   4.956   0.075   1.556   1.360  -0.618   1.119  -0.535   0.549   0.252   2.820  -1.512  -0.644  -1.042   1.291  -0.668   1.232   0.539  -0.605  -1.272  -1.032   0.988   0.332   0.891  -1.861   0.946  -0.667   1.618  -1.307   0.453  -0.228   0.308  -0.661   0.140   0.382  -0.391  -0.075   0.426  -0.182   0.665   0.534  -0.355  -0.535   0.956   1.064  -0.466  -0.390  -0.063   0.187  -0.690   0.088   0.000
  1959  -5.817  -0.295  -2.191  -1.012   0.088   0.793  -0.403  -1.615  -1.868   0.463  -0.006   1.385  -3.439  -1.344  -0.796  -1.807   0.498   0.239  -2.398   1.737   0.092  -0.252   0.637  -0.431   0.737  -1.525   0.909   0.426   0.539   0.299  -0.466  -0.265   0.651   0.592   0.873  -0.057  -1.462   0.938  -0.019  -0.109   0.009  -0.539   0.469  -0.965  -0.045   0.039   0.228   0.479  -0.054   0.155   0.000
  1960   5.144   2.010  -0.761   1.398  -1.386   0.639   3.417   1.004  -1.813  -2.403   1.276  -0.229  -0.037   1.354  -1.475  -0.900   0.807  -2.350   1.379   0.501   1.780  -0.729   2.065  -0.817   0.327   0.781  -0.423  -1.044   1.159   1.579   0.421   0.017  -0.489   0.115   0.176  -0.330  -0.088  -0.691   0.631  -0.487   0.075   0.060  -0.539  -0.693   0.201  -0.611   0.146   0.218   0.080  -0.210   0.000
  1961  -0.201  -1.924  -1.351  -0.288   0.208   1.348   0.128  -2.417  -0.243  -0.406   1.010   0.893  -2.844   0.228   1.559  -0.957  -0.685  -1.334  -1.215   1.597   0.656  -0.514  -2.095  -0.999  -0.374   0.966  -0.022   0.149  -1.273   0.741  -0.899   1.507  -0.504   0.746   0.379  -0.485   0.176  -0.399  -0.083  -0.278  -0.137   0.472  -1.084   1.204  -0.138  -0.262  -0.337  -0.114  -0.273   0.028   0.000
  1962  -0.611   2.290   0.347   3.155   0.100   1.774  -0.853   0.249  -1.448  -1.888   1.509   0.384  -0.239  -0.441  -1.378   0.766  -0.989  -0.520   0.918   1.075  -1.189  -2.006  -1.151   0.175   0.219   0.762   0.502   0.219   0.970  -1.624   0.938  -0.467  -0.652  -0.558   0.962  -0.480  -0.035   0.912   1.409  -0.512  -0.333   0.703   0.437   0.210  -0.150   0.593   0.055  -0.580  -0.239   0.176   0.000
  1963  -3.670   1.867  -0.240   0.580   0.245  -2.445  -0.095   1.435   0.825   0.028  -0.362   0.525  -0.347   0.552   0.646  -2.814   1.838   0.093   0.246  -0.837   0.225   0.977   0.654   1.202   0.862   1.803  -1.241  -0.084   0.286  -1.650   0.338  -0.663  -0.695   0.664  -0.228   0.518  -0.864   0.331   0.204   0.382   0.203  -0.356  -1.002   0.497   0.646   0.344   0.213   0.325  -0.727   0.118   0.000
  1964  -6.417   0.153  -0.586   1.446  -0.163   0.682   1.019   1.819  -1.958   0.222   0.494  -0.328   1.196   0.218   0.832  -1.056  -3.509  -0.193  -0.951  -0.505  -0.155   0.928  -0.527   2.291  -0.937  -1.048  -0.831  -1.493  -0.068   0.333   0.140  -0.660   0.106   0.423  -0.172   0.696   0.068   0.431   0.142  -0.517  -0.161   0.064   0.048   0.652  -0.480  -0.745   0.804   0.087   0.262   0.343   0.000
  1965  -7.246  -1.353   0.956   1.823   0.797  -2.249   0.274  -0.126   2.496   2.347   0.328  -0.442   1.022  -0.742   0.435  -0.192   1.582  -0.406   0.774   1.378  -0.186  -2.030  -0.209   0.837  -1.013   1.354   0.680  -0.781  -0.307   0.147  -1.257   0.254  -0.599   0.534  -0.730  -0.149   1.106   0.148   0.460  -0.737   0.558   0.264   0.603  -0.503  -0.773   0.091   0.056   0.773  -0.093  -0.237   0.000
  1966 -10.292  -0.392   0.265  -0.404  -1.333   0.663   0.265  -0.677   0.917  -0.745   0.288  -0.004   0.421  -0.636   0.635   0.232  -0.353   0.095   0.898  -0.891   0.133   1.215  -1.442  -2.145   0.231  -0.161  -1.479  -0.088   0.024  -0.481   0.062  -0.576   0.075  -1.152   0.793  -0.723  -0.580  -1.330  -0.266   0.859  -0.154   1.274   0.678  -0.337  -0.042  -0.338   0.347   0.352  -0.370  -0.324   0.000
  1967  -1.740   1.922   0.967  -0.006   1.406  -1.772  -0.751   0.564   1.557   2.748   1.537  -0.885  -0.953   0.176   2.041   1.981   1.447  -0.308   0.583  -0.447  -0.684  -0.102   2.483   0.553  -0.213  -1.040   0.950   0.306  -0.503  -0.959  -0.519   0.477   0.159   0.143   0.975  -0.385  -1.000   0.293   0.581   0.193  -0.336   0.738  -0.768  -0.077  -0.013  -0.790   0.212  -0.663   0.310  -0.215   0.000
  1968   1.325  -2.264  -0.471   2.456   0.472   0.676   0.177  -1.606   0.446  -1.553   2.051  -0.155  -1.033  -0.387   1.735   1.036   0.304  -2.672   0.707   0.883   0.150   2.333   0.180  -0.215  -0.054  -1.638  -0.302  -0.503   0.647  -1.690  -1.198  -0.563   0.954  -0.994  -0.831   1.173   0.770  -0.004  -0.044  -0.376   1.015  -0.172  -0.117  -0.341   0.184   0.049  -0.481  -0.085  -0.102   0.290   0.000
  1969  -1.170   0.373   1.065   0.757   2.001   0.310  -3.482   0.805   1.393   0.111   0.573   0.071   1.477   1.084  -2.160   0.980  -0.007  -2.723   1.429   0.422  -1.640   1.264  -0.445  -1.266  -0.526  -1.176   0.201   1.256  -0.831   0.500   1.181  -0.170  -0.917  -0.082   0.454  -0.751  -0.216   0.273  -0.541  -0.163  -0.085  -0.833  -0.772   0.130  -0.257   0.048   0.137   0.789   0.200   0.297   0.000
  1970   3.913  -2.332  -0.306  -0.232  -0.183  -1.503  -0.656  -1.293   2.472  -2.082   2.044  -1.572  -0.889  -2.512   0.683  -1.252  -0.220   0.837  -0.194  -1.448  -1.014   2.153   0.355   1.166   1.446   0.567   0.582   0.278   1.722   0.343   0.754   1.073  -0.250   0.202  -0.472  -1.647   0.484  -0.078  -0.533  -0.808  -0.557  -0.288   0.349  -0.088  -0.452  -0.178   0.225  -0.185  -0.145   0.058   0.000
  1971  -0.141  -2.938   2.102  -2.333  -0.285   1.208  -0.474   0.796  -0.332  -1.588  -0.840  -2.736   1.280  -1.947   2.383   1.644   1.431   1.210  -0.730   1.126  -0.257  -0.606   0.399  -2.803  -0.327   1.679  -1.160  -1.280   0.545   0.053  -0.135  -1.150   0.297   0.223  -0.143   0.349  -0.757   0.589  -0.176  -0.541  -0.680  -0.424  -0.517   0.141  -0.395   0.153   0.010  -0.031   0.332   0.252   0.000
  1972   4.951  -3.589  -1.465   0.208   1.998  -0.493  -1.249  -1.051   0.250   0.087   0.145   0.263  -0.461   0.347  -1.728   1.820  -0.960  -0.457   1.033   0.969   2.486  -1.008   0.558   1.959  -0.186   1.410  -0.127  -1.761   0.160  -0.481  -0.013   0.439   0.522  -1.078  -0.069  -0.474  -1.121   0.684  -1.656   0.987  -0.018   0.341   0.177   0.224  -0.141   0.076   0.178   0.193   0.027   0.060   0.000
  1973   3.383  -0.386   1.416  -0.062   4.186  -0.430  -2.384  -0.398  -5.127   1.339   2.398   0.377   1.557  -0.012   0.031   0.425  -0.354   1.125   0.246  -0.603   1.047  -0.415   0.264  -0.979   0.976  -0.052  -1.649   0.685  -0.331  -0.815  -1.158   0.536   0.198   1.266  -0.048  -0.759   0.723  -0.728   0.005  -0.045   0.507  -0.514   0.259  -0.192   0.106   0.164   0.586  -0.149  -0.056  -0.059   0.000
  1974   3.679  -2.804   0.069   0.843  -0.889   3.220   1.959  -0.470   0.426  -0.126   0.438   1.506   1.919  -2.128   1.410   1.656   1.591   0.501  -0.535  -1.499   0.588  -0.859   0.505   2.059  -1.127  -0.034   0.111   1.875   0.339   0.502   0.066  -0.327   0.873  -0.269   1.490  -0.262  -0.342  -0.537   0.358  -0.381   0.524  -0.283   0.168   0.800   0.459   0.047  -0.023   0.648  -0.043   0.079   0.000
  1975   1.800  -4.716  -0.496  -0.062  -0.771   2.983   1.433  -0.743  -0.401   0.714   0.779  -0.663  -1.653  -0.093   0.193  -0.558   0.811   1.530   0.760  -1.042  -0.401  -1.893  -0.480   0.240  -1.927  -2.648   0.318  -0.692   0.042  -0.921   0.653  -0.396  -1.745   0.057  -1.403  -0.243   0.308  -0.326  -0.376   0.409  -0.642  -0.205  -0.656  -0.349   0.375   0.288   0.345   0.020  -0.046  -0.227   0.000
  1976   0.277  -1.475  -0.701  -2.462   3.191   1.892   1.635   1.071   2.064   0.081   0.411   2.119  -0.482   2.223   0.428  -1.449   1.605   0.656   0.196  -1.492   0.833   0.659  -1.230  -0.446   1.044   1.082   1.252  -1.065  -0.593  -0.493  -0.187  -0.311  -0.878  -0.171   0.914   0.050   0.465  -0.291   0.099  -0.074   0.128   0.115   0.586  -0.268   0.233   0.037   0.092  -0.161   0.756   0.711   0.000
  1977  -4.621   2.896  -0.824  -1.089   1.226   0.545  -0.580  -1.008  -1.689   1.649   0.832   0.349  -0.604   1.497  -0.248   0.214  -0.466   2.040  -2.282   0.986  -0.301   0.678   0.951   0.244  -0.036   1.046   0.198  -0.183   1.358  -1.045   1.660  -0.413   0.349  -1.094   0.223  -0.169   1.475  -0.338  -0.267  -0.204   0.051   0.052  -0.651   0.227  -0.003  -0.093  -0.630   0.483   0.440  -0.533   0.000
  1978   5.712  -2.131   1.606  -2.250  -1.349   2.299  -1.277  -0.695   0.485   2.116  -3.488   1.988   1.806   1.644   1.469  -1.759  -2.666  -0.795   1.271   1.122  -2.028   0.359   0.984   0.359   0.288   0.273  -0.120  -0.090   1.062  -0.291  -1.571  -0.503  -0.044   0.214  -0.056  -0.987  -0.159   0.212   0.039  -0.430  -0.447   0.394   0.057  -0.276   0.627  -0.025  -0.233   0.088  -0.052  -0.131   0.000
  1979  -2.302  -1.264   0.809   0.894  -0.667   1.980   0.397   1.012  -0.958   0.657  -0.639   1.407   0.468  -0.812  -1.567   0.797   2.204  -0.186   0.630   0.242   0.443   0.566  -1.370   1.363   3.448  -0.455  -0.345   1.212   0.489   0.803  -1.028  -0.040   0.473  -0.213  -1.212   0.559   0.463   0.386   0.290   0.624  -1.148   0.547  -0.677   0.148  -0.472   0.052   0.027   0.045   0.328  -0.165   0.000
  1980   2.951   9.039 -10.069  -0.632  -1.266   0.700  -2.616  -0.323   1.171  -0.147  -1.407   0.051   0.510  -1.223   0.500   1.192   0.707   0.307   0.867  -0.875  -0.049  -0.418  -0.759  -0.427  -0.510  -0.395  -0.693  -0.620   0.647  -0.046  -0.758   0.282  -0.076   0.661  -0.199  -0.081   0.488   0.228   0.034   0.170  -0.039  -0.063   0.105   0.095   0.134  -0.069   0.043   0.125   0.174   0.053   0.000
  1981   4.338   7.141   3.063   2.500  -2.746   0.153   2.777  -1.784   0.550   0.730   1.544  -0.746   0.250  -0.711   0.673   0.760  -1.726   0.663  -0.219   1.318  -0.387  -0.217  -1.386   0.439   0.805   1.254   0.943   0.716  -1.002  -1.002  -0.011  -0.699  -0.161   0.803  -0.876  -0.203  -0.893  -0.780  -0.435   0.781  -0.007  -0.640   0.064  -0.431   0.076  -0.265  -0.153   0.199   0.321   0.250   0.000
  1982   2.919   6.354   5.407   0.098  -1.061  -1.656  -2.157  -1.563  -0.102   0.103  -0.416   0.756   0.447   0.477   2.163  -0.567   0.806  -0.908  -1.907  -0.902   2.625  -0.295  -0.478  -0.097  -0.581  -1.146  -0.210  -0.138  -0.159   0.727   0.715   0.860   0.015  -0.967  -0.591   0.128   0.146   0.596  -0.196  -0.734  -0.612   0.875   0.172  -0.232   0.495   0.468   0.263   0.207   0.055   0.195   0.000
  1983  -0.141   1.597   3.499  -0.153  -2.045   1.942  -0.679  -1.142  -0.396  -1.271   0.549  -0.742  -0.190   0.130  -1.513  -0.856   1.397  -0.715  -1.667  -1.884  -1.770  -0.651   0.618   0.288   0.012   0.199  -1.448  -0.021  -0.064   0.380  -0.940  -0.171  -1.520   0.077   0.387   0.063   0.334   1.390  -0.946   0.744   1.226   0.091   0.536   0.256  -0.116  -0.419  -0.379  -0.300   0.183  -0.228   0.000
  1984  -3.906  -1.712   1.399   2.098  -1.902   0.017   0.617   0.711  -0.746   0.940  -1.435  -0.713  -3.391  -1.391   1.118   0.710  -1.679  -0.859   2.599  -1.704  -0.235   0.497   0.352  -0.659   0.686   0.719  -0.167  -0.780  -0.805   0.452   1.053   1.011   0.958   0.981   0.478  -0.017   0.640   0.715   0.217   0.316   0.289  -0.271   0.210   0.113   0.677   0.619  -0.010   0.220   0.524  -0.297   0.000
  1985  -1.796  -0.994  -0.150  -0.202  -0.714  -2.939  -0.092   0.579   0.240   1.332  -0.607  -2.230  -0.327   0.584  -0.585   0.156  -0.251  -0.475  -1.325   0.552   0.683   0.643  -1.751   0.049  -0.823  -0.075   0.743   0.284   1.816   1.514  -1.039  -1.131  -0.117  -0.805  -0.288  -1.267  -0.312  -0.357   0.739   0.661   1.109  -0.342  -0.368   0.357   0.455   0.536   0.402  -0.507   0.338  -0.052   0.000
  1986   3.095  -1.698  -1.215   0.890  -2.550   0.124  -1.311   1.429  -1.145   0.781  -1.983   0.010  -0.715  -1.649  -1.360  -0.825  -1.158   1.124   0.276  -0.538   2.213   1.810   1.351  -0.839  -0.894   0.687   0.427   1.703  -0.733  -1.094  -0.488   0.555  -1.753  -0.804  -0.466   0.715  -0.852  -0.354   0.344  -0.760   0.471   0.387   0.088   0.084  -0.723   0.096  -0.095   0.013   0.342  -0.084   0.000
  1987  -2.202  -0.468   0.202   1.652  -1.516  -1.571   0.974   1.453   0.828  -0.487   0.437  -0.759   2.234  -0.686  -0.745   1.171  -0.818   1.314  -0.743   1.828   0.927   0.900   0.138   0.043   0.794  -1.049   0.605  -0.927  -0.098   0.110  -1.234   1.012  -1.586  -0.141   2.054   0.825   0.768   0.036  -0.615   0.001  -0.852  -0.701   0.038  -0.034   0.809   0.200  -0.125  -0.113  -0.231  -0.190   0.000
  1988  -1.050   1.270  -0.785  -1.260   0.551  -2.120   0.243   1.056  -1.163   2.248   1.213   0.441  -1.353   0.561   1.423   0.434  -1.126   0.550   2.078  -2.101  -0.171  -1.886  -1.198   0.170   1.385  -0.302  -0.428   0.132  -0.004   1.346  -0.219  -0.929  -0.437  -1.615   0.115   0.426  -0.810   0.002  -0.547  -1.132  -0.009  -0.872   0.033  -0.084  -0.279  -0.116  -0.751  -0.153  -0.323  -0.062   0.000
  1989  -0.087  -2.170  -0.220   0.523  -1.006  -0.271  -2.877  -1.150   2.134  -1.019  -0.465   0.183   0.569  -0.516  -1.510  -2.299  -0.379  -1.284  -0.847  -0.978   0.308  -1.954  -0.629  -0.433  -0.220   1.178   0.361   0.449  -1.034  -0.903  -0.150  -0.217   1.534  -1.148   0.038   0.796   0.503  -0.257   0.357  -0.111  -0.602  -1.245  -0.108  -0.173   0.366  -0.580   0.490  -0.368   0.163  -0.435   0.000
  1990   4.160  -2.898  -2.927   0.453   0.891  -3.785   0.725   1.263  -2.244  -1.541  -1.558  -3.186  -0.160   0.909   1.256  -0.910   0.541  -2.020  -0.879  -0.109   0.377  -0.487  -0.401   0.774  -0.145  -0.395   0.092   1.641  -0.863  -0.640   0.282  -1.703   0.010   0.883   0.649  -0.259   0.602  -0.028  -0.548   0.256  -0.875   0.680   0.608  -0.109  -0.047   0.014  -0.503   0.159   0.160  -0.081   0.000
  1991  -5.320   0.052   1.353  -1.559   1.983  -0.687  -2.942  -2.371  -2.091  -1.758  -0.314  -1.534  -0.903  -0.474  -0.910   0.397   0.059   0.826   1.714   0.158  -1.267  -0.174   1.143   0.787  -0.874   0.825   1.088   0.445   0.520   1.331  -0.293   0.267  -0.508  -0.037  -0.747   1.347  -0.019  -1.016   0.466   0.514  -0.488   0.314   0.504   0.284   0.861  -0.361  -0.244   0.142  -0.033   0.517   0.000
  1992   2.507   1.399  -0.898  -2.835   2.128   1.118   0.255   1.999   1.468   0.545   4.682   1.196   0.909  -2.099  -0.161  -1.363  -1.579  -0.841  -0.808  -0.207   0.209   1.099   1.281  -0.255  -1.283   0.394  -0.055  -0.249  -1.120   1.253  -0.153  -0.811   0.215   0.029  -0.582   0.198  -0.091   0.358   0.749   1.014  -0.652   0.149   0.291  -0.058  -0.077   0.614  -0.478  -0.072  -0.109  -0.317   0.000
  1993   9.630  -0.834  -0.283   0.576  -0.307  -1.434  -0.644  -0.678   1.403  -1.136   1.325  -1.249  -0.571   2.239  -0.100  -1.442   0.959   3.047   1.072   2.259  -1.592   0.385  -0.536  -0.044   0.882  -1.407  -1.075  -0.479  -1.157   0.542   0.314   0.101   0.590  -0.412   0.129   0.613  -0.665   0.112   0.803  -0.229   0.444   0.289   0.562   0.668   0.017   0.049   0.239   0.372   0.224  -0.374   0.000
  1994  -3.848   0.515   1.025   4.528  -0.753  -0.254  -2.421   1.799   0.482  -2.959  -0.478   2.881   0.474   1.794   1.743  -1.399   0.222   0.769   0.197  -0.179  -0.163  -0.967   1.029   0.035  -0.653  -0.850   0.577  -0.379   0.961   0.403  -0.161   0.377   0.692   0.806   0.142   0.037  -0.515  -1.303  -0.658   0.659  -0.015  -0.325  -0.004   0.126  -0.907   0.513  -0.397  -0.353   0.220  -0.061   0.000
  1995   1.955  -4.122   0.302  -2.267  -0.799  -2.022   0.359  -0.695   2.429   1.601   1.102   0.391   0.704   1.291  -1.125   1.127  -1.406  -0.519  -0.913  -0.801   0.476  -0.836  -1.432  -0.470  -0.373  -0.285  -1.525   0.790   2.332  -0.492   1.045   1.320  -0.058   1.582   0.221   1.477  -0.510   0.027   0.622   0.321   0.023   0.177   0.048  -0.417  -0.143  -0.131  -0.373   0.052   0.124   0.116   0.000
  1996   1.433  -0.601  -0.651   0.251   2.291  -0.309   0.690   3.242  -1.765   0.025  -0.585   2.156   1.730  -1.718   0.940   0.015   1.163  -0.735  -0.269   1.078  -1.199   0.415  -1.734  -1.039  -0.181   0.280   1.814   0.007   0.543   0.032   1.324   0.747  -0.062   0.296  -1.086   0.576  -0.733   0.347  -0.906  -0.249   0.713   0.301   0.486   0.178   0.682  -0.494   0.103  -0.276  -0.079  -0.525   0.000
  1997  -1.058   2.412   1.194  -3.497   0.399   3.582  -1.240  -1.584  -0.309   0.544  -1.442  -2.741   0.475   0.499  -0.900   0.269   1.177  -1.184   0.554   0.194   0.761   1.576  -1.182   2.334  -0.141   0.014   0.387  -1.025  -0.655   0.100   0.754  -0.118   0.311   1.095   0.720   0.593  -0.623  -0.962  -0.065  -0.739   0.273  -0.196   0.019  -0.406  -0.446   0.436  -0.076  -0.491  -0.243  -0.466   0.000
  1998   0.816  -0.764   0.304   1.844  -0.528   0.283  -0.262   4.003  -0.449   0.549  -1.192   0.704  -2.054   0.738  -1.255   1.675   1.403   0.546  -1.866   0.519  -1.390   0.999  -0.699   1.178  -1.629   0.728  -2.156  -0.418  -1.023   0.064  -0.065   1.097   0.523  -0.546  -0.505  -1.048  -0.115  -0.454   0.468  -0.218  -0.515  -0.407   0.369  -0.716   0.326  -0.240  -0.419  -0.170  -0.172   0.301   0.000
  1999 -10.522  -1.378  -2.704  -1.091  -0.917  -0.301   2.415  -2.563   0.366  -0.568  -0.220  -0.176   3.031   1.360  -0.657   0.190   0.252  -0.381  -0.120   0.404   0.971  -0.462   1.618  -0.292   0.999  -0.979  -0.506   0.222  -1.212  -0.424   0.766   0.699   0.055   0.068  -1.494  -1.171  -0.688   0.281   0.302  -0.495   0.012  -0.409   0.590   0.582   0.366   0.143  -0.469  -0.415   0.162   0.107   0.000
  2000   0.176  -0.519   0.176  -0.529   0.512   0.072  -0.452  -1.019   1.621  -0.008  -2.149   2.245  -0.842  -0.579   2.098   0.741  -0.235   0.853   1.071   2.706   1.645   0.161   0.738   0.477  -0.014   0.031  -1.210   1.333  -0.422   1.121   1.776  -1.113  -0.891   0.031   0.160   0.135   1.258   0.415   0.159   0.713   0.464  -0.453   0.174  -0.373  -0.278  -0.385   0.293  -0.612  -0.245   0.100   0.000
