  year  #   1       2       3       4       5       6
  1950   1.601   1.187   1.209  -0.896   0.022  -2.127
  1951   1.054   1.961   0.219  -1.285   0.943  -1.978
  1952   0.866   2.002   0.215  -1.391  -0.703  -0.798
  1953   1.971   1.274   0.338  -0.623  -0.509  -1.121
  1954   1.591  -0.505   0.291  -1.050  -0.573  -1.016
  1955   2.163  -1.713   0.661  -0.450  -0.342  -0.741
  1956   0.188  -2.752   0.143  -1.100  -0.320  -0.933
  1957   0.849  -2.917   0.276  -0.838   0.528  -0.028
  1958   1.392  -2.648   0.105   0.276   1.351  -0.208
  1959   0.325  -1.852  -0.053  -0.729   0.436   0.265
  1960  -0.742  -0.960   0.569   0.105  -0.170  -0.231
  1961  -1.623  -1.080   0.519   0.299   0.538   0.866
  1962  -2.205  -0.581  -0.551  -0.461  -1.038   0.566
  1963  -1.379  -1.218  -0.054   0.015   0.274  -0.367
  1964  -1.911   0.037  -0.064   0.428  -1.201  -1.139
  1965  -1.423  -0.069   0.628   0.697  -1.516  -1.651
  1966  -0.862  -0.121   0.568   1.706  -1.766  -1.245
  1967   0.160   0.201   0.432   2.799  -0.598  -0.944
  1968   0.752  -0.066  -0.279   2.627  -0.898  -0.650
  1969   0.462   0.039  -0.793   2.081  -1.379   0.190
  1970   0.764  -0.080  -1.159   1.954  -0.477   0.774
  1971   1.174   0.318  -1.028   1.443   0.245   1.286
  1972   1.133   0.345  -1.259   1.316   0.274   1.466
  1973   1.651   0.005  -1.399  -0.123   0.138   1.584
  1974   0.127   0.876  -1.489  -0.428  -0.239   1.099
  1975   0.342   0.822  -1.602  -0.627   0.134   1.232
  1976   0.437   0.737  -1.383  -0.636  -0.498   0.956
  1977  -0.683  -0.063  -0.312  -1.838  -1.707   0.446
  1978   0.049   0.359  -0.206  -1.039  -1.736   0.549
  1979   0.224  -0.251   0.561  -0.794  -1.794   1.757
  1980   0.669   0.297   1.261  -0.675  -1.448   1.543
  1981   0.362   0.010   2.263   0.097  -1.140   1.473
  1982  -0.153   0.857   2.019  -0.558  -0.179   1.866
  1983  -0.195   0.437   2.183   0.333   1.408   1.114
  1984  -0.330   0.277   1.740   0.518   1.834   0.953
  1985  -0.262   0.577   1.438   0.605   2.362   0.134
  1986  -0.131   1.295   1.230   0.658   1.548   0.068
  1987  -0.623   0.330   0.824  -0.634  -0.103  -0.373
  1988  -0.814   0.151   0.534  -0.020   1.129  -0.070
  1989  -1.000   0.563   0.198   0.486   0.841   1.076
  1990  -0.994   0.243  -0.041  -0.349   0.794   0.273
  1991  -1.611   0.570  -0.547  -0.662  -0.400  -0.256
  1992  -0.829   0.229  -0.812  -0.528   0.408  -0.333
  1993  -0.557   0.168  -1.401  -0.422   1.369  -0.767
  1994  -0.363  -0.200  -1.848  -0.591   1.479  -0.087
  1995  -0.362   0.145  -1.703  -0.510   1.403  -0.147
  1996  -0.940  -0.198  -0.455  -0.971   0.137  -0.319
  1997  -0.576   0.454  -0.939  -0.200   0.015  -0.662
  1998  -0.335   0.615  -0.689   0.384   0.258  -1.110
  1999  -0.171   0.326  -0.031   0.619   0.257  -1.364
  2000   0.764  -0.435  -0.327   0.986   0.608  -0.872
