fram_drop.rwl -- no data title --                         1st itrdb line missing     
fram_drop.rwl -- no data title --                         2nd itrdb line missing     
fram_drop.rwl -- no data title --                         3rd itrdb line missing     
fram_d18699990  09990  09990  09990  09990  09990  09990  09990  09990  04185  1  trn
fram_d18702798  33754  33430  33947  34045  33129  33788  32131  33137  33382  4  trn
fram_d18802789  43502  43210  53673  53557  53232  73637  73089  73168  73792  7  trn
fram_d18903227  73660  73545  83247  93412  93076 103186 123616 123300 123328 13  trn
fram_d19003454 134166 133714 134137 133711 133273 133201 133472 132829 132807 13  trn
fram_d19102987 142144 142873 142730 142638 152288 162572 172678 172538 182418 18  trn
fram_d19202293 192415 191929 211722 212144 212308 222349 232755 232732 242463 26  trn
fram_d19302048 262201 272253 272343 292408 322298 342068 361902 402271 412012 41  trn
fram_d19401999 432008 432145 462165 472026 482234 492069 501782 501924 511974 53  trn
fram_d19502357 532343 542172 542367 552231 582380 582047 602207 612361 632225 63  trn
fram_d19601881 641969 651656 651829 651579 651563 651523 651821 651893 651851 65  trn
fram_d19702040 652180 652224 652233 651934 672035 671978 671761 671811 671862 67  trn
fram_d19801946 672013 672061 672200 682177 682144 682076 681757 681851 681866 68  trn
fram_d19901760 691465 691664 691746 691791 691746 691523 691517 691554 691578 69  trn
fram_d20001737 681703 671790 661746 661431 661367 641356 641390 631168 571010 57  trn
fram_d2010 816 39 825 38 672 34 656 29 700 22 662 20 494 14 706  59990  09990  0  trn
fram_drop.rwl -- no data title --                         1st itrdb line missing     
fram_drop.rwl -- no data title --                         2nd itrdb line missing     
fram_drop.rwl -- no data title --                         3rd itrdb line missing     
fram_d18699990  09990  09990  09990  09990  09990  09990  09990  09990  01054  1  std
fram_d1870 788  3 946  3 967  31016  31044  3 868  3 965  3 949  3 999  3 899  4  std
fram_d1880 724  4 947  4 985  5 994  51048  5 890  71078  7 983  7 950  71155  7  std
fram_d18901092  71179  71131  8 917  9 952  9 909 10 885 12 980 12 956 12 968 13  std
fram_d19001036 131212 131160 131327 131176 131030 13 995 131075 13 923 13 945 13  std
fram_d19101033 14 758 141073 14 999 14 946 15 937 161048 171031 17 971 18 929 18  std
fram_d1920 890 19 952 19 771 21 704 21 937 21 935 22 957 231122 231133 241063 26  std
fram_d1930 905 26 991 27 999 271052 291108 321054 34 904 36 912 401144 41 939 41  std
fram_d1940 942 43 964 431063 461016 47 945 481060 49 948 50 794 50 898 51 911 53  std
fram_d19501109 531119 541030 541084 551031 581113 58 937 601055 611172 631033 63  std
fram_d1960 935 64 976 65 784 65 897 65 787 65 773 65 808 65 970 651002 65 973 65  std
fram_d19701062 651125 651151 651166 65 986 671049 671031 67 795 67 875 67 896 67  std
fram_d19801006 671048 671068 671160 681156 681169 681121 68 911 681007 681045 68  std
fram_d1990 959 69 815 69 960 69 956 69 984 691022 69 887 69 930 69 961 69 994 69  std
fram_d20001053 681078 671149 661143 66 941 66 968 64 966 641027 63 936 57 846 57  std
fram_d2010 881 39 934 38 895 34 938 29 947 22 845 20 905 141081  59990  09990  0  std
fram_drop.rwl -- no data title --                         1st itrdb line missing     
fram_drop.rwl -- no data title --                         2nd itrdb line missing     
fram_drop.rwl -- no data title --                         3rd itrdb line missing     
fram_d18699990  09990  09990  09990  09990  09990  09990  09990  09990  01038  1  res
fram_d1870 750  31109  31026  3 963  31034  3 920  31071  3 839  31050  3 957  4  res
fram_d1880 779  41165  41011  5 967  51016  5 897  71125  7 936  7 982  71185  7  res
fram_d18901016  71096  71050  8 865  9 999  9 932 10 912 121046 12 981 121020 13  res
fram_d19001082 131278 131049 131283 131029 13 933 13 922 131052 13 878 13 961 13  res
fram_d19101071 14 756 141218 14 998 14 946 15 974 161077 171003 17 939 18 941 18  res
fram_d1920 925 191011 19 832 21 793 211112 21 963 22 995 231175 231114 24 966 26  res
fram_d1930 849 261043 271025 271043 291091 32 990 34 896 36 959 401198 41 845 41  res
fram_d1940 969 43 995 431043 46 989 47 936 481073 49 925 50 811 50 983 51 973 53  res
fram_d19501161 531096 54 973 541065 551005 581087 58 896 601103 611169 63 972 63  res
fram_d1960 916 64 996 65 790 65 985 65 844 65 873 65 902 651064 651029 65 990 65  res
fram_d19701085 651109 651103 651088 65 914 671041 671007 67 783 67 948 67 973 67  res
fram_d19801060 671028 671024 671136 681083 681084 681041 68 863 681030 681054 68  res
fram_d1990 955 69 820 691032 69 988 691015 691039 69 879 69 962 69 988 691003 69  res
fram_d20001061 681061 671112 661077 66 886 66 963 64 978 641053 63 918 57 871 57  res
fram_d2010 912 39 973 38 942 34 978 29 986 22 912 20 957 141032  59990  09990  0  res
fram_drop.rwl -- no data title --                         1st itrdb line missing     
fram_drop.rwl -- no data title --                         2nd itrdb line missing     
fram_drop.rwl -- no data title --                         3rd itrdb line missing     
fram_d18699990  09990  09990  09990  09990  09990  09990  09990  09990  01055  1  ars
fram_d1870 766  3 997  31029  3 983  31029  3 939  31043  3 860  3 983  3 951  4  ars
fram_d1880 734  41039  41036  5 991  51015  5 907  71079  7 984  7 978  71168  7  ars
fram_d18901112  71154  71135  8 944  9 974  9 920 10 869 12 983 12 976 121011 13  ars
fram_d19001089 131299 131215 131364 131235 131072 13 966 131038 13 900 13 911 13  ars
fram_d19101029 14 757 141099 141056 14 981 15 968 161063 171042 17 966 18 925 18  ars
fram_d1920 886 19 956 19 800 21 658 21 953 21 942 22 969 231155 231193 241078 26  ars
fram_d1930 892 26 992 271025 271059 291123 321062 34 933 36 927 401156 41 936 41  ars
fram_d1940 939 43 967 431030 461010 47 945 481048 49 955 50 775 50 870 51 908 53  ars
fram_d19501113 531156 541064 541101 551064 581121 58 968 601087 611207 631093 63  ars
fram_d1960 972 64 985 65 768 65 869 65 763 65 737 65 758 65 948 651006 65 998 65  ars
fram_d19701086 651153 651182 651184 651024 671057 671042 67 796 67 843 67 894 67  ars
fram_d19801010 671037 671048 671158 681167 681173 681138 68 943 681005 681060 68  ars
fram_d1990 993 69 808 69 939 69 959 69 998 691042 69 903 69 914 69 946 69 979 69  ars
fram_d20001053 681092 671158 661162 66 981 66 957 64 960 641035 63 941 57 835 57  ars
fram_d2010 822 39 883 38 881 34 919 29 948 22 885 20 899 14 984  59990  09990  0  ars
