  year  #   1       2       3       4       5       6       7       8       9      10      11      12      13      14      15      16      17      18      19      20      21      22      23      24      25      26      27      28      29      30      31      32      33      34      35      36      37      38      39      40      41      42      43      44      45      46      47      48      49      50      51
  1950   6.792   2.935  -4.417  -1.346  -3.028  -0.595   0.193   2.620   1.368   0.353  -0.904  -0.115  -1.971  -0.379  -0.589  -0.331   0.610  -1.089   0.086   0.406   0.140  -0.236   0.697  -0.198  -0.498   0.433   0.623  -0.220   0.460   0.271   0.312  -0.135  -0.193   0.197   0.041   0.075  -0.026   0.141  -0.184  -0.228  -0.098  -0.065   0.030   0.086   0.003  -0.040   0.059   0.022  -0.004  -0.003   0.000
  1951   6.584   3.519  -5.104   0.106  -3.037   0.321   0.231   1.311  -1.228   0.424  -1.530   0.226   0.217   0.170   0.461  -0.261  -0.198  -0.046  -0.254  -0.541  -0.319   0.119  -0.530   0.063  -0.031  -0.766  -0.358  -0.421  -0.293  -0.446   0.006   0.045  -0.046  -0.341   0.248  -0.276   0.088  -0.252   0.155   0.043   0.404  -0.038   0.210  -0.112   0.046  -0.016  -0.072   0.027   0.008   0.026   0.000
  1952   5.297   2.076  -3.766  -0.711  -3.631  -1.257  -0.650  -0.004  -2.231  -0.271   0.391  -1.122   0.618  -0.041   0.464  -0.338  -0.339   0.530   1.078  -0.058   0.586  -0.097  -0.072   0.489   0.610   0.377   0.107   1.094  -0.378   0.160  -0.290   0.416  -0.259  -0.029  -0.080   0.236   0.035   0.126   0.075  -0.046  -0.191   0.181  -0.096   0.065   0.040  -0.004  -0.058  -0.021  -0.024  -0.016   0.000
  1953   6.907   2.567  -3.371   0.171  -2.608  -0.658   0.544  -0.537   0.319  -0.753   1.366   0.161   0.447  -0.196  -0.611   0.953  -0.430   0.652  -0.965   0.406   0.314   0.245  -0.238   0.184   0.097  -0.070  -0.246  -0.654   0.177  -0.121  -0.221  -0.274   0.592   0.176  -0.148  -0.098  -0.196  -0.326  -0.051   0.185  -0.310  -0.052  -0.142  -0.185   0.014  -0.005   0.106  -0.073   0.010  -0.019   0.000
  1954   5.895   0.911  -3.104   0.219  -0.104  -0.939  -1.165  -2.774   0.661   0.312   1.752   0.531   0.683   0.108  -0.214   1.412   0.177  -1.377   0.042  -1.049  -0.756   0.414   0.136  -0.333  -0.399  -0.006  -0.129   0.291   0.100   0.029  -0.145  -0.226  -0.370   0.253  -0.159  -0.109   0.163   0.117   0.211   0.017   0.058   0.033  -0.098   0.131  -0.064   0.146   0.012   0.046   0.010   0.019   0.000
  1955   7.276   0.589  -2.472   0.393   1.675  -0.642  -0.064  -3.515   0.103   0.529   1.375   1.202  -0.498  -0.049  -0.070  -0.466   0.365   0.866   0.174   0.475  -0.437  -0.215   0.475  -0.312   0.482   0.288   0.347  -0.207  -0.288   0.588   0.351   0.220   0.221  -0.374   0.289   0.140  -0.152   0.058  -0.297   0.002   0.233   0.036   0.109   0.032  -0.020  -0.135  -0.058  -0.020   0.043   0.007   0.000
  1956   3.204  -2.919  -3.728   0.640   3.279  -0.981  -1.664  -0.120   1.401  -2.892  -2.116   0.629   0.701  -2.382  -0.209  -0.830  -0.214   0.262   0.685  -0.005   0.132   0.367  -0.206  -0.094   0.275   0.060   0.028  -0.018  -0.200  -0.373  -0.095  -0.177  -0.064  -0.045  -0.195   0.006  -0.108   0.093  -0.091   0.027  -0.051  -0.088  -0.033  -0.017   0.027   0.081   0.003   0.016   0.011   0.009   0.000
  1957   5.444  -0.974  -1.882   0.676   4.044  -0.767  -0.749   0.810   1.363   0.715  -0.438  -2.041  -0.547   0.788   1.079   0.377  -0.320   0.264   0.151   0.020   0.043   0.264  -0.076  -0.434  -0.797   0.304  -0.693   0.271  -0.023   0.116  -0.806   0.181   0.391   0.106   0.377  -0.181   0.056   0.148   0.032   0.003  -0.012  -0.023   0.178   0.092   0.039  -0.068   0.025  -0.056  -0.006  -0.014   0.000
  1958   7.279  -0.613  -1.277   1.713   3.736   0.923   0.693   1.274   0.135   1.312  -0.149  -0.535   0.460   0.436   0.979  -0.677   0.694   0.407  -1.067  -0.273   0.555  -0.229  -0.264   0.226  -0.112  -0.182   0.178   0.514   0.012   0.563   0.718  -0.256  -0.402  -0.156  -0.064  -0.018  -0.218  -0.132   0.130   0.096   0.049  -0.064  -0.360  -0.111  -0.039   0.065   0.053   0.004   0.003  -0.006   0.000
  1959   4.177  -0.951  -0.806   0.809   3.023  -0.359  -0.211   0.707  -0.426   0.843   1.116  -0.007  -0.305   0.555  -0.084  -0.799   0.325  -0.626  -0.119  -0.075  -0.516  -0.191  -0.830   0.647   0.382   0.294  -0.025  -0.358   0.412  -1.009   0.101   0.106   0.216  -0.050  -0.289   0.271   0.119  -0.168  -0.183   0.141  -0.167   0.246   0.100   0.129  -0.019  -0.069   0.000   0.097  -0.049  -0.013   0.000
  1960   1.908  -3.261  -1.554  -0.995   1.154  -0.149   1.094  -0.332  -0.120   1.168  -1.176   0.854  -0.215   0.601  -0.155   0.156  -1.718   0.089  -0.365   1.180  -0.034  -0.467  -0.397   0.261   0.424   0.437   0.206  -0.121  -0.094   0.215  -0.054   0.164   0.103   0.674  -0.187   0.319   0.364   0.001   0.267  -0.135   0.087  -0.111   0.053  -0.066  -0.135   0.111  -0.033  -0.017  -0.005   0.032   0.000
  1961   1.566  -3.400  -0.178  -1.435   2.101   0.804   0.646   1.051  -1.220   1.222  -1.026   1.804  -0.040   0.504  -0.269   1.029  -1.057  -0.462   0.590  -0.104  -0.423   0.525   0.833  -0.471   0.582  -0.032  -0.172  -0.054   0.196   0.112   0.065  -0.251  -0.373  -0.501  -0.092  -0.132   0.076   0.034   0.102   0.071  -0.301   0.054   0.000  -0.109   0.193  -0.099  -0.002  -0.026  -0.003  -0.020   0.000
  1962  -1.611  -4.834  -0.529  -0.477   0.673  -0.624  -0.598   2.418  -1.593  -1.592   1.472  -1.018   0.326   0.457   0.101   1.029  -0.818  -0.268   0.303   0.047  -0.235  -0.084   0.579   0.806  -0.421   0.078   0.110  -0.324  -0.500   0.153   0.094  -0.449   0.313  -0.401  -0.251   0.162  -0.172  -0.112  -0.102  -0.245   0.252  -0.103  -0.083   0.148  -0.064  -0.021   0.006   0.009   0.031   0.010   0.000
  1963   0.681  -4.434  -1.266  -0.270   1.609   0.784   0.221   0.454  -1.314  -0.133   0.962  -1.297   0.787  -0.449  -0.807   0.658   1.115   0.221  -0.076   0.008   0.317  -0.618  -0.054  -0.737  -0.039  -0.689   0.410  -0.470   0.049  -0.262   0.098   0.440  -0.116   0.666   0.030  -0.197  -0.042   0.096   0.036  -0.279  -0.063   0.093  -0.012  -0.124   0.151  -0.048  -0.145   0.011   0.037  -0.002   0.000
  1964  -1.483  -6.137  -0.979  -1.117  -1.300   0.254   0.426   0.317  -1.495   0.265   0.242   0.753   0.380   0.185  -0.823   0.252   1.187   0.716   0.192   0.263   0.720  -0.397  -0.067  -0.314  -0.458   0.549   0.287   0.438  -0.076  -0.236  -0.167  -0.348   0.170  -0.140   0.287  -0.237  -0.001   0.277   0.035   0.386   0.031   0.005   0.160  -0.053  -0.054   0.030   0.169   0.048  -0.031   0.034   0.000
  1965  -0.876  -6.454  -1.367  -1.801  -1.653   0.011  -0.208  -0.222   0.374  -0.564  -0.256   0.348   0.045   1.337  -0.499  -0.509   0.388  -0.310  -0.528  -0.203   0.331   0.678  -0.189  -0.003  -0.010  -0.791  -0.324   0.156   0.238   0.195   0.413   0.439   0.022  -0.112  -0.077   0.206   0.049   0.081  -0.324   0.052   0.055  -0.004   0.197   0.111  -0.017   0.224  -0.011  -0.075   0.005  -0.043   0.000
  1966  -0.249  -6.151   0.612  -1.292  -2.008   0.511   0.183  -0.913   0.429  -0.006   0.023   0.641  -0.389  -0.236  -0.154  -0.996   0.129  -0.272  -0.303  -0.167  -0.257   0.283   0.345   0.546  -0.108   0.277  -1.189   0.057  -0.097  -0.248  -0.128   0.225  -0.045   0.123   0.550  -0.160   0.017   0.000  -0.013  -0.304  -0.016  -0.001  -0.338  -0.168  -0.135  -0.132  -0.006   0.046  -0.012  -0.008   0.000
  1967   2.077  -3.853   2.020  -0.049  -2.232   2.692   0.490  -1.613   1.165   0.310  -0.030   0.465   0.297  -0.172   0.707  -0.680   0.025   0.073  -0.098  -0.090  -0.129  -0.138  -0.419  -0.002  -0.837   0.070   0.667  -0.517  -0.489  -0.278  -0.348   0.271  -0.334  -0.217  -0.409   0.219  -0.177  -0.057   0.344  -0.121   0.023  -0.007   0.005   0.168   0.147  -0.102   0.119  -0.057  -0.020  -0.009   0.000
  1968   2.667  -3.570   2.109   1.110  -1.937   1.482   0.888  -1.373   1.047   0.469  -0.347  -1.365   0.923  -0.395   1.096  -0.017  -0.951  -0.236   0.035  -0.230  -0.131  -0.484   0.512   0.326   0.214  -0.632   0.710   0.105   0.426   0.318  -0.264  -0.085   0.132  -0.188   0.110  -0.353  -0.054  -0.127  -0.280   0.062  -0.302  -0.164   0.141  -0.001  -0.097   0.027  -0.094   0.064  -0.039   0.017   0.000
  1969   1.211  -3.021   3.268   1.489  -1.696   0.859   0.416  -0.251   1.118  -0.528  -0.322  -0.136  -1.193  -0.576   0.365   1.291   0.593  -0.278   0.060  -0.017   0.372   0.297  -0.570   0.333   0.365   0.756   0.191   0.247   0.217   0.159   0.148  -0.337   0.291   0.044   0.223   0.055   0.356  -0.242  -0.062   0.115   0.293   0.076  -0.140   0.011   0.285   0.031  -0.136  -0.009  -0.023  -0.003   0.000
  1970   2.627  -1.456   3.649   2.277  -0.919   0.932   1.059   0.411  -0.129  -0.414  -0.403  -0.481  -1.740  -0.365   0.131   0.298   0.791  -0.396   0.019  -0.396   0.151  -0.172  -0.521   0.094   0.695  -0.037  -0.485  -0.146  -0.402   0.175  -0.176  -0.414  -0.333   0.014  -0.210  -0.035  -0.058   0.144   0.052   0.060  -0.191   0.195   0.181   0.036  -0.231  -0.044  -0.010  -0.057   0.107   0.017   0.000
  1971   4.430   0.166   3.538   2.232  -0.703   0.931   1.111   1.019  -1.066  -1.394   0.732  -0.440  -0.668  -0.398  -1.166  -0.561  -0.360   0.457   0.346  -0.099  -1.241   0.308  -0.208  -0.932   0.119   0.126  -0.046   0.573   0.418   0.104   0.322   0.244   0.187   0.110  -0.318  -0.266  -0.038  -0.003   0.217   0.058   0.160  -0.262   0.012   0.042  -0.115  -0.058  -0.012  -0.017  -0.059  -0.022   0.000
  1972   3.771   1.196   3.800   2.835  -0.776   0.418   0.653   0.680  -0.435  -1.497   0.574  -0.077   0.160   0.884   0.866  -0.848  -0.596   0.302   0.162   0.601   0.375   0.891   0.780  -0.684   0.130  -0.466  -0.154  -0.571   0.346   0.064  -0.198   0.045  -0.095   0.210   0.218   0.401   0.053   0.194  -0.011   0.073   0.065   0.250  -0.124   0.026   0.078   0.072   0.085   0.057   0.001   0.038   0.000
  1973   3.854   2.653   3.660   2.684   0.528  -0.658  -0.882  -0.204  -0.413  -0.711   0.727   2.021   0.071   0.144   0.369  -0.261  -0.117  -0.148   0.231  -0.444   1.107  -1.359   0.539   0.232  -0.385  -0.029  -0.421  -0.132  -0.055  -0.070  -0.080  -0.403  -0.019   0.114  -0.039   0.030   0.107   0.143   0.067  -0.173   0.066  -0.098   0.222  -0.141   0.013   0.060  -0.051   0.000  -0.045  -0.048   0.000
  1974   0.593   0.359   3.564   1.585  -0.997  -0.857  -2.228  -0.092   0.114   0.131  -0.923  -0.408   1.298  -0.514  -0.335   1.181  -0.851  -0.655  -0.290   1.206   0.141  -0.437   0.066  -0.002  -0.432   0.156  -0.201   0.252   0.260  -0.437   0.532   0.505  -0.518   0.013   0.303   0.160  -0.235  -0.170  -0.032   0.311   0.099   0.027   0.040   0.043  -0.071  -0.097   0.020   0.001   0.048  -0.017   0.000
  1975   1.290   1.437   3.996   1.607  -0.564  -0.916  -1.765   0.676  -0.019   0.791  -0.927   0.115   0.939  -0.343  -1.129   0.063   0.576   0.576  -1.024  -0.052  -0.597   0.078  -0.113  -0.308  -0.331  -0.141   0.235   0.499  -0.192   0.312  -0.307   0.079   0.365  -0.479  -0.105   0.288   0.617  -0.142  -0.084  -0.361  -0.159   0.085   0.015  -0.107   0.010   0.022   0.064   0.036   0.041   0.005   0.000
  1976   0.499   0.980   3.756   1.499  -0.713  -1.612  -1.498   0.939  -0.203   1.622  -1.063   0.387  -0.058   1.045  -0.622  -0.123   0.352   0.488  -0.109  -0.836  -0.741   0.335   0.334   0.344   0.049   0.364   0.448  -0.330  -0.574  -0.460  -0.296   0.040   0.005   0.356   0.059   0.077  -0.484   0.282  -0.222   0.184  -0.046  -0.192  -0.153  -0.020   0.037   0.078  -0.119  -0.044  -0.010   0.014   0.000
  1977  -2.800  -0.905   1.666  -1.204   0.342  -2.438  -3.012  -0.739   1.031   0.614   0.764  -1.144  -1.771   0.337  -0.703   0.169  -0.191   0.735   0.537  -0.643   1.190   0.618   0.018   0.063   0.459  -0.341   0.147  -0.326   0.205   0.080   0.176   0.160  -0.348  -0.121  -0.151   0.060   0.044  -0.317   0.216  -0.037   0.033  -0.143   0.093  -0.145  -0.044  -0.078   0.053   0.020  -0.042   0.024   0.000
  1978  -1.326  -0.076   2.204  -0.786  -0.681  -3.186  -0.368  -0.369   0.439   1.259  -0.689   0.927  -0.640  -0.104   0.343  -0.369   0.007  -0.188   0.295   0.657   0.259  -0.273   0.171   0.213   0.055  -0.884  -0.154   0.546   0.252  -0.101   0.114   0.009   0.767   0.070  -0.505  -0.547  -0.329   0.137   0.197  -0.043   0.101   0.188  -0.133   0.160   0.086  -0.021   0.013   0.015   0.035   0.010   0.000
  1979  -0.725   0.620   3.244  -1.416   0.773  -3.352   0.569  -0.171  -1.040   0.155   0.386  -0.278   0.531  -0.153   0.062  -0.836   0.442  -0.474   1.294   0.467  -0.881  -0.304  -0.769   0.414   0.198  -0.322   0.144  -0.410  -0.001   0.460  -0.162  -0.264  -0.384   0.227   0.503  -0.275   0.215  -0.263  -0.099  -0.009  -0.006  -0.131  -0.026   0.040   0.094   0.068   0.159  -0.039   0.014  -0.014   0.000
  1980   0.149   1.949   2.808  -2.121   0.441  -3.130   2.431   0.354   0.222   0.106  -0.304  -0.221   1.342  -1.292   0.394   0.612   0.458   0.462  -0.460  -0.395   0.199   0.539   0.178   0.225  -0.175   0.325  -0.232  -0.687  -0.196   0.136   0.791   0.221   0.160  -0.183   0.216   0.014   0.090   0.246   0.277  -0.052  -0.168   0.088   0.102   0.181  -0.077   0.023  -0.063  -0.015  -0.062   0.007   0.000
  1981   0.005   1.962   2.497  -3.174   0.740  -2.162   3.778  -0.288   0.572   0.202   0.568  -0.450   0.108  -0.189   0.810   0.076   0.289  -0.548   0.064  -0.013   0.368   0.299   0.406  -0.578   0.035   0.140   0.071   0.662  -0.271  -0.915  -0.279   0.094  -0.106  -0.062  -0.341   0.285  -0.003  -0.178  -0.253  -0.010   0.157  -0.191   0.037  -0.220  -0.008   0.002   0.011   0.008   0.039  -0.002   0.000
  1982  -0.188   2.946   1.931  -4.017   0.436  -0.720   0.164  -0.531  -0.065  -2.122  -0.830   0.347  -0.464   1.068   0.078   0.828  -0.537   0.450  -0.863  -0.285  -0.030  -0.730  -1.241  -0.194  -0.097  -0.029  -0.044  -0.150   0.417   0.406  -0.346   0.125  -0.327  -0.249  -0.128  -0.078  -0.117   0.442  -0.245  -0.014   0.034  -0.015  -0.161   0.012   0.018  -0.085  -0.023   0.053  -0.017   0.006   0.000
  1983   0.632   3.013   1.532  -3.031   1.311   2.124  -0.195  -0.980   0.200  -2.385  -0.949  -0.355  -0.268   1.563  -0.216  -0.440   0.051   0.197  -0.168  -0.656  -0.241  -0.165   0.757   0.521   0.078   0.463   0.476   0.267  -0.106  -0.253   0.382   0.136   0.285   0.224   0.272  -0.222   0.030  -0.299   0.326   0.055  -0.146   0.049   0.103   0.021   0.052   0.039   0.038   0.031   0.074  -0.008   0.000
  1984   0.384   2.980   1.400  -2.412   1.456   2.206  -0.019   0.225   0.394  -0.075  -0.828   0.193   1.405   0.211  -1.274  -0.376   0.455  -0.900   0.629   0.093   0.510   0.297   0.189  -0.030  -0.370  -0.196  -0.001  -0.043  -0.411   0.708  -0.375  -0.150   0.104   0.272  -0.244  -0.030  -0.034  -0.375  -0.157   0.172   0.157   0.288  -0.040  -0.028  -0.135  -0.108  -0.074  -0.036  -0.069   0.008   0.000
  1985   0.337   3.282   1.000  -1.915   0.742   3.758  -0.791  -0.569  -0.091   0.866  -0.079  -1.324   0.516  -0.496  -0.696   0.080   0.738  -0.350   0.140   0.309  -0.053  -0.782   0.362   0.101   0.894   0.119  -0.770  -0.131   0.639  -0.335  -0.173  -0.006   0.148  -0.423   0.041   0.222  -0.210   0.157   0.072  -0.169   0.100  -0.129  -0.049   0.062   0.055   0.137   0.056  -0.063  -0.024   0.028   0.000
  1986  -0.551   3.230   1.071  -1.697  -0.615   3.253  -1.000  -0.153   0.784   1.259   0.884  -0.626   0.726   0.119  -0.115  -0.321  -0.404   0.619   0.377   1.005   0.354   1.060  -0.480   0.186   0.018  -0.001   0.020  -0.126  -0.407  -0.257   0.317  -0.641  -0.093   0.075  -0.116  -0.299   0.279   0.487  -0.065  -0.034   0.021  -0.143   0.032   0.034  -0.009  -0.020  -0.050   0.062   0.042  -0.034   0.000
  1987  -3.483   0.979  -0.338  -1.710  -0.109   0.520  -1.454   0.006   0.401  -0.850   0.862   0.259  -1.336   0.190   1.117   0.042   0.326   0.153   0.413   0.954  -0.983  -0.308  -0.258  -0.371  -0.794  -0.602  -0.029   0.389  -0.294  -0.389   0.494  -0.386   0.003  -0.136   0.169   0.260   0.018  -0.073   0.060   0.034  -0.286   0.088  -0.034  -0.165  -0.038   0.050  -0.121  -0.064  -0.050   0.029   0.000
  1988  -3.245   1.574  -0.425  -1.116   0.721   2.170  -0.144   0.815  -0.790   0.643   0.348   0.652  -1.494  -1.504   0.711   0.493   0.397   0.544   0.642  -0.131  -0.200  -0.157   0.429   0.495  -0.568  -0.222  -0.175  -0.442   0.020   0.425  -0.334   0.892   0.100  -0.014  -0.231   0.082   0.286  -0.008  -0.012   0.393  -0.002  -0.093  -0.124  -0.026  -0.045   0.099  -0.001   0.050   0.038  -0.018   0.000
  1989  -3.546   1.263   1.064  -1.275   0.465   1.744  -0.567   0.983  -0.890   0.880   0.749   1.437  -0.014  -1.096   0.695   0.201  -0.701  -0.033   0.105  -0.623   0.158   0.786  -0.875  -0.199  -0.065   0.258   0.400   0.322   0.517   0.232  -0.139  -0.028   0.219   0.196   0.415   0.188  -0.703  -0.171  -0.001  -0.294   0.007   0.114   0.166  -0.046  -0.053   0.067   0.023   0.019   0.022  -0.007   0.000
  1990  -4.483   1.336  -0.584  -0.579   0.679   1.047  -1.068   1.519   0.165  -0.270   1.024   1.117  -0.255  -0.787   0.777   0.261  -0.216   0.344  -1.634  -0.184   0.031  -0.134   0.530  -0.073   0.878  -0.382   0.178   0.437  -0.466  -0.320  -0.110   0.067  -0.277   0.384   0.139  -0.313   0.313  -0.094  -0.230  -0.011   0.068  -0.011   0.016   0.270   0.000  -0.078   0.093  -0.054  -0.043   0.011   0.000
  1991  -7.158  -0.309  -0.548  -0.648  -0.749  -0.632  -0.834  -0.623  -0.816   0.479   0.479  -1.458  -0.481  -0.801  -0.130  -1.360  -1.194  -1.356  -1.115  -0.456   0.011  -0.471  -0.075  -0.881   0.094   0.427  -0.343  -0.221  -0.751   0.531   0.250  -0.144   0.271   0.014  -0.063   0.084  -0.083   0.087   0.025   0.246  -0.053   0.017   0.028  -0.078   0.155   0.030   0.008   0.035   0.002  -0.004   0.000
  1992  -5.516   0.931  -1.239   0.832   0.294  -0.122   0.641  -1.316  -1.505   0.633  -0.291  -0.426  -0.143  -0.406  -0.328  -0.992  -1.053   0.812   0.027  -0.762   0.317  -0.041   0.186   0.079  -1.020   0.463   0.007  -0.080   0.971  -0.408   0.181  -0.334  -0.232  -0.009  -0.164  -0.211   0.334  -0.081  -0.246  -0.029   0.038   0.138  -0.081   0.069  -0.012  -0.005  -0.050  -0.095   0.039   0.022   0.000
  1993  -5.212   1.950  -2.158   2.557   0.729   0.632   2.172  -2.232  -1.028   0.360  -1.683  -0.413  -1.215   0.067  -0.986   0.908   0.020   0.733   0.165   0.151   0.099   0.049   0.038   0.000  -0.274  -0.590  -0.483   0.238  -0.535  -0.042   0.105  -0.316  -0.107   0.208   0.109   0.309  -0.251  -0.247  -0.119  -0.136  -0.099  -0.077   0.003   0.230   0.057   0.014   0.052   0.078  -0.038  -0.015   0.000
  1994  -5.416   2.298  -1.473   3.295   1.212   0.459   0.554  -1.162  -0.404  -0.433  -0.583  -0.708  -0.706   0.112   0.006   0.667  -0.268  -1.083   0.114   0.117  -0.029   0.356  -0.072   0.461   0.134  -0.098   0.849  -0.121  -0.265  -0.284   0.145   0.426   0.167  -0.243   0.100  -0.328   0.060   0.432  -0.056  -0.139   0.126   0.201  -0.062  -0.282  -0.090   0.036   0.132  -0.044  -0.045  -0.017   0.000
  1995  -5.517   2.305  -1.442   3.034   0.716   0.488   0.357   0.112  -0.557  -0.673   0.583   1.281   0.580   0.817  -0.024  -0.360   0.550  -1.356   0.197   0.221   0.967   0.437  -0.570   0.074  -0.141   0.094  -0.067   0.143   0.049   0.157   0.051   0.469   0.229  -0.170   0.088  -0.035   0.113  -0.013   0.041  -0.023  -0.278  -0.413  -0.049   0.116   0.049  -0.108  -0.067  -0.017   0.028   0.042   0.000
  1996  -7.108   0.118  -2.284   0.242   0.484  -1.585   0.012  -0.645  -0.827  -0.579  -0.113  -0.365  -0.011  -0.295   0.027  -0.531   1.008  -0.146  -1.404   0.774  -0.429   0.567   0.531   0.610   0.104  -0.190   0.382   0.081   0.690   0.206  -0.769  -0.464  -0.235  -0.047   0.026   0.256  -0.092   0.115   0.374   0.128   0.102  -0.048   0.111  -0.031  -0.015  -0.075  -0.110   0.002   0.000  -0.027   0.000
  1997  -7.360   0.246  -1.790   1.209  -0.992  -0.751  -0.499   0.308   0.431   0.055  -0.368   0.193   0.254   0.943   0.783   0.055   0.625   0.383   0.156   0.677   0.129  -0.211   0.070  -1.167   0.418   0.889   0.021  -0.575  -0.083  -0.096  -0.278   0.094  -0.177  -0.337  -0.135  -0.469  -0.083  -0.440   0.041  -0.139  -0.011   0.082  -0.113   0.104  -0.138   0.150  -0.072   0.030  -0.004  -0.026   0.000
  1998  -7.159   0.134  -2.017   1.413  -1.376   0.276  -0.435   0.050   0.673  -0.185  -0.500  -0.086   1.396   0.515   1.356   0.352   0.856   0.528   0.371  -0.181  -0.870   0.039   0.147   0.359   0.136   0.494  -0.651   0.052   0.272   0.501   0.480   0.055  -0.075   0.472  -0.570   0.020  -0.089   0.052  -0.175  -0.069   0.033   0.001   0.220  -0.200   0.097  -0.094   0.097   0.013  -0.009   0.017   0.000
  1999  -6.870  -0.166  -2.676   0.265  -1.104  -0.206   0.334   0.711   1.645   0.363  -0.492   0.084   0.993   0.369   0.195   0.131  -0.156   0.180   0.974  -1.107  -0.057  -0.701  -0.154  -0.606   0.500  -0.519   0.331  -0.107   0.247  -0.175   0.106  -0.315   0.446   0.079   0.312   0.560   0.233   0.163   0.153   0.142   0.081  -0.028  -0.194   0.058  -0.129  -0.130   0.029  -0.014   0.028  -0.028   0.000
  2000  -5.656   0.980  -1.617   1.698   0.167  -0.301   2.209   1.957   3.351  -0.017   1.940   0.270   0.219   0.098  -1.763  -0.294  -0.863   0.553   0.189   0.040  -0.288  -0.448  -0.062   0.573  -0.061  -0.022  -0.179   0.326  -0.144   0.141  -0.211   0.234  -0.381  -0.251   0.145  -0.118  -0.161   0.038   0.091   0.040   0.018   0.163   0.083  -0.046   0.109   0.075  -0.048   0.012   0.016   0.012   0.000
