  year  #   1       2       3
  1950   1.990  -0.256  -1.775
  1951   2.007  -0.285  -2.137
  1952   1.572  -0.348  -1.425
  1953   1.929  -0.070  -1.366
  1954   1.635  -0.482  -0.905
  1955   1.902  -0.372  -0.577
  1956   0.968  -1.787  -0.220
  1957   1.393  -0.686  -0.078
  1958   1.784  -0.382   0.085
  1959   1.016  -0.408   0.181
  1960   0.491  -1.310   0.457
  1961   0.303  -0.977   0.885
  1962  -0.445  -1.540   1.016
  1963   0.156  -1.585   0.791
  1964  -0.410  -2.029   1.222
  1965  -0.245  -2.213   1.214
  1966  -0.243  -1.570   1.748
  1967   0.244  -0.489   1.674
  1968   0.382  -0.373   1.652
  1969  -0.035   0.072   1.793
  1970   0.302   0.646   1.564
  1971   0.768   1.108   1.191
  1972   0.617   1.458   0.977
  1973   0.680   1.832   0.565
  1974  -0.126   1.095   0.988
  1975   0.028   1.531   0.869
  1976  -0.148   1.320   0.881
  1977  -0.802   0.149   0.608
  1978  -0.480   0.560   0.616
  1979  -0.403   1.054   0.771
  1980  -0.136   1.326   0.338
  1981  -0.145   1.241   0.236
  1982  -0.125   1.359  -0.192
  1983   0.098   1.284  -0.293
  1984   0.050   1.233  -0.334
  1985   0.076   1.207  -0.532
  1986  -0.138   1.195  -0.535
  1987  -0.766   0.115  -0.498
  1988  -0.690   0.263  -0.666
  1989  -0.881   0.579  -0.158
  1990  -0.972   0.128  -0.704
  1991  -1.637  -0.379  -0.384
  1992  -1.173  -0.187  -0.837
  1993  -1.009  -0.147  -1.358
  1994  -1.101   0.136  -1.253
  1995  -1.127   0.144  -1.250
  1996  -1.483  -0.735  -1.005
  1997  -1.577  -0.568  -0.902
  1998  -1.515  -0.658  -0.933
  1999  -1.404  -0.919  -1.038
  2000  -1.176  -0.280  -0.968
