  year  #   1       2       3       4       5       6       7       8       9      10      11      12      13      14      15      16      17      18      19      20      21      22      23      24      25      26      27      28      29      30      31      32      33      34      35      36      37      38      39      40      41      42      43      44      45      46      47      48      49      50      51
  1950   2.127  -1.992  -1.681   2.210  -0.907   3.338   2.241   0.624  -0.101   0.700  -0.076  -1.441   0.803   0.451   0.166   0.921  -0.141  -0.878  -0.882  -1.537   0.006   0.236  -0.196   0.054   0.066  -1.091   0.124   1.073  -0.024  -0.481  -0.277  -0.027   0.572  -0.227   0.331  -0.207  -0.277   0.635  -0.208  -0.183  -0.389   0.197   0.370  -0.496   0.360   0.088  -0.134  -0.048  -0.010  -0.348   0.000
  1951   6.268  -1.042  -0.796  -1.430  -1.846   1.501   0.946   2.953   0.880   1.191  -0.553  -0.790   0.458   0.755  -0.151   0.096  -2.328   1.305  -0.589   0.004  -1.189   0.550   1.028   0.198  -0.456   0.198   0.381  -1.755   0.203   0.532   1.038   0.030   0.317   0.202  -0.100   0.355   0.333   0.126   0.416  -0.291   0.134  -0.609   0.065   0.001   0.050   0.253   0.157   0.162   0.091  -0.036   0.000
  1952  -6.329  -1.647  -1.943  -0.537  -0.553   1.545  -0.532   1.197   0.578   0.418   1.102  -1.685  -0.907   0.051  -0.844  -1.298   0.809   0.778   0.732   0.143   0.794  -0.031   0.481   0.132  -0.479  -0.149   0.168  -0.297  -0.418  -0.639  -0.189   0.097  -1.536   0.684   0.815  -0.712   0.921   0.189   0.014  -0.305  -0.290   0.317   0.049   0.300   0.221   0.101  -0.123  -0.215   0.267   0.098   0.000
  1953  -1.670  -1.286  -0.739  -0.692  -1.880   1.402   0.115   1.010   1.774   0.329  -0.468   0.838  -0.454  -0.254  -0.805  -0.396   0.252  -1.014   0.588  -0.966   0.195   1.435   0.293   2.132   0.548   1.222  -0.414   0.718  -1.749   0.113  -0.537   0.231   0.096   0.441  -0.252  -0.058  -0.527  -0.649   0.413   0.010  -0.141  -0.292  -0.462  -0.127   0.081  -0.300   0.094   0.052  -0.086   0.050   0.000
  1954  -5.493  -0.357   0.817  -0.878  -0.244   0.578  -0.442  -0.466   0.990   0.956  -2.598  -0.748  -2.094  -0.077  -2.175   0.310  -0.119  -0.481   0.852   0.159   0.718  -0.997  -0.586  -1.565   0.110   0.177   0.087  -0.820   0.249  -0.639  -1.019   0.849   0.097  -0.415  -0.711   0.199   0.060  -0.213   0.439   0.091   0.358   0.037   0.361  -0.499   0.225  -0.158   0.049   0.173   0.119   0.031   0.000
  1955  -2.867   0.289   2.139   1.415  -0.580   1.444  -1.811  -1.974   1.970   1.697  -0.699  -0.717   0.206  -2.015   1.169  -1.243   0.664   1.056  -1.141   1.223   0.244   0.186  -0.016  -0.660   1.874  -0.093   0.527  -0.365  -0.794   0.390   0.208  -0.866  -0.528   0.030  -0.343  -0.059  -0.814   0.044  -0.037  -0.575  -0.020  -0.143   0.252  -0.005  -0.105   0.271  -0.221   0.007  -0.104  -0.049   0.000
  1956   5.128   0.422   4.020   0.393  -1.149   0.551  -1.341  -4.269  -0.490   0.061  -1.512   1.087   0.758  -0.819  -0.316  -0.698  -0.863  -1.291  -0.548  -0.256  -0.775   1.177   0.857   0.295  -0.297  -0.155  -1.057  -0.539   0.107   0.060   0.165   0.932  -0.053   0.210   0.178  -0.608   0.687   0.590  -0.614  -0.207   0.007   0.277  -0.209  -0.022   0.265  -0.095   0.160   0.087   0.058   0.031   0.000
  1957   5.281   2.899   1.863   0.018   3.805  -1.811   1.065   1.693   4.961  -2.337   0.888   1.528  -0.061   0.962  -0.380   1.138   1.025  -0.744  -0.776  -0.227  -0.210  -0.095   0.414  -0.591   0.008   0.010  -0.689  -0.206  -0.215  -0.133  -0.449  -0.209  -0.421   0.445  -0.073  -0.265   0.190   0.338  -0.139  -0.265  -0.086  -0.413   0.266  -0.080   0.128   0.095   0.038  -0.013  -0.022  -0.046   0.000
  1958  10.920   2.187   1.531  -0.629   0.843   1.321  -0.915   1.216  -0.473  -1.877  -1.113  -0.781   3.281  -1.177   0.331  -1.351  -0.755   0.540   0.306  -0.545   0.837   0.180  -0.001  -0.881  -0.433   0.686  -0.195   0.846   0.153  -0.875  -0.446   0.070   0.236   0.110   0.204  -0.354  -0.178  -0.392   0.836  -0.014   0.513   0.139   0.134   0.306  -0.178  -0.114  -0.212  -0.005   0.133  -0.071   0.000
  1959  -6.127   0.266   0.589  -1.089   1.470  -0.218   0.248  -1.351   0.233  -2.159   1.120   0.366  -0.268  -1.284   0.983  -0.226  -1.730   2.066   0.303   0.810  -1.294  -1.204  -0.634   0.695  -0.689  -0.511  -0.085   0.775  -0.296  -0.716   0.349  -0.031  -0.211   0.621  -0.240   0.606  -0.288  -0.310   0.131  -0.329  -0.232   0.363  -0.235  -0.366   0.370  -0.018   0.314   0.196   0.161  -0.117   0.000
  1960   2.740   1.413  -2.349   1.701  -0.035  -0.679  -0.691  -1.257  -1.583  -2.132  -0.623   0.622  -1.134   0.337   0.530  -0.433   0.556  -0.420  -1.196  -1.560   1.010  -0.714  -0.107   0.630  -0.398  -0.341  -0.366  -1.818  -1.104  -0.404   0.846  -0.223  -0.018   0.440  -0.090   0.708  -0.069   0.106   0.204  -0.074   0.328   0.155   0.021  -0.304  -0.341  -0.195  -0.277  -0.252   0.093  -0.080   0.000
  1961   1.630   0.427   2.399  -2.706   0.353  -0.494   2.226  -1.068  -1.250  -0.631   0.420  -0.045   0.143  -1.100  -0.580   0.698   1.229   0.638   1.079  -1.412  -1.445   1.344   0.361   0.556   0.076   0.790   0.814  -0.661   0.049  -0.373  -0.179  -0.544  -0.321  -0.578  -0.026   0.785  -0.103   0.370   0.390   0.211  -0.456   0.513   0.534   0.052   0.160   0.134  -0.209  -0.049  -0.176   0.180   0.000
  1962   0.804   1.422  -1.906  -0.550   1.205   0.425   0.663   0.456  -0.968  -0.436  -0.229  -0.465   1.341   0.120   0.101   0.221   0.836  -0.494   2.053   0.511   0.723  -0.408  -0.107  -0.721  -0.311   2.279   0.329  -0.399  -0.096   0.262   1.494   0.240  -0.626  -0.302  -0.479  -0.580  -0.546   0.451  -0.736  -0.061  -0.305   0.003  -0.285  -0.294   0.020  -0.064  -0.007   0.178   0.019  -0.140   0.000
  1963   2.021   0.436   0.264   0.057   0.109  -0.293   0.361  -0.241  -0.973   0.448  -0.778  -0.155  -1.504   0.555  -0.765   0.681  -0.407   0.443   0.415   0.244   0.321   1.135   0.241  -1.666  -1.121  -0.642  -1.066   0.362  -0.713  -0.185   0.729  -1.054  -0.516  -0.952   0.869  -0.037  -0.276  -0.496   0.172  -0.487   0.103  -0.044  -0.128   0.100   0.066  -0.240   0.481  -0.165  -0.319  -0.054   0.000
  1964  -2.509  -0.351   0.265  -0.419   2.070  -1.202  -0.159   0.037  -1.473  -0.288   0.550  -1.130  -0.474  -0.255  -0.827  -0.644   0.027  -0.069  -2.581   0.582  -0.199   0.631   0.660  -0.041  -0.509  -0.145   0.743   0.075  -0.024  -1.218  -0.329   1.227  -0.522  -0.712   0.353   0.051  -0.197  -0.076   0.054   0.263  -0.449  -0.633  -0.560  -0.103  -0.309   0.178  -0.284   0.207  -0.151  -0.050   0.000
  1965  -1.328   0.772  -0.618  -0.625   0.646  -1.270   0.147   0.050  -0.564  -0.358   0.393  -0.044  -0.087  -0.181   0.663   0.555  -1.441  -0.614  -1.176   0.332   1.768  -0.891   1.136   0.531   1.507   0.324  -0.003   0.212  -0.022   0.866   0.436   0.760  -0.246  -0.665   0.004   0.352   0.406  -0.400   0.213  -0.070  -0.593   0.188   0.610   0.488   0.307  -0.516   0.047   0.077  -0.014  -0.123   0.000
  1966  -6.507  -0.565  -0.033  -0.646   1.772  -1.074   0.301   0.117  -1.386   0.491   1.963  -0.210   0.087   0.439  -0.785   0.001  -1.787  -0.095   0.085  -0.156   0.194   1.638  -1.067  -0.194  -0.179   0.369  -0.983   0.519  -0.951   0.659  -0.273   0.936   0.197  -0.226  -0.614   0.194  -0.302   0.175  -0.421  -0.467   0.380   0.028   0.519   0.084  -0.380   0.453   0.016  -0.204   0.230   0.048   0.000
  1967   0.419   1.542   1.615   1.713  -0.635  -3.366  -0.193   0.321  -1.555  -0.294  -0.914  -1.447   1.113   0.372   0.397   1.606   0.947   0.270   1.234   1.537   1.027   1.079  -1.139   1.950   0.498  -0.574   0.969  -0.557  -0.032  -0.681  -0.312   0.049   0.154   0.211   0.318  -0.156   0.285  -0.146  -0.143  -0.240   0.429  -0.497   0.162  -0.015   0.284   0.066   0.204  -0.010  -0.009  -0.126   0.000
  1968  12.487  -0.340   2.960   0.494   0.057   2.036  -0.239   0.222  -1.127   0.986   3.423  -1.517  -2.233   0.759   0.940   0.950   0.689  -0.063   0.690   1.125  -0.136  -0.146   0.253  -0.334   1.002  -0.070  -0.633  -0.080  -0.262  -0.430  -0.028   0.364   0.153   0.344  -0.891   0.044   0.091   0.425   0.436   0.492   0.123   0.196  -0.347   0.158  -0.114  -0.109   0.135  -0.065  -0.008  -0.126   0.000
  1969   1.356  -0.410   0.172   0.307   0.265  -0.890   1.584   0.405   1.620   0.822   2.041   0.071   2.508  -2.021  -0.833  -0.177  -1.201   0.542   1.372  -0.132   1.246   0.195  -0.048  -0.518   0.257  -1.902   0.255  -1.001  -0.216   0.625  -0.299   0.108   0.115  -0.267  -0.033   0.045   0.271  -0.291  -0.271   0.448  -0.256   0.134  -0.428  -0.417  -0.219  -0.316  -0.090  -0.144  -0.084   0.095   0.000
  1970   6.988  -0.981  -2.112  -0.111   2.218  -1.482   0.488  -0.551  -0.453   0.879   0.232   1.194  -0.663   0.431  -0.021  -1.152   0.725   0.632  -0.653  -0.906  -0.792   0.631  -0.939  -1.156   1.409   0.676   1.496  -0.049   0.278   1.048  -0.402   0.608   0.128   0.274   0.903   0.200  -0.040  -0.238   0.093  -0.121   0.460   0.263  -0.496  -0.026   0.457  -0.006   0.128  -0.137   0.104  -0.114   0.000
  1971  -4.807  -1.256  -1.570   0.557   0.395  -1.419   0.983   0.372  -2.011   0.782   0.336   0.797   0.970  -0.547  -0.696  -1.034   0.902   0.076  -0.162   0.361  -1.226  -0.032   0.729  -0.994   1.633  -0.006  -0.902   0.286  -0.118  -1.239   0.567  -0.706   0.987   0.369   0.016  -0.114   0.068   0.233  -0.114   0.194  -0.184  -0.679   0.250  -0.044   0.083  -0.410   0.134  -0.030   0.270   0.196   0.000
  1972  -3.178  -1.850  -0.111   2.430   2.821   1.165  -0.721  -0.644  -0.806   1.080   1.530  -0.321  -0.267  -0.374   1.061   0.326   0.585   0.420   0.761  -1.419  -0.532  -1.097   0.001  -0.029  -1.186   0.298   0.174  -0.975  -0.320   0.152  -0.699   0.239   1.147   0.364   0.288  -0.610   0.076  -0.512  -0.189  -0.610  -0.032  -0.134   0.248   0.328  -0.087  -0.186  -0.030   0.342  -0.282   0.081   0.000
  1973  -5.669  -3.142   0.433   0.438   2.045   2.079  -1.580   0.004   0.558  -1.435   0.304   0.865   0.407   0.347   0.346  -0.641   0.072  -1.691   0.032   1.465  -0.412   0.209   0.414   0.091  -0.533   0.347   1.388   0.194  -0.834   0.075   0.300  -0.981   0.883  -1.160  -0.361   0.105   1.214  -0.220   0.082   0.251   0.322   0.120  -0.101  -0.072   0.117   0.173  -0.028  -0.136   0.043  -0.056   0.000
  1974  -1.966  -3.839   1.012   0.585   0.568   0.722   0.007  -1.073  -0.643   0.614   0.608   0.485   2.135   0.956  -0.361   0.011   1.253  -1.893   0.922  -0.567   0.815  -1.226   0.615   0.068   0.061  -0.792  -0.533   0.392   0.967   0.220   0.530   0.302  -0.707   0.185  -0.093   1.135  -0.303  -0.158   0.562  -0.572   0.203  -0.361  -0.289   0.081   0.191   0.413   0.039   0.006  -0.031   0.139   0.000
  1975   5.496  -3.112  -0.959   0.231   1.088  -0.628  -0.231  -2.440   0.664   0.913   0.381  -0.807  -0.199   1.649   1.315   0.478  -0.535   1.326  -0.649  -0.822   0.793   0.579   1.305   0.704  -0.096   0.715   0.438   0.843   1.128  -0.250  -0.100  -0.616  -0.741   0.006  -0.489  -0.390   0.189  -0.571  -0.310   0.200   0.423  -0.033   0.281  -0.580  -0.246  -0.158   0.125  -0.015   0.044   0.200   0.000
  1976   1.305  -3.381   0.801  -0.640   1.163   1.447  -0.467  -0.277  -0.761  -1.162  -1.701   0.749  -0.543   1.068  -0.249   0.802  -0.439  -0.004   0.364  -0.692   0.252   0.856  -1.389  -0.186   0.939  -0.437  -0.592  -0.681   0.770   0.007  -0.334  -1.015  -0.174   0.211  -0.238  -0.055   0.077  -0.911  -0.379   0.254  -0.914  -0.062  -0.230   0.365  -0.271   0.206  -0.080   0.144   0.251  -0.158   0.000
  1977  -9.423  -3.452  -1.030  -0.092  -3.298  -0.446  -1.000  -0.131   1.331  -2.084   1.153   0.942  -0.552  -1.220   0.582   2.329  -1.037  -0.678   0.631  -0.054  -0.777   0.740   0.677  -0.841   0.314   0.367   0.627  -0.155   1.169  -0.608  -0.054   0.267  -0.113   0.211   0.218  -0.007  -0.462   0.201  -0.171  -0.239   0.536  -0.062  -0.133   0.289  -0.187  -0.305  -0.257  -0.156  -0.051  -0.148   0.000
  1978  10.338  -2.763  -4.654  -1.475  -1.242  -2.998  -4.921  -0.455   0.025  -1.333   0.450  -1.937   0.447  -0.425  -0.991   0.012   0.042  -0.831   0.276   0.673  -0.881  -0.256  -0.217  -0.119  -0.053  -0.251  -0.575   0.235  -0.186   0.742  -0.708  -0.530   0.103   0.058   0.034   0.086  -0.009   0.460   0.183  -0.047  -0.339   0.114   0.152  -0.158  -0.013   0.110   0.036   0.184  -0.123   0.036   0.000
  1979  -1.320  -1.316   0.398  -4.748   2.452   1.419  -2.467   1.023  -0.125   0.557  -1.490   1.160  -1.090  -0.871   1.508   0.268   0.381   0.652   0.911   0.334   0.818  -0.075   0.452   0.404  -0.041  -0.583  -0.578   0.266   0.218   0.244   0.606   0.729   0.652   0.527   0.963  -0.036  -0.278   0.181  -0.207   0.722   0.020  -0.258   0.301  -0.236   0.040   0.222  -0.089  -0.224  -0.170  -0.014   0.000
  1980  -8.349   5.226  -1.924  -1.111  -1.356   1.294   0.702  -3.038   1.789  -1.558   1.073  -2.185   0.085   1.704   1.598  -0.887  -0.200  -0.457  -0.197  -0.348   1.123   1.166  -0.956  -0.796  -0.029   0.074  -0.085  -0.191   0.428   0.035   0.134  -0.067   0.808   0.189   0.261   0.236  -0.013   0.238   0.210   0.476  -0.144  -0.251  -0.139   0.173   0.192   0.092   0.169   0.102  -0.076   0.191   0.000
  1981  -0.970   6.233  -1.413  -1.444  -1.777   2.982  -0.716  -1.838  -1.566   0.932   1.859   2.442   0.825  -0.218  -1.330   0.870   1.042  -0.101  -0.365   0.629  -0.721  -0.354  -0.152   0.134  -0.653  -0.150   0.483   0.150   0.289   0.749  -0.601  -0.183  -0.663   0.178   0.225  -0.139   0.212  -0.388   0.229   0.204   0.019  -0.472   0.380  -0.165  -0.291  -0.079   0.150   0.009   0.095  -0.197   0.000
  1982   1.034   6.275  -0.690   0.772   0.793   0.745  -1.506  -0.143   0.693   0.521  -1.384  -1.307  -0.870   0.453  -0.854   0.895  -0.055   1.384   1.394  -0.853  -0.876  -0.532   0.747   0.473   0.700  -0.291  -0.123   1.201   0.109   0.209   0.032   0.015   0.413  -0.541  -0.039   0.828   0.618   0.140  -0.582  -0.470   0.075  -0.213  -0.451   0.141  -0.128  -0.098  -0.461  -0.052   0.080   0.046   0.000
  1983  -0.003   2.805  -1.637  -2.194  -0.554   0.150   1.250   1.783  -0.788   1.382   0.291  -0.233   0.523  -0.162   1.005   0.954   0.368  -1.105  -1.538   1.690  -0.378   0.021   0.171   0.136  -0.176   0.291  -1.452  -0.652   0.442  -0.269  -0.521  -0.430   0.199   0.061  -0.077   0.013  -0.155  -0.977  -0.453  -0.233   0.341   0.659  -0.240  -0.124   0.390   0.127  -0.436  -0.002  -0.038   0.139   0.000
  1984  -1.668   2.203  -0.111  -1.759  -0.161  -1.786  -0.372   0.170   1.140   0.814   0.058  -1.601  -0.266  -0.499  -0.323  -2.059   0.263  -1.176   0.130  -1.491  -1.429  -1.162   0.053   0.972  -0.040  -0.551   0.177  -0.321   0.866  -0.401   0.439   0.067   0.148  -0.512  -0.815  -0.759  -0.438  -0.592  -0.190   0.139   0.020   0.025   0.030   0.278  -0.039   0.146   0.370  -0.376  -0.056  -0.190   0.000
  1985  -3.521   4.356  -0.632   3.683   1.542  -1.095  -1.369   0.915  -0.936   1.255  -1.090   0.805  -0.364  -0.064  -0.524   1.629  -1.734  -1.170   0.141  -0.038   0.168   0.283   1.192  -0.361  -0.042  -0.209   1.261   0.263   0.001  -0.067   0.213  -0.298   0.165   1.002  -0.174  -0.472  -0.458   0.103   0.555   0.303  -0.405   0.544  -0.132   0.019  -0.038   0.380   0.143  -0.043   0.016   0.173   0.000
  1986   6.106   0.623  -1.724   0.443  -2.057  -1.447   0.511   0.984   0.615   2.216  -0.098   1.909  -0.971  -2.706   2.221  -0.115  -0.213  -0.832   0.114  -1.006   0.699  -0.149  -1.390  -0.523  -0.401   0.471   0.058   0.720  -0.092  -1.008   0.158   0.010  -0.393  -0.153  -0.251   0.524   1.045   0.108  -0.188   0.036  -0.094  -0.187   0.024   0.116  -0.121   0.327   0.142   0.147  -0.069   0.027   0.000
  1987   0.016   0.027  -1.264  -1.604   1.368   0.884   0.514   1.655   0.450  -0.107  -0.661   0.329  -0.730  -0.744   0.379   0.023   1.759  -0.494  -0.567   0.057   0.112   1.136  -0.309   0.678  -0.335  -1.988   0.652   0.293   0.305   0.422   0.589   0.014  -0.148  -0.451  -0.335  -0.237  -0.463   0.572   0.042  -0.172   0.500   0.420  -0.010   0.263  -0.254  -0.373   0.163   0.437   0.244   0.153   0.000
  1988  -5.459  -0.091   0.387   3.118  -2.479  -1.899   1.095   1.072  -0.616  -1.581  -0.915  -0.071  -0.442  -0.543   2.108  -0.449   2.018   1.279   0.557  -0.170  -0.326   0.393   1.736  -0.672  -0.673  -0.130  -0.968   0.113   0.032   1.298  -0.710   0.499   0.095  -0.492  -0.222  -0.135   0.063  -0.294   0.267   0.333  -0.170   0.004  -0.055  -0.150  -0.013   0.301   0.075   0.034   0.202  -0.107   0.000
  1989   0.741   0.213  -1.164   3.227   0.207   0.720   0.072   1.117  -0.724  -0.623  -0.673   1.027  -0.016   1.678   0.494  -1.962  -1.254  -0.017   0.946   0.497  -1.522   0.314  -0.733  -0.056  -0.059  -0.857  -0.110   0.133  -0.114   0.159  -0.038   0.307  -1.280   0.184  -0.576   0.075  -0.159  -0.033  -0.263   0.733   0.327  -0.210   0.368   0.181   0.358  -0.202  -0.368   0.062  -0.310   0.058   0.000
  1990   4.657  -0.080   1.651   2.198  -0.148   1.286   2.793   0.897  -0.165  -1.856  -0.575  -1.509  -1.822  -1.325  -0.220  -1.219  -0.414  -1.753   0.208   1.497  -0.636  -0.509  -0.702   0.476   0.137   0.617   0.245   0.364   0.976   0.768   0.127   0.084   0.103   0.387   0.936   0.221   0.052  -0.242  -0.102  -0.326  -0.230  -0.070   0.208  -0.288  -0.497  -0.105   0.095  -0.138  -0.020   0.196   0.000
  1991  -6.103  -0.765  -0.073  -2.089  -0.887  -0.981   2.221   0.072  -1.077  -0.873  -0.893   0.398   0.081   0.578  -1.499  -0.594   0.654   1.083  -0.618   0.114   0.562   0.025  -0.130  -0.276   0.573  -0.196  -0.048   0.766   0.343   0.378   0.470  -0.060   0.432   1.073  -0.914  -0.542   1.009   0.183   0.284  -0.382   0.143   0.321  -0.119  -0.053  -0.279   0.089  -0.120   0.063  -0.469  -0.132   0.000
  1992   1.729  -0.704   2.609   0.128  -0.979  -2.237  -0.971  -0.144   0.483   1.871   0.628   0.907  -0.868   0.674  -0.061  -0.720   0.169   0.269  -0.309   0.523   0.625   0.414  -1.071   0.121  -2.133   0.222   0.280   0.444   0.820   0.525   0.429  -0.346   0.620   0.064  -0.451  -0.154  -0.295   0.255   0.445  -0.278  -0.605  -0.269  -0.046  -0.006   0.299  -0.396  -0.550  -0.187   0.164  -0.008   0.000
  1993   2.584  -0.049   2.213  -0.389  -2.523   1.582  -1.542   2.539  -1.784  -2.158   0.404   0.535  -0.117  -0.123  -0.915  -0.144   0.205   1.007  -1.461  -0.721   1.330  -0.918   0.142  -0.394  -0.324   0.100   1.002   0.147  -0.057   0.161  -0.718  -0.245   0.212   0.052  -0.564   0.297  -0.410   0.214  -1.031  -0.015  -0.035  -0.144  -0.106   0.123   0.325   0.025   0.360  -0.128  -0.072   0.229   0.000
  1994   2.322   0.161   1.942  -1.325  -2.014  -1.991   2.000  -0.909  -0.354  -0.125   1.337   0.907  -1.572   0.778  -0.875  -1.067  -1.316  -0.472   0.913  -0.379   0.853  -1.449   0.713   0.406   0.445  -0.208   0.174   0.252  -0.536   0.094  -0.019  -0.963   0.246  -0.329   0.940  -0.596  -0.413   0.143  -0.168   0.291   0.535  -0.043  -0.007   0.053   0.029   0.364  -0.332   0.372   0.118  -0.055   0.000
  1995   1.113  -2.024  -2.407   3.069   1.490   0.488   1.779  -1.818   1.521   0.646  -0.619  -0.202   0.062  -1.891  -2.450   0.426   0.350   1.270  -0.779   1.034   0.764  -0.254   0.058   0.978  -0.977   0.873  -0.861  -0.056   0.507   0.105  -0.049  -0.306   0.302   0.103  -0.003   0.471  -0.258   0.370  -0.167   0.777   0.347   0.077  -0.038   0.531   0.103   0.123   0.105  -0.035  -0.021  -0.113   0.000
  1996   0.279  -0.713  -1.984  -1.112   0.702   0.707   1.928  -1.008  -0.735  -0.175  -1.553   1.391   0.355   0.548   1.612   0.675  -1.111   0.610   0.030   0.660  -0.169  -1.461  -0.568   0.741   0.424   0.064  -0.281  -0.384  -0.042   0.048  -1.320  -0.094  -0.207  -0.915  -0.178  -0.851  -0.138   1.026   0.570  -0.347  -0.144  -0.254  -0.373   0.109  -0.095   0.000   0.079  -0.276  -0.030   0.168   0.000
  1997  -9.709  -0.720   3.469   0.368   0.072  -0.622  -1.214   1.529  -0.312   0.645  -0.083  -1.933   0.988  -0.477   0.123   1.859  -0.139  -0.087  -1.500  -1.574  -0.954  -1.019  -1.614   0.061   0.208   0.657  -0.690   0.221  -0.295   0.889   0.566  -0.477  -0.731  -0.052   0.519  -0.291   0.377   0.264   0.278   0.673   0.372  -0.042  -0.208  -0.119   0.008  -0.171  -0.009   0.043   0.025   0.059   0.000
  1998   6.449  -2.189  -0.039  -0.603  -2.546  -0.557   1.386  -1.879   1.618  -0.058  -1.160  -0.057   1.069   1.570  -0.077   1.821   0.981   0.462  -0.412   0.772  -0.988  -1.178  -0.515  -0.671  -0.417  -0.422   0.835   0.524  -1.414  -0.232   0.861   1.115   0.290   0.107   0.142  -0.185  -0.153  -0.671  -0.198   0.259  -0.209   0.202   0.166   0.288  -0.196   0.089  -0.080  -0.099   0.082   0.179   0.000
  1999  -5.330  -0.371   1.638  -1.417  -0.098  -1.323   0.309   0.771   0.531   2.287  -1.296  -0.266   1.308   2.235   1.065  -1.251  -0.041  -0.617   0.122   0.588  -0.216  -0.387   0.655  -0.179  -0.654   0.376   0.343  -0.078  -0.342  -0.189  -1.192  -0.422  -0.100   0.580   0.424   1.121  -0.131   0.573  -0.425   0.120  -0.109   0.411  -0.022   0.126  -0.476  -0.325   0.239   0.030  -0.007  -0.202   0.000
  2000  -2.035   0.590   0.377   2.760  -1.572   0.397  -2.533   1.769   1.378   0.148   1.208   2.251   0.615   1.901  -0.789  -0.798   0.458   1.433  -0.063   0.263   0.085  -0.007  -0.794   0.811   0.902   0.540  -0.740  -0.345   0.858  -0.798   0.518   0.543   0.386  -0.973   0.694  -0.041  -0.095   0.068   0.189  -0.101  -0.187   0.669   0.098  -0.201  -0.249   0.115   0.147   0.091  -0.103   0.056   0.000
