quve_drop_live.rwl -- no data title --                    1st itrdb line missing     
quve_drop_live.rwl -- no data title --                    2nd itrdb line missing     
quve_drop_live.rwl -- no data title --                    3rd itrdb line missing     
quve_d18249990  09990  09990  09990  0   0  1   0  1   0  1   0  1   0  1   0  1  err
quve_d1830   0  1   0  1   0  1   0  1   0  1   0  1   0  1   0  1   0  1   0  1  err
quve_d1840   0  1   0  1   0  1   0  1   0  1   0  1   0  1   0  1   0  1   0  1  err
quve_d1850   0  1   0  1   0  1   0  1   0  1   0  1   0  1   0  1   0  1   0  1  err
quve_d1860   0  1   0  1   0  1   0  1   0  1   0  1   0  1   0  1   0  1   0  1  err
quve_d1870   0  1   0  1   0  1   0  1   0  1   0  1   0  1   0  1   0  1   0  1  err
quve_d1880   0  1   0  1   0  1   0  1   0  1   0  1   0  1   0  1   0  11094  3  err
quve_d1890 121  31055  3 997  31101  31234  3 187  4  40  5 482  5 206  5 891  5  err
quve_d1900 814  5 702  5 951  6  75  7 182  8 853  9 849  9 749  9 790  9 539 10  err
quve_d1910 629 10 654 11 621 12 506 14 557 15 640 16 401 18 499 21 304 24 375 25  err
quve_d1920 322 26 283 27 322 29 318 34 334 34 276 36 354 37 329 39 342 39 322 39  err
quve_d1930 205 42 247 44 214 45 251 46 199 48 216 49 218 50 210 53 248 53 231 57  err
quve_d1940 220 57 228 57 219 58 191 59 190 60 193 61 157 62 167 62 160 63 187 64  err
quve_d1950 188 67 196 67 175 67 167 67 159 67 169 67 186 67 174 67 182 69 163 69  err
quve_d1960 136 70 149 70 136 70 141 70 133 70 128 70 110 70 128 70 157 70 158 71  err
quve_d1970 152 71 128 71 109 71 118 71 125 71 146 71 137 71 124 71 162 71 139 71  err
quve_d1980  94 71  98 71 103 71  99 71 118 71 102 71 125 71 116 71 106 71  99 71  err
quve_d1990 119 71 108 71 118 71 123 71 134 71 131 71 118 71  96 71 128 71 122 71  err
quve_d2000 125 71 161 71 151 71 161 71 140 71 140 70 142 70 110 70 112 70 127 68  err
quve_d20109990  09990  09990  09990  09990  09990  09990  09990  09990  09990  0  err
quve_drop_live.rwl -- no data title --                    1st itrdb line missing     
quve_drop_live.rwl -- no data title --                    2nd itrdb line missing     
quve_drop_live.rwl -- no data title --                    3rd itrdb line missing     
quve_d18249990  09990  09990  09990  0   0  1   0  1   0  1   0  1   0  1   0  1  err
quve_d1830   0  1   0  1   0  1   0  1   0  1   0  1   0  1   0  1   0  1   0  1  err
quve_d1840   0  1   0  1   0  1   0  1   0  1   0  1   0  1   0  1   0  1   0  1  err
quve_d1850   0  1   0  1   0  1   0  1   0  1   0  1   0  1   0  1   0  1   0  1  err
quve_d1860   0  1   0  1   0  1   0  1   0  1   0  1   0  1   0  1   0  1   0  1  err
quve_d1870   0  1   0  1   0  1   0  1   0  1   0  1   0  1   0  1   0  1   0  1  err
quve_d1880   0  1   0  1   0  1   0  1   0  1   0  1   0  1   0  1   0  1  41  3  err
quve_d1890  93  3 120  3  26  3 100  3  24  3 166  4  64  5  68  5 196  5 186  5  err
quve_d1900  92  5  59  5 147  6 186  7  95  8  87  9  73  9  60  9  77  9  65 10  err
quve_d1910  80 10 107 11  67 12  37 14  40 15  70 16  46 18  59 21  41 24  53 25  err
quve_d1920  44 26  56 27  47 29  40 34  33 34  29 36  39 37  31 39  55 39  44 39  err
quve_d1930  27 42  28 44  19 45  37 46  23 48  22 49  27 50  32 53  29 53  30 57  err
quve_d1940  28 57  25 57  30 58  24 59  24 60  25 61  23 62  24 62  21 63  25 64  err
quve_d1950  25 67  26 67  22 67  22 67  19 67  21 67  23 67  21 67  25 69  22 69  err
quve_d1960  21 70  19 70  18 70  15 70  15 70  15 70  18 70  21 70  19 70  21 71  err
quve_d1970  16 71  18 71  20 71  22 71  24 71  25 71  25 71  23 71  32 71  27 71  err
quve_d1980  24 71  30 71  30 71  25 71  25 71  27 71  26 71  20 71  18 71  19 71  err
quve_d1990  22 71  17 71  17 71  21 71  22 71  17 71  17 71  18 71  18 71  19 71  err
quve_d2000  17 71  19 71  20 71  21 71  18 71  18 70  19 70  17 70  19 70  27 68  err
quve_d20109990  09990  09990  09990  09990  09990  09990  09990  09990  09990  0  err
quve_drop_live.rwl -- no data title --                    1st itrdb line missing     
quve_drop_live.rwl -- no data title --                    2nd itrdb line missing     
quve_drop_live.rwl -- no data title --                    3rd itrdb line missing     
quve_d18249990  09990  09990  09990  0   0  1   0  1   0  1   0  1   0  1   0  1  err
quve_d1830   0  1   0  1   0  1   0  1   0  1   0  1   0  1   0  1   0  1   0  1  err
quve_d1840   0  1   0  1   0  1   0  1   0  1   0  1   0  1   0  1   0  1   0  1  err
quve_d1850   0  1   0  1   0  1   0  1   0  1   0  1   0  1   0  1   0  1   0  1  err
quve_d1860   0  1   0  1   0  1   0  1   0  1   0  1   0  1   0  1   0  1   0  1  err
quve_d1870   0  1   0  1   0  1   0  1   0  1   0  1   0  1   0  1   0  1   0  1  err
quve_d1880   0  1   0  1   0  1   0  1   0  1   0  1   0  1   0  1   0  1  11  3  err
quve_d1890 108  3  72  3  35  3  21  3  78  3  96  4 127  5  72  5 127  5  78  5  err
quve_d1900  26  5  22  5 121  6 160  7  52  8  40  9  61  9  68  9  34  9  39 10  err
quve_d1910  56 10  88 11  32 12  30 14  40 15  48 16  51 18  41 21  37 24  34 25  err
quve_d1920  35 26  45 27  29 29  30 34  24 34  27 36  35 37  20 39  45 39  30 39  err
quve_d1930  28 42  27 44  21 45  28 46  19 48  15 49  21 50  25 53  23 53  20 57  err
quve_d1940  24 57  21 57  22 58  16 59  17 60  19 61  22 62  20 62  18 63  20 64  err
quve_d1950  17 67  18 67  15 67  15 67  15 67  18 67  18 67  16 67  19 69  16 69  err
quve_d1960  17 70  15 70  13 70  12 70  14 70  13 70  14 70  18 70  17 70  16 71  err
quve_d1970  15 71  15 71  16 71  16 71  16 71  17 71  15 71  17 71  25 71  18 71  err
quve_d1980  23 71  23 71  21 71  16 71  16 71  20 71  17 71  14 71  16 71  14 71  err
quve_d1990  17 71  14 71  15 71  16 71  17 71  18 71  14 71  19 71  17 71  16 71  err
quve_d2000  16 71  19 71  17 71  19 71  17 71  13 70  15 70  16 70  15 70  22 68  err
quve_d20109990  09990  09990  09990  09990  09990  09990  09990  09990  09990  0  err
quve_drop_live.rwl -- no data title --                    1st itrdb line missing     
quve_drop_live.rwl -- no data title --                    2nd itrdb line missing     
quve_drop_live.rwl -- no data title --                    3rd itrdb line missing     
quve_d18249990  09990  09990  09990  0   0  1   0  1   0  1   0  1   0  1   0  1  err
quve_d1830   0  1   0  1   0  1   0  1   0  1   0  1   0  1   0  1   0  1   0  1  err
quve_d1840   0  1   0  1   0  1   0  1   0  1   0  1   0  1   0  1   0  1   0  1  err
quve_d1850   0  1   0  1   0  1   0  1   0  1   0  1   0  1   0  1   0  1   0  1  err
quve_d1860   0  1   0  1   0  1   0  1   0  1   0  1   0  1   0  1   0  1   0  1  err
quve_d1870   0  1   0  1   0  1   0  1   0  1   0  1   0  1   0  1   0  1   0  1  err
quve_d1880   0  1   0  1   0  1   0  1   0  1   0  1   0  1   0  1   0  1  10  3  err
quve_d1890 103  3  69  3  33  3  20  3  74  3  91  4 120  5  69  5 121  5  74  5  err
quve_d1900  25  5  21  5 115  6 152  7  49  8  38  9  58  9  64  9  33  9  37 10  err
quve_d1910  53 10  84 11  31 12  29 14  38 15  45 16  48 18  39 21  36 24  32 25  err
quve_d1920  33 26  43 27  27 29  29 34  23 34  25 36  33 37  19 39  43 39  29 39  err
quve_d1930  27 42  26 44  19 45  27 46  18 48  14 49  20 50  24 53  21 53  19 57  err
quve_d1940  23 57  20 57  20 58  15 59  16 60  18 61  21 62  19 62  17 63  19 64  err
quve_d1950  16 67  17 67  15 67  14 67  14 67  17 67  17 67  15 67  18 69  15 69  err
quve_d1960  17 70  14 70  13 70  11 70  13 70  12 70  13 70  17 70  16 70  16 71  err
quve_d1970  15 71  14 71  15 71  16 71  15 71  16 71  14 71  16 71  23 71  17 71  err
quve_d1980  21 71  22 71  20 71  16 71  15 71  19 71  16 71  13 71  15 71  14 71  err
quve_d1990  17 71  13 71  14 71  15 71  16 71  17 71  13 71  18 71  16 71  16 71  err
quve_d2000  15 71  18 71  16 71  18 71  16 71  13 70  14 70  15 70  15 70  21 68  err
quve_d20109990  09990  09990  09990  09990  09990  09990  09990  09990  09990  0  err
