  year  #   1       2       3       4       5       6       7       8       9      10      11      12      13      14      15      16      17      18      19      20      21      22      23      24      25      26      27      28      29      30      31      32      33      34      35      36      37      38      39      40      41      42      43      44      45      46      47      48      49      50      51
  1950   9.913  -5.015   0.572   2.467   2.230   2.296   0.283   0.713   1.917   0.137  -0.059  -1.191  -0.514  -1.070   0.014  -1.003  -0.446  -0.457  -0.243  -0.175  -0.310   0.572   0.953  -0.002  -0.768  -0.118  -0.175   0.439   0.171   0.553   0.030  -0.118  -0.034   0.026  -0.291  -0.053   0.049  -0.128  -0.254  -0.193  -0.225   0.082  -0.059  -0.022   0.102  -0.096   0.006  -0.037  -0.046  -0.044   0.000
  1951  11.971  -4.934   1.600   2.949   2.498   1.153   0.574  -0.050   0.771   0.336   0.526  -0.857  -0.317   0.292  -0.210  -0.430   0.095  -0.122  -0.132   0.044   0.136   0.278  -0.328   0.435   0.557   0.111   0.080  -0.948  -0.097  -0.802   0.136  -0.041   0.276  -0.220  -0.226   0.014  -0.052   0.369   0.039   0.053   0.110  -0.259  -0.023  -0.021  -0.140   0.159  -0.090   0.106   0.048   0.017   0.000
  1952   5.888  -6.658  -0.270  -0.266   1.955   0.925  -0.035  -1.043   0.095   0.083   0.340   0.532   0.062   0.598  -0.441  -0.076   0.587   0.258   0.438   0.438   0.609  -0.137   0.034   0.732   0.185  -0.155  -0.233   0.317   0.038   0.059   0.457   0.450  -0.230   0.291   0.681   0.080  -0.115  -0.266   0.383   0.063   0.222   0.084   0.230   0.075   0.183  -0.010   0.032  -0.133  -0.003   0.016   0.000
  1953   5.851  -6.386   0.009  -0.209   1.360   0.333   0.054  -0.840  -0.600  -0.008   0.892   0.664  -0.002   0.293   0.761   0.962  -0.322   0.248   0.485  -0.143  -0.257  -0.682  -0.806  -1.021  -0.190   0.517   0.263  -0.167  -0.334   0.048  -0.244  -0.167  -0.017   0.346  -0.070   0.347   0.155  -0.304  -0.234   0.220  -0.073   0.202  -0.063   0.105  -0.196  -0.103   0.084   0.067   0.007  -0.072   0.000
  1954   3.009  -6.343   0.118  -1.322  -0.836  -0.277   0.209  -0.422  -1.173   0.093  -1.219   1.231  -0.605  -0.055   0.356   1.010   0.266   0.509   0.267   0.202  -0.600  -0.723   0.565   0.092   0.032  -0.014  -0.019   0.692   0.446  -0.303  -0.549  -0.165  -0.232  -0.387  -0.118  -0.318  -0.135   0.176   0.214  -0.175  -0.144  -0.217  -0.144  -0.165   0.007  -0.018   0.071   0.042   0.082   0.069   0.000
  1955   3.099  -5.261  -0.588  -2.001  -2.186  -0.642  -0.028   1.704  -1.204   0.612  -1.141   1.371   0.932  -0.370  -0.405   0.008   0.778  -0.148  -0.311  -0.345   0.384   0.358  -0.479   0.006   0.249  -0.577   0.599  -0.150   0.048   0.814   0.036   0.333   0.284   0.082  -0.267  -0.011   0.130   0.272  -0.117   0.127  -0.209   0.061   0.054   0.033   0.022   0.150  -0.189  -0.035  -0.078   0.007   0.000
  1956   7.236  -1.636   0.328  -0.254  -2.787  -1.974  -0.699   2.556  -0.654   1.530  -2.692  -0.364   0.332  -0.152  -0.286  -0.587  -0.260  -0.060   0.159   0.245  -0.137   0.376   0.120  -0.718  -0.094   0.267  -0.708  -0.495  -0.310  -0.270   0.299  -0.176  -0.088  -0.158   0.314  -0.098   0.096  -0.118  -0.084  -0.067   0.286   0.067  -0.019   0.109   0.029  -0.112   0.119   0.023   0.033   0.026   0.000
  1957   9.067   0.574   1.529  -0.233  -3.673  -1.035  -0.004   1.677   0.333  -2.938   2.488   0.783  -0.454  -0.924   0.406   0.693  -0.593   1.164   0.410  -0.247   0.135   0.733   0.402  -0.174  -0.507  -0.022  -0.097  -0.102   0.077   0.039   0.185   0.030   0.255  -0.157   0.272   0.043  -0.167  -0.074   0.083   0.042   0.111  -0.126  -0.051  -0.008  -0.080   0.049  -0.049  -0.053  -0.030   0.022   0.000
  1958  12.362   2.248   2.648   1.517  -1.596  -2.025  -1.178   1.165   0.009  -0.427   0.467  -0.992   0.674   1.414  -0.781  -0.187   0.424  -0.316  -1.484  -0.406  -0.708  -0.922   0.059   0.178  -0.070   0.216  -0.228   0.299   0.317  -0.206  -0.541   0.145  -0.041   0.285  -0.157   0.039   0.034  -0.250   0.232   0.231  -0.003   0.069   0.102  -0.137  -0.008   0.017  -0.059  -0.008  -0.057  -0.026   0.000
  1959   5.122   0.445  -0.189  -2.222  -1.948  -1.366  -1.202  -0.611   0.637  -1.602   1.378  -0.283   0.660  -0.922  -0.413  -0.904   0.737  -0.345   0.200   0.680   0.117  -0.106  -0.424   0.618   0.735   0.435  -0.169   0.472  -0.394   0.226  -0.212  -0.119  -0.140   0.181  -0.125  -0.106   0.141   0.316  -0.289  -0.059  -0.084  -0.102  -0.010   0.236   0.137  -0.070   0.159   0.120   0.098  -0.006   0.000
  1960   6.059   1.773   0.936  -1.302  -0.073  -0.937  -1.745  -0.707   1.061  -1.097  -1.045   0.186  -0.238   0.082   0.087  -1.431  -0.387  -0.623   0.840   0.380   0.354  -0.441  -0.585   0.048  -0.306  -0.535   1.108   0.136  -0.049  -0.152  -0.190  -0.504   0.022  -0.266   0.210   0.179  -0.329   0.036   0.033  -0.100   0.152   0.264  -0.132  -0.184   0.011  -0.014  -0.112  -0.047   0.041  -0.027   0.000
  1961   6.032   2.228   0.328  -1.221  -1.528  -0.797  -0.638  -1.887   0.667   0.154  -0.536  -0.955   0.488  -0.131   1.820   0.213  -0.020   0.010   0.941   0.424  -0.254   0.191  -0.292  -0.275  -0.153  -0.088  -0.205  -0.086   0.069  -0.353   0.469   0.215  -0.392   0.043  -0.576   0.270   0.266   0.105   0.306  -0.132  -0.257   0.014   0.208  -0.014   0.038   0.076   0.022  -0.097  -0.108   0.080   0.000
  1962   5.053   1.761   0.640  -0.975  -0.266  -0.631  -0.298  -1.856   1.139   0.046  -0.300  -0.431   0.266   0.773   1.316   1.109  -0.638  -0.302  -0.792   0.168   0.247  -0.545   0.616   0.006  -0.172  -0.181   0.416  -0.517  -0.032   0.337   0.181   0.646   0.054   0.084   0.368  -0.528   0.307   0.190  -0.179  -0.033   0.059  -0.045  -0.154   0.074   0.042  -0.165  -0.131   0.012   0.086  -0.009   0.000
  1963   5.370   1.689   0.119  -1.054  -0.546   0.257  -0.022  -1.253   0.036  -0.003  -1.240  -0.231  -0.421   0.721   0.948   1.173  -0.442  -0.052  -0.445  -0.560   0.495   0.111   0.159   0.692   0.640  -0.307  -0.344  -0.023  -0.118   0.346  -0.049  -0.532   0.643   0.086  -0.058   0.091  -0.369  -0.164  -0.348  -0.003   0.072   0.019   0.014  -0.050   0.061   0.202   0.257  -0.027  -0.076  -0.021   0.000
  1964   2.727   1.619  -1.053  -2.415  -0.700   0.902   0.607  -1.285  -0.599  -0.750  -0.745   0.270  -0.893   1.282  -0.215  -0.088   0.665  -0.242  -0.353  -0.687   0.783   0.928   0.229   0.315  -0.011  -0.109  -0.524   0.590  -0.448  -0.095   0.208  -0.159  -0.418  -0.211  -0.172   0.101   0.055  -0.180   0.147   0.001  -0.045   0.090  -0.149   0.168  -0.284  -0.111  -0.196   0.137  -0.005   0.003   0.000
  1965   2.175   1.336  -0.710  -2.686  -0.224   0.648   1.076  -0.938  -0.542  -1.052  -0.156  -0.124  -1.339   0.146  -0.735  -0.706   0.274   0.006  -0.552  -0.654   0.560   0.459  -0.694  -0.853  -0.096   0.093   0.221  -0.326   0.493  -0.141   0.191   0.135  -0.117  -0.010   0.433  -0.279   0.155   0.043   0.029  -0.042  -0.320  -0.091   0.194  -0.259   0.096  -0.035   0.186   0.109  -0.020  -0.066   0.000
  1966  -0.981   0.192  -2.430  -4.100  -0.399   1.563   1.616  -1.333  -0.412  -0.721   0.171  -0.119  -0.700  -0.214  -0.717  -0.322  -0.049   0.557  -0.253  -0.350  -0.334  -0.375   0.422  -0.227  -0.073   0.450  -0.348  -0.766  -0.234   0.068  -0.698  -0.518  -0.247   0.083  -0.140  -0.070   0.171   0.165  -0.017  -0.107   0.172   0.187   0.116   0.082   0.153   0.129  -0.151  -0.216   0.041   0.027   0.000
  1967   0.710   1.328  -1.141  -2.393  -1.325   2.038   1.523  -1.035  -1.200  -0.468  -0.568  -0.215  -0.012  -0.686  -0.712  -0.546  -1.044  -1.026   0.185   0.058  -0.838  -0.935  -0.010  -0.177   0.029   0.429   0.019   0.290  -0.015   0.109   0.596   0.629   0.022  -0.310  -0.123   0.139  -0.470  -0.128  -0.265   0.276   0.125  -0.267   0.040   0.039  -0.038   0.024  -0.058  -0.003  -0.040   0.004   0.000
  1968   7.946   4.257  -0.277   1.133  -0.845   1.368   0.745  -0.577  -0.949   2.729   1.107   0.607  -0.363  -0.609  -0.426   0.431  -0.456  -1.471   0.851   0.156   0.082   0.501   0.112  -0.460  -0.057  -0.371   0.038   0.516  -0.141  -0.021  -0.423  -0.134   0.316   0.368   0.038  -0.225   0.307   0.139   0.396   0.109   0.208  -0.085  -0.035   0.004   0.018   0.082   0.021   0.011   0.002  -0.058   0.000
  1969   5.250   2.726  -1.080  -0.111  -0.311   1.669   1.380   0.391  -0.626   1.690   1.400   0.164   1.270  -1.147  -0.542   0.727   0.029   0.245  -1.009   0.547   0.153  -0.772  -0.555   0.492   0.077  -0.222  -0.126  -0.099   0.075   0.093   0.656  -0.563  -0.217  -0.370   0.208   0.133   0.194  -0.147  -0.039  -0.301  -0.117   0.148  -0.113  -0.167  -0.083  -0.048  -0.004  -0.008   0.011   0.054   0.000
  1970   6.249   4.958  -0.409   1.598   1.116   0.939   1.462   0.439   0.498   0.323  -0.413   0.945   1.103  -0.036  -0.553   0.404   0.057   0.880   0.319  -0.491  -0.355   0.217   0.379   0.052   0.313   0.052   0.486  -0.314   0.339  -0.309  -0.202   0.405  -0.348  -0.134  -0.089   0.033  -0.495   0.234   0.155  -0.083  -0.104   0.283  -0.104   0.284   0.103  -0.066   0.115   0.063  -0.061  -0.081   0.000
  1971   0.397   2.339  -2.062  -0.690   0.708   1.864   1.086  -0.268   0.778  -0.645  -0.843   0.101   2.002   0.885  -0.013  -0.644   0.643   0.932  -0.152   0.437  -0.702   0.823   0.048  -0.498   0.056  -0.379   0.221   0.065  -0.021   0.223  -0.025  -0.176   0.284   0.476  -0.043   0.134  -0.065  -0.169   0.067   0.089  -0.001  -0.317  -0.044  -0.102  -0.133  -0.077   0.054  -0.116   0.176   0.028   0.000
  1972  -1.254   2.252  -3.143  -1.521   0.344   1.823  -0.165   0.989   1.624   0.388  -0.276   1.039   0.492   0.313   0.251  -0.232   0.078   0.103   0.841   0.673   0.298  -0.102   0.378   0.555  -0.353  -0.028  -0.484  -0.095   0.305  -0.322  -0.762   0.291   0.028  -0.184   0.342   0.203   0.345   0.006  -0.508   0.251  -0.030   0.011   0.166  -0.136  -0.093   0.013  -0.029   0.129  -0.093   0.043   0.000
  1973  -3.299   0.264  -4.896  -2.406   0.354   0.854  -2.123   1.326   0.588   0.641   1.165   0.700  -0.018   0.442   0.351  -0.316   0.453   0.028  -0.075   0.394   0.841  -0.244   0.482  -0.424   0.417   0.479   0.297  -0.105  -0.166  -0.392   0.252   0.121   0.441  -0.323  -0.659  -0.417  -0.074  -0.543   0.118  -0.046   0.001   0.017  -0.020  -0.043   0.134  -0.024  -0.002  -0.032  -0.001  -0.040   0.000
  1974  -2.459   0.304  -5.214  -0.926  -0.045   0.490  -1.624   1.491   0.313   1.372   0.555  -0.871  -0.617   0.871   0.492   0.293   0.451   0.205  -0.432   0.229   0.031  -0.340  -0.029  -0.215  -0.830   0.390   0.244   0.333   0.177   0.269   0.269  -0.351  -0.079   0.249   0.190   0.028  -0.456   0.610   0.029  -0.178   0.073  -0.088   0.229   0.142  -0.187   0.050   0.002   0.031  -0.021  -0.019   0.000
  1975   1.241   2.633  -3.934   1.640   1.257  -0.729   0.500   1.490   0.363   0.261  -0.187  -0.922  -1.450   0.249  -0.565  -0.073  -0.030   0.666   0.897  -0.627   0.388  -0.516  -0.878   0.237  -0.137  -0.005  -0.174   0.039  -0.029   0.251   0.011   0.453  -0.132   0.484  -0.148  -0.176   0.016  -0.041  -0.052   0.088  -0.033   0.004  -0.410  -0.049   0.029   0.051   0.047  -0.057   0.009   0.152   0.000
  1976   0.574   2.294  -4.027   1.887   0.751  -0.998  -0.768   0.761   0.003   0.469  -0.298  -0.481  -1.482  -0.358   0.491   0.480   0.339   0.421   0.259  -0.613  -1.379   0.078  -0.324   0.423   0.391  -0.374   0.315  -0.001  -0.151   0.278  -0.061   0.015   0.116  -0.528   0.230   0.323   0.291  -0.350   0.074  -0.050  -0.066  -0.135   0.198   0.117   0.149   0.007  -0.104   0.066   0.119  -0.067   0.000
  1977  -5.021  -1.939  -4.840  -1.574   1.375  -0.827  -1.076  -0.153  -1.144  -0.131  -0.011  -0.857   0.353  -1.687   0.812  -0.197  -0.974   0.706  -0.969  -0.298  -0.263   0.616  -0.266   0.325   0.493  -0.452  -0.096   0.403  -0.130  -0.662  -0.139   0.180  -0.140   0.164   0.038  -0.140   0.013   0.250  -0.003   0.288   0.170   0.113  -0.055  -0.132  -0.081  -0.135  -0.004  -0.087  -0.071  -0.070   0.000
  1978   2.055   1.941  -1.611   1.746   5.070  -2.936   0.152  -0.375  -2.023  -1.527  -0.158   0.865   0.295   0.477  -0.475  -0.015  -1.188   0.163  -0.438   1.248  -0.112   0.457   0.011  -0.172  -0.447   0.196  -0.225   0.125  -0.235   0.469   0.021   0.186   0.174  -0.202  -0.235  -0.080   0.067   0.068   0.071  -0.153   0.072   0.143   0.126  -0.050   0.015   0.135   0.019   0.125   0.013   0.049   0.000
  1979  -0.832   0.997  -2.121   0.181   2.950  -3.189   0.088   0.034  -1.755  -0.570   0.537   0.269   0.269  -0.064   0.394   0.060   1.223  -1.598   0.553  -0.124  -0.229   0.171   0.696  -0.149   0.363   0.319  -0.281  -0.359   0.555  -0.200   0.201  -0.351   0.044   0.239   0.359   0.197  -0.117   0.013  -0.203  -0.059  -0.190  -0.119  -0.207  -0.009   0.029  -0.054  -0.100  -0.117  -0.069  -0.012   0.000
  1980  -6.248  -1.268   0.012  -3.743   1.047  -3.098  -0.158  -0.519   0.824   0.266   0.124  -0.626   0.136  -0.877  -1.831   0.487  -0.416  -0.227   0.202  -0.453   0.533  -0.521   0.688   0.218  -0.505  -1.017   0.276  -0.431   0.129  -0.168  -0.073  -0.022   0.130   0.124  -0.284   0.190   0.051  -0.186   0.127  -0.059  -0.017  -0.145   0.141   0.140  -0.190  -0.083   0.128   0.032   0.019   0.022   0.000
  1981  -5.376  -0.308   3.117  -3.646   1.282  -2.235  -0.321  -0.662   1.917   2.384   0.304   0.035   0.664  -0.124  -0.085  -0.463  -0.663   0.787  -0.307  -0.494   0.266   0.199   0.338  -0.358   0.074   0.748  -0.088   0.323  -0.390   0.195   0.011   0.016  -0.215  -0.171   0.336   0.349  -0.042   0.034   0.153   0.159  -0.164  -0.144  -0.218  -0.084   0.116   0.242  -0.054   0.049   0.010  -0.029   0.000
  1982  -3.996   1.202   5.051  -2.908   0.604  -0.819  -0.294   0.635   1.278   1.122   0.186   1.494  -0.969  -0.018  -0.037   0.098  -0.514  -0.036   0.408  -0.090  -0.772   0.505  -0.407   0.556   0.600   0.419  -0.241  -0.162   0.553   0.282   0.278   0.072  -0.270   0.494  -0.326  -0.210  -0.109  -0.072  -0.145  -0.246   0.186   0.077   0.148  -0.168  -0.164  -0.102  -0.076   0.000   0.055  -0.042   0.000
  1983  -3.734   0.311   4.399  -2.151   1.454  -0.068   1.124  -0.129   0.592   0.690   0.558  -0.349  -0.314   0.161  -0.059   0.307   0.720   0.006  -0.370  -0.231  -0.327   0.286  -0.637  -0.480  -0.003   0.049  -0.015   0.468  -0.264  -0.269  -0.312   0.207   0.964  -0.310   0.100   0.106  -0.122   0.159  -0.079  -0.202   0.069   0.071   0.066   0.071   0.114  -0.267  -0.039  -0.044  -0.092   0.148   0.000
  1984  -4.675   0.533   4.477  -1.630   0.683  -0.604   0.931   0.398  -0.794   0.500   0.574  -1.071  -0.249   0.688  -0.129   0.448   1.168   0.411   0.498   1.180  -0.229   0.146  -0.472   0.178  -0.729  -0.689  -0.386  -0.151  -0.294   0.049  -0.049   0.032  -0.299  -0.445  -0.138  -0.364  -0.164  -0.022  -0.214   0.259  -0.043  -0.048  -0.087   0.007   0.022   0.054   0.026  -0.112  -0.018  -0.155   0.000
  1985  -6.725   0.970   4.188  -2.531   0.314   1.806   0.235   2.148  -0.770  -0.779  -0.315   0.067  -1.455   0.417   0.359  -0.503  -0.607  -0.067  -0.548   0.978  -0.343  -0.240   0.553   0.231   0.307  -0.113   0.422   0.130   0.297  -0.343   0.415  -0.137   0.283   0.239   0.098   0.236   0.395   0.129   0.162   0.262  -0.207   0.181  -0.124   0.202  -0.012   0.090   0.096  -0.030   0.042   0.026   0.000
  1986  -2.057   2.076   4.284   0.587   1.698   1.207   0.902   1.884  -1.547  -0.794  -0.887  -0.897   0.363  -0.932   1.032  -0.326   0.069   0.317   0.196  -0.002   0.964  -0.618   0.097  -0.051   0.459   0.217   0.330   0.103  -0.471   0.120  -0.545   0.190  -0.250   0.240   0.171  -0.070   0.033  -0.247   0.094  -0.462   0.029  -0.250   0.110   0.025  -0.144   0.040  -0.051   0.000  -0.079  -0.040   0.000
  1987  -3.541   1.150   2.776   0.257   1.786   0.667   0.263   0.938  -0.497  -0.553   0.280  -0.082   0.665  -0.552   0.820   0.496   1.165  -0.510   0.106  -1.240   0.052   0.059   0.487  -0.068  -0.377   0.012   0.554   0.102  -0.206   0.024   0.369  -0.263  -0.528  -0.049  -0.201  -0.091   0.055   0.070  -0.130   0.402   0.331   0.110   0.144  -0.139   0.147   0.034   0.074   0.125   0.080   0.103   0.000
  1988  -7.134  -0.627   1.279  -0.513   0.366   1.876  -1.492   0.223  -0.804  -0.837  -0.348  -0.523   1.634  -0.119   0.248   0.332  -0.646  -0.400   0.392  -0.972   0.404   0.000  -0.845   0.219  -0.720   0.163  -0.795   0.139   0.796  -0.287  -0.029   0.058   0.442  -0.045   0.007  -0.079   0.013  -0.035   0.090  -0.151  -0.063   0.068  -0.045   0.140   0.094   0.108  -0.078   0.024   0.164  -0.052   0.000
  1989  -5.696  -0.112   1.223   1.084   0.973   2.190  -2.798   0.317   0.186  -0.899   0.036   0.052   0.357   0.688  -0.476   0.222  -0.885  -0.124   0.374  -0.115  -0.091  -0.169  -0.233  -0.127   0.516  -0.127  -0.337  -0.491   0.031   0.799  -0.085  -0.523  -0.227  -0.329  -0.011  -0.046   0.068   0.197   0.414   0.252  -0.001  -0.209  -0.056  -0.002   0.066  -0.233   0.013   0.015  -0.154   0.027   0.000
  1990  -2.874   1.324   1.806   3.530  -0.424   1.889  -3.878  -0.472  -0.065  -0.119  -0.225   0.229  -0.760  -0.672  -1.150   1.341   0.253  -0.450  -0.598   0.476   0.294   0.462   0.166  -0.672   0.274  -0.179  -0.113  -0.062  -0.347  -0.241  -0.208   0.455  -0.393   0.083   0.063   0.292  -0.250   0.022  -0.280  -0.069  -0.163   0.045   0.026  -0.064  -0.019   0.071  -0.011  -0.106   0.106   0.045   0.000
  1991  -7.337  -1.167   0.326   1.625  -1.085   0.743  -1.545  -1.941   0.251  -0.610  -0.620  -0.494   0.342  -0.149  -1.179   0.400   0.757   0.773   0.208   0.238  -0.905   0.265   0.059   0.036  -0.183   0.271   0.603   0.160   0.184  -0.241   0.330  -0.185   0.148   0.271   0.135  -0.261   0.344  -0.219  -0.151  -0.232   0.242  -0.011  -0.174   0.042   0.001   0.173  -0.037   0.120  -0.189  -0.006   0.000
  1992  -5.183  -0.057   0.404   2.851  -1.839   0.051   0.004  -0.520  -1.092   0.211  -0.221  -0.364   0.270   0.072  -0.493  -0.128  -0.013   0.304   1.021  -0.391  -0.256  -0.192   0.651   0.821  -0.239   0.630   0.019  -0.214  -0.968  -0.010   0.252   0.027   0.597   0.170   0.127  -0.156  -0.087   0.203   0.156   0.062  -0.373   0.209   0.124  -0.234  -0.093  -0.119  -0.006  -0.002   0.041  -0.029   0.000
  1993  -3.685  -0.256   1.037   2.921  -1.320  -0.158  -1.088  -1.386  -1.901   1.276   1.040   0.613  -0.079   0.686   0.488  -1.602   0.134   0.049  -0.317  -0.657   0.113   0.303   0.098   0.491  -0.361   0.311   0.393  -0.183   0.335   0.279  -0.249   0.396  -0.095  -0.512  -0.084   0.213   0.262   0.022  -0.112  -0.142   0.182  -0.054  -0.085   0.050  -0.162  -0.016   0.214  -0.168   0.009   0.018   0.000
  1994  -3.279   0.516   1.616   3.641  -1.634  -0.645   0.132  -1.788  -1.550   1.520   0.552  -0.579  -0.440  -0.504   0.567  -1.128  -0.077   1.240   0.028   0.563   0.573  -0.142   0.272  -0.380   0.286  -0.444  -0.183  -0.133   0.676   0.157  -0.113  -0.292   0.088   0.260  -0.063  -0.064  -0.366  -0.204  -0.125   0.246  -0.066   0.059   0.098   0.089   0.092  -0.069  -0.155   0.169   0.032   0.065   0.000
  1995  -4.354   1.205   0.360   4.357  -0.484  -0.590   0.918  -0.171   0.735  -0.362  -0.983   2.277  -0.601  -0.301   0.160  -0.142   0.157   0.327  -0.772   0.002   0.519  -0.646  -0.301   0.218  -0.770  -0.042  -0.296   0.024  -0.302  -0.402   0.300  -0.177   0.060   0.348  -0.324   0.343   0.127   0.192  -0.036  -0.011   0.102  -0.282  -0.026  -0.001   0.239  -0.126  -0.036  -0.024  -0.033  -0.094   0.000
  1996  -5.185   0.629  -0.164   4.093   0.567  -1.022   0.802  -0.734   2.680  -0.826  -0.608   0.743  -0.126  -1.128   0.339  -0.500   0.942  -0.273  -0.193  -0.203  -0.055  -0.758  -0.075  -0.661   0.459  -0.107  -0.590   0.206   0.127   0.248   0.138  -0.007   0.229  -0.358   0.156  -0.385   0.063   0.067   0.191   0.168   0.005   0.181   0.066   0.092  -0.305   0.141   0.053  -0.082   0.009  -0.013   0.000
  1997 -10.254  -2.466  -1.872  -0.373  -2.150   0.340   1.227   0.059   0.806  -0.282   0.218  -0.035  -0.176  -0.646   0.999  -0.057   0.427  -1.345  -0.813   0.680  -0.503   0.463  -0.331   0.419  -0.443   0.051  -0.054  -0.723  -0.208   0.224  -0.473   0.267  -0.099   0.202   0.081   0.123  -0.363  -0.260   0.454  -0.073   0.025   0.080  -0.160  -0.047   0.039   0.035   0.062   0.156  -0.016   0.035   0.000
  1998  -4.421  -0.832  -0.872   3.444  -1.101  -1.437   2.057   0.271   1.016   0.050  -0.588  -0.409   0.253   0.247  -0.379   0.966  -1.024  -0.558  -0.144   0.423   0.629   0.801  -0.489   0.422  -0.012   0.899   0.805   0.277   0.254  -0.209  -0.230  -0.452  -0.290  -0.178   0.029  -0.252   0.015  -0.227  -0.089   0.249  -0.147  -0.085   0.156   0.126   0.003  -0.043  -0.035  -0.147   0.006   0.045   0.000
  1999  -7.904  -2.395  -1.535   1.827  -2.205  -0.543   2.286   0.565   0.427  -0.758   0.267  -1.603   0.082   0.875  -0.403   0.699   0.007  -0.040   0.499   0.372   0.612  -0.050   0.395  -0.496   0.751   0.007  -0.070   0.275   0.402   0.265   0.059   0.265   0.023  -0.175  -0.220   0.521   0.193   0.270   0.003  -0.169   0.279   0.150  -0.058  -0.210   0.056  -0.048  -0.005   0.038   0.045  -0.089   0.000
  2000  -7.853  -2.409  -0.745   2.042  -1.212  -0.306   0.943   0.781   0.353  -0.125   1.514   0.685   0.628   1.776   0.204  -0.753  -1.203  -0.522   0.125  -0.669  -0.612  -0.182  -0.008  -0.357   0.341  -1.077  -0.104   0.177  -0.543  -0.428   0.112  -0.087  -0.385   0.111   0.161  -0.250  -0.063  -0.022  -0.268  -0.298  -0.134  -0.008   0.070   0.047   0.066   0.108  -0.001   0.019  -0.022   0.037   0.000
