 eigenvalue  3.895   1.496   0.751   0.638   0.558   0.359   0.180   0.122
 eval sderr  0.771   0.296   0.149   0.126   0.110   0.071   0.036   0.024
 % variance  0.487   0.187   0.094   0.080   0.070   0.045   0.023   0.015
 cumulative  0.487   0.674   0.768   0.848   0.917   0.962   0.985   1.000
 brokn stck  2.718   1.718   1.218   0.885   0.635   0.435   0.268   0.125
 series_id   #  1       2       3       4       5       6       7       8
  80640A     0.352  -0.336   0.121   0.359   0.622  -0.063  -0.432  -0.207
  70162      0.409  -0.006  -0.249  -0.346   0.202   0.736   0.039   0.260
  91302      0.455   0.001   0.267   0.054  -0.233  -0.325  -0.150   0.733
  91332      0.384   0.191  -0.365  -0.512  -0.144  -0.392  -0.343  -0.358
  50336      0.097   0.594   0.680  -0.244   0.283   0.043   0.085  -0.165
  80554      0.455  -0.150  -0.076   0.083   0.106  -0.252   0.808  -0.174
  50356     -0.035   0.655  -0.494   0.404   0.314  -0.119   0.022   0.222
  90552      0.369   0.215   0.080   0.507  -0.555   0.341  -0.107  -0.343
