 eigenvalue  3.496   1.301   0.984   0.917   0.665   0.294   0.195   0.149
 eval sderr  0.692   0.258   0.195   0.182   0.132   0.058   0.039   0.029
 % variance  0.437   0.163   0.123   0.115   0.083   0.037   0.024   0.019
 cumulative  0.437   0.600   0.723   0.837   0.920   0.957   0.981   1.000
 brokn stck  2.718   1.718   1.218   0.885   0.635   0.435   0.268   0.125
 series_id   #  1       2       3       4       5       6       7       8
  80640A     0.429  -0.302  -0.110   0.033   0.381   0.427  -0.605  -0.133
  70162      0.365  -0.041  -0.155   0.542   0.493  -0.440   0.311   0.121
  91302      0.467  -0.045  -0.094  -0.211  -0.374  -0.160  -0.150   0.733
  91332      0.317   0.105   0.490   0.472  -0.493  -0.146  -0.232  -0.328
  50336      0.174   0.494  -0.665   0.233  -0.279   0.345   0.110  -0.143
  80554      0.445  -0.205   0.274  -0.196  -0.044   0.440   0.663  -0.108
  50356      0.046   0.725   0.435  -0.021   0.371   0.234  -0.076   0.290
  90552      0.366   0.285  -0.092  -0.587   0.106  -0.459  -0.055  -0.454
