  year  #   1
  1950   0.307
  1951   0.233
  1952  -0.415
  1953  -0.438
  1954   0.710
  1955   0.866
  1956   2.098
  1957   1.309
  1958   2.673
  1959   1.026
  1960   1.432
  1961   1.343
  1962  -0.086
  1963   0.391
  1964  -0.424
  1965   0.158
  1966  -0.779
  1967   0.601
  1968   0.567
  1969   0.657
  1970   0.436
  1971   0.209
  1972   0.663
  1973   0.722
  1974   0.315
  1975   1.106
  1976   0.226
  1977  -1.226
  1978   0.483
  1979  -0.049
  1980  -2.034
  1981  -1.667
  1982  -1.277
  1983  -1.632
  1984  -1.766
  1985  -1.507
  1986  -0.738
  1987  -0.340
  1988   0.037
  1989  -0.147
  1990   0.748
  1991  -1.387
  1992  -0.420
  1993   0.391
  1994   0.181
  1995  -0.945
  1996  -0.988
  1997  -1.212
  1998  -0.216
  1999  -0.367
  2000   0.173
