  year  #   1       2       3       4       5       6       7       8
  1950   0.523   2.362  -1.025   0.265  -1.179   0.381   0.139  -0.162
  1951   0.551   2.684  -0.339   0.939  -2.004  -0.132  -0.241  -0.411
  1952  -0.746   1.290   0.338  -0.065  -2.021   0.026  -0.169  -0.549
  1953  -0.903   1.186   0.130   0.212  -1.593   0.690  -0.025   0.215
  1954   1.147  -0.123  -0.261  -0.462  -0.440   0.759   0.069  -0.165
  1955   1.596   0.407  -0.443   0.160   0.773   0.199   0.162  -0.519
  1956   4.785  -0.470  -0.923  -1.280  -0.255   0.977   0.924   0.029
  1957   2.571  -0.611   0.726  -0.660  -0.341  -0.406  -0.145  -0.752
  1958   6.290   0.891  -0.481  -1.686  -0.243   0.198  -0.588   0.468
  1959   1.980  -0.608   0.591  -0.892  -0.232  -1.294  -0.555  -0.042
  1960   2.969   1.504   0.974   0.219   0.259  -0.574   0.092   0.362
  1961   2.662   0.256  -0.377  -0.193   0.329   0.970   0.039   0.117
  1962  -0.378   0.107   1.026   0.931  -0.128   0.768   0.719  -0.289
  1963   0.574  -0.920  -0.859  -0.026   0.668   0.178  -0.159  -0.495
  1964  -0.988  -1.963  -0.590   0.184   0.441  -0.012   0.100  -0.140
  1965   0.018  -1.725  -0.272  -0.760  -0.078   0.252  -0.087   0.072
  1966  -1.674  -2.400   0.072  -0.685  -0.756  -0.066   0.103  -0.545
  1967   1.016  -1.707  -0.791  -1.278  -0.599   0.014   0.367   0.521
  1968   1.004  -1.127  -0.489   1.045  -0.570  -0.625   0.195   0.021
  1969   1.259  -1.908  -1.083   0.818   0.258  -0.442   0.062  -0.138
  1970   0.718  -0.615  -0.324   1.256  -0.084  -0.319   0.632   0.553
  1971   0.158  -1.708  -0.165   0.136  -0.156  -0.093   0.285   0.247
  1972   1.153  -1.203   0.198   1.330  -0.281   0.240  -0.237   0.095
  1973   1.273  -0.850  -0.341   1.140  -0.178  -0.236  -0.498  -0.018
  1974   0.473  -1.120   0.932   1.614  -0.283   0.337  -0.559  -0.011
  1975   2.160  -0.141  -0.010   1.597  -0.126   0.388  -0.478   0.226
  1976   0.363  -0.020   1.586   1.196   1.393  -0.030  -0.314  -0.117
  1977  -2.345  -1.980   1.280  -0.510  -0.542   0.311  -0.568  -0.082
  1978   0.859  -0.236   0.793   0.291  -0.434  -1.270  -0.417   0.585
  1979  -0.369  -0.632   1.477   0.001  -0.038   0.353  -0.249   0.596
  1980  -3.479   0.531  -0.636   0.366   0.049   0.050   0.021   0.725
  1981  -2.887   1.188  -0.557  -0.238   0.088   0.264  -0.108  -0.200
  1982  -2.322   1.137  -1.314  -0.196  -0.150   0.125  -0.407  -0.042
  1983  -2.927   0.093  -0.619  -0.418  -0.167   0.533   0.041   0.283
  1984  -3.003   0.239  -1.287  -0.508   0.184  -0.488  -0.467   0.302
  1985  -2.568   1.417  -1.892  -0.206   0.645  -0.583  -0.761   0.205
  1986  -1.469  -0.530  -0.275  -0.454   0.700  -0.764   0.258  -0.264
  1987  -0.832  -0.229  -0.461  -1.337   0.486   0.350  -0.467   0.151
  1988  -0.064  -0.208  -0.720  -0.733   0.870  -0.700  -0.029  -0.480
  1989  -0.492  -0.212   0.731  -0.175   0.076  -0.660  -0.077  -0.375
  1990   1.450   2.004  -1.247   1.171   1.723  -0.065   0.205  -0.538
  1991  -2.620  -1.193  -0.028  -0.038  -0.136   0.382   1.025  -0.072
  1992  -1.014   0.164  -0.698   0.970   0.131  -0.296   0.851   0.569
  1993   0.602   1.295   0.284  -0.036   0.815  -0.862   0.194   0.082
  1994   0.365   2.536   1.513  -0.900   0.290  -1.198   0.937   0.114
  1995  -1.827   0.533   1.621  -1.108  -0.239  -0.405   0.019   0.080
  1996  -1.949   0.268   0.949  -0.260  -0.246  -0.265   0.500  -0.340
  1997  -2.353   0.422   0.509   0.017  -0.163   0.167   0.213  -0.058
  1998  -0.580   1.591   1.362  -0.424   1.127   1.412  -0.104   0.378
  1999  -0.831   0.430   0.941  -0.241   1.268   1.314  -0.537  -0.281
  2000   0.103  -0.097   0.473  -0.088   1.088   0.146   0.095   0.090
