  year  #   1
  1950   0.265
  1951   0.279
  1952  -0.378
  1953  -0.458
  1954   0.581
  1955   0.809
  1956   2.424
  1957   1.302
  1958   3.187
  1959   1.003
  1960   1.504
  1961   1.349
  1962  -0.191
  1963   0.291
  1964  -0.501
  1965   0.009
  1966  -0.848
  1967   0.515
  1968   0.509
  1969   0.638
  1970   0.364
  1971   0.080
  1972   0.584
  1973   0.645
  1974   0.240
  1975   1.094
  1976   0.184
  1977  -1.188
  1978   0.435
  1979  -0.187
  1980  -1.763
  1981  -1.463
  1982  -1.176
  1983  -1.483
  1984  -1.521
  1985  -1.301
  1986  -0.744
  1987  -0.422
  1988  -0.033
  1989  -0.249
  1990   0.735
  1991  -1.327
  1992  -0.514
  1993   0.305
  1994   0.185
  1995  -0.926
  1996  -0.987
  1997  -1.192
  1998  -0.294
  1999  -0.421
  2000   0.052
