caco_drop.rwl -- no data title --                         1st itrdb line missing     
caco_drop.rwl -- no data title --                         2nd itrdb line missing     
caco_drop.rwl -- no data title --                         3rd itrdb line missing     
caco_d18899990  09990  09990  09990  09990  09990  09990  09990  09990  0   0  1  err
caco_d1890   0  1   0  1   0  1   0  1  54  2  48  2   3  2  31  2 264  2  26  2  err
caco_d1900 178  2 235  2  43  2  22  2 237  3  92  3  58  3  51  3 108  4 111  5  err
caco_d1910  21  5  38  5  81  5  61  5 101  5  64  5  64  6 102  7  63  7  25  7  err
caco_d1920  72  7  84  7  69  8  92  9  48  9  40  9  36  9  79  9  67  9  50  9  err
caco_d1930  68  9  40  9  24  9  90 10  52 10  34 10  46 11  46 11  53 12  57 12  err
caco_d1940  76 13  38 13  42 14  61 14  56 15  48 15  60 15  60 15  59 15  48 15  err
caco_d1950  50 15  50 15  65 15  54 15  48 16  56 16  49 16  44 16  51 16  41 16  err
caco_d1960  50 16  51 17  49 17  46 17  26 17  53 17  45 17  64 18  47 18  45 18  err
caco_d1970  43 18  27 18  55 18  36 18  35 18  44 18  51 18  51 18  49 18  36 18  err
caco_d1980  58 18  49 18  50 18  43 18  28 18  62 18  44 18  41 18  47 18  47 18  err
caco_d1990  46 18  35 18  40 18  57 18  47 18  36 18  40 18  52 18  51 18  43 18  err
caco_d2000  45 18  58 18  45 18  59 18  57 18  46 18  44 18  37 17  47 17  53 15  err
caco_d2010  37 14  39 13  36 13  61 11  96  8  86  6  73  4 140  29990  09990  0  err
cagl_drop.rwl -- no data title --                         1st itrdb line missing     
cagl_drop.rwl -- no data title --                         2nd itrdb line missing     
cagl_drop.rwl -- no data title --                         3rd itrdb line missing     
cagl_d18689990  09990  09990  09990  09990  09990  09990  09990  0   0  1   0  1  err
cagl_d1870   0  1  10  2  21  2  21  2  54  2  68  2 164  2  88  2  71  3  16  3  err
cagl_d1880  78  5  55  6  50  6  22  6  36  6  57  6  55  6  68  6  44  6  31  6  err
cagl_d1890  62  8  38  9  88  9  81  9  26  9  54  9  76  9  37  9  51  9   6  9  err
cagl_d1900  78 10  52 12  22 15  32 15  40 15  41 16  37 18  39 20  23 20  35 20  err
cagl_d1910  30 20  32 20  36 20  36 20  24 20  50 20  45 21  51 22  40 22  40 22  err
cagl_d1920  43 22  37 23  38 23  38 24  24 24  31 24  33 24  27 24  26 24  36 25  err
cagl_d1930  15 27  27 29  28 30  22 30  24 30  19 31  25 33  25 33  24 35  27 35  err
cagl_d1940  28 35  23 35  20 35  21 35  20 35  24 35  26 35  33 35  30 35  30 35  err
cagl_d1950  20 35  25 35  21 37  22 37  29 37  30 38  26 39  19 39  24 39  22 39  err
cagl_d1960  23 39  19 39  20 39  20 39  19 39  16 40  19 40  33 40  23 40  18 41  err
cagl_d1970  19 41  19 41  22 41  22 41  18 41  28 41  26 41  21 41  24 41  23 41  err
cagl_d1980  30 41  29 41  24 41  19 41  21 41  20 41  18 41  24 41  22 41  25 41  err
cagl_d1990  20 41  23 41  26 41  26 40  21 40  22 40  19 40  22 39  21 38  26 38  err
cagl_d2000  21 38  19 38  19 37  25 35  29 35  25 33  32 32  28 30  23 27  26 22  err
cagl_d2010  24  9  92  7  16  6 121  6  28  4  14  3   0  19990  09990  09990  0  err
caovl_drop.rwl -- no data title --                        1st itrdb line missing     
caovl_drop.rwl -- no data title --                        2nd itrdb line missing     
caovl_drop.rwl -- no data title --                        3rd itrdb line missing     
caovl_18849990  09990  09990  09990  0   0  1   0  1   0  1   0  1   0  1   0  1  err
caovl_1890  24  2 132  2  67  4  81  5  57  5  72  6  42  7  55  7  35  7  31  8  err
caovl_1900  44  9  40  9  42  9  42  9  52  9  33  9  25  9  45 10  27 10  49 10  err
caovl_1910  34 10  44 10  60 10  55 10  36 10  84 11  61 11  32 13  23 14  25 14  err
caovl_1920  67 15  35 16  45 16  44 17  31 17  38 18  39 19  31 19  20 20  22 20  err
caovl_1930  35 21  31 22  28 22  25 22  26 22  24 22  29 22  27 22  23 22  25 22  err
caovl_1940  31 23  21 23  20 23  27 24  21 24  25 24  32 24  42 24  26 24  29 24  err
caovl_1950  31 24  26 25  17 25  31 25  34 25  42 25  31 25  34 25  25 25  24 25  err
caovl_1960  33 25  28 25  33 25  26 25  22 25  20 25  16 25  31 25  20 25  29 25  err
caovl_1970  31 25  20 25  21 25  26 25  28 25  33 25  27 25  23 25  26 25  28 25  err
caovl_1980  59 25  31 25  28 25  28 25  22 25  32 25  29 25  28 25  20 25  24 25  err
caovl_1990  34 25  26 25  23 25  18 25  23 25  18 25  16 24  19 24  36 24  26 24  err
caovl_2000  22 24  42 24  39 24  30 24  31 24  32 23  22 23  21 21  36 20  19 15  err
caovl_2010 155  2   0  1   0  1   0  1   0  1   0  19990  09990  09990  09990  0  err
cato_drop.rwl -- no data title --                         1st itrdb line missing     
cato_drop.rwl -- no data title --                         2nd itrdb line missing     
cato_drop.rwl -- no data title --                         3rd itrdb line missing     
cato_d18689990  09990  09990  09990  09990  09990  09990  09990  0   0  1   0  1  err
cato_d1870   0  1   0  1   0  1   0  1   0  1   0  1   0  1   0  1   0  1   0  1  err
cato_d1880   0  1   0  1   0  1   0  1   0  1   0  1   0  1   0  1   0  1  68  2  err
cato_d1890 281  2 475  2 361  2 229  2  96  2 162  2 122  2  91  2  48  2  64  2  err
cato_d1900 215  2 319  2  46  2  11  2  78  2  64  2  26  3  15  3  74  3 113  3  err
cato_d1910  18  3 130  3  31  3 145  3 147  3  49  3  45  3 185  3   3  3  81  5  err
cato_d1920 121  8  61  8  54  9  71  9  92  9  67  9  60 10 110 10  63 10  50 11  err
cato_d1930  21 12  37 12  52 12  56 12  43 12  57 13  39 13  55 13  53 13  67 13  err
cato_d1940  73 14  40 14  24 14  25 15  53 15  43 15  62 16  67 16  46 17  59 17  err
cato_d1950  64 18  63 18  50 18  58 18  57 18  61 18  54 18  18 18  36 18  39 18  err
cato_d1960  32 18  34 18  36 18  44 18  33 18  28 18  35 18  36 18  52 18  38 18  err
cato_d1970  52 18  55 18  40 18  36 18  51 18  43 18  32 18  63 18  64 18  37 18  err
cato_d1980  48 18  56 18  56 18  34 18  67 18  42 18  44 18  40 18  48 18  26 18  err
cato_d1990  44 18  26 18  32 18  26 18  27 18  42 18  16 18  34 17  36 17  32 17  err
cato_d2000  37 17  51 16  47 16  49 16  46 15  31 14  41 14  48 14  51 13  32 11  err
cato_d2010  45  9  56  8  21  8  50  7  29  6  90  5  43  4   0  19990  09990  0  err
fagr_drop.rwl -- no data title --                         1st itrdb line missing     
fagr_drop.rwl -- no data title --                         2nd itrdb line missing     
fagr_drop.rwl -- no data title --                         3rd itrdb line missing     
fagr_d18879990  09990  09990  09990  09990  09990  09990  0   0  1   0  1   0  1  err
fagr_d1890   0  1   0  1   0  1   0  1   0  1   0  1   0  1   0  1   0  1   0  1  err
fagr_d1900   0  1   0  1 236  2  90  2  34  2 271  2 442  2 143  2  60  2 274  2  err
fagr_d1910 227  2  23  2  63  2 365  2 182  2 187  2 129  2 149  2  43  2 203  2  err
fagr_d1920  57  3  68  4  86  4  89  4 136  4  44  4  10  4  31  4 156  5  11  5  err
fagr_d1930  88  6  29  6  41  7  66  8 120  8  55  8  60  9  51  9  40  9  69  9  err
fagr_d1940  46 11  59 11  63 12  56 12  57 14  73 14  56 15  71 15  40 17  49 17  err
fagr_d1950  52 20  48 23  39 25  47 27  41 34  39 37  40 38  33 38  32 41  28 44  err
fagr_d1960  31 47  23 49  20 52  22 55  27 59  24 59  22 60  29 62  26 64  26 67  err
fagr_d1970  25 68  25 71  18 71  22 72  20 74  20 76  25 76  30 78  26 78  24 80  err
fagr_d1980  33 80  19 80  19 80  19 81  28 81  18 81  18 81  18 81  17 81  19 81  err
fagr_d1990  20 81  17 81  20 81  22 81  20 81  20 81  19 81  23 81  20 81  20 81  err
fagr_d2000  24 81  19 80  24 79  19 78  21 78  22 77  21 75  23 73  25 68  27 63  err
fagr_d20109990  09990  09990  09990  09990  09990  09990  09990  09990  09990  0  err
fram_drop.rwl -- no data title --                         1st itrdb line missing     
fram_drop.rwl -- no data title --                         2nd itrdb line missing     
fram_drop.rwl -- no data title --                         3rd itrdb line missing     
fram_d18699990  09990  09990  09990  09990  09990  09990  09990  09990  0   0  1  err
fram_d1870  70  3 154  3 121  3  88  3   3  3 122  3  84  3 188  3  16  3  84  4  err
fram_d1880  56  4  55  4  68  5  11  5  21  5  77  7  40  7  25  7  24  7  54  7  err
fram_d1890  65  7  57  7  38  8  56  9  39  9  33 10  40 12  47 12  41 12  37 13  err
fram_d1900  41 13  39 13  50 13  20 14  47 14  38 14  33 14  30 14  24 14  30 14  err
fram_d1910  35 15  47 15  44 15  26 15  28 16  69 17  45 18  39 18  26 19  30 19  err
fram_d1920  29 20  32 20  40 22  28 22  26 22  21 23  25 24  26 24  29 25  28 27  err
fram_d1930  31 27  32 28  21 28  24 30  26 34  22 36  25 38  29 42  24 43  30 43  err
fram_d1940  20 45  24 45  21 48  23 49  19 51  28 52  23 53  25 53  22 55  20 57  err
fram_d1950  25 57  21 58  22 58  19 60  19 63  21 63  24 65  20 66  17 68  16 68  err
fram_d1960  19 69  18 70  20 70  20 70  21 70  18 70  18 70  17 70  17 70  17 70  err
fram_d1970  14 70  16 70  18 70  19 70  16 72  18 72  17 72  21 72  16 72  21 72  err
fram_d1980  20 72  18 72  21 72  20 73  17 73  18 73  20 73  15 73  17 73  17 73  err
fram_d1990  15 74  17 74  16 74  18 74  15 74  14 74  18 74  15 74  15 74  13 74  err
fram_d2000  18 73  20 72  19 71  16 71  21 70  17 68  15 68  21 67  19 61  18 61  err
fram_d2010  28 41  18 40  19 36  23 31  27 24  32 21  41 15  81  59990  09990  0  err
frni_drop.rwl -- no data title --                         1st itrdb line missing     
frni_drop.rwl -- no data title --                         2nd itrdb line missing     
frni_drop.rwl -- no data title --                         3rd itrdb line missing     
frni_d18719990  0   0  1   0  1   0  1   0  1   0  1   0  1   0  1   0  1   0  1  err
frni_d1880   0  1   0  1   0  1   0  1   0  1   0  1   0  1   0  1   0  1   0  1  err
frni_d1890   0  1   0  1   0  1   0  1   0  1   0  1   0  1   0  1   0  1   0  1  err
frni_d1900   0  1   0  1   0  1   0  1  34  2  29  3 149  3  63  3   6  3 154  3  err
frni_d1910 114  3 180  3  54  4  93  4  92  4  65  4  70  6  77  7  13  7  50  7  err
frni_d1920  54  7  87  7  65  7  42  7  77  7  52  7  50  7  35  7  19  7  49  7  err
frni_d1930  26  7  25  7  28  7  52  7  33  7  49  7  61  7  36  7  47  7  54  7  err
frni_d1940  46  8  29  8  23  9  54 10  47 10  40 10  32 10  59 10  46 10  34 10  err
frni_d1950  55 10  47 10  64 10  30 10  56 10  22 11  35 11  30 11  30 11  20 11  err
frni_d1960  39 11  40 12  48 12  57 13  55 14  35 14  38 14  37 14  50 15  57 15  err
frni_d1970  33 15  30 15  61 15  64 16  32 16  42 16  49 16  26 17  57 17  34 17  err
frni_d1980  64 17  42 17  19 17  28 17  27 17  23 17  30 17  45 17  39 17  22 17  err
frni_d1990  51 17  44 17  31 17  39 17  35 17  34 17  34 17  37 17  40 17  29 17  err
frni_d2000  26 17  26 17  30 17  30 17  51 17  46 16  22 14  29 14  33 14  27 14  err
frni_d2010  37 13  25 13  36 12  31 12  38 12  55  9  51  49990  09990  09990  0  err
juni_drop.rwl -- no data title --                         1st itrdb line missing     
juni_drop.rwl -- no data title --                         2nd itrdb line missing     
juni_drop.rwl -- no data title --                         3rd itrdb line missing     
juni_d1880   0  1   0  1   0  1   0  1   0  1   0  1   0  1   0  1   0  1   0  1  err
juni_d1890   0  1 153  2 313  2 127  2 168  2  75  2 110  2 100  2  38  3   8  3  err
juni_d1900  89  3  43  3   0  3 113  3  30  4  97  4 123  4  55  5  90  5  49  5  err
juni_d1910  67  6 154  6  31  6  21  7  50  9  90 11  86 12  51 12  76 13  47 13  err
juni_d1920  41 13  62 13  41 13  77 14  44 15  62 16  40 16  56 16  45 17  79 18  err
juni_d1930  46 19  57 19  62 19  93 20  55 21  55 22  53 22  39 22  55 22  60 22  err
juni_d1940  66 22  59 22  35 22  53 23  57 23  60 24  53 25  48 25  45 25  53 25  err
juni_d1950  51 26  43 26  55 26  44 26  47 26  38 27  48 27  32 27  52 28  40 28  err
juni_d1960  39 28  41 28  37 29  28 29  41 29  46 29  37 30  54 30  30 30  41 30  err
juni_d1970  38 30  40 30  41 30  30 30  31 30  50 30  52 30  40 30  57 30  29 30  err
juni_d1980  55 30  44 31  29 31  27 31  27 31  40 31  41 31  34 31  37 31  38 31  err
juni_d1990  34 31  39 31  42 31  47 31  47 31  38 31  31 31  39 31  32 31  37 31  err
juni_d2000  35 31  41 29  33 29  37 27  46 26  41 26  28 26  35 26  34 26  42 25  err
juni_d2010 128  29990  09990  09990  09990  09990  09990  09990  09990  09990  0  err
litu_drop.rwl -- no data title --                         1st itrdb line missing     
litu_drop.rwl -- no data title --                         2nd itrdb line missing     
litu_drop.rwl -- no data title --                         3rd itrdb line missing     
litu_d1870   0  1   0  1   0  1   0  1   0  1   0  1   0  1   0  1   0  1   0  1  err
litu_d1880 114  2  60  2  68  2  39  2 138  2  32  2  16  2  82  2   8  2 185  2  err
litu_d1890  23  2  55  2  37  2  53  2  58  2  45  2  58  2  99  2 159  2 131  2  err
litu_d1900 168  2  34  2 132  2  74  2  56  2  64  2 228  3   4  3  50  4  48  4  err
litu_d1910   9  4  86  4  68  4  64  5  48  6  81  8  68  8  43  9  83 11  78 14  err
litu_d1920  77 16  23 18  18 23  28 27  32 31  27 34  26 36  30 37  25 39  32 42  err
litu_d1930  30 45  34 47  24 48  27 52  21 52  19 54  24 56  26 58  19 60  19 62  err
litu_d1940  25 65  20 65  21 66  18 68  22 69  25 70  22 71  20 72  20 73  24 75  err
litu_d1950  23 83  21 83  19 85  20 90  23 95  22 98  21 99  17100  16100  16101  err
litu_d1960  20103  17103  17104  16104  15105  16106  14106  16106  18106  18106  err
litu_d1970  18107  17108  17108  17108  17108  18108  17108  17108  20108  17108  err
litu_d1980  34109  22110  21110  17110  16110  14110  16110  15110  16110  15110  err
litu_d1990  19111  15111  17111  16111  17111  17111  15111  19110  18110  14110  err
litu_d2000  15110  16109  16108  16108  15108  15108  14106  16106  15104  14101  err
litu_d2010  27 30  26 24  37 23  40 21  42 15  51 11  43  7  95  39990  09990  0  err
pist_drop.rwl -- no data title --                         1st itrdb line missing     
pist_drop.rwl -- no data title --                         2nd itrdb line missing     
pist_drop.rwl -- no data title --                         3rd itrdb line missing     
pist_d19319990  0   0  1   0  1   0  1   0  1   6  3  18  5  37  7  45  9  59 10  err
pist_d1940  59 14  50 14  27 14  45 15  90 16  58 19  40 22  45 23  38 24  33 24  err
pist_d1950  24 27  33 28  24 29  29 30  66 31  47 32  31 32  34 32  30 33  37 33  err
pist_d1960  31 33  34 33  26 34  22 35  18 35  18 35  78 35  39 35  30 35  24 36  err
pist_d1970  33 36  22 36  21 36  24 36  21 36  22 36  25 36  20 36  21 36  26 36  err
pist_d1980  28 37  29 37  23 37  21 37  24 37  24 37  16 37  20 37  21 37  20 37  err
pist_d1990  20 37  25 37  29 37  24 37  29 37  26 37  29 37  20 37  19 37  25 37  err
pist_d2000  26 37  19 37  16 37  22 37  23 36  20 35  16 33  16 32  20 31  18 31  err
pist_d2010 186  3  71  2  36  2   0  1   0  1   0  1   0  19990  09990  09990  0  err
