quve_drop.rwl -- no data title --                         1st itrdb line missing     
quve_drop.rwl -- no data title --                         2nd itrdb line missing     
quve_drop.rwl -- no data title --                         3rd itrdb line missing     
quve_d18249990  09990  09990  09990  0   0  1   0  1   0  1   0  1   0  1   0  1  err
quve_d1830   0  1   0  1   0  1   0  1   0  1   0  1   0  1   0  1   0  1   0  1  err
quve_d1840   0  1   0  1   0  1   0  1   0  1   0  1   0  1   0  1   0  1   0  1  err
quve_d1850   0  1   0  1   0  1   0  1   0  1   0  1   0  1   0  1   0  1   0  1  err
quve_d1860   0  1   0  1   0  1   0  1   0  1   0  1   0  1   0  1   0  1   0  1  err
quve_d1870   0  1   0  1   0  1   0  1   0  1   0  1   0  1   0  1   0  1   0  1  err
quve_d1880   0  1   0  1   0  1   0  1   0  1   0  1   0  1   0  1   0  11148  3  err
quve_d1890 113  31051  3 994  3 715  4 480  4 223  5 208  6 279  6 598  6 682  6  err
quve_d1900 672  6 545  6 915  7 419  8  87  9 732 10 750 10 659 10 714 10 608 12  err
quve_d1910 612 12 658 13 620 15 517 17 568 18 639 19 460 21 507 24 385 27 373 29  err
quve_d1920 337 30 297 31 327 33 313 38 337 40 267 44 324 45 300 47 315 47 303 47  err
quve_d1930 198 51 248 53 215 54 239 55 203 57 208 58 213 59 210 62 241 62 221 66  err
quve_d1940 206 66 213 66 209 67 186 69 183 70 185 71 156 73 168 73 161 74 181 75  err
quve_d1950 178 78 185 78 162 78 154 78 143 78 150 78 165 78 160 78 171 80 147 80  err
quve_d1960 127 81 138 81 128 81 131 81 124 81 120 81 101 81 116 81 147 82 146 83  err
quve_d1970 140 83 115 83  99 83 106 83 114 83 132 83 125 83 115 83 145 83 130 83  err
quve_d1980  92 83  94 83  97 83  96 83 112 83  96 83 117 83 111 83 102 83  98 83  err
quve_d1990 116 83 102 83 113 83 119 83 128 83 122 83 115 83  91 83 120 83 116 83  err
quve_d2000 114 83 145 83 135 83 144 83 125 83 128 82 129 82 103 81 103 81 116 79  err
quve_d2010 297 11 321 11 207 11 146 11 195  9 132  8 154  4  70  29990  09990  0  err
quve_drop.rwl -- no data title --                         1st itrdb line missing     
quve_drop.rwl -- no data title --                         2nd itrdb line missing     
quve_drop.rwl -- no data title --                         3rd itrdb line missing     
quve_d18249990  09990  09990  09990  0   0  1   0  1   0  1   0  1   0  1   0  1  err
quve_d1830   0  1   0  1   0  1   0  1   0  1   0  1   0  1   0  1   0  1   0  1  err
quve_d1840   0  1   0  1   0  1   0  1   0  1   0  1   0  1   0  1   0  1   0  1  err
quve_d1850   0  1   0  1   0  1   0  1   0  1   0  1   0  1   0  1   0  1   0  1  err
quve_d1860   0  1   0  1   0  1   0  1   0  1   0  1   0  1   0  1   0  1   0  1  err
quve_d1870   0  1   0  1   0  1   0  1   0  1   0  1   0  1   0  1   0  1   0  1  err
quve_d1880   0  1   0  1   0  1   0  1   0  1   0  1   0  1   0  1   0  1  46  3  err
quve_d1890  90  3 119  3  25  3  45  4 124  4 129  5  36  6  96  6 168  6 120  6  err
quve_d1900  80  6  73  6 129  7 153  8 104  9  83 10  65 10  51 10  76 10  63 12  err
quve_d1910  75 12  94 13  57 15  37 17  44 18  65 19  41 21  54 24  44 27  45 29  err
quve_d1920  37 30  52 31  45 33  34 38  31 40  24 44  30 45  27 47  49 47  38 47  err
quve_d1930  23 51  28 53  19 54  31 55  20 57  19 58  24 59  28 62  26 62  26 66  err
quve_d1940  25 66  21 66  26 67  21 69  21 70  21 71  20 73  22 73  20 74  24 75  err
quve_d1950  24 78  24 78  20 78  20 78  18 78  21 78  22 78  19 78  22 80  19 80  err
quve_d1960  19 81  18 81  17 81  14 81  15 81  14 81  16 81  19 81  17 82  20 83  err
quve_d1970  16 83  16 83  18 83  21 83  21 83  22 83  22 83  20 83  27 83  24 83  err
quve_d1980  22 83  27 83  26 83  22 83  22 83  24 83  23 83  18 83  17 83  17 83  err
quve_d1990  19 83  15 83  15 83  19 83  20 83  15 83  16 83  18 83  17 83  16 83  err
quve_d2000  16 83  19 83  18 83  20 83  18 83  16 82  18 82  16 81  18 81  24 79  err
quve_d2010  37 11  59 11  53 11  64 11  80  9  88  8  25  4  85  29990  09990  0  err
quve_drop.rwl -- no data title --                         1st itrdb line missing     
quve_drop.rwl -- no data title --                         2nd itrdb line missing     
quve_drop.rwl -- no data title --                         3rd itrdb line missing     
quve_d18249990  09990  09990  09990  0   0  1   0  1   0  1   0  1   0  1   0  1  err
quve_d1830   0  1   0  1   0  1   0  1   0  1   0  1   0  1   0  1   0  1   0  1  err
quve_d1840   0  1   0  1   0  1   0  1   0  1   0  1   0  1   0  1   0  1   0  1  err
quve_d1850   0  1   0  1   0  1   0  1   0  1   0  1   0  1   0  1   0  1   0  1  err
quve_d1860   0  1   0  1   0  1   0  1   0  1   0  1   0  1   0  1   0  1   0  1  err
quve_d1870   0  1   0  1   0  1   0  1   0  1   0  1   0  1   0  1   0  1   0  1  err
quve_d1880   0  1   0  1   0  1   0  1   0  1   0  1   0  1   0  1   0  1  12  3  err
quve_d1890 134  3  53  3  19  3  56  4  93  4 170  5  70  6  50  6 108  6  35  6  err
quve_d1900  36  6  63  6 106  7 146  8  67  9  37 10  58 10  51 10  40 10  46 12  err
quve_d1910  49 12  79 13  26 15  26 17  39 18  50 19  46 21  38 24  40 27  33 29  err
quve_d1920  28 30  45 31  30 33  27 38  24 40  22 44  28 45  20 47  39 47  27 47  err
quve_d1930  24 51  27 53  18 54  23 55  17 57  14 58  19 59  22 62  21 62  18 66  err
quve_d1940  21 66  17 66  18 67  14 69  15 70  17 71  20 73  20 73  16 74  19 75  err
quve_d1950  16 78  16 78  14 78  14 78  15 78  17 78  16 78  15 78  16 80  15 80  err
quve_d1960  16 81  14 81  13 81  11 81  12 81  12 81  12 81  16 81  16 82  15 83  err
quve_d1970  15 83  12 83  15 83  15 83  14 83  16 83  13 83  16 83  22 83  16 83  err
quve_d1980  21 83  21 83  18 83  15 83  15 83  18 83  15 83  12 83  14 83  13 83  err
quve_d1990  15 83  12 83  13 83  15 83  15 83  16 83  13 83  18 83  15 83  14 83  err
quve_d2000  15 83  19 83  15 83  18 83  16 83  12 82  13 82  14 81  15 81  18 79  err
quve_d2010  38 11  57 11  43 11  48 11  51  9  75  8  32  4 101  29990  09990  0  err
quve_drop.rwl -- no data title --                         1st itrdb line missing     
quve_drop.rwl -- no data title --                         2nd itrdb line missing     
quve_drop.rwl -- no data title --                         3rd itrdb line missing     
quve_d18249990  09990  09990  09990  0   0  1   0  1   0  1   0  1   0  1   0  1  err
quve_d1830   0  1   0  1   0  1   0  1   0  1   0  1   0  1   0  1   0  1   0  1  err
quve_d1840   0  1   0  1   0  1   0  1   0  1   0  1   0  1   0  1   0  1   0  1  err
quve_d1850   0  1   0  1   0  1   0  1   0  1   0  1   0  1   0  1   0  1   0  1  err
quve_d1860   0  1   0  1   0  1   0  1   0  1   0  1   0  1   0  1   0  1   0  1  err
quve_d1870   0  1   0  1   0  1   0  1   0  1   0  1   0  1   0  1   0  1   0  1  err
quve_d1880   0  1   0  1   0  1   0  1   0  1   0  1   0  1   0  1   0  1  11  3  err
quve_d1890 127  3  50  3  18  3  53  4  88  4 161  5  67  6  48  6 102  6  33  6  err
quve_d1900  34  6  60  6 100  7 139  8  63  9  35 10  55 10  49 10  38 10  43 12  err
quve_d1910  47 12  75 13  25 15  25 17  37 18  47 19  44 21  36 24  38 27  31 29  err
quve_d1920  27 30  42 31  28 33  25 38  23 40  21 44  27 45  19 47  37 47  25 47  err
quve_d1930  22 51  26 53  17 54  22 55  16 57  13 58  18 59  21 62  20 62  17 66  err
quve_d1940  20 66  16 66  17 67  13 69  14 70  16 71  19 73  19 73  16 74  18 75  err
quve_d1950  15 78  15 78  13 78  13 78  14 78  16 78  15 78  14 78  15 80  14 80  err
quve_d1960  15 81  13 81  12 81  10 81  12 81  12 81  12 81  16 81  15 82  14 83  err
quve_d1970  14 83  12 83  14 83  14 83  14 83  15 83  12 83  15 83  21 83  15 83  err
quve_d1980  20 83  20 83  17 83  14 83  14 83  17 83  14 83  12 83  14 83  13 83  err
quve_d1990  14 83  11 83  13 83  15 83  14 83  15 83  13 83  18 83  15 83  13 83  err
quve_d2000  14 83  18 83  14 83  17 83  15 83  11 82  13 82  14 81  14 81  17 79  err
quve_d2010  36 11  54 11  41 11  45 11  48  9  71  8  31  4  95  29990  09990  0  err
