 % variance  0.136
 cumulative  0.136
 series_id   #  1
  22371      0.383
  32368      0.460
  32493      0.432
  32498      0.475
  40533      0.472
  42207      0.292
  42248      0.480
  42283      0.399
  42304      0.412
  50404      0.216
  52276      0.360
  52403      0.267
  62007      0.262
  80046      0.438
  80056      0.341
  80148      0.338
  80156      0.392
  80159      0.200
  80576      0.442
  82120      0.368
  82434      0.293
  90084      0.344
  90104      0.305
  90577      0.368
  90634      0.195
  90650      0.300
  91493      0.192
  91499      0.271
  100551     0.413
  101123     0.421
  101215     0.356
  102238     0.328
  110819     0.488
  110920     0.512
  111163     0.286
  112206     0.329
  121379     0.448
  130911     0.410
  130991     0.438
  131009     0.501
  132232     0.149
  132250     0.366
  132396     0.241
  132542     0.275
  140733     0.387
  140736     0.372
  140756     0.389
  140761     0.411
  140931     0.434
  140934     0.408
  142015     0.367
  142575     0.200
  150951     0.527
  150957     0.526
  152490     0.388
  152645     0.366
  152656     0.368
  160935     0.384
  162566     0.367
  171167     0.406
  180929     0.415
  182130     0.226
  190830     0.314
  192239     0.261
  70228A     0.481
  32177A     0.462
  182024A    0.289
  82418A     0.335
  142568A    0.223
  190807A    0.264
  112440A    0.388
  152651A    0.370
  160921A    0.454
  180778A    0.236
  121026     0.540
  90631      0.201
  82059r     0.215
  10517      0.115
