  year  #   1       2       3       4       5       6       7       8       9      10      11      12      13      14      15      16      17      18      19      20      21      22      23      24      25      26      27      28      29      30      31      32      33      34      35      36      37      38      39      40      41      42      43      44      45      46      47      48      49      50      51
  1950   2.255  -2.435   2.919   0.926  -2.403   2.168   2.403   0.441   1.469  -0.525   1.394   1.256   0.091  -0.209  -1.775  -0.129   0.138  -0.349  -0.278   0.406   0.048  -0.921  -0.859   1.817   0.127  -0.390  -0.750   0.453  -0.641   0.142   0.242  -0.405   0.147   0.351   0.442  -0.684   0.472   0.531   0.204   0.770  -0.673   1.035   0.384   0.338  -0.057  -0.115   0.402   0.280   0.096   0.061   0.000
  1951   6.576  -1.250   1.218  -2.638  -2.282   1.152   2.765   0.714  -1.578   1.848   0.556   2.539   1.559  -0.183  -1.648  -0.497   0.840   1.799  -0.423   0.186  -0.359  -0.066   0.435  -0.587  -0.995   0.358  -0.238   0.345   0.974  -1.463   0.397   0.698   0.138  -0.046  -1.250   0.632   0.431  -0.597  -0.126  -0.159   0.189  -0.096  -0.412   0.251   0.142  -0.006  -0.330   0.140  -0.025  -0.073   0.000
  1952  -6.964  -1.724   1.667  -0.509  -0.852  -0.917   1.060  -0.436  -1.277  -0.259   0.570  -0.620  -1.518   2.634   0.098  -0.292  -0.837   1.512   0.190   0.178  -0.233   0.251   0.054  -0.252  -0.135   0.409   0.478   0.210  -0.615   0.587   0.635   0.106   0.931   0.695   1.420   1.237  -0.142  -0.599  -0.574  -0.888  -0.316   0.649  -0.150  -0.412  -0.201  -0.448  -0.157   0.117   0.177  -0.045   0.000
  1953  -1.219  -1.037   0.737  -1.091  -2.423   0.332  -0.271  -0.263  -1.535   0.484   0.763  -0.042  -1.918   0.856   1.580  -0.267  -0.349   0.025  -0.626  -1.342   2.698  -1.153   1.000   1.295  -1.067   1.651   0.796  -0.485  -0.452  -0.703   0.415  -0.770  -0.318  -0.795   0.245  -0.551   0.169   0.260   0.493  -0.289   0.408  -0.329   0.069  -0.041   0.646  -0.093   0.186  -0.085  -0.041  -0.054   0.000
  1954  -6.120   0.743  -1.968   0.644  -1.729   1.034  -2.167  -1.194  -0.478   3.114   0.713   0.401  -1.303   1.099  -0.836   0.676  -2.182   0.320  -0.084  -0.841  -0.785  -0.498   0.160  -0.816   1.357  -0.337  -0.503  -0.144   1.117   0.560   0.699   0.743   0.929  -0.629  -0.046  -0.472   0.392   0.782  -0.310   0.100   0.396   0.227   0.130   0.648  -0.167   0.018   0.063  -0.398  -0.014  -0.274   0.000
  1955  -2.590   1.083  -1.948   2.802  -1.731   1.890  -2.136  -2.185  -1.084  -0.148   2.338  -0.532  -0.295  -0.168   0.312   0.555   1.844   1.134   1.320   0.485  -1.112   1.691   0.685   1.216   0.049  -0.477   1.108  -0.078   0.696   0.586   0.630  -0.468  -1.364  -0.111   0.106  -0.018   0.920  -0.326   0.290  -0.006   0.084   0.136  -0.558  -0.023  -0.154   0.090  -0.021   0.265  -0.175   0.157   0.000
  1956   5.780   1.503  -4.089   1.441  -1.661   1.773  -2.576  -3.382   1.463  -0.827  -0.183  -0.451   1.080  -1.137   0.294  -0.586   1.263   0.108  -1.654   0.011  -0.210   0.208  -0.284   0.039  -0.698   1.079  -0.875   0.642   0.390  -1.198  -0.319   0.549   1.019   0.041   0.872  -0.424  -0.422  -0.723  -0.091  -0.248  -0.681  -0.068   0.410  -0.093   0.126  -0.356  -0.011  -0.152  -0.053  -0.046   0.000
  1957   5.372   2.622  -0.675  -0.316   3.756   3.603   0.510   3.880  -3.398   1.868  -1.002  -1.689  -0.144  -1.390   1.447   1.779  -0.468  -0.780  -0.068  -0.476  -0.056  -0.107  -0.424   0.920  -0.901   0.244  -0.707  -0.539   0.683   0.645   0.250   0.021   0.388   0.262   0.028  -0.125   0.624  -0.470   0.078  -0.304  -0.471   0.297   0.187  -0.036  -0.104  -0.168  -0.064  -0.027   0.036   0.076   0.000
  1958  11.602   2.342  -1.100   0.948   1.004  -0.039   1.825  -1.936  -0.720   0.937  -1.107  -1.404  -1.840  -0.556  -0.910  -0.216   2.399   0.909  -1.390   1.343   0.345  -0.979   0.403  -0.845  -0.065  -0.136   0.334  -1.042  -1.092   0.693  -0.320  -0.758   1.056   0.330   0.070   0.056  -0.270   0.714   0.406  -0.071   0.435  -0.008  -0.655   0.456  -0.349   0.117   0.052   0.101  -0.025  -0.088   0.000
  1959  -7.282   0.113  -0.118  -0.903   2.118   1.358   0.351  -0.220   1.035  -0.164  -1.625  -1.739   2.761   1.722   0.667  -0.310   1.921   1.519   0.959  -0.138   1.460   0.594  -0.573  -1.385  -0.106  -0.379   0.270   0.330  -0.239   0.605   0.777   0.070  -0.667  -0.480  -0.216   0.142  -0.095   0.512   0.121   0.005  -0.671   0.248   0.222   0.787   0.607  -0.233   0.015  -0.099   0.150  -0.168   0.000
  1960   3.100   2.201   1.964   1.826  -0.562  -1.808  -1.040  -0.877   1.313  -0.802  -1.949  -1.346   0.714  -0.107   0.013   0.627  -0.309  -0.768  -0.653  -0.006  -0.311  -1.876  -0.676   0.581  -1.344   0.843   0.256   1.262   0.816   0.764   1.413   0.257  -0.310  -0.442  -0.387   1.184   0.206  -0.390  -0.376   0.157   0.324  -0.087  -0.057   0.038  -0.230   0.498   0.586   0.159   0.161  -0.123   0.000
  1961   1.983   0.503  -3.663  -1.828   0.505   0.915  -0.330   0.576   2.534   0.257  -1.475   1.758  -0.988   2.409   0.698   1.386   0.613  -0.699   0.238   0.768   1.138   0.178   1.130   0.892  -0.985  -0.626  -0.187  -0.278   0.346  -0.796   0.087  -0.365  -0.340   0.062  -0.099   0.810  -0.505   0.264  -0.650   0.836   0.239   0.778  -0.146  -0.253  -0.304   0.021  -0.159  -0.473  -0.144   0.201   0.000
  1962   0.621   1.371   1.710  -0.077   0.800  -0.327   0.785  -0.530   0.981   1.302  -0.990   0.966  -1.812  -0.209  -0.437   0.681  -0.861  -0.505   0.215   2.321   0.521   0.453   1.837  -1.922  -0.441   0.525   1.252  -0.218   0.943   0.285  -0.707   1.228  -0.661   0.043   0.493  -0.444   0.254  -0.281   0.592   0.396  -0.609   0.112   0.527  -0.333   0.140   0.021   0.281   0.314  -0.156  -0.178   0.000
  1963   2.275   0.495  -0.937   0.364  -0.693   0.213  -0.341   0.215   0.774   0.914  -1.244   1.850   1.246   1.792  -0.360   0.098  -0.854   0.358   0.149   0.339  -0.733   0.754   0.415  -0.090  -0.458   1.398  -0.890   0.127  -1.165   1.479   0.638   0.410   0.064   1.314   0.025  -0.636   0.319   0.500   0.236  -0.101  -0.152  -0.868  -0.378  -0.243   0.336   0.303   0.084  -0.210   0.227   0.493   0.000
  1964  -2.345  -0.334  -0.576   0.769   2.513  -1.223  -0.461  -0.160   0.873  -0.036   0.055  -0.064  -0.571   0.489  -0.786   0.115  -0.072   0.878  -0.459  -2.058  -0.750   0.182   0.145   1.157  -1.380  -1.636  -0.394  -0.524  -1.197   0.204  -0.335   1.291   0.818  -0.400   0.053   0.607   0.415   0.134   0.130   0.570   0.069  -0.321   0.081  -0.202   0.574   0.001  -0.029   0.441  -0.633  -0.057   0.000
  1965  -1.753   0.483   0.177  -1.027   1.802  -1.196   0.477  -0.123   0.701  -0.227   0.298  -0.481   0.783  -1.944  -0.653   0.255  -0.125   0.693   0.735  -0.493   0.152  -0.887  -0.417   1.604   0.791   0.677   1.302  -0.462  -0.218  -0.627   0.619   2.111  -0.349  -0.074  -0.039  -0.680  -0.830   0.477   0.375  -0.231  -0.315   0.427  -0.956  -0.346  -0.294  -0.098  -0.044  -0.332   0.064  -0.004   0.000
  1966  -7.179  -0.323   0.151   0.051   2.213  -0.272  -0.208   0.107   1.089  -0.619   0.893   0.613   1.988  -0.054  -0.284   0.895  -0.184   1.226  -1.631  -0.990   0.528  -0.907   1.919  -0.520   0.409   0.823  -0.476  -0.729  -0.581   0.414  -0.595  -0.649  -0.150  -1.234   0.242  -0.686   0.461  -0.593  -0.744   0.377  -0.328  -0.052  -0.157  -0.093  -0.613   0.315  -0.393   0.327   0.324   0.026   0.000
  1967   0.476   1.552  -1.577   0.861   0.616  -2.753  -0.936   1.244   0.209  -0.046  -1.563   0.100  -1.217  -1.489  -1.826  -1.894  -0.031  -0.340   2.196  -1.204   1.032  -0.557   2.279   0.835   0.973   0.101  -0.428   1.086   0.427  -0.373  -0.191  -0.364  -0.025   0.614   0.137   0.668   0.480  -0.015   0.194  -0.105  -0.481  -0.338   0.100   0.671  -0.175  -0.384  -0.164   0.080   0.105   0.147   0.000
  1968  13.794  -0.910  -1.859   0.815   0.992   0.120   2.538  -0.314  -0.457  -4.192   1.104  -0.240   0.864   1.683  -0.240   0.252  -1.939  -0.124   1.026  -0.400  -0.397   0.863   0.958   0.360   0.645   0.279   0.675  -0.474   0.923   0.646   0.517  -0.186   0.953  -0.521  -0.314  -0.151  -0.923  -0.590   0.654   0.319   0.258   0.028   0.297   0.327   0.183   0.118  -0.079   0.017   0.064   0.010   0.000
  1969   1.342  -0.451  -0.709  -0.723   1.351  -0.135   0.548   0.921   1.306   0.563   2.831  -0.486  -0.822  -1.246   0.547   0.856   0.535   2.590   1.110   2.161   0.838  -0.482   0.000   0.957   1.599   0.235  -1.793   0.441   0.048   0.515  -0.643   0.170  -0.091  -0.264  -0.126   0.608  -0.300  -0.245  -0.346  -0.321   0.418  -0.395   0.405  -0.290   0.379   0.192   0.451  -0.174   0.021  -0.058   0.000
  1970   8.247  -1.299   2.091   0.269   1.789   0.133  -0.953   1.976   0.267  -0.038  -0.222   1.501   0.745   0.642   1.640   1.543   0.842  -0.617  -1.218  -0.097  -1.823   0.214   0.831  -0.186   1.533  -0.788   0.792   0.528   0.189  -1.610   0.195  -0.072   0.013  -0.449   1.276   0.284   0.037   0.751  -0.153  -0.408   0.192  -0.464  -0.241   0.223   0.225  -0.248   0.415   0.199   0.241   0.080   0.000
  1971  -5.542  -1.210   1.210   0.553   0.764  -2.137  -0.126   0.613   2.439   0.234   0.263   0.822  -0.193  -1.086   0.807   0.893   0.695   0.637  -0.610  -0.203  -0.030   1.509  -0.371   0.538  -0.575  -0.306   1.084   0.600   0.638   0.255  -0.107  -1.061   1.513   0.492  -0.959  -0.232   0.774   0.027   0.753   0.258   0.046  -0.173   0.050  -0.474  -0.087  -0.297  -0.083  -0.419   0.412  -0.342   0.000
  1972  -4.018  -2.494   1.304   3.057   2.802   0.313   0.754  -0.583   0.117  -2.450   0.222   0.471  -0.132   0.241  -0.343  -0.430  -0.692  -0.648   1.558   1.360   0.367  -0.596  -0.575  -1.217  -1.142   0.139  -1.149   0.516   0.741  -0.897   0.192  -0.584   0.514  -0.834   0.023  -0.437   0.712   0.737   0.044  -0.921  -0.090  -0.036  -0.536  -0.255  -0.153   0.046  -0.087  -0.186  -0.509   0.110   0.000
  1973  -7.088  -3.270   0.421   1.384   1.207   1.139   1.573  -2.501  -1.068   0.411  -0.151  -1.557   0.098  -2.016   0.892   0.603  -1.387  -0.065  -0.574   0.000   0.626   1.377   1.573  -0.180  -0.497  -0.577  -0.383   0.880  -0.623  -0.893   1.073   0.099  -0.233   1.143  -0.761  -0.445  -0.833   0.347  -0.705   0.192   0.590  -0.208   0.323   0.061  -0.270  -0.184   0.178   0.311   0.034   0.054   0.000
  1974  -2.163  -3.963  -0.380   1.072   0.693   1.057  -0.442  -0.574   0.368  -1.525   0.170   0.842  -2.293  -1.617   0.304   0.154  -0.703  -1.722  -1.174   1.115   0.416   0.059  -1.314  -0.305   0.723   0.427   0.864  -0.462  -0.736   0.584  -0.347   0.541  -0.155  -0.180  -0.634   0.604   0.502  -0.750  -0.806   0.401  -0.180  -0.204  -0.586   0.701   0.530  -0.323  -0.225  -0.198   0.129   0.186   0.000
  1975   6.412  -3.207   0.930   0.037   0.886   1.535  -3.037   0.082   0.059  -0.470  -0.856   1.055   0.438   0.175  -0.131  -1.726  -0.691   0.963   1.136   0.897  -0.829  -1.198   0.254   0.861  -1.333  -1.379   1.253  -1.011  -0.880  -0.015  -0.545   0.030  -0.415   0.445  -0.225  -0.490   0.025  -0.257  -0.493  -0.872   0.122  -0.175   0.754   0.245  -0.265   0.252  -0.028  -0.276   0.190  -0.231   0.000
  1976   1.424  -3.552  -1.049   0.989  -0.339   1.062  -0.292  -1.336   0.524   1.098  -1.455   0.864   0.338   0.657   0.265  -0.007  -0.227  -1.023  -1.243  -0.270   0.059  -1.106  -0.131   0.897   1.333  -0.276  -0.374   0.181   1.184   1.263  -0.510  -0.482  -0.714   0.251  -0.852   0.337  -0.771   0.612   0.299  -0.840  -0.374   0.026  -0.109  -0.610   0.253  -0.131  -0.545   0.534  -0.071  -0.223   0.000
  1977 -10.547  -2.947   0.336  -2.971  -2.624  -0.052  -0.714  -1.039  -0.498   0.707  -0.284  -1.726   2.471   0.233   0.235   0.801  -0.946  -1.266   0.612   1.201   0.333  -0.108   0.201   0.633  -0.410  -0.926  -0.465  -1.351   0.485  -0.283  -1.252  -0.079   0.765  -0.073   0.176   0.655  -0.226  -0.265   0.846   0.055  -0.316  -0.533  -0.516   0.335  -0.283   0.026   0.444   0.079   0.070   0.143   0.000
  1978  11.147  -2.857   4.039  -2.357   0.979  -3.875  -3.297  -2.490  -2.322  -0.157  -0.852  -0.787   0.330  -0.150  -1.803   1.805   0.179   0.182  -0.346  -0.404   0.546   1.292  -0.402  -0.032   0.591   0.187  -0.989  -0.491   0.277  -0.153   0.007  -0.550  -0.489   0.447   0.123  -0.299   0.214  -0.117  -0.219   0.151  -0.103   0.583   0.068  -0.009   0.284   0.174  -0.094  -0.261  -0.183   0.015   0.000
  1979  -1.319  -2.579  -1.741  -1.611   3.009  -0.439   0.627  -2.646  -1.506   1.570   0.522   0.063   0.551   1.188   1.344  -2.060   1.202  -1.417   0.738  -0.049  -0.823  -0.216  -0.913   0.084   1.263   1.611   0.497  -0.071  -0.534  -0.745  -0.140   0.306   0.340  -0.093  -0.467   0.579   0.851   0.274   0.309   0.465   0.197   0.212   0.822  -0.295  -0.341   0.263   0.064   0.118   0.056   0.161   0.000
  1980  -9.591   5.078   3.372  -3.352  -0.248   3.095  -0.606  -0.025  -0.613  -2.977  -0.845  -1.991  -0.076  -0.051  -1.572  -0.808  -0.069  -0.096  -1.171   0.969  -1.866  -0.669   1.257   0.427   0.721   0.265   0.132   0.509  -0.007  -0.055  -0.335  -0.284  -0.029   0.085  -0.264   0.190   0.142   0.403   0.109   0.348   0.464  -0.077   0.227  -0.336   0.313  -0.165  -0.327  -0.316  -0.113   0.054   0.000
  1981  -1.313   6.117   1.832  -2.401  -0.963   0.365   1.280  -2.704   1.146  -2.692   0.100   2.077  -1.472  -0.670   2.697   0.755   0.103  -0.557   0.728  -1.371   0.460   0.212  -0.572  -0.408   0.444  -0.866  -1.187  -0.963  -0.116  -0.339   0.154   0.497  -0.175   0.703  -0.087   0.137   0.441  -0.004   0.214  -0.658  -0.063   0.010   0.073   0.238  -0.114   0.404  -0.160   0.169   0.210  -0.118   0.000
  1982   0.978   6.217   1.450   1.332   0.276   0.975  -0.884  -0.457  -1.473   0.931  -0.475   1.210   0.024   1.720  -0.974  -0.191  -0.630   0.014   1.173  -0.025   0.767   0.255  -1.260   0.095   1.247  -0.340   0.580  -0.157  -0.801  -0.832   0.028  -0.929   0.433  -0.227  -1.019  -0.302  -0.558  -0.529  -0.709   0.403  -0.727  -0.552  -0.282  -0.474  -0.075  -0.258   0.483   0.167  -0.143  -0.114   0.000
  1983   0.160   2.276   0.882  -2.092   0.454  -1.451   1.664  -0.347   0.993   0.431   2.029   0.802   0.369  -0.581  -0.928  -0.806   0.701  -1.228  -0.214  -0.908  -0.909   1.438  -0.350   0.319  -1.388   1.026   0.160  -0.989   0.858   1.352  -0.645  -0.291  -0.573  -0.459  -0.028   0.063  -0.517   0.709  -0.941  -0.579   0.087  -0.284   0.325   0.274  -0.286  -0.630   0.331  -0.061  -0.174   0.077   0.000
  1984  -1.582   2.262  -1.306  -1.789   1.430  -1.732  -1.673   0.712  -1.114  -0.395   1.047  -0.429  -1.716   1.911  -0.887  -0.812  -0.194   0.289  -1.189   1.163   0.943   0.319  -1.832   0.348  -0.953  -1.095  -0.175   1.263   0.844  -0.260  -0.416   0.580  -0.176  -0.369  -0.064  -0.927  -0.292   0.102   0.257  -0.025   0.405  -0.084   0.040   0.151  -0.102  -0.021  -0.247   0.491   0.559   0.320   0.000
  1985  -3.814   5.116   0.632   3.780   0.759  -0.795  -0.206  -0.418   0.042   2.441   0.913   1.517   2.679  -1.543  -0.526   0.016  -1.752  -0.736   0.112   0.729   0.339   0.363  -0.458   0.029  -0.362   0.137   0.305  -0.129  -0.903  -0.416  -0.492  -0.602  -0.127  -0.129   0.608   0.777  -0.454  -0.081   0.515  -0.251   0.802   0.768   0.161   0.179   0.475   0.120  -0.398  -0.036   0.115   0.067   0.000
  1986   7.251   1.522   0.962  -0.862  -1.858  -2.109  -1.297   1.474   0.717   0.730   4.212  -1.601   1.532   0.250   1.662  -0.051   0.548  -1.847  -0.003   0.805   0.656  -1.507   0.759  -1.072   0.082  -1.022   0.528   0.353  -0.493   0.463   0.982   0.230   0.481   0.562  -0.403  -0.229   0.085   0.078  -0.288   0.097  -0.400  -0.142   0.159  -0.085  -0.008  -0.096  -0.477  -0.028  -0.338   0.105   0.000
  1987  -0.302  -0.513   0.971  -1.162   1.441  -0.167   1.990  -0.355   0.170   1.833   0.426  -0.380  -0.680   1.361   0.902  -0.956   0.139  -1.607   0.270  -0.008  -1.220   0.549   0.041   0.892  -0.239   0.071  -0.796   1.804  -0.651   0.143  -0.409  -0.256  -0.751  -0.001   0.806  -0.662  -0.421  -0.897   0.177   0.337  -0.018  -0.350  -0.646   0.431  -0.090   0.301  -0.243  -0.297  -0.180  -0.523   0.000
  1988  -5.407  -0.035  -0.277   2.498  -3.270  -2.618  -0.045   3.386   0.056  -0.591  -2.100  -1.179  -0.418   0.637   0.478   0.374   1.536  -0.914   0.938   1.506  -1.099   1.092   0.126   0.729   0.272   1.137  -0.874  -1.390  -0.554  -0.705   0.233   0.484   0.318  -0.414  -0.529  -0.679  -0.123   0.079  -0.474  -0.173   0.276   0.227   0.215   0.128   0.120   0.031  -0.280   0.350   0.053  -0.240   0.000
  1989   1.514  -0.119   2.341   3.007  -1.198  -0.361   0.565   1.513  -0.463  -0.359  -1.307   0.518   0.671   0.795   1.015  -1.914   0.067   0.669  -2.438  -0.016   1.336   0.939  -0.229   0.025   1.194  -0.797  -0.715  -0.415  -0.108   0.459   0.258   0.772  -0.768  -0.396  -0.008   0.202   0.177  -0.560   0.782  -0.045   0.398  -0.149   0.299  -0.061  -0.712  -0.342   0.111  -0.428  -0.347   0.146   0.000
  1990   5.250   0.219  -0.983   1.787  -1.307   1.041   2.224   1.116   2.004   0.500   0.774  -3.734  -0.125   1.076  -1.577  -0.592  -0.824  -0.644  -0.830  -1.453   0.766   1.301  -0.131  -0.361   0.431  -0.368   0.664  -0.111   0.209  -1.026  -1.262   0.186  -0.414   0.416  -0.144   0.218   0.743   0.256  -0.542  -0.591  -0.181   0.069  -0.129  -0.300   0.149   0.638   0.125  -0.196   0.190   0.005   0.000
  1991  -6.950  -0.624  -0.871  -2.190  -0.572  -0.672   0.187   1.094   1.796   0.853  -1.213   0.149  -1.137  -0.536   0.095   1.033   0.245   0.576  -0.497  -0.869  -1.118  -0.238  -0.294  -0.616   0.575   0.012   0.975   0.993  -0.509  -0.007  -0.086  -0.741   0.340  -0.172  -0.697  -0.622  -0.530  -0.907   0.365  -1.010  -0.066   0.557   0.274   0.383  -0.002   0.373   0.263   0.060  -0.528   0.459   0.000
  1992   2.502  -0.033  -3.069  -0.525  -0.434  -0.983  -1.581   1.326  -1.384  -1.689   0.846   0.263   0.444  -0.100   1.080  -1.077  -0.651  -0.163  -0.015  -0.783  -0.970  -0.507   0.823  -1.670  -0.500  -0.041  -0.940   0.394  -0.868   0.266  -1.026  -0.003  -0.662   0.235  -0.857  -0.092   0.159  -0.044   0.312   0.093   0.279   1.017  -0.643  -0.290   0.147  -0.435   0.703   0.031   0.182  -0.209   0.000
  1993   2.438  -0.102  -2.875   0.087  -2.137  -2.320   3.874  -1.846  -0.851   0.605  -1.413  -0.827  -0.250  -0.716  -0.347   1.562  -0.461   0.298   0.767  -0.065  -1.454  -1.426  -0.753  -0.554  -0.229  -1.393  -0.092  -0.110  -0.536  -0.224   0.262  -0.445  -1.044  -0.901   0.330  -0.267   0.374  -0.167   0.028   0.186  -0.140  -0.423   0.441  -0.467   0.109  -0.476  -0.206  -0.320   0.265   0.149   0.000
  1994   2.362   0.017  -3.368  -2.666  -0.579  -0.211  -0.331   1.826   1.335  -1.176  -0.596  -0.337   1.092  -0.673   0.378   0.302  -2.283   1.570  -0.177   0.507   0.318   0.038  -2.069  -0.289   0.417   1.031   0.662  -0.138   0.025  -0.437   0.114  -0.690  -0.589   0.990   0.772   0.019   0.578   0.382  -0.024   0.448   0.413  -0.361  -0.040   0.196  -0.314  -0.171  -0.162   0.387  -0.488  -0.267   0.000
  1995   1.186  -1.814   3.650   2.817  -0.177   1.658  -1.689   0.982   1.406   0.617   1.301  -1.126  -1.840   0.685   0.212   0.940   0.469   1.015   1.278  -1.678  -1.048  -0.899  -0.934  -1.511  -0.676   1.090  -0.499  -0.545   0.267  -0.650  -0.653  -0.059  -0.579   0.464  -0.213   0.453  -1.016   0.029   0.663   0.736   0.026  -0.298   0.128   0.107  -0.261  -0.156  -0.289  -0.012   0.126   0.161   0.000
  1996   0.277  -1.091   1.514  -0.900   0.024   0.621   0.254   0.098   1.752   1.333  -1.502  -0.413   0.222  -1.411   0.843  -3.071   0.537  -0.031   1.189  -0.733   0.119  -0.377  -0.325  -0.656   0.421  -0.788  -0.114  -0.999   1.536   0.470   0.551  -0.367   0.553   0.152   0.868  -0.792  -0.101  -0.656  -0.582   0.565   0.833   0.215  -0.439  -0.453   0.456   0.018   0.080   0.172   0.080   0.194   0.000
  1997 -10.599  -1.240  -2.192   1.208   0.267   0.420   0.557   1.310  -2.241  -1.698   0.653   1.607   0.878   0.415  -2.599   1.699   2.641  -1.629   0.111  -0.957   1.097  -1.100  -0.490  -0.752   0.264  -0.242   0.454   0.019   0.371   0.315  -0.077   0.353  -0.058   1.181   0.669  -0.224  -0.213  -0.452  -0.044  -0.050   0.684  -0.334   0.275  -0.160   0.025   0.161   0.186  -0.140  -0.055  -0.175   0.000
  1998   6.955  -1.957   0.347  -2.475  -2.496   2.680  -1.620   1.000  -0.122  -0.188  -0.838   0.298  -0.304  -2.109  -1.035   0.326   0.315  -1.036   1.587  -0.597   1.029   1.691  -0.289  -0.886  -0.028  -0.103   0.129   1.302  -1.448   0.914   0.078   0.307   0.454  -1.480   0.369   0.426  -0.235   0.391   0.159  -0.051   0.280  -0.113   0.060  -0.467  -0.378   0.152  -0.198   0.133   0.112  -0.068   0.000
  1999  -5.816  -0.826  -2.168  -0.643   0.402  -0.776  -0.595   1.960  -1.207  -0.354   1.188   0.724  -1.378  -1.752  -0.698  -1.959  -0.207  -0.009  -1.549   0.317  -0.823   0.655  -0.141  -0.627  -0.302  -0.422  -0.388  -1.060   0.190  -0.447   1.723  -0.816  -0.396  -0.169   0.271   0.686  -0.770   0.325   0.337   0.255  -1.057  -0.175   0.110  -0.180   0.120   0.673   0.108  -0.141   0.098  -0.107   0.000
  2000  -1.778   0.360   0.669   1.788  -2.313  -1.281   1.041   0.376  -3.546  -0.974  -0.937   0.914   0.471  -0.968   2.666  -0.330   0.159   1.533   0.181  -0.331   0.022  -0.095  -0.221   0.190  -0.256  -0.048   0.827   1.124   0.792   0.549  -1.760   0.233   0.457   0.064   0.264  -0.005  -0.414   0.841  -0.746   0.675  -0.499   0.076   0.023   0.111   0.051   0.506  -0.109  -0.179  -0.153   0.127   0.000
