 % variance  0.169
 cumulative  0.169
 series_id   #  1
  22371      0.435
  32368      0.483
  32493      0.485
  32498      0.464
  40533      0.519
  42207      0.355
  42248      0.471
  42283      0.440
  42304      0.418
  50404      0.212
  52276      0.375
  52403      0.339
  62007      0.402
  80046      0.475
  80056      0.398
  80148      0.414
  80156      0.398
  80159      0.264
  80576      0.490
  82120      0.371
  82434      0.408
  90084      0.330
  90104      0.372
  90577      0.380
  90634      0.328
  90650      0.337
  91493      0.246
  91499      0.305
  100551     0.424
  101123     0.383
  101215     0.420
  102238     0.455
  110819     0.493
  110920     0.510
  111163     0.382
  112206     0.395
  121379     0.416
  130911     0.425
  130991     0.461
  131009     0.522
  132232     0.193
  132250     0.423
  132396     0.399
  132542     0.384
  140733     0.423
  140736     0.431
  140756     0.385
  140761     0.432
  140931     0.455
  140934     0.448
  142015     0.383
  142575     0.394
  150951     0.512
  150957     0.526
  152490     0.458
  152645     0.452
  152656     0.450
  160935     0.478
  162566     0.468
  171167     0.444
  180929     0.426
  182130     0.439
  190830     0.410
  192239     0.269
  70228A     0.549
  32177A     0.506
  182024A    0.244
  82418A     0.324
  142568A    0.374
  190807A    0.323
  112440A    0.468
  152651A    0.468
  160921A    0.445
  180778A    0.315
  121026     0.519
  90631      0.129
  82059r     0.186
  10517      0.129
