  year  #   1       2       3       4       5       6       7       8       9      10      11      12      13      14      15      16      17      18      19      20      21      22      23      24      25      26      27      28      29      30      31      32      33      34      35      36      37      38      39      40      41      42      43      44      45      46      47      48      49      50      51
  1950  11.489  -7.103   3.261   1.278  -2.476  -0.773   2.040   1.546  -0.707  -0.958   0.059  -1.709  -0.006  -0.100   1.580  -0.550   0.022   0.331  -1.017   0.012   1.077   0.521   0.744  -0.038  -0.855   0.440  -0.305  -0.040  -0.136  -0.580  -0.106  -0.059   0.220   0.136  -0.057  -0.034   0.142   0.165  -0.123  -0.174  -0.078   0.113   0.030  -0.060  -0.084  -0.047   0.071  -0.006  -0.019  -0.006   0.000
  1951  14.077  -7.502   2.943   2.069  -2.556  -0.362   0.998  -0.194  -0.234   0.212   0.304  -0.737   0.407  -0.919  -0.521  -0.764   0.520  -0.285   0.145   0.286  -1.207  -0.425  -0.358   0.200   0.977  -0.520   0.354   0.357   0.301   0.574  -0.045  -0.210  -0.178  -0.521  -0.296  -0.137  -0.108  -0.145   0.362   0.077   0.042  -0.004   0.160   0.136  -0.031   0.044  -0.045  -0.067   0.039   0.029   0.000
  1952   5.972  -6.653   0.583  -1.843  -1.589  -0.660  -0.605  -0.422  -0.458   1.172   0.166   0.471  -0.374   0.310  -0.630  -0.127   0.208  -0.195   0.735  -0.342  -1.082   0.003  -0.206   0.014  -0.539  -0.510  -0.158  -0.277  -0.336  -0.168   0.362   0.143  -0.175   0.915   0.483   0.572  -0.173  -0.087  -0.361   0.059   0.112  -0.173  -0.022  -0.067   0.209   0.036   0.021   0.176  -0.077   0.001   0.000
  1953   6.031  -6.304   0.169  -1.459  -0.656  -0.427  -1.167  -0.908   0.091   0.853   0.101   1.092  -0.035   0.897  -0.713   1.267  -0.788  -0.359   0.855  -0.358   1.266  -0.120  -0.315  -0.437   0.366   0.458  -0.122  -0.171   0.546   0.496  -0.234  -0.049   0.010  -0.019   0.335  -0.380   0.058   0.548  -0.110   0.093  -0.099   0.014  -0.341  -0.090  -0.009  -0.021  -0.006  -0.243   0.034  -0.003   0.000
  1954   2.807  -4.711  -2.069  -2.420   1.233  -1.009  -1.219  -0.690   0.781  -0.119  -0.999   1.043   0.161   1.065  -0.011   0.616  -0.637   0.407   0.029  -0.656  -0.001  -0.829   0.264  -0.911  -0.124   0.080  -0.279  -0.217  -0.351  -0.400   0.059   0.217   0.573  -0.585  -0.428   0.051   0.093  -0.591   0.043   0.015  -0.094   0.011   0.206   0.165  -0.088  -0.195  -0.184   0.185   0.060   0.002   0.000
  1955   3.245  -3.434  -2.814  -3.150   2.442  -0.898  -0.402   0.274   2.169  -1.435  -0.413   1.815  -0.838   0.296   0.064  -0.043   0.219   0.375  -0.169  -0.005  -0.381   0.645  -0.302   0.530  -0.083   0.795   0.623  -0.102  -0.433  -0.530   0.191  -0.318  -0.706   0.034  -0.214  -0.222   0.103   0.156   0.421  -0.055  -0.019   0.101   0.104  -0.069  -0.019   0.316   0.104  -0.004  -0.045   0.014   0.000
  1956   8.225  -0.346  -2.830  -0.757   3.470  -0.431  -0.677   0.516   2.170  -3.386  -0.172   0.752  -0.487  -0.079   1.087  -0.635  -0.095  -0.642  -0.387   0.220   0.118   0.236   0.558   0.590   0.189  -1.195  -0.009   0.276   0.518   0.359  -0.174   0.367   0.089   0.095   0.187   0.074  -0.133  -0.030  -0.304   0.146   0.051  -0.111  -0.205   0.093   0.052  -0.160  -0.024  -0.041   0.042  -0.033   0.000
  1957  10.512   0.617  -2.994   1.221   5.235   3.680   3.410   1.021   0.780   3.737  -0.146   0.314   1.854   0.989   0.673  -0.485  -0.513   0.045   0.250  -0.044   0.179   0.294   0.078   0.214  -0.131  -0.128   0.027   0.078   0.069  -0.001   0.069  -0.011  -0.120  -0.099   0.053   0.067  -0.043  -0.010   0.022   0.000   0.030  -0.020   0.009   0.060   0.008  -0.004   0.024   0.009  -0.015  -0.003   0.000
  1958  15.168   2.268  -1.663   3.689   2.668   2.473  -0.754   0.239  -0.003  -0.352   1.215  -0.501  -2.060  -1.923  -2.117   0.700  -0.224   0.626  -0.738   0.226   0.337  -0.360   0.382  -0.778  -0.275   0.027  -0.235  -0.324  -0.152   0.263   0.264   0.134   0.047  -0.061  -0.002  -0.027  -0.198   0.027   0.026  -0.050  -0.055  -0.075   0.056  -0.154   0.017   0.121   0.068   0.068  -0.008  -0.013   0.000
  1959   4.800   0.865  -2.401  -1.543   1.537   1.766  -0.635   0.619  -1.611   0.438   0.511  -0.593  -1.106  -0.580   0.486   0.454   1.244  -0.284   0.036  -0.219  -1.083  -0.014  -0.647   0.685   0.481   0.774  -0.828   0.199  -0.107  -0.500  -0.314   0.562   0.178   0.302  -0.101  -0.366   0.491   0.067  -0.181   0.206  -0.060   0.068   0.107   0.016   0.020  -0.167  -0.159  -0.152   0.019   0.004   0.000
  1960   6.461   2.146  -2.327  -0.068  -0.196   1.070  -1.847   1.599  -1.459  -0.320  -0.584  -0.779  -1.238   0.535   0.968  -0.559   1.057  -1.169   1.162   0.272   0.490  -0.463  -0.490  -0.336  -0.406   0.675   0.891   0.146  -0.091   0.205  -0.065  -0.261   0.181  -0.395   0.405   0.467  -0.029  -0.221   0.064  -0.001   0.214   0.136  -0.139   0.020  -0.143   0.011   0.086   0.061   0.025   0.093   0.000
  1961   6.502   2.888  -1.863  -0.661   0.636  -0.550  -1.527  -0.187  -2.136  -0.775  -0.288  -0.124   1.554  -0.997   1.183   0.207  -0.129  -0.249   0.881  -1.082   0.286   0.078   0.314   0.024   0.588  -0.142  -0.037  -0.284   0.250   0.248   0.080  -0.583   0.393   0.451  -0.613   0.074   0.037   0.402   0.227  -0.234   0.064  -0.127   0.143  -0.098   0.099   0.148  -0.079   0.173  -0.051  -0.111   0.000
  1962   5.175   1.975  -1.432  -0.467  -0.592   0.124  -1.564   0.053  -2.125  -0.712  -0.614  -0.194   1.557  -0.427  -0.572  -0.043  -0.865   1.389   0.704   1.080   0.390  -0.262   0.033   0.033  -0.133  -0.420   0.330   0.210   0.283  -0.623  -0.025  -0.188  -0.485   0.622   0.064  -0.349   0.130  -0.498   0.125   0.064  -0.220   0.114  -0.068   0.108   0.018  -0.160   0.114  -0.066   0.071   0.116   0.000
  1963   5.484   2.088  -1.072  -1.042  -0.474  -1.215  -1.284   0.410  -0.821  -0.903  -1.194  -0.125   2.490   0.083  -1.125  -0.200  -0.005   0.805  -0.343   0.556  -0.428  -0.102  -0.537   0.404  -0.244  -0.072  -0.392   0.085  -0.580  -0.028  -0.252   0.108  -0.066  -0.759   0.472   0.106  -0.085   0.355  -0.332  -0.120   0.186   0.106  -0.009  -0.131  -0.181   0.047  -0.086  -0.025  -0.145  -0.143   0.000
  1964   2.379   2.396  -1.401  -2.431  -0.524  -1.138  -0.543  -0.483  -0.167   0.373  -1.355  -1.252  -0.114   0.942  -1.486  -0.650  -0.018   0.217  -0.395  -0.356  -0.278   1.500   0.142   0.070  -0.460   0.207  -0.421   0.131  -0.501   0.694  -0.191  -0.122   0.390   0.128  -0.459   0.247  -0.159   0.054   0.144  -0.011   0.009  -0.041  -0.175   0.319   0.137   0.040   0.091  -0.171   0.169   0.089   0.000
  1965   1.408   1.816  -1.445  -2.375  -0.773  -0.669   0.232  -1.326   0.353   0.831  -0.942  -1.548  -0.691   0.839  -0.530  -0.867  -0.314  -0.499  -1.101  -0.011   0.407   0.283  -0.354   0.545   0.844   0.073   0.557  -0.449   0.269  -0.016   0.450  -0.369   0.230   0.158   0.321  -0.087  -0.100  -0.460  -0.193  -0.088  -0.373   0.093   0.182  -0.419  -0.025  -0.017  -0.147  -0.026   0.053  -0.106   0.000
  1966  -1.801   0.964  -1.658  -4.144  -0.653  -0.847   1.055  -0.794  -0.058   0.946  -1.077  -0.817  -0.414   0.061  -0.060  -0.136   0.043  -0.158  -0.945   0.299  -0.017  -0.381  -0.054  -0.491   0.085  -0.307   0.134  -0.150   0.599  -0.030  -1.249   0.602   0.028   0.135  -0.034  -0.305   0.043  -0.015   0.223  -0.155   0.227  -0.152  -0.130  -0.103   0.015   0.178   0.048   0.204  -0.174   0.144   0.000
  1967  -0.098   2.083  -1.359  -2.365  -0.129  -2.001   0.655  -1.146   0.323   0.740  -1.170  -1.264  -0.699   0.443   0.137   0.762   0.808  -0.198  -0.311   0.499   0.768  -0.909   0.305  -0.283   0.237  -0.234  -0.639   0.482   0.408  -0.174   0.693  -0.300  -0.787  -0.195  -0.348   0.376   0.216   0.270  -0.260   0.303   0.149   0.042   0.209   0.157   0.099   0.018   0.135  -0.033  -0.035  -0.022   0.000
  1968   8.788   4.774   1.733   1.008  -0.135  -3.418   0.870  -2.096  -0.357  -0.026   2.605   0.207   0.659   1.490   0.522   0.825   1.572   0.088   0.544   0.180   0.480   0.565   0.298  -0.215   0.079  -0.185   0.388  -0.108  -0.564   0.145   0.158   0.853  -0.054   0.031   0.028  -0.197  -0.180  -0.170   0.186   0.095  -0.116  -0.116   0.097  -0.044  -0.073   0.008   0.009  -0.040  -0.039  -0.010   0.000
  1969   5.126   3.517   1.005  -0.744  -0.615  -2.224   1.946  -1.896   0.806   0.544   1.150   0.708  -0.982  -0.499   0.538   1.205  -0.868   0.698  -0.168   0.234  -0.331  -1.068  -0.346   1.285  -0.763   0.427   0.056   0.455   0.192   0.096  -0.224  -0.625   0.465   0.166   0.212   0.133  -0.189   0.037   0.128  -0.188   0.194  -0.032  -0.025   0.106  -0.057  -0.078  -0.074   0.025   0.077  -0.004   0.000
  1970   7.052   5.201   2.999   1.695  -2.082  -0.444   1.920   0.204   0.089   0.185  -1.493   2.767   0.167  -0.787   0.049   0.019   0.220  -0.468  -0.778  -0.298  -0.634  -0.201  -0.128  -0.914   0.326  -0.055   0.459  -0.300  -0.061  -0.341  -0.103  -0.034   0.162   0.226  -0.295   0.347   0.322  -0.058  -0.268   0.087  -0.132   0.295  -0.348   0.023  -0.049   0.042   0.072  -0.149   0.001  -0.048   0.000
  1971  -0.146   3.046   1.290  -1.565  -1.674  -0.844   1.272   0.479  -0.587   0.598  -1.977   1.066  -1.059  -1.658  -0.023  -0.490  -0.673  -0.416   0.641  -0.263   0.075   0.694   1.004   0.018   0.252   0.376   0.181  -0.099  -0.367  -0.018   0.175   0.125  -0.356  -0.291   0.339  -0.349  -0.448   0.323   0.028   0.132   0.036  -0.087   0.222   0.069   0.055  -0.358  -0.132   0.092  -0.052   0.093   0.000
  1972  -2.150   2.591   1.469  -2.581  -1.261  -0.167   1.774   1.448  -0.672  -0.365   0.102   0.567  -0.801   0.295   0.026  -0.638   0.136   0.015   1.031  -0.142  -0.395   0.029   0.479  -0.164  -0.915  -0.424  -0.799  -0.120   0.309   0.272   0.280  -0.303  -0.084  -0.456   0.210  -0.569   0.516  -0.439   0.115   0.026   0.043  -0.181  -0.171  -0.190   0.119   0.240  -0.063  -0.023   0.072  -0.116   0.000
  1973  -4.517   0.885   1.149  -4.383  -0.172  -0.001   0.532   1.640   0.104   0.381   1.951   0.247  -1.138   0.292  -0.162  -0.832  -0.425   0.568   1.078   0.718  -0.241  -0.001  -0.327   0.050   0.486  -0.493  -0.079   0.183  -0.042  -0.161  -0.039   0.017   0.312  -0.281  -0.492   0.177  -0.108   0.437  -0.338  -0.264  -0.558  -0.009  -0.021  -0.093  -0.183  -0.051   0.236   0.119   0.000   0.047   0.000
  1974  -3.473   0.965   2.486  -3.872   0.319   0.376   0.640   1.578   0.406  -0.767   2.093  -0.540   0.277  -0.182  -0.538  -0.064  -0.770   0.304   0.394   0.065   0.196   0.283  -0.141  -0.316   0.073   0.205   0.289  -0.467   0.652  -0.395  -0.113   0.429   0.050  -0.148  -0.035   0.548  -0.152  -0.058   0.204   0.016   0.390   0.426   0.223   0.012   0.352  -0.019  -0.159  -0.196  -0.014  -0.044   0.000
  1975   0.785   2.662   4.688  -1.152  -0.201   1.779   0.623   0.731   0.945  -1.317   0.304  -1.095   0.416   0.620  -0.824   0.299  -0.489  -1.135  -0.154  -0.601   0.238   0.072  -1.396   0.010  -0.277  -0.140  -0.100  -0.493   0.071  -0.102   0.374   0.019  -0.304   0.325  -0.149  -0.443  -0.070   0.081  -0.015   0.086   0.180  -0.018  -0.048   0.369  -0.321  -0.067  -0.010   0.224   0.021  -0.040   0.000
  1976   0.335   2.642   4.338  -1.370   0.596   0.866  -0.631   1.055   0.776  -1.057   0.753  -0.460   1.282   0.248   0.152  -0.029  -0.571  -0.173  -0.709  -1.376  -0.109  -0.713  -0.050  -0.356   0.173   0.541   0.146   0.900  -0.272   0.064  -0.098  -0.099  -0.272  -0.077   0.314   0.203   0.138  -0.058  -0.098  -0.005  -0.346  -0.525   0.110  -0.104   0.195   0.079  -0.025  -0.081  -0.016   0.162   0.000
  1977  -5.856  -1.147   1.064  -4.180  -0.165   0.787  -1.136   0.536   0.627   0.693   0.693  -0.267   0.765  -0.905   1.407   0.010  -0.531   0.304  -0.741   0.473  -0.185  -0.490   0.145  -0.144   0.307   0.349  -0.094   0.108  -0.780   1.047   0.585   0.139   0.178   0.231  -0.107  -0.296  -0.067  -0.236   0.118   0.297   0.249   0.285  -0.248  -0.166   0.031  -0.109   0.231   0.018  -0.075  -0.040   0.000
  1978   1.841   1.596   3.912   0.769  -3.510   3.502  -3.410  -1.081   1.998   1.112  -0.700   0.570   0.182   0.424   0.063  -0.333  -0.144  -0.492   0.293   0.978   0.152  -0.110   1.041   0.665  -0.329   0.284  -0.071   0.289   0.198  -0.143   0.001   0.600  -0.166   0.121  -0.460   0.149   0.033   0.053   0.037  -0.178   0.080  -0.076   0.032  -0.143  -0.120   0.123  -0.164   0.007   0.076  -0.035   0.000
  1979  -1.192   1.090   2.581  -1.116  -1.111   2.839  -2.042  -1.460   1.694   0.625   0.595   0.096  -0.151  -0.112   0.452   0.357   1.404   0.911  -0.154  -0.837   0.023   0.632   0.546  -0.052   0.627  -0.603  -0.401  -0.322   0.069  -0.365  -0.377  -0.753   0.155  -0.214   0.688  -0.041   0.050  -0.076   0.095  -0.136   0.047   0.196   0.078   0.223  -0.028  -0.043   0.189   0.023  -0.033   0.014   0.000
  1980  -6.719  -1.391  -2.014  -2.035  -0.986   2.974  -0.252  -0.921  -1.340   0.052   0.736  -0.257  -0.095   0.341   0.615   0.893   0.381  -0.357  -0.975   0.766  -0.528   0.005   0.010  -0.527  -0.950  -0.767   1.088  -0.139  -0.355  -0.051   0.014  -0.402  -0.052  -0.205  -0.142  -0.197   0.000   0.457   0.018  -0.011  -0.204  -0.170  -0.035   0.113   0.192  -0.126  -0.205  -0.087   0.007  -0.076   0.000
  1981  -5.656  -0.745  -3.240   0.109  -2.575   1.872   0.709  -1.516  -2.216  -0.713   1.147   2.021  -0.231  -0.113   0.666  -0.772  -1.109  -0.283  -0.670   0.421   0.628   0.434  -0.448  -0.101   0.147  -0.056  -0.640   0.010  -0.058   0.366  -0.060   0.076   0.016   0.085   0.260   0.342   0.050  -0.109   0.081   0.319  -0.038  -0.081   0.417   0.183  -0.237   0.241  -0.012  -0.058  -0.021   0.042   0.000
  1982  -4.317   0.055  -4.279   2.667  -2.515   1.355   1.160  -0.006  -0.830  -1.193   1.136   1.161   0.347   1.641  -0.575  -0.403   0.546  -0.381  -0.487  -0.473  -0.216  -0.429   0.165  -0.152   0.371   0.166  -0.520   0.246   0.050  -0.333   0.238  -0.245  -0.198   0.040  -0.260  -0.223  -0.550  -0.019  -0.027  -0.481   0.416   0.051  -0.132  -0.278   0.070  -0.206   0.075  -0.030   0.049   0.087   0.000
  1983  -4.068  -0.656  -3.330   2.175  -2.676   0.562   0.960  -1.085  -0.233  -0.397   0.295  -0.304   0.139  -0.312  -0.329   0.041  -0.302   0.535  -0.152  -0.708   0.154   0.204  -0.097   0.519   0.315   0.316   0.449   0.179   0.125   0.208   0.253   0.800  -0.242  -0.321   0.279   0.265   0.712   0.168   0.185  -0.212  -0.124   0.064  -0.236   0.124   0.195  -0.108   0.135   0.296   0.119  -0.102   0.000
  1984  -4.824  -0.053  -3.514   2.300  -1.640   0.407   0.042  -1.568   0.756  -0.272   0.788  -1.098   0.289  -0.618  -0.232   0.364  -0.545  -0.439   0.746  -1.334  -0.481   0.176   0.489   0.602  -0.901   0.154   0.270  -0.126   0.369   0.119  -0.232  -0.072  -0.163  -0.277  -0.440  -0.041  -0.124  -0.315  -0.369   0.318  -0.228   0.223  -0.035  -0.046  -0.110   0.003   0.107  -0.101  -0.243   0.034   0.000
  1985  -6.825   0.508  -4.364   2.287  -1.889  -0.610   1.224   1.372   2.366  -0.389   0.303  -1.273   0.382   0.396  -0.714  -0.799   0.114   0.090   0.625   0.186  -0.208  -1.059   0.907  -0.331   0.409   0.016   0.036  -0.048  -0.434  -0.326   0.098  -0.084   0.493   0.516   0.377  -0.076   0.069   0.405   0.306   0.341  -0.101   0.051  -0.078   0.164  -0.127   0.146  -0.179  -0.050  -0.015  -0.004   0.000
  1986  -2.023   0.815  -2.113   4.132  -2.186  -0.348   0.309   0.706   2.644  -0.301  -1.085  -0.733  -0.189  -0.366   1.311   0.904  -0.491  -0.175   0.825   1.010  -0.087   0.290  -1.087  -0.562   0.199   0.149  -0.537  -0.416  -0.379   0.326  -0.295  -0.025  -0.225   0.089  -0.003   0.006  -0.040  -0.265  -0.047  -0.535  -0.153  -0.182   0.155   0.072   0.211  -0.060   0.029  -0.106  -0.062  -0.049   0.000
  1987  -4.013  -0.092  -1.067   2.455  -1.791  -0.079  -0.160   0.590   1.174   0.494  -0.273  -0.247  -0.140  -0.577   0.575   0.455   0.145   1.497   0.175  -0.269   0.214   1.130  -0.943  -0.521   0.127  -0.193   0.424   0.657   0.206  -0.382   0.021  -0.074   0.248  -0.084  -0.198  -0.100  -0.151   0.025  -0.310   0.585   0.390  -0.259  -0.031  -0.277  -0.049   0.077  -0.090   0.096   0.131   0.013   0.000
  1988  -6.710  -0.801  -1.330   0.269  -0.412  -1.625  -0.907   2.154   0.551   1.043  -0.164   0.892   1.111  -1.402  -0.068   0.450   1.293   0.012  -0.637  -0.113   0.451  -0.028  -0.428   0.565  -0.523  -0.368  -0.049  -0.464   0.573   0.224   0.938   0.297   0.342  -0.109   0.054  -0.028   0.064   0.039   0.005  -0.313  -0.126   0.011   0.024   0.066  -0.043   0.070  -0.116  -0.067  -0.011   0.246   0.000
  1989  -5.392  -0.554   0.105   1.811  -0.634  -1.384  -1.015   3.088  -0.127   1.079   0.297   0.997   0.396  -0.144  -0.866   0.417   0.604  -0.985  -0.560   0.021   0.779  -0.282  -0.134   0.791  -0.219  -0.168  -0.232  -0.150  -0.155  -0.219  -0.804  -0.193  -0.061  -0.045  -0.128   0.143  -0.239  -0.136   0.396   0.467  -0.213  -0.139   0.086  -0.106   0.140  -0.134   0.192   0.084   0.060  -0.152   0.000
  1990  -2.750   0.496   1.102   4.215   0.888  -2.111  -1.552   2.860  -1.176   0.826   1.111  -0.034  -0.931   1.702   0.020   1.056  -1.103   0.137  -0.630   0.311  -0.552   0.558   0.836   0.258   0.636  -0.099   0.224  -0.173  -0.059   0.417  -0.172  -0.377  -0.343   0.027  -0.032   0.006   0.427  -0.082  -0.278  -0.062   0.196   0.135  -0.024   0.104  -0.073   0.042  -0.176   0.111  -0.056   0.074   0.000
  1991  -7.269  -1.201   0.050   0.595   1.283  -1.127  -0.946   0.751  -1.364   0.905  -0.643  -0.417  -0.480  -0.310   0.190   0.563  -0.802  -0.526  -0.125  -0.448  -0.523  -0.008   0.409  -0.140   0.176  -0.099   0.424   0.551   0.220  -0.640   0.342   0.526   0.315  -0.019   0.249  -0.257  -0.339  -0.116  -0.027  -0.354   0.159  -0.214   0.100   0.249  -0.138   0.193   0.296  -0.213   0.028  -0.176   0.000
  1992  -5.244  -0.225   1.054   1.671   2.442  -1.160  -0.361  -0.747   0.025   0.139  -0.337  -0.287   0.166  -0.277   0.339   0.424  -0.110  -0.831   0.011  -0.154  -0.573   0.492  -0.214  -0.836  -0.549  -0.375  -0.527   1.036   0.192   0.117  -0.112   0.051  -0.222   0.176   0.280   0.029  -0.208   0.173   0.324  -0.098  -0.333   0.678   0.069  -0.218  -0.067   0.034  -0.120   0.137   0.100   0.011   0.000
  1993  -4.116  -0.334   0.897   2.225   2.418  -2.041  -1.767  -1.426   0.211   0.975   1.326   0.235  -0.319  -0.518  -0.193  -2.133   0.115   0.085  -0.294   0.312   0.088   0.442  -0.396  -0.584  -0.163   0.518  -0.222   0.238   0.460  -0.285   0.224  -0.309  -0.086   0.014  -0.090   0.140   0.187  -0.055   0.291  -0.069   0.018  -0.313  -0.334   0.107  -0.073  -0.258  -0.125  -0.032  -0.203  -0.090   0.000
  1994  -3.684   0.238   1.332   3.125   2.602  -1.787  -1.156  -2.439  -0.172   0.387   0.793  -0.535   0.598  -0.574   0.908  -1.306  -0.625  -0.606  -0.001   0.263  -0.286  -0.564  -0.103   0.104  -0.056   0.091  -0.149  -1.062  -0.325  -0.471  -0.170  -0.006  -0.101  -0.372   0.037  -0.223  -0.027   0.239  -0.316   0.153   0.106   0.039  -0.040  -0.018   0.190   0.155   0.106   0.031   0.234   0.111   0.000
  1995  -4.586   0.350   2.793   3.526   1.641   0.370  -0.151  -0.170  -0.058  -0.759  -1.651   0.544  -0.318   1.606  -0.185  -0.780   0.364   1.008   0.084  -0.077  -0.601  -0.466  -0.167  -0.142  -0.589   0.148   0.355  -0.303   0.579   0.698  -0.004   0.146   0.328   0.277   0.031  -0.137   0.271   0.349   0.052   0.128   0.061  -0.007   0.551  -0.143   0.007  -0.206   0.228  -0.053  -0.033  -0.010   0.000
  1996  -5.371  -0.403   3.316   2.725   1.225   1.283   0.116  -0.213  -1.548  -0.217  -1.722  -0.252  -1.714   0.810   0.820  -0.263  -0.048   1.290   0.145  -0.825   0.682  -0.715  -0.568   0.737   0.262  -0.624  -0.184  -0.120  -0.453  -0.066   0.090   0.316  -0.179  -0.085  -0.171   0.123  -0.445  -0.015   0.256   0.049  -0.152   0.116  -0.335   0.040   0.102   0.132  -0.176  -0.086  -0.107   0.003   0.000
  1997  -9.896  -2.112   0.297  -1.767   1.948   0.329   1.333   0.281  -0.637  -0.500  -0.180  -0.241   0.640  -0.677   0.248   0.307   1.266   0.971   0.033   0.070  -0.352  -0.201   0.651  -0.292   0.149   0.915   0.020  -0.565   0.452   0.551  -0.383  -0.005  -0.632   0.213   0.015   0.308  -0.439  -0.172  -0.237  -0.072  -0.152  -0.174  -0.120   0.072  -0.280   0.023  -0.107   0.025   0.165  -0.088   0.000
  1998  -4.939  -1.533   3.151   1.487   1.846   1.431   1.403  -1.105  -0.756  -1.599  -0.976   0.160   0.751   0.454  -0.648   1.174   0.312  -0.562   0.216   1.501  -0.224   0.594   0.256   0.312   0.424   0.763  -0.195   0.166   0.351  -0.288   0.344  -0.202   0.720  -0.186   0.075   0.000  -0.158  -0.130  -0.049   0.225  -0.150  -0.067  -0.174   0.062   0.236   0.119   0.050   0.177  -0.121   0.054   0.000
  1999  -7.982  -2.100   1.477  -0.318   2.556   0.442   1.558  -1.194  -0.156  -0.617  -0.627  -0.777   0.048  -0.826  -0.684   0.984  -0.285  -0.622   0.526   0.055   0.152   0.280   0.220   0.285   0.195  -0.694   0.018  -0.225  -0.644  -0.186  -0.033  -0.097   0.010   0.008  -0.045   0.478   0.559  -0.043   0.323  -0.109   0.290  -0.223  -0.047  -0.380  -0.302  -0.178   0.044  -0.166   0.034   0.086   0.000
  2000  -8.043  -2.140   1.339   0.307   1.861   0.065   0.930  -0.674   0.168   0.108   0.247   0.732  -0.026  -0.901  -1.275  -0.849   0.887  -0.217   0.479  -0.022   1.373  -0.238  -0.040   0.114  -0.018  -0.075   0.482   0.732  -0.681   0.331  -0.430  -0.151   0.123   0.285  -0.170  -0.345   0.244  -0.221  -0.563  -0.313   0.182   0.208   0.200   0.167   0.143   0.089  -0.100   0.031  -0.018  -0.047   0.000
