  year  #   1
  1950   2.829
  1951   3.466
  1952   1.470
  1953   1.485
  1954   0.691
  1955   0.799
  1956   2.025
  1957   2.588
  1958   3.734
  1959   1.182
  1960   1.591
  1961   1.601
  1962   1.274
  1963   1.350
  1964   0.586
  1965   0.347
  1966  -0.443
  1967  -0.024
  1968   2.164
  1969   1.262
  1970   1.736
  1971  -0.036
  1972  -0.529
  1973  -1.112
  1974  -0.855
  1975   0.193
  1976   0.083
  1977  -1.442
  1978   0.453
  1979  -0.293
  1980  -1.654
  1981  -1.393
  1982  -1.063
  1983  -1.002
  1984  -1.188
  1985  -1.680
  1986  -0.498
  1987  -0.988
  1988  -1.652
  1989  -1.328
  1990  -0.677
  1991  -1.790
  1992  -1.291
  1993  -1.013
  1994  -0.907
  1995  -1.129
  1996  -1.322
  1997  -2.436
  1998  -1.216
  1999  -1.965
  2000  -1.980
