 % variance  0.211
 cumulative  0.211
 series_id   #  1
  22371     -0.248
  32368      0.489
  32493      0.455
  32498      0.564
  40533      0.491
  42207      0.337
  42248      0.594
  42283      0.556
  42304      0.581
  50404      0.562
  52276      0.596
  52403      0.527
  62007      0.353
  80046      0.603
  80056      0.579
  80148      0.224
  80156      0.576
  80159      0.530
  80576      0.284
  82120      0.447
  82434      0.485
  90084      0.490
  90104      0.549
  90577      0.457
  90634      0.447
  90650      0.076
  91493      0.111
  91499     -0.060
  100551     0.588
  101123     0.596
  101215     0.525
  102238     0.537
  110819     0.469
  110920     0.582
  111163     0.579
  112206     0.225
  121379     0.545
  130911     0.596
  130991     0.575
  131009     0.520
  132232    -0.351
  132250    -0.123
  132396     0.339
  132542     0.488
  140733     0.598
  140736     0.191
  140756     0.327
  140761     0.500
  140931     0.558
  140934     0.614
  142015     0.077
  142575     0.484
  150951     0.545
  150957     0.565
  152490    -0.030
  152645     0.173
  152656     0.536
  160935     0.478
  162566     0.168
  171167     0.280
  180929     0.337
  182130     0.444
  190830     0.290
  192239     0.527
  70228A     0.601
  32177A     0.467
  182024A    0.432
  82418A     0.569
  142568A    0.278
  190807A    0.432
  112440A    0.524
  152651A    0.320
  160921A    0.600
  180778A    0.504
  121026     0.523
  90631      0.210
  82059r     0.393
  10517      0.031
