quve_drop.rwl -- no data title --                         1st itrdb line missing     
quve_drop.rwl -- no data title --                         2nd itrdb line missing     
quve_drop.rwl -- no data title --                         3rd itrdb line missing     
quve_d18249990  09990  09990  09990  02024  11516  1 558  11215  11063  1 991  1  trn
quve_d18301690  11836  12094  12247  11692  11488  11790  11843  11462  11426  1  trn
quve_d18401965  11378  11491  11367  11284  1 965  11607  11278  11275  11498  1  trn
quve_d18501253  11362  11428  11158  1 814  1 975  1 766  11066  1 818  1 928  1  trn
quve_d1860 900  1 958  11008  1 924  1 677  1 965  1 781  1 803  1 774  11209  1  trn
quve_d18701094  11143  1 743  1 833  1 657  1 865  1 641  1 720  1 637  1 673  1  trn
quve_d1880 381  1 928  1 536  1 955  1 851  11008  1 854  1 847  1 665  13966  3  trn
quve_d18904234  34484  34483  32780  42893  42377  52418  62322  62457  62623  6  trn
quve_d19002797  62605  62481  72832  82355  93133 103077 102865 103055 103012 12  trn
quve_d19103524 133199 143399 163643 183496 194070 203827 223802 253113 293724 32  trn
quve_d19203329 333893 343929 363288 413674 433092 473619 483849 503817 503665 50  trn
quve_d19302879 543077 562745 573288 583144 603232 613415 623628 653742 653474 69  trn
quve_d19403609 693574 693498 703136 723122 733498 743180 763114 763274 773505 78  trn
quve_d19503387 813552 812951 812982 812668 812799 813175 813309 813747 833053 83  trn
quve_d19603151 843178 843082 843111 842909 842823 842445 842659 843448 853168 86  trn
quve_d19703302 862679 862443 862182 862299 862734 862668 862068 862821 862560 86  trn
quve_d19802018 862176 862363 862377 862317 862129 862614 862449 862093 862232 86  trn
quve_d19902497 862004 862234 862372 862402 862350 862266 861688 862288 861941 86  trn
quve_d20001975 862570 862438 862465 862262 862370 852178 852019 841945 842095 82  trn
quve_d20101786 141674 141128 14 924 13 859 11 659  9 682  4 389  29990  09990  0  trn
quve_drop.rwl -- no data title --                         1st itrdb line missing     
quve_drop.rwl -- no data title --                         2nd itrdb line missing     
quve_drop.rwl -- no data title --                         3rd itrdb line missing     
quve_d18249990  09990  09990  09990  01143  1 992  1 691  1 902  1 854  1 831  1  std
quve_d18301072  11130  11230  11297  11100  11027  11155  11186  11035  11025  1  std
quve_d18401276  11016  11076  11022  1 986  1 823  11170  1 999  11002  11133  1  std
quve_d1850 998  11066  11109  1 953  1 751  1 849  1 729  1 908  1 766  1 832  1  std
quve_d1860 820  1 854  1 883  1 839  1 714  1 863  1 773  1 786  1 774  1 974  1  std
quve_d1870 919  1 938  1 765  1 802  1 729  1 812  1 721  1 750  1 714  1 724  1  std
quve_d1880 606  1 812  1 654  1 809  1 760  1 813  1 741  1 727  1 637  1 987  3  std
quve_d1890 742  31088  31099  31000  41017  41011  51136  61074  6 984  61009  6  std
quve_d19001111  61000  6 809  71191  81094  9 994 10 867 10 892 10 893 10 973 12  std
quve_d19101008 13 703 14 960 16 891 18 900 191286 201179 221054 25 846 291167 32  std
quve_d19201090 331208 341285 36 899 411155 43 759 471034 481162 501151 501029 50  std
quve_d1930 650 54 736 56 538 57 899 58 922 60 933 611020 621143 651221 65 942 69  std
quve_d19401126 691050 691066 70 858 72 901 731131 74 960 76 882 76 994 771187 78  std
quve_d19501147 811292 81 893 81 922 81 761 81 796 811083 811173 811420 83 968 83  std
quve_d19601076 841085 841068 841089 84 955 84 926 84 747 84 908 841340 851211 86  std
quve_d19701341 86 973 86 870 86 713 86 775 861078 861055 86 671 861178 86 998 86  std
quve_d1980 689 86 807 86 983 86 989 86 936 86 834 861213 861085 86 843 86 978 86  std
quve_d19901192 86 818 86 993 861085 861117 861081 861021 86 656 861044 86 849 86  std
quve_d2000 866 861222 861172 861174 861039 861119 851003 85 962 84 953 841061 82  std
quve_d20101098 141087 14 851 14 804 13 714 11 645  9 890  4 684  29990  09990  0  std
quve_drop.rwl -- no data title --                         1st itrdb line missing     
quve_drop.rwl -- no data title --                         2nd itrdb line missing     
quve_drop.rwl -- no data title --                         3rd itrdb line missing     
quve_d18249990  09990  09990  09990  01054  1 906  1 719  11085  1 963  1 947  1  res
quve_d18301175  11096  11125  11122  1 895  1 937  11114  11078  1 910  1 985  1  res
quve_d18401228  1 853  11030  1 979  1 971  1 852  11251  1 925  1 989  11125  1  res
quve_d1850 926  11053  11071  1 889  1 777  11016  1 857  11104  1 854  1 995  1  res
quve_d1860 955  1 993  11004  1 926  1 795  11080  1 872  1 935  1 921  11193  1  res
quve_d1870 963  11002  1 746  1 946  1 838  11015  1 822  1 932  1 871  1 913  1  res
quve_d1880 736  11138  1 748  11078  1 903  1 995  1 858  1 894  1 798  1 986  3  res
quve_d18901096  31287  31193  3 969  4 982  41080  51126  61024  6 934  6 879  6  res
quve_d19001080  6 903  6 792  71267  81012  9 964 10 888 10 926 10 986 101047 12  res
quve_d19101012 13 735 141007 16 940 18 939 191245 201110 22 989 25 861 291182 32  res
quve_d19201020 331124 341155 36 857 411129 43 802 471083 481145 501069 501009 50  res
quve_d1930 708 54 888 56 736 571025 58 992 60 993 611056 621118 651123 65 899 69  res
quve_d19401130 691022 691032 70 871 72 949 731147 74 951 76 933 761037 771151 78  res
quve_d19501063 811179 81 843 81 951 81 838 81 915 811133 811133 811281 83 858 83  res
quve_d19601050 841048 841023 841049 84 946 84 956 84 817 84 990 841306 851085 86  res
quve_d19701200 86 898 86 888 86 817 86 919 861126 861042 86 736 861206 86 989 86  res
quve_d1980 760 86 926 861030 861013 86 959 86 897 861161 861030 86 865 861024 86  res
quve_d19901155 86 832 861032 861088 861068 861044 861010 86 705 861122 86 877 86  res
quve_d2000 928 861238 861109 861097 861000 861101 85 974 85 962 84 969 841086 82  res
quve_d20101039 141059 14 860 14 842 13 830 11 769  9 928  4 724  29990  09990  0  res
quve_drop.rwl -- no data title --                         1st itrdb line missing     
quve_drop.rwl -- no data title --                         2nd itrdb line missing     
quve_drop.rwl -- no data title --                         3rd itrdb line missing     
quve_d18249990  09990  09990  09990  01059  1 927  1 703  1 999  1 966  1 940  1  ars
quve_d18301161  11148  11174  11178  1 951  1 925  11095  11110  1 946  1 972  1  ars
quve_d18401224  1 923  11010  1 986  1 970  1 846  11210  1 990  1 989  11125  1  ars
quve_d1850 967  11046  11089  1 918  1 758  1 946  1 845  11060  1 876  1 961  1  ars
quve_d1860 946  1 980  11001  1 930  1 779  11016  1 880  1 902  1 895  11166  1  ars
quve_d18701015  11009  1 754  1 875  1 805  1 959  1 814  1 879  1 838  1 868  1  ars
quve_d1880 702  11051  1 767  11011  1 910  1 971  1 853  1 853  1 759  1 917  3  ars
quve_d18901075  31316  31293  31059  41002  41084  51155  61073  6 959  6 870  6  ars
quve_d19001045  6 919  6 772  71203  81075  9 989 10 889 10 896 10 958 101037 12  ars
quve_d19101026 13 748 14 934 16 923 18 919 191226 201181 221046 25 878 291149 32  ars
quve_d19201067 331148 341204 36 921 411109 43 838 471038 481160 501120 501048 50  ars
quve_d1930 727 54 810 56 686 57 933 58 975 60 988 611056 621138 651168 65 952 69  ars
quve_d19401119 691061 691054 70 890 72 919 731126 74 992 76 933 761020 771162 78  ars
quve_d19501115 811218 81 911 81 928 81 820 81 864 811095 811166 811337 83 960 83  ars
quve_d19601041 841064 841046 841066 84 969 84 950 84 807 84 935 841293 851176 86  ars
quve_d19701258 86 977 86 885 86 787 86 858 861087 861071 86 762 861138 861034 86  ars
quve_d1980 775 86 862 86 992 861014 86 966 86 890 861132 861072 86 890 86 994 86  ars
quve_d19901158 86 882 861000 861091 861099 861077 861036 86 721 861041 86 893 86  ars
quve_d2000 899 861212 861176 861153 861049 861119 851013 85 969 84 963 841078 82  ars
quve_d20101066 141082 14 887 14 812 13 778 11 708  9 844  4 683  29990  09990  0  ars
