  year  #   1       2       3       4       5       6       7       8       9      10      11      12      13      14      15      16      17      18      19      20      21      22      23      24      25      26      27      28      29      30      31      32      33      34      35      36      37      38      39      40      41      42      43      44      45      46      47      48      49      50      51
  1950  10.418  -6.176   2.133   1.260   2.780   1.780  -1.252   1.940  -0.086   0.439  -0.067  -1.715  -0.175  -0.415   0.124   0.935  -0.755  -0.462  -0.113  -0.118  -0.302  -0.504   0.485  -0.091  -0.899  -0.591  -0.110  -0.409  -0.441   0.170  -0.932   0.165  -0.253  -0.167  -0.039   0.106  -0.089   0.400   0.114  -0.279   0.025  -0.114  -0.183  -0.066  -0.082  -0.094   0.002   0.032   0.039   0.021   0.000
  1951  12.398  -6.456   2.072   2.102   2.840   0.964  -1.079   0.411  -0.250   0.568   0.312  -0.950   0.756   0.055   0.703   0.121  -0.771   0.126  -0.408  -0.411   0.647   0.297  -0.264   0.048   0.396   0.685   0.160   0.552   0.259  -0.588   0.801  -0.371   0.199  -0.010  -0.118  -0.297  -0.312  -0.144  -0.201  -0.051  -0.003   0.415   0.218   0.180  -0.093   0.119  -0.071  -0.052  -0.025  -0.050   0.000
  1952   5.937  -6.953  -0.023  -1.687   1.541   1.359   0.094  -0.580  -0.909  -0.174   0.484   0.425  -0.305   0.119   0.426  -0.447   0.189  -0.175   0.644  -0.304   0.598   0.860  -0.599   0.389   0.161   0.192   0.203  -0.403  -0.116   0.261   0.086  -0.129   0.232   0.454   0.446   0.587   0.562  -0.134   0.253   0.410  -0.141  -0.255   0.002  -0.054   0.291  -0.038   0.213   0.056   0.046   0.032   0.000
  1953   6.209  -6.543  -0.182  -1.371   0.829   0.792   0.101  -0.997  -0.500  -0.362   0.682   1.166  -0.074   0.684  -0.668  -0.438   1.327   0.242   0.523   1.017  -1.140  -0.346   0.412  -0.382   0.479  -0.389  -0.493   0.296   0.297  -0.137   0.183  -0.006   0.053   0.080  -0.623  -0.055   0.013  -0.008  -0.269   0.200   0.194  -0.425  -0.073  -0.112  -0.041  -0.006  -0.278  -0.071   0.046  -0.026   0.000
  1954   3.282  -5.737  -1.985  -2.274  -1.930   0.326   0.553  -1.370   0.483  -0.628  -1.050   0.875  -0.740   1.047  -0.660   0.137   0.620   0.412   0.526  -0.021  -0.094  -0.301  -0.971  -0.513  -0.304   0.284  -0.312  -0.266  -0.031   0.704   0.160   0.207  -0.485  -0.361   0.474  -0.278  -0.225  -0.087   0.192  -0.450  -0.062   0.256   0.069   0.125  -0.100  -0.043   0.023   0.118  -0.184  -0.051   0.000
  1955   3.654  -4.203  -2.219  -3.030  -3.151  -0.224   0.613  -0.230   2.264   0.490  -1.161   1.426  -0.911  -0.504  -0.203   0.183   0.108  -0.190  -0.392  -0.598   0.489   0.196   0.532   0.380   0.477  -0.299   0.706   0.270   0.063   0.179  -0.689   0.232   0.690   0.015  -0.322  -0.319  -0.053   0.176  -0.150  -0.143   0.130   0.223  -0.034   0.070   0.074   0.212   0.150  -0.111   0.115   0.035   0.000
  1956   8.045  -1.026  -1.391  -0.520  -3.532  -1.421   1.383  -0.068   2.553   1.726  -2.501  -0.625  -0.888  -0.792   0.249  -0.149  -0.932  -0.187   0.049   0.222  -0.025  -0.384   0.494   0.408  -0.539   0.443  -0.475   0.171   0.078  -0.771   0.262  -0.103  -0.225  -0.147   0.158   0.334   0.178  -0.202   0.025   0.351  -0.024  -0.207   0.087  -0.158   0.002  -0.157  -0.130   0.013  -0.070  -0.005   0.000
  1957   9.896   0.340  -0.967   1.466  -3.141  -2.729  -0.707   2.250   0.884  -1.685   2.827   0.768   1.060   0.449  -0.606   1.167   0.047   1.549   0.374   0.041   0.189   0.048   0.405   0.316  -0.958  -0.232  -0.255   0.217  -0.345  -0.087   0.009   0.055   0.179   0.224   0.033   0.013  -0.111  -0.307   0.137   0.109  -0.060   0.072   0.196  -0.049  -0.015  -0.020   0.060   0.034   0.030   0.035   0.000
  1958  13.553   1.496  -0.120   3.638  -1.669  -2.640   1.035   0.682   0.491   0.306   1.224  -0.299  -0.296  -0.629   0.724  -1.900   0.190  -0.260  -1.135  -0.652  -0.529  -0.729  -0.924  -0.729   0.339  -0.345  -0.300  -0.601   0.002   0.364   0.453   0.106  -0.006  -0.072  -0.111   0.186  -0.061   0.040  -0.209  -0.076  -0.051  -0.134  -0.184   0.150   0.039   0.034   0.156  -0.073   0.040   0.043   0.000
  1959   5.309   0.709  -1.741  -1.318  -1.500  -2.031   0.966   1.297  -1.327  -1.064   1.569  -0.139   0.148  -1.003   0.165   0.603   0.202  -0.719   0.348  -0.157   0.527   0.467   0.315  -0.046   1.283   0.659   0.457  -0.498  -0.144  -0.362  -0.339   0.504  -0.429  -0.340   0.071  -0.033   0.297   0.316   0.106   0.025   0.216  -0.009  -0.018   0.218   0.041  -0.059  -0.281   0.051  -0.071  -0.080   0.000
  1960   6.674   1.851  -1.915   0.125  -0.100  -0.921   1.891   1.070  -1.153  -1.022  -0.398  -0.409  -0.824  -0.167   1.036   0.213  -1.046  -0.916   0.912   0.979  -0.262   0.302  -0.158  -0.004   0.472  -0.750   0.504   0.731   0.147   0.495   0.084  -0.273  -0.422   0.370   0.075  -0.464  -0.120  -0.248   0.158   0.181  -0.064   0.063  -0.168  -0.266  -0.271   0.047   0.148  -0.017   0.003  -0.072   0.000
  1961   6.865   2.586  -1.473  -0.381  -1.282  -0.470   0.699  -0.256  -1.931  -0.049  -1.364  -0.691   1.565  -0.391   0.348   0.634   0.867  -0.204   1.084   0.462  -0.176  -0.238   0.528   0.042  -0.162   0.198  -0.445   0.159   0.265   0.150   0.238  -0.533   0.117   0.100   0.126   0.072  -0.034   0.752  -0.385  -0.252  -0.040   0.084   0.076   0.004   0.293   0.175   0.118   0.056  -0.048   0.150   0.000
  1962   5.644   1.904  -1.452  -0.231   0.061  -0.319   0.592   0.066  -2.002  -0.308  -1.458  -0.202   1.235   0.591   0.666  -0.173   1.220   0.231  -1.080   0.798  -0.018  -0.204  -0.724  -0.033  -0.529  -0.155   0.351   0.350  -0.086  -0.358  -0.542  -0.084   0.716  -0.316   0.056   0.113   0.625  -0.196   0.046  -0.155   0.118   0.188   0.046  -0.008  -0.103  -0.258   0.020  -0.078   0.013  -0.141   0.000
  1963   6.005   1.996  -1.121  -0.729  -0.366   0.788   0.482  -0.105  -0.886  -0.477  -2.018  -0.040   1.735   1.178  -0.073  -0.146   0.230   0.234  -0.949  -0.138   0.163   0.489  -0.376   0.449  -0.024   0.394   0.442  -0.417  -0.036  -0.221  -0.166   0.403  -0.336   0.171  -0.476  -0.016  -0.563  -0.264   0.271   0.146  -0.187  -0.281  -0.227  -0.027  -0.087   0.179  -0.084   0.189   0.050   0.154   0.000
  1964   3.138   2.443  -1.471  -2.234  -0.670   0.844  -0.632  -0.788  -0.687  -1.350  -0.249  -0.280  -0.493   1.209   0.120  -1.168  -0.122  -0.303  -0.373  -0.675   0.183   0.792   0.911   0.248  -0.561  -0.407   0.226  -1.072  -0.049   0.160   0.257  -0.255  -0.210   0.221   0.184   0.115  -0.280   0.185  -0.124  -0.071   0.182   0.076   0.377  -0.230  -0.068  -0.038  -0.137  -0.286  -0.007  -0.062   0.000
  1965   2.215   2.096  -1.652  -2.279  -0.140   0.516  -1.446  -1.242  -0.439  -1.194   0.655  -0.597  -0.915   0.828   0.160  -0.385  -0.950   0.314  -0.715  -0.386  -0.535  -0.001   1.161   0.728   0.295   0.075  -0.379   0.620   0.178   0.330   0.027  -0.503   0.153  -0.034   0.072   0.054   0.323  -0.313   0.217  -0.347  -0.130  -0.054  -0.455   0.404   0.103  -0.052  -0.080   0.029  -0.082   0.048   0.000
  1966  -1.194   1.367  -1.957  -4.523  -0.318   1.139  -1.903  -0.669  -0.584  -1.345   0.525  -0.391  -0.366   0.062  -0.337   0.218  -0.825   0.553  -0.222  -0.369  -0.126  -0.153  -0.452  -0.502   0.155  -0.170  -0.499  -0.039   0.824  -0.992  -0.292   0.085  -0.620  -0.551  -0.060  -0.022   0.214  -0.027  -0.260   0.121  -0.120   0.092   0.026  -0.228   0.118   0.163   0.258   0.035   0.135  -0.064   0.000
  1967   0.506   2.317  -1.498  -2.162  -1.256   1.551  -1.933  -1.244  -0.201  -1.101   0.293  -0.459  -0.543  -0.301  -0.680   0.051  -1.038  -0.911  -0.225   0.754  -0.783  -0.451  -0.544  -0.686   0.048   0.548  -0.092   0.152  -0.810  -0.002   0.086   0.056   0.770   0.047   0.055  -0.088  -0.495   0.333   0.395   0.486   0.221   0.070   0.162   0.130   0.052  -0.094   0.020   0.028   0.052   0.040   0.000
  1968   8.786   4.137   1.500   1.382  -0.649   1.441  -1.539  -1.317  -0.554   2.348   0.623   0.674   0.161   0.362  -1.518   0.494  -0.240  -1.547   0.260   0.555  -0.015   0.262   0.189   0.049  -0.486  -0.189   0.327   0.233   0.399   0.256   0.184   0.904  -0.214   0.109   0.212   0.275   0.216  -0.326  -0.431  -0.050  -0.107   0.120   0.072   0.261  -0.058   0.005   0.001   0.003   0.061   0.005   0.000
  1969   5.627   3.243   0.718  -0.363  -0.341   1.445  -2.204  -1.217   0.462   1.603   1.032   0.659  -0.674  -1.177  -0.794   0.287   1.203   0.281  -0.554   0.132   0.042  -0.685  -0.617   0.808   0.682  -0.101   0.438  -0.049  -0.674  -0.285  -0.268  -0.859  -0.483   0.377  -0.082   0.010   0.040   0.111   0.058  -0.116  -0.213   0.035   0.073  -0.227  -0.104   0.030  -0.002   0.024  -0.131  -0.008   0.000
  1970   7.277   4.388   2.281   1.833   1.556   0.868  -1.435   0.462   0.496   0.020  -0.984   1.847   0.547  -1.009  -0.477   0.144  -0.455   0.832   0.248  -0.866   0.382   0.280  -0.416  -0.479  -0.025   0.361  -0.237   0.239   0.690   0.512  -0.010  -0.187   0.130  -0.163   0.531  -0.233   0.192   0.199   0.263   0.038   0.427  -0.188  -0.233  -0.237  -0.126  -0.006  -0.173  -0.088   0.078   0.055   0.000
  1971   0.486   2.881   0.787  -1.578   0.953   1.668  -1.436   0.470  -0.158  -0.926  -0.824   0.618  -0.288  -1.725   1.383  -0.854   0.211   0.651   0.570  -0.409   0.746  -0.720   0.619  -0.420  -0.173  -0.230   0.155  -0.010   0.280   0.480  -0.001   0.324   0.217   0.234  -0.484   0.227  -0.306  -0.247  -0.204   0.067  -0.096   0.054   0.142   0.058   0.100  -0.151  -0.035   0.268  -0.072  -0.153   0.000
  1972  -1.715   2.987   1.138  -2.878   0.924   1.115  -0.835   2.139  -0.021   0.601  -0.213   0.635  -0.694   0.037   0.723   0.089   0.077  -0.366   1.028   0.397   0.603   0.195  -0.510   0.331  -0.592  -0.260  -0.289  -0.590  -0.742  -0.073   0.512  -0.073   0.161  -0.737  -0.563  -0.550   0.326  -0.248   0.023   0.053  -0.135  -0.100  -0.077   0.156   0.088   0.107  -0.015  -0.154  -0.063   0.092   0.000
  1973  -4.267   1.476   1.189  -5.393   0.095   0.796   1.056   1.594   0.152   1.582   1.594   0.490  -0.995   0.316   1.328   0.091   0.438   0.378  -0.431   0.893   0.381   0.512  -0.034   0.053  -0.193   0.736  -0.027   0.400   0.162  -0.286   0.183   0.174   0.023   0.075   0.319   0.166  -0.613   0.246  -0.143  -0.452   0.074  -0.404  -0.118  -0.025  -0.093  -0.173   0.138  -0.023   0.079  -0.014   0.000
  1974  -3.166   1.219   2.685  -4.486  -0.006   0.263   0.960   1.675   0.630   2.020   0.480  -0.995   0.200   0.653   0.370  -0.676   0.886   0.164  -0.189  -0.006   0.080   0.124  -0.155  -0.428   0.177  -0.441  -0.801   0.288   0.174   0.209  -0.416   0.128  -0.231   0.403   0.150   0.040  -0.013  -0.015   0.346   0.346  -0.034   0.714  -0.062  -0.001   0.178   0.068  -0.226  -0.028   0.029   0.051   0.000
  1975   1.206   2.710   4.473  -1.383   1.469  -1.041  -0.019   0.908   1.272   0.269  -0.362  -0.991  -0.147   0.953  -0.585  -0.633  -0.220   0.428   0.766  -0.428  -1.141   0.952  -0.105   0.369   0.926  -0.133  -0.113   0.059  -0.150   0.037  -0.131   0.246   0.514  -0.296  -0.168   0.411   0.149   0.068  -0.095  -0.121   0.264  -0.031   0.263  -0.128  -0.289   0.086   0.148   0.169  -0.150   0.020   0.000
  1976   0.771   2.547   4.375  -1.526   0.507  -0.456   1.419   0.312   0.702   0.541  -0.731  -0.792   0.562   1.051  -0.789   0.531   0.093   0.359   0.674  -1.115  -0.667  -0.691   0.110  -0.552   0.187   0.099   0.726   0.121  -0.198  -0.121  -0.044  -0.149  -0.015   0.209   0.203  -0.456  -0.032  -0.029   0.118  -0.016  -0.410  -0.453   0.127   0.215   0.267  -0.028   0.010  -0.108   0.084  -0.178   0.000
  1977  -5.807  -0.893   1.555  -5.116   0.885  -0.151   1.959  -1.189   0.346  -0.070   0.125  -0.930   0.744  -0.799  -0.546   1.603  -0.182   1.002  -0.600  -0.001  -0.145  -0.536   0.239  -0.015   0.033  -0.248   0.757  -0.558  -0.204   0.478   0.961  -0.047  -0.088  -0.099  -0.027   0.150   0.223  -0.063  -0.308   0.225   0.276   0.250  -0.247  -0.037  -0.142  -0.144   0.029   0.023   0.062   0.069   0.000
  1978   2.071   1.479   3.176   0.277   4.781  -1.639   2.129  -2.757   1.072  -1.742   0.192   0.913   0.039   0.181   0.011  -0.578  -0.738   0.299  -0.088   1.033   1.057  -0.767   0.202   0.117  -0.044  -0.309  -0.111   0.072  -0.395  -0.482  -0.283   0.478   0.117  -0.021   0.425   0.144  -0.113   0.194  -0.077   0.031  -0.187   0.036  -0.092   0.000   0.035   0.217  -0.031  -0.084  -0.115   0.020   0.000
  1979  -0.845   0.984   2.405  -1.254   2.463  -2.269   1.576  -2.301   1.128  -0.572   0.938   0.444   0.289  -0.141   0.144   0.301   0.510  -1.779   0.013  -0.526   0.161  -0.012   0.313  -0.207  -0.649   0.907  -0.567  -0.163   0.307   0.117  -0.237  -0.426  -0.149   0.174  -0.680  -0.177   0.215  -0.153   0.322  -0.176   0.061   0.099   0.150  -0.071  -0.146  -0.106   0.122   0.065   0.095   0.017   0.000
  1980  -7.018  -1.320  -2.396  -2.427   2.021  -3.636   0.376  -0.084  -1.068   0.365   0.422  -0.463  -0.305  -1.180  -1.416  -0.168  -0.844  -0.162  -0.289  -0.319  -0.034   0.655  -1.323   0.520  -0.745  -0.519   0.262   0.504   0.468   0.291  -0.138  -0.141   0.162  -0.074  -0.213   0.027  -0.285   0.072  -0.166  -0.135  -0.138  -0.176   0.147  -0.047   0.235  -0.074  -0.234   0.023  -0.057   0.026   0.000
  1981  -5.793  -0.670  -4.330  -0.038   2.681  -2.450  -0.486  -0.037  -1.972   2.545  -0.636   0.729  -0.386  -0.788   0.155   0.011  -0.372   1.026  -0.265   0.332  -0.578  -0.006   0.635  -0.247  -0.136  -0.116  -0.337  -0.745   0.000  -0.220  -0.105  -0.027   0.008   0.410   0.230  -0.277   0.121  -0.106   0.251   0.057   0.191  -0.102   0.225   0.364  -0.209   0.240   0.092   0.052   0.029  -0.034   0.000
  1982  -4.073   0.481  -5.116   2.188   1.991  -1.531  -0.358   1.344  -0.432   1.376  -0.315   1.304  -0.130   1.408  -0.689   0.383  -0.723   0.032   0.446  -0.228   0.116  -0.103   0.329  -0.642   0.434   0.702   0.015  -0.234  -0.351   0.218  -0.098  -0.302   0.212  -0.180  -0.297   0.591  -0.179   0.120  -0.210   0.100  -0.481   0.325  -0.306  -0.232  -0.036  -0.108  -0.004  -0.066   0.005  -0.066   0.000
  1983  -3.771  -0.226  -4.215   1.881   2.286  -0.390  -1.244  -0.186  -0.154   0.582   0.013  -0.356   0.089   0.335   0.155  -0.088   0.626  -0.079  -0.325  -0.841  -0.082  -0.330   0.450   0.152   0.239  -0.059   0.010   0.537  -0.112  -0.257   0.552   1.090  -0.084   0.245  -0.050  -0.588   0.198   0.170   0.229  -0.043   0.058  -0.008   0.014  -0.365   0.165  -0.257   0.154  -0.057  -0.143   0.099   0.000
  1984  -4.769   0.329  -4.166   2.187   1.076  -0.630  -0.647  -1.347   0.810   0.521   0.422  -1.080   0.363   0.250  -0.020  -1.048   1.179  -0.346   1.472  -0.552   0.583  -0.501  -0.011   0.807   0.109  -0.514   0.114   0.132  -0.244  -0.327   0.059  -0.235   0.025  -0.508   0.416   0.042  -0.422  -0.156   0.052   0.008   0.279   0.037  -0.147   0.100  -0.101  -0.052  -0.036   0.112   0.242  -0.009   0.000
  1985  -6.983   1.163  -5.089   1.531   0.445   1.196  -0.308   0.893   2.488  -0.285   0.469  -0.922   0.129   1.541   0.761   0.191  -0.651   0.002  -0.133   0.348   0.543  -0.696  -0.776  -0.135  -0.226   0.419   0.210   0.160  -0.113   0.489  -0.139  -0.053  -0.208   0.506  -0.156   0.026   0.557   0.120  -0.385  -0.090   0.413  -0.228   0.135   0.027   0.036   0.228  -0.133   0.071   0.002  -0.029   0.000
  1986  -1.630   1.314  -2.830   3.791   1.608   1.201  -0.192  -0.109   2.868  -1.045  -0.316  -1.082  -0.509  -0.866   0.078   0.768   0.670   0.466   0.003   1.319  -0.324   0.865   0.022  -0.456   0.604  -0.195   0.204  -0.611   0.717  -0.023   0.128   0.030   0.201  -0.049   0.021   0.081   0.033  -0.097   0.308  -0.304  -0.486   0.045   0.192   0.053   0.060  -0.098  -0.078  -0.055   0.091   0.085   0.000
  1987  -3.630   0.539  -1.827   2.320   1.665   0.958   0.385  -0.006   1.245  -0.524   0.303  -0.019  -0.089  -0.481   0.345   0.698   1.608  -0.363  -0.672  -0.553  -0.591   1.052   0.373  -0.533  -0.736   0.066   0.231   0.518  -0.061   0.092  -0.294  -0.263  -0.270  -0.395   0.200   0.104  -0.268  -0.074  -0.258   0.623   0.102  -0.113  -0.115   0.207   0.014   0.133   0.120  -0.053  -0.204  -0.035   0.000
  1988  -7.055  -0.418  -1.730   0.643  -0.297   2.797   1.841   0.514   0.599  -0.558  -0.219   0.909   2.005  -1.381  -0.193   0.039  -0.458  -0.423  -0.442  -0.334  -0.681   0.497  -0.134   0.866   0.187  -0.196  -1.046   0.261  -0.724   0.165   0.436   0.290  -0.111   0.045   0.006   0.178   0.054   0.143   0.110  -0.231  -0.181   0.018   0.006  -0.014  -0.017   0.109  -0.009  -0.031   0.086  -0.206   0.000
  1989  -5.461  -0.392  -0.139   1.900   0.456   2.821   2.457   1.807  -0.120  -0.365   0.385   1.017   0.909  -0.156  -0.636  -0.922  -0.904  -0.078   0.268   0.121  -0.575  -0.540  -0.071   0.532   0.379   0.242  -0.009  -0.483   0.370  -0.269  -0.683  -0.289  -0.111   0.111   0.181  -0.331  -0.173  -0.385  -0.400   0.056   0.197   0.131   0.118   0.135   0.091  -0.312   0.097  -0.045  -0.076   0.147   0.000
  1990  -2.671   0.504   1.123   4.135  -0.883   2.279   2.867   1.521  -1.292   0.292   0.822  -0.539  -1.576   0.390  -1.949  -0.455   0.356  -0.030  -0.633   0.295   0.733  -0.463   0.547   0.293  -0.400   0.089   0.155  -0.171   0.635   0.037   0.400  -0.128   0.375  -0.295  -0.118  -0.121   0.071   0.221   0.396   0.092   0.066   0.003  -0.019  -0.157   0.062   0.189   0.045   0.159  -0.029  -0.096   0.000
  1991  -7.853  -1.236   0.322   1.042  -1.608   1.318   1.208  -0.020  -1.953  -0.785  -0.242  -0.738  -0.797  -0.828  -0.454  -0.759   0.183   0.702   0.393  -0.633   0.596  -0.247   0.125  -0.683  -0.039   0.324   0.100   0.956  -0.496   0.091  -0.158   0.146  -0.318  -0.033  -0.175   0.390   0.240  -0.037   0.037  -0.076  -0.263  -0.097   0.274   0.124  -0.350   0.040  -0.021  -0.170   0.071   0.188   0.000
  1992  -5.398  -0.316   1.423   2.213  -2.298   0.407   0.086  -1.124  -0.045  -0.028  -0.031  -0.552  -0.021  -0.662  -0.632  -0.429  -0.257   0.195   0.890  -0.041  -0.028   0.972  -0.227  -1.038  -0.558  -0.074   0.222  -0.233  -0.387  -0.978   0.051  -0.045   0.141   0.645  -0.204   0.044   0.014  -0.232  -0.005  -0.439   0.351   0.142  -0.487  -0.065   0.124   0.045   0.004  -0.008  -0.084  -0.043   0.000
  1993  -4.007  -0.455   1.245   2.562  -2.530   0.932   1.155  -2.572  -0.692   1.398   1.241   0.328   0.167   0.505   1.543   0.364  -0.696   0.042  -0.464  -0.398   0.075   0.649   0.272  -0.646   0.154  -0.464  -0.153  -0.115  -0.438   0.081  -0.228  -0.172   0.392  -0.329   0.272  -0.536   0.130  -0.013  -0.320   0.037  -0.311  -0.120   0.135  -0.267  -0.019  -0.047  -0.169   0.236   0.024   0.061   0.000
  1994  -3.676   0.128   1.795   3.544  -2.388   0.059  -0.132  -2.943  -0.885   1.384   0.499  -1.052   0.471   0.170   0.877   1.012  -0.491   0.958   0.480   0.283   0.396  -0.113  -0.348   0.685   0.381   0.162  -0.378  -0.203   0.449   0.609  -0.427   0.246  -0.057  -0.196  -0.479   0.179  -0.329  -0.066   0.254   0.161   0.226  -0.107  -0.005   0.023   0.098  -0.029   0.107  -0.248  -0.078  -0.086   0.000
  1995  -4.786   0.399   3.163   3.721  -0.663  -0.686  -0.213   0.141  -0.054  -0.981  -1.344   1.191  -1.339   1.178   0.256   0.876  -0.033   0.131  -0.209  -0.315   0.343   0.404  -0.553   0.374   0.070  -0.782  -0.308   0.097   0.130  -0.484   0.248  -0.137  -0.324   0.340  -0.255   0.042   0.073   0.713  -0.075   0.220   0.031   0.095  -0.023   0.417  -0.074  -0.281   0.024   0.090   0.062   0.002   0.000
  1996  -5.815  -0.208   3.639   2.952   0.208  -1.238  -0.483   0.652  -1.415  -1.324  -0.759   0.334  -2.162  -0.145   1.040   1.169   0.697  -0.274  -0.127  -0.343  -1.249  -0.572  -0.259   0.735  -0.066   0.647  -0.005  -0.143  -0.161  -0.016  -0.005   0.307   0.119   0.085   0.303   0.144  -0.113  -0.448  -0.226  -0.114   0.088   0.203   0.009  -0.226   0.169   0.194  -0.142  -0.015   0.110   0.023   0.000
  1997 -11.451  -2.128   1.064  -1.631  -1.833  -0.601  -1.576   1.421  -0.150  -0.496  -0.288   0.043   1.085   0.224  -0.095   1.211   0.227  -1.594  -0.375  -0.374   0.870  -0.827  -0.017  -0.458   0.648  -0.733  -0.370  -0.215   0.542  -0.258   0.149  -0.182   0.480   0.169   0.316   0.308  -0.164  -0.315   0.127  -0.083  -0.041  -0.303   0.000  -0.025  -0.192   0.078   0.001  -0.054  -0.145   0.033   0.000
  1998  -5.259  -1.787   3.908   1.694  -0.280  -2.309  -2.094   0.828   0.013  -0.225  -1.348  -0.066   0.451   0.019  -0.989  -0.753   0.013  -0.070  -0.924   1.250   0.814   0.549   0.661  -0.370   0.632   0.065  -0.152   0.272  -0.685   0.536   0.020  -0.275  -0.575  -0.272   0.046  -0.126  -0.039  -0.283  -0.108  -0.089   0.258  -0.099   0.119  -0.076   0.302  -0.065   0.120   0.046   0.086  -0.018   0.000
  1999  -8.960  -2.505   2.607  -0.141  -1.972  -1.403  -2.518   0.202   0.485  -0.724   0.078  -1.050   0.639  -0.488  -0.244  -1.351   0.402   0.056   0.189   0.512  -0.121   0.114   0.012   0.640  -0.424   0.748   0.002  -0.367   0.368   0.246  -0.161   0.202   0.214   0.233   0.199  -0.548   0.215   0.348  -0.341   0.301  -0.484   0.021  -0.272  -0.010  -0.300  -0.004   0.012  -0.022  -0.008  -0.063   0.000
  2000  -8.918  -2.364   2.230   0.566  -1.318  -0.440  -1.209   0.159   0.477   0.433   0.669   1.630   1.291   0.234   1.364  -1.001  -0.675  -0.225   0.172   0.369  -1.098  -0.413   0.226  -0.044  -0.478  -0.147   1.282   0.226   0.387  -0.161   0.257  -0.129  -0.373  -0.409  -0.079   0.357   0.114   0.297   0.542  -0.082   0.002   0.139   0.080  -0.010   0.081   0.096  -0.020   0.013  -0.023   0.039   0.000
