 eigenvalue 16.460   3.125   2.648   2.533   1.365   0.964   0.749   0.675   0.544   0.470   0.401   0.305   0.302   0.257   0.247   0.227   0.207   0.173   0.152   0.145   0.136   0.121   0.111   0.101   0.097   0.081   0.076   0.073   0.071   0.062   0.055   0.048   0.045   0.041   0.036   0.033   0.031   0.030   0.025   0.023   0.021   0.019   0.014   0.014   0.010   0.008   0.006   0.004   0.004   0.003   0.000
 eval sderr  3.259   0.619   0.524   0.502   0.270   0.191   0.148   0.134   0.108   0.093   0.079   0.060   0.060   0.051   0.049   0.045   0.041   0.034   0.030   0.029   0.027   0.024   0.022   0.020   0.019   0.016   0.015   0.015   0.014   0.012   0.011   0.010   0.009   0.008   0.007   0.007   0.006   0.006   0.005   0.005   0.004   0.004   0.003   0.003   0.002   0.002   0.001   0.001   0.001   0.001   0.000
 % variance  0.494   0.094   0.079   0.076   0.041   0.029   0.022   0.020   0.016   0.014   0.012   0.009   0.009   0.008   0.007   0.007   0.006   0.005   0.005   0.004   0.004   0.004   0.003   0.003   0.003   0.002   0.002   0.002   0.002   0.002   0.002   0.001   0.001   0.001   0.001   0.001   0.001   0.001   0.001   0.001   0.001   0.001   0.000   0.000   0.000   0.000   0.000   0.000   0.000   0.000   0.000
 cumulative  0.494   0.587   0.667   0.743   0.784   0.813   0.835   0.855   0.872   0.886   0.898   0.907   0.916   0.924   0.931   0.938   0.944   0.949   0.954   0.958   0.962   0.966   0.969   0.972   0.975   0.977   0.980   0.982   0.984   0.986   0.988   0.989   0.990   0.992   0.993   0.994   0.995   0.996   0.996   0.997   0.998   0.998   0.999   0.999   0.999   0.999   1.000   1.000   1.000   1.000   1.000
 brokn stck  4.519   3.519   3.019   2.685   2.435   2.235   2.069   1.926   1.801   1.690   1.590   1.499   1.416   1.339   1.267   1.201   1.138   1.079   1.024   0.971   0.921   0.873   0.828   0.785   0.743   0.703   0.664   0.627   0.592   0.557   0.524   0.492   0.460   0.430   0.401   0.372   0.344   0.317   0.291   0.265   0.240   0.216   0.192   0.169   0.146   0.124   0.102   0.081   0.060   0.040   0.020
 series_id   #  1       2       3       4       5       6       7       8       9      10      11      12      13      14      15      16      17      18      19      20      21      22      23      24      25      26      27      28      29      30      31      32      33      34      35      36      37      38      39      40      41      42      43      44      45      46      47      48      49      50      51
  22371     -0.062   0.180  -0.032   0.238   0.028   0.165   0.032  -0.019   0.150   0.045  -0.135  -0.132   0.108   0.126   0.096  -0.162  -0.320   0.191  -0.156   0.033  -0.050   0.079   0.136  -0.142  -0.012   0.217   0.064   0.044  -0.108   0.093  -0.153   0.034  -0.032   0.050   0.095   0.070   0.040   0.085  -0.119  -0.056   0.009  -0.196  -0.024   0.084   0.048   0.013   0.148  -0.167   0.078  -0.282   0.117
  32368      0.123   0.113  -0.072   0.025  -0.027  -0.063   0.050  -0.178   0.050   0.060  -0.075  -0.048  -0.293   0.165  -0.060  -0.132  -0.145  -0.216  -0.100  -0.180   0.110   0.304  -0.087   0.360   0.050  -0.035   0.040   0.056  -0.139  -0.038   0.004  -0.106   0.120   0.045   0.110   0.095  -0.062   0.044   0.089  -0.005  -0.050  -0.061  -0.044  -0.083   0.006  -0.092  -0.156   0.025  -0.078  -0.041   0.171
  32493      0.115   0.196  -0.082  -0.008  -0.023   0.014   0.133   0.077  -0.163   0.011  -0.150  -0.068  -0.041   0.012  -0.089  -0.120   0.005   0.098  -0.172  -0.008   0.058  -0.141   0.054   0.143   0.282  -0.052  -0.004   0.039   0.011   0.112   0.032   0.127  -0.136   0.051  -0.156   0.082  -0.076  -0.075   0.133  -0.078   0.000  -0.118  -0.103   0.074  -0.040  -0.106   0.169   0.007  -0.037  -0.203  -0.196
  32498      0.141  -0.065  -0.052   0.063   0.097  -0.016   0.161   0.089   0.000   0.057  -0.055  -0.117   0.064  -0.065  -0.017  -0.059   0.062   0.001  -0.101  -0.026   0.080  -0.047  -0.134   0.118  -0.063   0.158   0.135  -0.016  -0.033   0.063  -0.078  -0.268  -0.129  -0.173   0.202  -0.021  -0.080  -0.073   0.028  -0.166   0.003  -0.058   0.124   0.175  -0.265   0.228  -0.048   0.168   0.286   0.107  -0.072
  40533      0.116   0.059  -0.111   0.125   0.102  -0.017  -0.110   0.164  -0.022   0.293  -0.123   0.135  -0.019  -0.046   0.127  -0.122  -0.032   0.039  -0.077   0.129   0.053  -0.128  -0.075   0.108   0.030   0.011  -0.125   0.152   0.183  -0.190   0.007  -0.086   0.002  -0.249   0.205  -0.082  -0.055   0.016   0.095  -0.157  -0.010   0.118  -0.007  -0.087   0.334  -0.025   0.100  -0.018   0.094   0.066  -0.068
  42207      0.089   0.048  -0.062   0.045   0.096   0.357  -0.224   0.064   0.306  -0.038  -0.013  -0.102  -0.068   0.221  -0.051   0.119  -0.069   0.081   0.086   0.015   0.124  -0.027   0.177  -0.096   0.126  -0.245  -0.020   0.199   0.037   0.164   0.101  -0.159   0.195   0.069  -0.076  -0.203  -0.110   0.041   0.095  -0.033   0.091  -0.078   0.012  -0.132   0.052  -0.004  -0.036   0.055   0.090   0.174   0.042
  42248      0.147  -0.042  -0.016   0.008   0.072  -0.036  -0.112  -0.081   0.070   0.026  -0.166  -0.043  -0.090   0.005  -0.090   0.095   0.170  -0.018   0.019  -0.042   0.186  -0.050  -0.040   0.027   0.017  -0.208   0.102  -0.148  -0.051   0.166   0.000  -0.074  -0.111   0.049  -0.011   0.116   0.034   0.158  -0.098  -0.247   0.079   0.004  -0.196   0.124   0.037   0.168   0.018  -0.185   0.007  -0.111   0.174
  42283      0.138   0.050  -0.062  -0.055   0.025   0.016   0.180   0.074   0.125   0.147   0.028  -0.097  -0.063  -0.014  -0.038  -0.056  -0.045  -0.089   0.181   0.237  -0.091  -0.002   0.119  -0.092  -0.178  -0.086   0.026  -0.140   0.074  -0.095  -0.063   0.200  -0.124  -0.023  -0.182   0.187  -0.068   0.163   0.089  -0.248   0.164   0.046   0.108  -0.023   0.029  -0.179  -0.207   0.036   0.014   0.013   0.090
  42304      0.142  -0.083  -0.081   0.014  -0.114  -0.044   0.007   0.032  -0.065  -0.088  -0.012  -0.092   0.049  -0.017   0.076   0.095  -0.096  -0.066  -0.066  -0.155  -0.003   0.057   0.224  -0.023  -0.023  -0.123   0.149  -0.089  -0.059  -0.186   0.043  -0.069  -0.161  -0.118  -0.059  -0.075   0.115  -0.168  -0.055  -0.078   0.193   0.016   0.053   0.099   0.056   0.026  -0.114  -0.064   0.068  -0.075   0.059
  50404      0.132   0.048  -0.122  -0.141   0.029   0.006   0.024   0.027   0.058   0.090  -0.114   0.038  -0.019  -0.005   0.103  -0.069  -0.081  -0.015  -0.211   0.100  -0.045  -0.017  -0.122  -0.141  -0.036  -0.136  -0.032  -0.072  -0.138  -0.173  -0.168   0.087   0.102   0.049  -0.014  -0.272   0.160   0.126   0.150  -0.020  -0.009  -0.027  -0.011  -0.027   0.166   0.110  -0.117   0.232  -0.088   0.030  -0.023
  52276      0.145  -0.027  -0.035  -0.105   0.084  -0.025   0.087  -0.023   0.024   0.053  -0.022  -0.111  -0.055   0.111   0.010   0.027   0.152   0.031  -0.129  -0.062   0.118  -0.007  -0.051  -0.201   0.035  -0.151   0.097  -0.040   0.018  -0.051  -0.079  -0.045  -0.034   0.114   0.035   0.001   0.001  -0.017   0.031   0.047   0.129  -0.034  -0.175   0.219  -0.015  -0.114   0.134  -0.227  -0.150   0.209  -0.260
  52403      0.128  -0.047   0.161  -0.041  -0.009   0.106   0.136  -0.081  -0.112   0.055  -0.070  -0.044  -0.010  -0.005   0.039  -0.117   0.024  -0.038   0.055  -0.027   0.222   0.144   0.030  -0.161  -0.121   0.113  -0.138   0.172  -0.112   0.026   0.215   0.361   0.177  -0.049  -0.017   0.088   0.209  -0.061  -0.003  -0.020   0.183  -0.074   0.009   0.114  -0.003  -0.162   0.066   0.224   0.116  -0.101   0.085
  62007      0.084  -0.056   0.273   0.110  -0.022   0.155   0.057   0.054  -0.063   0.166   0.018  -0.147   0.017   0.110   0.014   0.002   0.016   0.075   0.036   0.076  -0.094  -0.064  -0.168   0.088   0.050   0.168  -0.140   0.047   0.057   0.026  -0.203   0.034   0.250  -0.022  -0.050   0.140   0.066  -0.048   0.036   0.016   0.121   0.083  -0.035  -0.141  -0.087   0.046  -0.100  -0.104   0.036   0.140  -0.006
  80046      0.147  -0.015   0.094  -0.032   0.022  -0.025   0.018  -0.069   0.037  -0.068   0.002   0.120   0.044   0.138   0.099   0.025  -0.030  -0.060   0.131   0.121  -0.064  -0.170  -0.012   0.053   0.069  -0.089   0.176  -0.116   0.070   0.111   0.101  -0.023   0.140   0.122   0.290  -0.154   0.195  -0.136  -0.158  -0.156  -0.267  -0.055  -0.064   0.010  -0.057  -0.277   0.030   0.206   0.004  -0.109   0.003
  80056      0.142  -0.061  -0.106  -0.062   0.050   0.031  -0.026   0.032  -0.012   0.124   0.010  -0.064  -0.088   0.107  -0.111   0.102  -0.113  -0.059  -0.024  -0.057  -0.152   0.009  -0.084  -0.027   0.088   0.175   0.009  -0.047   0.021  -0.031  -0.037   0.158   0.133   0.133  -0.025  -0.131  -0.094  -0.138   0.002   0.166  -0.121  -0.074  -0.049   0.199   0.037  -0.035   0.212  -0.021   0.030   0.147   0.068
  80148      0.050  -0.175   0.005   0.233   0.129  -0.103  -0.109  -0.234  -0.065  -0.005  -0.085   0.198   0.006  -0.072   0.213  -0.153  -0.086   0.260   0.279   0.089   0.072   0.096  -0.020   0.187   0.093  -0.183   0.004  -0.086  -0.085  -0.035  -0.111  -0.014  -0.033  -0.132  -0.106  -0.084   0.122  -0.104  -0.045  -0.001   0.121  -0.036   0.023  -0.020  -0.062  -0.119   0.121   0.001  -0.138   0.028   0.029
  80156      0.140  -0.066  -0.138  -0.004  -0.092  -0.044  -0.036   0.054  -0.025   0.047  -0.038  -0.006  -0.062  -0.042   0.008   0.025  -0.101  -0.094   0.131  -0.072  -0.153   0.014  -0.082   0.021   0.119   0.170   0.009   0.045  -0.043   0.015  -0.015   0.044  -0.065   0.043  -0.115  -0.070   0.142   0.001  -0.059   0.063  -0.122  -0.192  -0.104   0.026  -0.132   0.203   0.007   0.060   0.099   0.323   0.261
  80159      0.132  -0.140  -0.100  -0.033   0.002   0.064   0.054   0.110  -0.039  -0.010   0.018   0.070  -0.046   0.051   0.231  -0.069  -0.114   0.030   0.142   0.077  -0.100  -0.070   0.008  -0.149   0.051  -0.074   0.155   0.068  -0.118   0.013  -0.034   0.035  -0.154  -0.060   0.089  -0.019  -0.031   0.004   0.283   0.171   0.032   0.145  -0.128   0.049  -0.120  -0.111  -0.130  -0.078   0.186  -0.015   0.188
  80576      0.067  -0.011  -0.003   0.257   0.056  -0.009  -0.337   0.022  -0.200   0.171  -0.105   0.063  -0.177   0.094   0.199   0.204   0.146  -0.015   0.054  -0.107   0.079  -0.134   0.151  -0.148  -0.099   0.071  -0.038  -0.002  -0.124  -0.132  -0.170  -0.039   0.125   0.091  -0.041  -0.027  -0.040   0.127  -0.054   0.016  -0.009   0.043  -0.124   0.081  -0.319   0.027  -0.014   0.093  -0.060  -0.165  -0.055
  82120      0.116   0.189  -0.065  -0.095   0.005   0.083   0.087   0.008  -0.191   0.032  -0.007  -0.038   0.023  -0.015   0.029   0.007  -0.181  -0.188   0.014  -0.091   0.072  -0.082  -0.075   0.122   0.059  -0.119   0.209  -0.032   0.046   0.054   0.006  -0.036   0.036  -0.059  -0.031   0.072  -0.060   0.214  -0.202   0.135  -0.005   0.138  -0.004  -0.129  -0.053  -0.024   0.010  -0.017  -0.111  -0.053  -0.051
  82434      0.122  -0.146   0.080   0.035   0.089  -0.072   0.033  -0.262   0.013   0.000   0.043   0.105   0.055  -0.032   0.008  -0.040  -0.137   0.025   0.020   0.063   0.028   0.204  -0.019  -0.025   0.272  -0.030  -0.003  -0.058   0.250  -0.104   0.098  -0.065   0.044   0.192  -0.004   0.054   0.080   0.146  -0.136   0.128   0.069   0.014   0.173   0.050   0.074   0.150  -0.080  -0.027   0.124  -0.076   0.034
  90084      0.137  -0.018  -0.045  -0.026  -0.138  -0.132   0.022   0.153   0.059  -0.035  -0.038   0.166   0.026   0.003   0.143   0.023   0.120   0.197  -0.034   0.031  -0.189   0.152  -0.206  -0.092  -0.036   0.101   0.015  -0.006   0.032   0.330   0.021  -0.073  -0.120   0.089  -0.113   0.045  -0.090  -0.097  -0.034  -0.023   0.189   0.067  -0.110  -0.094   0.025  -0.019   0.142   0.101  -0.088  -0.003   0.082
  90104      0.139  -0.089   0.096  -0.042   0.019  -0.094  -0.046   0.018  -0.071   0.018   0.132  -0.095  -0.027   0.024   0.070   0.224  -0.121   0.071   0.014  -0.028  -0.001  -0.050   0.243  -0.013   0.026   0.040  -0.042  -0.023  -0.012   0.225  -0.124  -0.046  -0.148  -0.025   0.059   0.092  -0.031   0.107  -0.115   0.034  -0.214  -0.127   0.144  -0.089   0.267  -0.122   0.009   0.198  -0.075  -0.003  -0.209
  90577      0.116   0.065   0.161   0.006   0.017   0.266   0.020  -0.025   0.101   0.165  -0.077  -0.043   0.108   0.095  -0.029  -0.048   0.090   0.174   0.002   0.171  -0.019  -0.002  -0.155  -0.069  -0.021  -0.054   0.145  -0.215   0.027  -0.096   0.111  -0.081  -0.199  -0.105  -0.008  -0.016  -0.100  -0.046  -0.037   0.198  -0.103  -0.196   0.107  -0.061  -0.049   0.076  -0.143   0.172  -0.065  -0.112   0.025
  90634      0.114   0.083   0.201  -0.157   0.000  -0.018   0.098  -0.027  -0.016  -0.030  -0.013   0.073   0.002  -0.007   0.063  -0.050  -0.035  -0.162   0.005  -0.037   0.057  -0.083   0.005  -0.060  -0.048  -0.091   0.014   0.002  -0.100   0.111  -0.008  -0.098   0.026  -0.102  -0.026   0.063   0.076  -0.063   0.238   0.094  -0.032  -0.064  -0.084   0.070   0.031   0.161   0.241   0.081  -0.043  -0.075   0.051
  90650      0.013   0.049   0.162   0.183  -0.299  -0.067   0.137   0.141   0.229   0.318  -0.038   0.099  -0.106  -0.078   0.005   0.157  -0.001   0.054  -0.008  -0.101   0.033   0.093  -0.001  -0.023   0.262  -0.028   0.241  -0.104   0.014  -0.072  -0.045   0.150   0.043  -0.173  -0.156  -0.015  -0.028   0.056  -0.005   0.051  -0.171  -0.018   0.070  -0.029  -0.039  -0.070   0.031  -0.036   0.064  -0.025  -0.158
  91493      0.037   0.182  -0.253  -0.003   0.077  -0.159   0.191  -0.022   0.196   0.103  -0.074   0.054  -0.040  -0.031   0.037   0.133   0.039  -0.113   0.155   0.112   0.322  -0.069   0.010   0.085  -0.092   0.045  -0.208  -0.010   0.119   0.080   0.042   0.199  -0.107   0.158   0.100  -0.175  -0.002  -0.033  -0.139   0.244   0.081  -0.024  -0.084  -0.167   0.018   0.159  -0.030  -0.049   0.124  -0.045  -0.051
  91499     -0.018  -0.079  -0.215   0.266  -0.015   0.082   0.168   0.177   0.008   0.003  -0.055  -0.073   0.079   0.021   0.254  -0.168   0.193  -0.084  -0.029  -0.118   0.004  -0.077   0.058  -0.003  -0.029   0.034  -0.008  -0.046   0.144   0.034   0.168  -0.238  -0.026   0.247  -0.233   0.142   0.083   0.067   0.045   0.127  -0.133   0.054   0.053   0.026   0.180  -0.023   0.038   0.216  -0.192  -0.002   0.223
  100551     0.142  -0.026   0.018   0.046  -0.138   0.129  -0.049   0.076   0.029  -0.087   0.073  -0.134  -0.047  -0.131   0.003  -0.027   0.092   0.048  -0.081   0.073   0.044   0.228  -0.044   0.094   0.139   0.062  -0.272   0.032  -0.089  -0.070   0.022  -0.063  -0.094  -0.031   0.095  -0.087  -0.041  -0.028  -0.085   0.051   0.074  -0.031  -0.073   0.263   0.071   0.038  -0.240   0.092  -0.324  -0.033  -0.146
  101123     0.148   0.014  -0.049  -0.082  -0.090  -0.009   0.044   0.104  -0.149   0.005  -0.002   0.031  -0.038   0.014   0.089  -0.005  -0.026   0.004   0.018   0.036   0.079  -0.078  -0.015   0.129   0.032   0.075   0.045  -0.023  -0.044  -0.130   0.056  -0.030  -0.005   0.034   0.077   0.000   0.137   0.101  -0.058  -0.027   0.124  -0.194   0.052  -0.028  -0.072  -0.054   0.075  -0.003   0.063   0.110  -0.080
  101215     0.127  -0.142   0.079   0.049  -0.025  -0.043  -0.104  -0.007   0.181   0.034  -0.015   0.093  -0.143  -0.098   0.001  -0.144   0.207   0.065  -0.131  -0.104   0.165   0.045   0.082  -0.022  -0.233   0.046   0.076   0.001  -0.078   0.025  -0.002   0.187  -0.116   0.119   0.157   0.032  -0.231  -0.160  -0.027  -0.002  -0.221  -0.001  -0.004   0.011   0.102  -0.191  -0.158  -0.133   0.028   0.096   0.162
  102238     0.136  -0.066   0.116  -0.015   0.107   0.161   0.027   0.037   0.022   0.020   0.062  -0.089  -0.049   0.018   0.066   0.100  -0.039   0.025  -0.044  -0.112   0.169   0.096  -0.062   0.127  -0.193   0.110   0.052  -0.172   0.124  -0.044  -0.002   0.022  -0.061  -0.074  -0.114  -0.151   0.075  -0.125  -0.175   0.059  -0.005   0.273  -0.038   0.059   0.211   0.004   0.255   0.008   0.064   0.068   0.033
  110819     0.114   0.027  -0.076   0.149   0.103  -0.123  -0.101  -0.278  -0.071  -0.114  -0.029  -0.104  -0.040   0.004  -0.115   0.041   0.132   0.181  -0.011   0.078   0.001  -0.340   0.000   0.117  -0.003   0.007   0.035   0.102   0.126   0.064   0.014   0.211  -0.089  -0.081  -0.058   0.092   0.081   0.073   0.195   0.257  -0.122  -0.046   0.172   0.246   0.093   0.074  -0.112   0.019   0.092   0.007   0.030
  110920     0.142   0.060  -0.073   0.013   0.099   0.020  -0.088  -0.126   0.009  -0.056  -0.202  -0.061   0.081  -0.130  -0.040   0.027   0.004   0.013  -0.039   0.151  -0.024   0.068  -0.022   0.045   0.076   0.100   0.045   0.196   0.035  -0.067   0.112  -0.113   0.010   0.016   0.007   0.133   0.070  -0.190   0.123  -0.057   0.008  -0.028   0.031  -0.126   0.002  -0.130   0.184  -0.106  -0.111   0.105   0.048
  111163     0.139  -0.064   0.007  -0.086   0.077   0.043  -0.042   0.091   0.231  -0.059  -0.057   0.057   0.040  -0.110   0.019  -0.070   0.078  -0.112   0.139   0.067   0.118  -0.030   0.085  -0.013  -0.035   0.034   0.174   0.019  -0.116   0.098   0.128   0.028   0.198  -0.337  -0.029   0.197   0.136  -0.065  -0.029   0.105  -0.033   0.003  -0.012  -0.030  -0.049   0.057  -0.015  -0.078  -0.238   0.127  -0.155
  112206     0.030   0.286   0.068   0.037  -0.069  -0.140  -0.154   0.199  -0.076  -0.076   0.012   0.107  -0.089  -0.361  -0.046  -0.133  -0.046   0.012   0.159  -0.017   0.055   0.034   0.055  -0.115  -0.148   0.126   0.219   0.161   0.076  -0.023   0.047  -0.163   0.204  -0.041   0.031  -0.090  -0.068   0.196  -0.022   0.139   0.097  -0.097   0.001   0.179   0.164   0.021  -0.002   0.013   0.040  -0.084   0.040
  121379     0.139   0.073  -0.010  -0.023  -0.157  -0.043   0.093  -0.102   0.058  -0.035  -0.031   0.031   0.002  -0.126  -0.100  -0.001  -0.071   0.261   0.037  -0.164   0.040  -0.096  -0.003  -0.156  -0.054  -0.089  -0.163  -0.016  -0.045  -0.101  -0.053  -0.184   0.051   0.102   0.288   0.239  -0.015  -0.112  -0.120  -0.096  -0.022   0.017   0.005  -0.116  -0.052   0.003  -0.025   0.152   0.144   0.060   0.032
  130911     0.148   0.044  -0.030  -0.103  -0.001   0.028  -0.029  -0.129  -0.046  -0.021  -0.004  -0.005  -0.065  -0.120  -0.055   0.083  -0.136   0.048  -0.008   0.012  -0.005  -0.030  -0.042   0.009  -0.046   0.031  -0.081   0.050   0.102   0.004  -0.096   0.041  -0.075   0.024  -0.107  -0.124  -0.048  -0.022   0.252  -0.176  -0.046   0.213   0.126   0.035  -0.113  -0.042   0.033   0.014  -0.139  -0.129   0.039
  130991     0.142   0.033  -0.102  -0.019  -0.050  -0.044  -0.150  -0.011  -0.002   0.101   0.008   0.128   0.113  -0.064  -0.075  -0.071  -0.076  -0.161  -0.083   0.028  -0.109   0.129   0.084  -0.046  -0.024   0.043  -0.024  -0.230   0.134   0.275  -0.076   0.070   0.015  -0.041   0.176  -0.063  -0.059  -0.014   0.078   0.146  -0.010   0.135   0.040  -0.002  -0.130  -0.123   0.065  -0.084   0.005  -0.100   0.062
  131009     0.126   0.086  -0.045   0.076   0.000  -0.173   0.086  -0.079   0.088   0.046   0.060  -0.120   0.281   0.127   0.162  -0.147   0.055  -0.146   0.065   0.028  -0.210  -0.099   0.309   0.041  -0.052  -0.014  -0.067  -0.039  -0.164  -0.287   0.155   0.011   0.110   0.089   0.037  -0.041  -0.222  -0.143  -0.072  -0.010  -0.004   0.015   0.062   0.068  -0.014   0.059   0.143  -0.132  -0.007   0.053  -0.140
  132232    -0.087  -0.051  -0.186   0.240   0.072   0.047   0.078   0.090  -0.005   0.050   0.009   0.072   0.057  -0.041  -0.202  -0.126  -0.052  -0.012  -0.054  -0.032  -0.056  -0.048  -0.057   0.057  -0.120  -0.148   0.316   0.070  -0.011   0.106  -0.114   0.069   0.187   0.172  -0.043   0.056   0.187  -0.174  -0.070  -0.083  -0.027   0.123   0.134   0.021   0.007   0.102  -0.138  -0.109  -0.041   0.052  -0.114
  132250    -0.033   0.203  -0.155   0.203   0.006  -0.057   0.014   0.042   0.194   0.035   0.234   0.095  -0.194   0.260  -0.162   0.046  -0.139   0.068   0.170  -0.108  -0.031  -0.051  -0.170  -0.062  -0.141   0.045  -0.108  -0.041   0.144  -0.072   0.246  -0.073  -0.064  -0.105   0.009   0.163   0.138  -0.115   0.030   0.023   0.086   0.011  -0.083   0.191  -0.158  -0.123  -0.013   0.119  -0.075  -0.046  -0.140
  132396     0.081  -0.053   0.287   0.066  -0.052   0.036  -0.005   0.203  -0.040  -0.162   0.045  -0.077  -0.151   0.069  -0.058  -0.077   0.104   0.004   0.038  -0.082  -0.070  -0.068  -0.003   0.193  -0.082  -0.139   0.150   0.061   0.067  -0.187   0.073   0.121  -0.115   0.209   0.046  -0.169   0.058  -0.068   0.073   0.036   0.156   0.023  -0.030  -0.240  -0.023   0.148   0.106   0.063   0.108  -0.233  -0.014
  132542     0.120  -0.158  -0.139   0.048   0.008   0.051   0.022  -0.050   0.006  -0.069   0.131   0.199   0.013   0.004  -0.059  -0.066   0.041   0.114  -0.068   0.134   0.036   0.223  -0.019   0.049  -0.193   0.085   0.102   0.041   0.087  -0.056   0.172   0.038   0.039   0.129  -0.024  -0.120  -0.212   0.274   0.142  -0.102  -0.077  -0.091   0.066  -0.094  -0.285   0.062   0.184   0.026  -0.094  -0.028  -0.199
  140733     0.148  -0.048  -0.010  -0.031  -0.066  -0.145  -0.051  -0.009  -0.063  -0.001  -0.028  -0.016   0.044  -0.041   0.012  -0.099  -0.014   0.004   0.047  -0.167   0.013  -0.023   0.113  -0.058   0.046  -0.071  -0.123  -0.103   0.365  -0.069  -0.127   0.005   0.146  -0.034  -0.132   0.141  -0.174  -0.109   0.047  -0.047   0.028  -0.238  -0.129  -0.194  -0.070   0.035  -0.108   0.020  -0.038   0.062   0.044
  140736     0.042   0.176   0.114   0.129  -0.213  -0.289  -0.071  -0.117   0.102  -0.081   0.161  -0.105   0.239   0.108   0.015  -0.019   0.111   0.031  -0.153   0.032   0.261   0.026  -0.030  -0.072   0.190   0.110   0.155  -0.024   0.046  -0.089  -0.008  -0.070   0.074  -0.019  -0.136  -0.124   0.017  -0.063   0.187   0.077   0.036   0.115  -0.103  -0.057  -0.033  -0.102  -0.093   0.017   0.087   0.025   0.108
  140756     0.088   0.174   0.078   0.043  -0.057  -0.027  -0.134  -0.092  -0.234   0.367  -0.126   0.010   0.140   0.093  -0.125   0.242   0.188  -0.186   0.176   0.081  -0.162   0.233  -0.039  -0.041  -0.019  -0.080   0.074   0.165  -0.078   0.028   0.133  -0.072  -0.102   0.133   0.065   0.098  -0.039  -0.074   0.032  -0.030   0.038   0.117   0.149   0.067   0.105   0.030  -0.021   0.080  -0.004   0.009   0.016
  140761     0.120   0.076  -0.041   0.030   0.149  -0.168  -0.087   0.096   0.033  -0.066  -0.008  -0.245   0.187  -0.065   0.073   0.121  -0.071   0.231   0.182  -0.296  -0.199   0.162  -0.202   0.131  -0.180  -0.088  -0.018  -0.167  -0.223   0.073   0.101   0.082   0.085   0.036   0.046   0.015   0.044   0.126   0.262   0.085  -0.031  -0.112  -0.068  -0.126   0.148  -0.012  -0.068  -0.089   0.071  -0.028  -0.168
  140931     0.136   0.017   0.000   0.034   0.046  -0.179   0.168  -0.052  -0.104  -0.070   0.073   0.148  -0.044   0.235  -0.010  -0.078  -0.085  -0.059   0.033  -0.128  -0.022  -0.012  -0.112  -0.344   0.004   0.062   0.014   0.270   0.000   0.011  -0.075  -0.074  -0.191  -0.073  -0.018  -0.212   0.137  -0.065  -0.041  -0.075  -0.097  -0.016   0.005  -0.118   0.114   0.053  -0.199  -0.150  -0.190  -0.043  -0.091
  140934     0.151  -0.028   0.004  -0.118   0.012  -0.011   0.023  -0.051  -0.049  -0.067  -0.012  -0.010   0.057   0.025  -0.037  -0.013  -0.048  -0.074  -0.004  -0.015   0.014  -0.022   0.007  -0.136  -0.074  -0.049   0.049  -0.013   0.067   0.016   0.074   0.032   0.046  -0.083  -0.150  -0.013  -0.144   0.059  -0.097  -0.089  -0.024  -0.253   0.066   0.063  -0.050   0.143   0.025   0.045   0.000   0.048   0.060
  142015     0.017   0.275   0.070   0.078   0.130   0.174  -0.139  -0.042  -0.172  -0.222  -0.022   0.144  -0.071   0.118   0.226  -0.127  -0.090  -0.032  -0.082  -0.134   0.056  -0.009  -0.019  -0.094   0.155   0.124  -0.001  -0.211  -0.116   0.052   0.256   0.165  -0.154  -0.030   0.032   0.097  -0.159   0.059  -0.015  -0.024   0.009   0.228   0.119  -0.101  -0.048   0.082  -0.116  -0.020   0.065   0.285  -0.078
  142575     0.118  -0.030   0.141  -0.087   0.218  -0.069  -0.029   0.113  -0.144   0.076   0.082   0.035  -0.111   0.149  -0.165  -0.094   0.021   0.057  -0.058  -0.090   0.097  -0.018   0.042  -0.080  -0.099   0.074  -0.005   0.084   0.016  -0.032  -0.009  -0.152  -0.007   0.004  -0.120   0.123  -0.023  -0.101   0.036   0.072  -0.096  -0.046   0.166  -0.218   0.038  -0.038   0.084  -0.115   0.061  -0.054   0.039
  150951     0.131  -0.008  -0.003   0.151  -0.031   0.141   0.074  -0.050  -0.045  -0.041  -0.023  -0.083   0.149  -0.133  -0.246  -0.063   0.055   0.015  -0.012  -0.114  -0.102  -0.221  -0.217  -0.149   0.024  -0.150  -0.085   0.018  -0.042  -0.143   0.024   0.116   0.059  -0.133   0.190  -0.053  -0.146   0.135  -0.171   0.167  -0.039   0.122  -0.108  -0.109  -0.046  -0.046   0.104  -0.027  -0.237  -0.071   0.235
  150957     0.140   0.097   0.022   0.041   0.004   0.062   0.152  -0.083  -0.002  -0.034   0.134  -0.128   0.084  -0.078   0.100   0.070  -0.106   0.001   0.069  -0.004   0.111  -0.089   0.071   0.223  -0.159   0.126   0.025   0.147  -0.102   0.112  -0.190  -0.052   0.094   0.040  -0.151  -0.123  -0.140  -0.083  -0.012  -0.029  -0.091   0.140   0.034   0.011  -0.111  -0.066  -0.156   0.130  -0.135  -0.018   0.022
  152490    -0.016   0.297   0.067   0.097   0.211   0.059   0.021   0.038  -0.071  -0.048   0.139  -0.015   0.112  -0.124  -0.063  -0.073   0.069  -0.012   0.263  -0.020   0.049   0.087  -0.143  -0.001   0.034  -0.077   0.002   0.026  -0.001  -0.017  -0.195   0.023  -0.183   0.043  -0.179  -0.168  -0.130  -0.049  -0.204  -0.132   0.010  -0.168  -0.018   0.078  -0.004  -0.195   0.076  -0.044   0.069   0.150   0.091
  152645     0.036  -0.087  -0.007   0.270   0.198   0.032   0.195  -0.195   0.133  -0.165   0.081   0.028  -0.102  -0.177   0.101   0.297   0.079  -0.206  -0.094  -0.076  -0.177  -0.009  -0.006  -0.096   0.140   0.104   0.214   0.159   0.039   0.014  -0.081   0.100  -0.002  -0.056   0.141   0.100  -0.180  -0.006   0.048  -0.037   0.287  -0.062  -0.093  -0.136   0.117  -0.016   0.061   0.198   0.024  -0.010  -0.073
  152656     0.131  -0.155   0.047   0.070   0.059  -0.036  -0.035   0.115   0.086  -0.038  -0.013  -0.029   0.058   0.066  -0.075   0.185  -0.123  -0.073  -0.044   0.031  -0.134  -0.005   0.095   0.138  -0.016   0.071  -0.120   0.124   0.055   0.020   0.249  -0.086  -0.092  -0.279  -0.073  -0.116  -0.044   0.001  -0.091  -0.014  -0.005  -0.014  -0.071   0.006  -0.082  -0.008  -0.081  -0.224  -0.006  -0.207   0.159
  160935     0.115  -0.027   0.160   0.075  -0.198  -0.140   0.038  -0.030  -0.010   0.055   0.168  -0.046  -0.008   0.119   0.063  -0.152   0.006   0.112  -0.063   0.137  -0.104  -0.008   0.022   0.109  -0.048  -0.159   0.006   0.324  -0.016   0.152   0.111   0.129  -0.046   0.008   0.002   0.042   0.017   0.307  -0.179  -0.107  -0.108   0.095  -0.224   0.066   0.025   0.080   0.030  -0.018   0.059   0.226  -0.024
  162566     0.041   0.228   0.219   0.061   0.136   0.002  -0.103   0.070   0.129  -0.031  -0.147  -0.071   0.041  -0.245  -0.087  -0.062  -0.060  -0.059  -0.094  -0.072  -0.145   0.098   0.262  -0.039   0.022  -0.054  -0.057   0.005   0.237   0.041   0.038   0.071  -0.150   0.090   0.043  -0.077   0.281  -0.060   0.078  -0.097  -0.139   0.114  -0.166   0.002  -0.201   0.091  -0.048   0.131  -0.058   0.137  -0.060
  171167     0.065  -0.017  -0.081   0.243  -0.232   0.191   0.085  -0.117  -0.116   0.000   0.232   0.001   0.078   0.010  -0.149  -0.002   0.064  -0.066   0.249   0.009   0.198   0.081   0.106  -0.107   0.032   0.064  -0.073  -0.185  -0.083   0.105  -0.041   0.018  -0.001  -0.084   0.095  -0.055   0.080  -0.007   0.260  -0.204  -0.152   0.011  -0.058  -0.094   0.168   0.301   0.172  -0.084  -0.019  -0.025   0.003
  180929     0.081   0.100   0.004   0.215  -0.021  -0.092  -0.008   0.159  -0.240  -0.164   0.159  -0.191  -0.167  -0.029   0.113   0.196  -0.175  -0.021  -0.208   0.473   0.076   0.119  -0.060  -0.103  -0.165  -0.201   0.006  -0.149   0.091   0.003  -0.015  -0.004   0.112   0.025   0.093   0.153   0.015  -0.159  -0.034   0.084  -0.033  -0.064  -0.034  -0.029  -0.032   0.059   0.014  -0.101  -0.039   0.069   0.084
  182130     0.111   0.063  -0.085  -0.111   0.257  -0.172  -0.104   0.067   0.132   0.019   0.063  -0.012   0.046   0.118   0.045  -0.090   0.112   0.038   0.014   0.048  -0.034   0.083   0.000   0.015   0.087   0.121  -0.034  -0.023  -0.030  -0.046  -0.156   0.108   0.050  -0.083  -0.088   0.208   0.025   0.022  -0.169  -0.089  -0.057   0.193  -0.162  -0.092  -0.011   0.257   0.023   0.138  -0.008  -0.211   0.011
  190830     0.080   0.104   0.245   0.016   0.130   0.012   0.067  -0.069   0.283  -0.158   0.069   0.075  -0.127  -0.037   0.153  -0.016   0.122  -0.236   0.014   0.092  -0.122   0.004  -0.209  -0.036  -0.010  -0.052  -0.179  -0.036  -0.048  -0.080  -0.138  -0.183   0.064   0.073  -0.080   0.069   0.031   0.133   0.096  -0.013  -0.203   0.001   0.126   0.163  -0.014  -0.026   0.094  -0.166   0.132  -0.101  -0.015
  192239     0.125  -0.069  -0.139   0.005  -0.096   0.194   0.043   0.082  -0.139  -0.076   0.036  -0.049   0.073  -0.038   0.155  -0.112   0.188  -0.121   0.080  -0.120  -0.027   0.092  -0.054  -0.004   0.082  -0.135  -0.171   0.055   0.232   0.166  -0.039  -0.050   0.099  -0.068   0.036   0.010   0.019   0.012  -0.011   0.020  -0.063   0.032  -0.031   0.084  -0.039  -0.174  -0.116  -0.124   0.310  -0.155  -0.189
  70228A     0.151  -0.038   0.024   0.017   0.118   0.077  -0.008   0.064  -0.031   0.051  -0.032   0.015   0.023  -0.080   0.081  -0.036   0.039   0.053   0.007  -0.026   0.009   0.086  -0.066  -0.115   0.094   0.040   0.013   0.094   0.025   0.083   0.037   0.135   0.106   0.158  -0.007  -0.062   0.010  -0.183  -0.089   0.039  -0.005  -0.064   0.147   0.011  -0.027   0.174  -0.212  -0.150  -0.056  -0.161  -0.144
  32177A     0.116   0.052   0.077   0.102  -0.124   0.137   0.087  -0.269  -0.002   0.073  -0.065   0.180  -0.217  -0.012  -0.023  -0.102  -0.055   0.040  -0.079  -0.133  -0.260   0.003   0.187   0.080  -0.244  -0.083  -0.092  -0.091   0.080   0.050  -0.095  -0.098  -0.005  -0.070  -0.116  -0.037   0.017  -0.024  -0.042   0.163   0.140   0.003  -0.020   0.059   0.080   0.097   0.046  -0.044   0.022   0.106  -0.111
  182024A    0.106  -0.003   0.053   0.046  -0.017   0.145  -0.159   0.128   0.063   0.026   0.210   0.460   0.426  -0.002   0.005   0.175  -0.168  -0.123  -0.232  -0.098   0.138  -0.096  -0.084   0.166  -0.073  -0.136  -0.097   0.099  -0.062  -0.078  -0.089   0.112  -0.093   0.112  -0.069   0.218   0.035  -0.031   0.063   0.017   0.060  -0.157  -0.064   0.103   0.042   0.015  -0.044   0.027   0.024   0.003   0.031
  82418A     0.138  -0.035  -0.120  -0.042  -0.029   0.010   0.070   0.058   0.036  -0.054   0.037   0.087  -0.117  -0.209  -0.185   0.013  -0.121   0.125   0.042   0.146   0.006   0.016   0.096  -0.079   0.175  -0.123  -0.084   0.087  -0.340  -0.057   0.056  -0.131  -0.017   0.117  -0.216   0.087  -0.095  -0.136  -0.078   0.167  -0.101   0.258  -0.049  -0.021  -0.017   0.033   0.065   0.076   0.233  -0.068  -0.091
  142568A    0.063  -0.140   0.054   0.135   0.279  -0.098   0.095   0.314  -0.075  -0.067   0.123   0.069  -0.021   0.116  -0.295  -0.112   0.027  -0.024   0.069  -0.016   0.005   0.132   0.212   0.049   0.230  -0.012  -0.053  -0.117  -0.044  -0.041  -0.140   0.044   0.015  -0.004   0.175   0.011  -0.007   0.133   0.083   0.067   0.054   0.022   0.055   0.149   0.033  -0.066   0.023   0.130  -0.071   0.085   0.095
  190807A    0.106   0.150  -0.070  -0.032  -0.189   0.099  -0.207   0.014   0.031  -0.126   0.102   0.105  -0.154   0.063  -0.094  -0.152   0.217  -0.127   0.046   0.195  -0.190  -0.149   0.045   0.160   0.064   0.159   0.030  -0.095  -0.139   0.060  -0.138   0.010  -0.052   0.017   0.008  -0.006   0.065  -0.126  -0.064   0.037   0.140  -0.190   0.008  -0.135   0.107  -0.001  -0.066  -0.039  -0.010  -0.055  -0.020
  112440A    0.123  -0.109  -0.111   0.121   0.047   0.062  -0.118  -0.108  -0.084  -0.053  -0.029  -0.035   0.028  -0.120  -0.215   0.014   0.032  -0.112  -0.159   0.059  -0.047  -0.025  -0.074  -0.090  -0.071   0.214   0.016  -0.162  -0.092  -0.131   0.120  -0.062   0.019   0.010  -0.234  -0.034   0.201   0.150  -0.103  -0.126  -0.103  -0.021  -0.208  -0.149   0.096  -0.249  -0.095   0.021   0.208  -0.001  -0.155
  152651A    0.067  -0.057   0.154   0.231  -0.058  -0.259   0.070   0.142   0.050  -0.040  -0.242   0.045  -0.006  -0.010  -0.094   0.017  -0.059  -0.109  -0.102   0.000   0.048  -0.209  -0.106  -0.034   0.027  -0.025  -0.253  -0.158  -0.177   0.260   0.119  -0.008   0.113   0.040  -0.089  -0.169  -0.037   0.053  -0.030  -0.122   0.188   0.009   0.310  -0.019  -0.030  -0.044   0.012  -0.012  -0.024   0.054   0.013
  160921A    0.149   0.027  -0.042  -0.061  -0.027   0.018  -0.019  -0.035   0.110   0.059   0.102  -0.104   0.146   0.020  -0.060  -0.016   0.107   0.025  -0.071  -0.017   0.066   0.022   0.117  -0.035  -0.053   0.071  -0.001   0.069  -0.038   0.043  -0.176  -0.130  -0.163   0.061   0.105  -0.007   0.295   0.243  -0.035   0.222   0.232   0.067   0.193  -0.156  -0.190  -0.146   0.095  -0.071  -0.020   0.089  -0.009
  180778A    0.131   0.076  -0.061  -0.166  -0.026  -0.013  -0.104  -0.059   0.029  -0.064   0.144   0.023   0.053   0.143  -0.078  -0.021   0.035   0.176  -0.070  -0.046  -0.079  -0.058  -0.023   0.007   0.026   0.036   0.127  -0.103   0.087   0.067   0.002   0.012   0.269  -0.033  -0.007  -0.077  -0.073  -0.028  -0.070  -0.133   0.203   0.178   0.073   0.205   0.141   0.032  -0.022   0.107   0.051  -0.049   0.057
  90631      0.059   0.153  -0.035   0.008  -0.085   0.049   0.242   0.101  -0.064  -0.383  -0.442   0.241   0.118   0.267  -0.091   0.260   0.173   0.149   0.039   0.056  -0.015   0.194   0.122   0.073  -0.103   0.039  -0.007   0.036   0.053  -0.133  -0.171   0.043   0.100  -0.099  -0.005   0.014   0.018   0.072  -0.032   0.042  -0.133   0.056  -0.001   0.027   0.029  -0.027  -0.046  -0.027   0.044   0.074   0.032
  82059r     0.102   0.052  -0.199  -0.018  -0.204   0.017  -0.185   0.101   0.128  -0.137   0.082  -0.117  -0.140  -0.045   0.134   0.088   0.056   0.007  -0.002  -0.167  -0.026   0.041  -0.091  -0.021   0.082  -0.082  -0.033   0.125   0.046  -0.148  -0.054   0.203  -0.040  -0.067   0.022   0.086   0.138   0.003  -0.097  -0.151  -0.109   0.020   0.423  -0.016  -0.060   0.024   0.213  -0.031  -0.055  -0.011   0.099
  10517      0.009   0.224  -0.050  -0.086   0.194   0.052   0.266  -0.009  -0.119   0.196   0.292   0.174  -0.101  -0.170   0.104   0.193   0.262   0.256  -0.194  -0.063  -0.115  -0.029   0.177   0.070   0.099  -0.015  -0.053  -0.073  -0.087   0.027   0.203  -0.038   0.161  -0.050   0.014  -0.097   0.167   0.025   0.020  -0.096  -0.021  -0.097   0.011  -0.056  -0.068  -0.008  -0.087  -0.167  -0.036  -0.001   0.261
  182686     0.126  -0.056   0.142  -0.101  -0.097   0.086   0.070   0.073   0.040  -0.027  -0.068   0.053  -0.016  -0.087   0.023   0.110  -0.171   0.091   0.245   0.013   0.047  -0.212   0.004   0.053   0.095   0.307   0.072  -0.083   0.096  -0.122   0.065  -0.054  -0.020   0.312   0.094   0.115   0.000   0.102   0.085  -0.123   0.047   0.087  -0.068   0.101   0.085   0.014  -0.085  -0.240  -0.169   0.017  -0.001
