qual_drop_canopy.rwl -- no data title --                  1st itrdb line missing     
qual_drop_canopy.rwl -- no data title --                  2nd itrdb line missing     
qual_drop_canopy.rwl -- no data title --                  3rd itrdb line missing     
qual_d17929990  09990  0 604  1 801  1 415  1 550  1 689  1 550  1 673  1 568  1  trn
qual_d1800 963  1 568  1 568  1 330  1 373  1 190  1 988  21377  2 967  21055  2  trn
qual_d1810 906  21027  21010  21067  21206  21205  21312  21384  21593  21302  2  trn
qual_d1820 998  21148  21082  2 830  2 693  21114  21431  21910  21343  21303  2  trn
qual_d18301483  21298  21555  21508  21109  21412  2 801  21722  2 771  2 767  2  trn
qual_d18401009  21316  21356  21351  21339  21410  21623  21738  21412  21326  2  trn
qual_d18501246  21330  21294  21233  2 788  2 473  2 719  2 756  2 760  2 681  2  trn
qual_d1860 977  3 877  31149  31149  31715  31941  32348  42292  42381  62396  6  trn
qual_d18702088  62394  92574  92419  92116 102264 112061 111893 122274 142031 14  trn
qual_d18801828 152162 162116 182018 182011 181835 191898 201756 211517 211707 21  trn
qual_d18902022 212890 222886 222542 232595 233024 273011 282915 302673 312255 31  trn
qual_d19002182 312523 322187 322530 322205 321844 321833 321800 321592 321512 32  trn
qual_d19101599 32 812 321269 321328 321512 322370 322634 322715 322049 322402 32  trn
qual_d19202570 322737 322772 322490 332953 332647 342859 343071 343043 343124 34  trn
qual_d19302585 342747 342686 352887 362796 362866 363056 363185 363142 362619 36  trn
qual_d19402755 363082 362962 362619 362490 362770 362563 361945 362445 362664 36  trn
qual_d19502870 362887 362645 362634 362842 363275 363372 363239 363545 362868 36  trn
qual_d19603092 363053 362744 362562 362797 362640 362304 362918 363068 362982 37  trn
qual_d19703037 372762 372702 372546 372480 372533 372552 372040 372706 372448 37  trn
qual_d19802191 372313 372412 372459 372355 372310 372354 371968 372314 372314 37  trn
qual_d19902573 371936 372071 372262 372434 372462 372028 372068 372339 372018 37  trn
qual_d20002257 372655 372387 372370 372181 372157 372242 372360 372480 372718 36  trn
qual_d20102768  12210  11835  12178  11477  1 340  19990  09990  09990  09990  0  trn
qual_drop_canopy.rwl -- no data title --                  1st itrdb line missing     
qual_drop_canopy.rwl -- no data title --                  2nd itrdb line missing     
qual_drop_canopy.rwl -- no data title --                  3rd itrdb line missing     
qual_d17929990  09990  0 957  11124  1 765  1 865  1 968  1 841  1 925  1 832  1  std
qual_d18001125  1 811  1 802  1 638  1 658  1 544  11001  21318  2 978  21029  2  std
qual_d1810 906  2 994  2 971  21003  21082  21071  21157  21186  21324  21118  2  std
qual_d1820 916  21017  2 971  2 812  2 722  2 922  21103  21396  21023  21024  2  std
qual_d18301136  21018  21173  21150  2 950  21101  2 782  21287  2 765  2 770  2  std
qual_d1840 893  21065  21072  21064  21048  21068  21201  21270  21077  21012  2  std
qual_d1850 964  2 992  2 968  2 931  2 703  2 547  2 687  2 675  2 683  2 624  2  std
qual_d1860 658  3 688  3 737  3 946  3 943  3 959  3 862  4 891  4 905  6 953  6  std
qual_d1870 857  6 959  91063  9 973  9 939 10 990 11 937 11 793 12 995 14 853 14  std
qual_d1880 772 15 896 16 993 18 967 18 973 18 840 19 910 20 841 21 761 21 895 21  std
qual_d18901041 211363 221313 221095 231127 231333 271332 281276 301169 311005 31  std
qual_d1900 997 311088 32 968 321101 32 992 32 872 32 897 32 841 32 775 32 776 32  std
qual_d1910 763 32 514 32 651 32 664 32 712 321023 321105 321118 32 826 32 965 32  std
qual_d19201003 321086 321131 32 883 331144 33 901 341034 341153 341101 341164 34  std
qual_d1930 920 34 973 34 880 35 990 36 970 361053 361142 361195 361147 36 868 36  std
qual_d1940 975 361172 361076 36 913 36 799 361010 36 886 36 532 36 791 36 912 36  std
qual_d19501086 361060 36 896 36 874 36 996 361311 361381 361267 361523 361022 36  std
qual_d19601144 361174 36 978 36 956 361018 36 924 36 753 361156 361286 361230 37  std
qual_d19701311 371069 371053 37 920 37 883 37 921 37 945 37 582 371131 37 915 37  std
qual_d1980 740 37 837 37 949 371034 37 989 37 979 37 979 37 665 37 967 37 957 37  std
qual_d19901223 37 657 37 779 371007 371035 371088 37 750 37 792 371019 37 765 37  std
qual_d2000 938 371278 371062 371036 37 915 37 911 37 944 371018 371140 371235 36  std
qual_d20101317  11116  1 995  11111  1 898  1 598  19990  09990  09990  09990  0  std
qual_drop_canopy.rwl -- no data title --                  1st itrdb line missing     
qual_drop_canopy.rwl -- no data title --                  2nd itrdb line missing     
qual_drop_canopy.rwl -- no data title --                  3rd itrdb line missing     
qual_d17929990  09990  0 983  11118  1 766  11002  11053  1 895  11020  1 909  1  res
qual_d18001192  1 803  1 924  1 804  1 909  1 803  11078  21257  2 823  21009  2  res
qual_d1810 905  21040  2 980  21014  21063  21014  21085  21058  21149  2 923  2  res
qual_d1820 856  21051  2 970  2 858  2 867  21105  21156  21281  2 837  21003  2  res
qual_d18301108  2 949  21135  21037  2 871  21103  2 760  21393  2 664  2 907  2  res
qual_d18401054  21138  21023  21001  2 991  21025  21157  21130  2 875  2 929  2  res
qual_d1850 943  21017  2 975  2 949  2 700  2 672  21037  2 882  2 897  2 800  2  res
qual_d1860 873  3 896  31011  31066  3 992  31090  3 812  4 908  41008  61123  6  res
qual_d1870 834  6 954  91116  9 940  9 904 101028 11 990 11 787 121085 14 905 14  res
qual_d1880 789 151031 161021 18 960 18 985 18 872 19 974 20 898 21 801 211074 21  res
qual_d18901168 211480 221084 22 918 231075 231301 271194 281097 301011 31 878 31  res
qual_d1900 941 311121 32 914 321135 32 929 32 850 32 979 32 893 32 849 32 912 32  res
qual_d1910 908 32 595 32 959 32 879 32 924 321261 321138 321064 32 734 321075 32  res
qual_d19201019 321083 321062 32 762 331166 33 838 341056 341090 341001 341080 34  res
qual_d1930 847 34 992 34 933 351033 36 970 361036 361142 361118 361027 36 804 36  res
qual_d19401025 361173 361016 36 841 36 890 361121 36 920 36 645 361071 361057 36  res
qual_d19501119 361042 36 894 36 960 361084 361253 361159 361042 361252 36 789 36  res
qual_d19601098 361062 36 918 36 942 361047 36 926 36 815 361258 361183 361052 37  res
qual_d19701131 37 916 371012 37 923 37 938 37 995 371008 37 701 371300 37 909 37  res
qual_d1980 844 37 996 371046 371071 371002 371002 37 982 37 746 371113 371000 37  res
qual_d19901198 37 677 37 956 371099 371030 371049 37 762 37 945 371125 37 837 37  res
qual_d20001072 371276 37 971 371007 37 911 37 964 371005 371051 371100 371143 36  res
qual_d20101133  1 943  1 928  11104  1 861  1 676  19990  09990  09990  09990  0  res
qual_drop_canopy.rwl -- no data title --                  1st itrdb line missing     
qual_drop_canopy.rwl -- no data title --                  2nd itrdb line missing     
qual_drop_canopy.rwl -- no data title --                  3rd itrdb line missing     
qual_d17929990  09990  0 981  11112  1 841  1 911  11005  1 904  1 967  1 895  1  ars
qual_d18001133  1 891  1 863  1 723  1 744  1 648  1 869  21182  2 942  2 980  2  ars
qual_d1810 898  2 984  2 977  21006  21073  21065  21131  21145  21243  21081  2  ars
qual_d1820 913  21004  2 978  2 851  2 780  2 977  21147  21373  21077  21058  2  ars
qual_d18301149  21049  21170  21148  2 970  21090  2 821  21286  2 849  2 819  2  ars
qual_d1840 950  21113  21099  21069  21041  21056  21196  21256  21042  2 961  2  ars
qual_d1850 925  2 977  2 967  2 935  2 662  2 459  2 714  2 710  2 723  2 632  2  ars
qual_d1860 650  3 685  3 824  3 964  3 976  31081  3 868  4 832  4 911  61074  6  ars
qual_d1870 886  6 890  91054  9 981  9 898 10 972 11 979 11 779 12 956 14 883 14  ars
qual_d1880 721 15 866 16 945 18 932 18 950 18 847 19 886 20 833 21 702 21 897 21  ars
qual_d18901111 211543 221426 221191 231198 231424 271459 281387 301257 311046 31  ars
qual_d1900 975 311111 32 990 321134 321019 32 867 32 904 32 839 32 754 32 766 32  ars
qual_d1910 769 32 446 32 625 32 652 32 715 321093 321200 321194 32 860 32 996 32  ars
qual_d19201023 321103 321132 32 850 331080 33 894 34 997 341094 341066 341126 34  ars
qual_d1930 932 34 956 34 912 35 985 36 967 361022 361161 361222 361171 36 917 36  ars
qual_d1940 981 361166 361125 36 925 36 849 361034 36 948 36 612 36 841 36 966 36  ars
qual_d19501103 361112 36 971 36 948 361058 361291 361343 361261 361414 361056 36  ars
qual_d19601138 361153 361020 36 961 361029 36 951 36 789 361134 361269 361225 37  ars
qual_d19701275 371094 371077 37 977 37 930 37 958 37 989 37 697 371120 37 990 37  ars
qual_d1980 844 37 906 37 994 371073 371054 371041 371014 37 760 37 972 37 988 37  ars
qual_d19901195 37 804 37 841 371007 371041 371080 37 817 37 838 371032 37 863 37  ars
qual_d2000 994 371276 371150 371106 37 984 37 960 37 987 371049 371136 371232 36  ars
qual_d20101281  11125  11012  11117  1 940  1 640  19990  09990  09990  09990  0  ars
