 eigenvalue 15.234   4.245   3.568   2.755   2.163   1.226   0.918   0.836   0.712   0.641   0.560   0.419   0.347   0.328   0.276   0.247   0.238   0.193   0.167   0.152   0.122   0.111   0.094   0.084   0.067   0.063   0.046   0.043   0.038   0.027   0.024   0.020   0.017   0.008   0.007   0.005
 eval sderr  3.017   0.841   0.706   0.546   0.428   0.243   0.182   0.166   0.141   0.127   0.111   0.083   0.069   0.065   0.055   0.049   0.047   0.038   0.033   0.030   0.024   0.022   0.019   0.017   0.013   0.013   0.009   0.009   0.007   0.005   0.005   0.004   0.003   0.002   0.001   0.001
 % variance  0.423   0.118   0.099   0.077   0.060   0.034   0.025   0.023   0.020   0.018   0.016   0.012   0.010   0.009   0.008   0.007   0.007   0.005   0.005   0.004   0.003   0.003   0.003   0.002   0.002   0.002   0.001   0.001   0.001   0.001   0.001   0.001   0.000   0.000   0.000   0.000
 cumulative  0.423   0.541   0.640   0.717   0.777   0.811   0.836   0.860   0.879   0.897   0.913   0.924   0.934   0.943   0.951   0.958   0.964   0.970   0.974   0.978   0.982   0.985   0.988   0.990   0.992   0.993   0.995   0.996   0.997   0.998   0.998   0.999   0.999   1.000   1.000   1.000
 brokn stck  4.175   3.175   2.675   2.341   2.091   1.891   1.725   1.582   1.457   1.346   1.246   1.155   1.071   0.994   0.923   0.856   0.794   0.735   0.679   0.627   0.577   0.529   0.484   0.440   0.399   0.359   0.320   0.283   0.247   0.213   0.180   0.147   0.116   0.086   0.056   0.028
 series_id   #  1       2       3       4       5       6       7       8       9      10      11      12      13      14      15      16      17      18      19      20      21      22      23      24      25      26      27      28      29      30      31      32      33      34      35      36
  100990     0.148   0.013   0.138  -0.079   0.331  -0.024   0.239  -0.304   0.142   0.217  -0.265  -0.400  -0.064   0.127  -0.137   0.325  -0.002   0.017   0.286  -0.166  -0.088   0.077  -0.006   0.136   0.038  -0.131  -0.011   0.087   0.165  -0.119   0.032   0.010   0.019   0.048   0.078  -0.178
  90546      0.189   0.076  -0.102   0.152   0.079  -0.153  -0.209   0.338  -0.199   0.015   0.078   0.231  -0.081  -0.069   0.181   0.347  -0.046   0.121   0.399  -0.313  -0.112   0.102   0.114   0.071   0.119  -0.005   0.186  -0.168  -0.097  -0.132  -0.136   0.165  -0.003  -0.068   0.056   0.043
  60315      0.058   0.027  -0.172   0.339   0.226  -0.187   0.400   0.294  -0.260  -0.087  -0.088  -0.199   0.168   0.061   0.192   0.090   0.353  -0.141  -0.197   0.254  -0.089   0.006  -0.014   0.064  -0.116  -0.052   0.023  -0.099   0.000  -0.019   0.094  -0.041   0.019  -0.080  -0.113  -0.045
  80745      0.200  -0.001   0.208  -0.038  -0.055   0.092   0.297  -0.179   0.104  -0.116   0.108   0.218   0.214  -0.105   0.089   0.041   0.287  -0.046   0.090  -0.076   0.019  -0.074  -0.082  -0.322  -0.169   0.032   0.210   0.141  -0.082   0.085  -0.085   0.351   0.361  -0.039   0.220  -0.005
  70471      0.056   0.167   0.199  -0.327   0.334   0.081   0.078   0.223  -0.071  -0.300  -0.123   0.035   0.086   0.038   0.054  -0.045  -0.119   0.108  -0.067   0.139   0.046   0.180  -0.099  -0.056   0.106   0.111   0.330   0.183   0.011   0.028  -0.347  -0.201  -0.176   0.259  -0.009   0.013
  80451      0.221   0.002   0.061   0.063  -0.251   0.064   0.056   0.001   0.013   0.044   0.026  -0.125  -0.179  -0.074  -0.060   0.001   0.132  -0.013   0.220   0.310   0.317   0.221   0.265   0.037  -0.060  -0.105   0.170  -0.349   0.116   0.319   0.028  -0.089  -0.094   0.257   0.227   0.122
  50322      0.218   0.105  -0.011   0.086  -0.131   0.041  -0.028   0.106   0.191  -0.148  -0.180  -0.128   0.082   0.229   0.159  -0.294  -0.232  -0.079  -0.072  -0.060  -0.186   0.050  -0.243   0.161   0.084  -0.409  -0.136  -0.214  -0.158  -0.051  -0.163   0.076   0.233   0.103   0.247   0.103
  101212     0.148   0.005  -0.301  -0.256   0.218  -0.009   0.099   0.083   0.055   0.018   0.028  -0.089   0.087  -0.116  -0.186  -0.092  -0.029   0.011   0.050   0.132   0.246   0.010  -0.186   0.049   0.104   0.180  -0.121  -0.063  -0.003  -0.163   0.096   0.279  -0.196  -0.322   0.296   0.397
  70519      0.231   0.070   0.049  -0.137   0.004   0.005  -0.010   0.130  -0.184  -0.025   0.179   0.015   0.003  -0.041  -0.297  -0.163   0.001  -0.061  -0.132  -0.080  -0.054   0.121  -0.019   0.221  -0.117   0.149  -0.068  -0.069  -0.090  -0.135   0.275   0.377  -0.037   0.415  -0.043  -0.402
  70536      0.162   0.111   0.207  -0.099   0.062  -0.255  -0.209  -0.127  -0.041  -0.252   0.264   0.013  -0.261   0.392  -0.308   0.150   0.256  -0.293  -0.083   0.023  -0.161   0.039  -0.054  -0.031  -0.022   0.031  -0.085  -0.074  -0.043   0.055  -0.104  -0.087   0.017  -0.153  -0.051   0.226
  60078      0.103   0.293   0.223  -0.018   0.094  -0.138   0.082  -0.049   0.070   0.058  -0.361   0.399  -0.329  -0.192   0.137  -0.309   0.139  -0.034   0.127   0.100   0.002  -0.028   0.083   0.293  -0.142   0.099  -0.133   0.062  -0.048  -0.119   0.099  -0.122   0.053  -0.152  -0.012   0.010
  70371      0.211   0.137  -0.066   0.102   0.005   0.175   0.099  -0.108   0.311  -0.094  -0.201   0.063   0.136   0.073  -0.102  -0.054  -0.123  -0.148   0.019  -0.047  -0.064   0.094   0.258  -0.281   0.077   0.035   0.138  -0.241  -0.251  -0.027   0.095   0.102  -0.300  -0.156  -0.450  -0.022
  60121      0.205   0.163  -0.056   0.146   0.011  -0.100  -0.088   0.234   0.027   0.058  -0.176  -0.017  -0.070   0.249  -0.212   0.041  -0.208   0.200  -0.036   0.236   0.236  -0.228   0.216  -0.286   0.025   0.170  -0.176   0.105   0.209  -0.058  -0.130   0.115   0.385   0.019  -0.062  -0.099
  80089      0.136   0.236  -0.191   0.208   0.044  -0.099   0.004   0.205   0.367   0.154   0.033   0.034   0.015  -0.235  -0.258   0.098   0.027   0.124  -0.094  -0.173  -0.222   0.089  -0.235  -0.052  -0.169   0.088  -0.074   0.190  -0.033   0.428   0.037  -0.200  -0.065   0.114   0.073   0.068
  60377     -0.119   0.313  -0.188   0.100   0.052   0.146  -0.003  -0.079   0.278  -0.232   0.259  -0.049  -0.029   0.021   0.105   0.014  -0.018  -0.165   0.055   0.129  -0.152  -0.294   0.150   0.318   0.333   0.213   0.242   0.030   0.199   0.071   0.099   0.045   0.089   0.004   0.141  -0.140
  90558      0.212  -0.232  -0.004   0.042  -0.057  -0.097   0.034  -0.048  -0.087   0.056  -0.012  -0.054   0.151  -0.044  -0.062  -0.085  -0.105  -0.163  -0.171  -0.092  -0.013   0.208   0.333   0.087   0.174   0.275  -0.040   0.107  -0.250   0.078  -0.190  -0.268   0.061  -0.285   0.362  -0.291
  70559      0.144   0.001   0.384  -0.119   0.031  -0.086  -0.096   0.063  -0.081   0.085  -0.094   0.146   0.292   0.119   0.127   0.095  -0.062   0.177  -0.102   0.032  -0.159  -0.176  -0.074  -0.126   0.246   0.049  -0.037  -0.244   0.166   0.204   0.501  -0.108  -0.097  -0.081   0.179  -0.016
  90283      0.099  -0.208   0.092   0.003   0.306   0.375  -0.061   0.319   0.242   0.300   0.203   0.189  -0.119   0.072  -0.003  -0.075   0.150  -0.196  -0.156  -0.035  -0.005  -0.147   0.119  -0.072  -0.108  -0.239  -0.003  -0.066   0.205  -0.156  -0.128  -0.071  -0.145  -0.067   0.135  -0.128
  50314      0.217   0.001  -0.111  -0.078  -0.079  -0.173   0.025  -0.009   0.133  -0.250   0.327  -0.065   0.104  -0.019   0.122  -0.176  -0.142   0.096   0.252  -0.027   0.047   0.155  -0.122  -0.128  -0.296  -0.025   0.015  -0.043   0.320  -0.257   0.144  -0.352   0.036  -0.187  -0.076  -0.228
  162295    -0.123   0.259   0.112   0.173   0.086   0.439  -0.123  -0.120  -0.058  -0.073   0.048   0.034   0.247  -0.141  -0.039   0.200   0.077   0.082  -0.071   0.070  -0.086   0.383   0.100   0.000  -0.049   0.146  -0.338  -0.153   0.084  -0.268  -0.013  -0.121   0.190   0.048   0.072   0.161
  112142     0.014   0.368   0.004  -0.013  -0.182   0.221   0.318   0.042  -0.281   0.184   0.150  -0.165  -0.154   0.342   0.154  -0.203  -0.015   0.107  -0.023  -0.392  -0.014  -0.055   0.127  -0.102  -0.085   0.156  -0.027   0.102   0.030   0.024   0.028  -0.055  -0.164  -0.037   0.094   0.175
  180996     0.223  -0.027   0.082  -0.060  -0.070   0.081  -0.023   0.073   0.013   0.193   0.216  -0.276  -0.179  -0.228   0.071  -0.180   0.280   0.199   0.117   0.204  -0.214   0.006  -0.089  -0.186   0.478  -0.010  -0.065   0.111  -0.215  -0.143   0.004  -0.093   0.117   0.022  -0.210   0.008
  142539     0.053  -0.151   0.000   0.310   0.306   0.380  -0.226  -0.042  -0.271  -0.290  -0.109  -0.125  -0.232   0.008  -0.116  -0.170  -0.082   0.049   0.202  -0.011   0.024  -0.079  -0.159  -0.105  -0.120  -0.001   0.097   0.104  -0.171   0.196   0.259  -0.047   0.057  -0.144   0.109  -0.069
  162398     0.203  -0.022  -0.099   0.028   0.197  -0.039  -0.147  -0.256   0.176  -0.078   0.168   0.023  -0.019   0.186   0.260   0.068   0.147   0.551  -0.316   0.001   0.219   0.038   0.179   0.212  -0.088  -0.131  -0.010   0.093  -0.214   0.041   0.051   0.076  -0.074  -0.001  -0.022  -0.004
  72232      0.203  -0.058  -0.215  -0.016   0.048   0.009  -0.055  -0.182   0.029   0.020  -0.095   0.023  -0.330  -0.055   0.437   0.226  -0.087  -0.302  -0.211  -0.049   0.122   0.006  -0.236  -0.270   0.037   0.295  -0.108  -0.105  -0.008  -0.085   0.067  -0.073  -0.014   0.285   0.076  -0.037
  92046      0.006   0.057   0.267   0.438   0.001  -0.090   0.296  -0.055  -0.001  -0.031   0.241   0.191  -0.024  -0.048  -0.189   0.085  -0.198  -0.040  -0.063  -0.077   0.421  -0.055  -0.216   0.052   0.305  -0.153   0.003   0.073  -0.106  -0.205   0.055  -0.139  -0.097   0.070   0.005   0.026
  52111      0.135  -0.303   0.143   0.241  -0.012  -0.121   0.006   0.022   0.071  -0.231  -0.005  -0.022   0.007  -0.046   0.128  -0.110  -0.087  -0.079   0.051  -0.003  -0.230   0.096   0.288  -0.037   0.037   0.028  -0.187   0.412   0.282  -0.056   0.087   0.207  -0.237   0.205   0.033   0.323
  60016      0.199  -0.250  -0.083  -0.060   0.104   0.059   0.108  -0.051  -0.069   0.054  -0.025   0.044  -0.024  -0.108  -0.145  -0.099  -0.084   0.030  -0.225  -0.267  -0.032  -0.035   0.084   0.205   0.041   0.082   0.319  -0.152   0.191  -0.017   0.102  -0.175   0.433   0.075  -0.262   0.390
  132206     0.214   0.049  -0.027   0.130  -0.061   0.008   0.084  -0.330  -0.261   0.007   0.027   0.048  -0.101  -0.261  -0.122   0.015  -0.182   0.216  -0.182   0.190  -0.347  -0.266  -0.068  -0.020  -0.114  -0.053   0.061  -0.191   0.180  -0.065  -0.354   0.072  -0.254  -0.082   0.076  -0.062
  82058      0.136   0.273   0.117  -0.210   0.164  -0.012  -0.074   0.031  -0.154  -0.053   0.166  -0.216   0.063  -0.406   0.151   0.103  -0.237  -0.262  -0.078  -0.082   0.166  -0.163   0.227  -0.008  -0.062  -0.321  -0.217   0.085  -0.037   0.249   0.013   0.036   0.082  -0.101  -0.158   0.041
  32138A     0.220  -0.021  -0.010  -0.071  -0.203   0.166  -0.044   0.040  -0.028   0.190   0.048   0.035   0.165   0.141   0.008   0.281  -0.201  -0.128   0.115   0.339  -0.110  -0.208  -0.007   0.189  -0.290   0.020   0.148   0.285  -0.322  -0.206   0.148  -0.188  -0.015   0.076   0.002   0.183
  102371     0.131   0.127  -0.343  -0.022   0.060   0.057  -0.038  -0.225  -0.267   0.236   0.030   0.367   0.086   0.177  -0.005  -0.089  -0.022  -0.144   0.040   0.161  -0.029   0.339  -0.077  -0.036   0.230  -0.294   0.027   0.270   0.218   0.176   0.066   0.044   0.046  -0.030  -0.070  -0.059
  172036     0.168  -0.079   0.240   0.055  -0.280   0.250  -0.012   0.161   0.064   0.005  -0.045  -0.094  -0.111   0.021   0.138   0.182  -0.058  -0.005  -0.127   0.036   0.107   0.221  -0.299   0.299   0.005   0.170   0.017   0.101   0.230   0.176  -0.096   0.228  -0.025  -0.369  -0.262  -0.091
  70069      0.137   0.206   0.069   0.212  -0.061  -0.108  -0.485  -0.117  -0.052   0.169  -0.167  -0.224   0.309  -0.072   0.006  -0.196   0.281  -0.156  -0.063  -0.156   0.216  -0.109  -0.099   0.006  -0.021   0.053   0.283   0.104   0.145  -0.181  -0.082  -0.004  -0.135   0.040   0.011   0.041
  90752     -0.122  -0.033   0.206   0.186   0.346  -0.170  -0.030  -0.119   0.051   0.376   0.293  -0.068   0.098   0.111   0.187  -0.239  -0.281  -0.059   0.154   0.180  -0.046   0.119  -0.080   0.022  -0.150   0.271   0.035  -0.174  -0.093   0.171  -0.136   0.149   0.078   0.041  -0.114   0.085
  102271     0.215  -0.160  -0.103  -0.013   0.033   0.151   0.061  -0.069  -0.071  -0.096   0.003   0.136   0.282   0.102   0.014  -0.047   0.191  -0.009   0.333  -0.115   0.124  -0.318  -0.092   0.208   0.075   0.159  -0.414  -0.089   0.021   0.214  -0.260  -0.149  -0.098   0.178  -0.207  -0.025
