  year  #   1       2       3
  1950  -1.548   0.394   2.861
  1951  -1.932   0.386   3.187
  1952  -1.652   0.326   2.077
  1953  -1.836   0.654   2.104
  1954  -0.043  -0.120   1.339
  1955   2.146  -0.398   1.099
  1956   2.016   0.002   1.260
  1957   2.522  -0.187   0.556
  1958   2.341  -0.090   1.966
  1959   0.631   0.217   0.503
  1960   1.051   0.169   0.668
  1961   0.769   0.425   0.667
  1962   0.715   0.401  -0.139
  1963   0.495   0.944  -0.411
  1964   0.242   0.932   0.088
  1965   0.040   1.048  -0.398
  1966  -0.466   0.896  -0.663
  1967   0.722   0.596   0.050
  1968   1.054   0.689  -0.107
  1969   0.711   0.981  -0.003
  1970   1.110   0.974  -0.324
  1971   0.272   1.554  -0.645
  1972   0.166   1.562  -0.725
  1973  -0.232   1.516  -0.734
  1974  -0.582   1.455  -0.710
  1975  -0.304   1.537  -0.893
  1976  -0.132   0.889  -0.819
  1977  -0.733   0.898  -1.351
  1978   0.130   1.179  -0.667
  1979   0.002   0.564  -1.167
  1980  -0.180  -1.337  -0.576
  1981   0.224  -2.010  -0.420
  1982   0.242  -2.260   0.094
  1983   0.304  -1.925   0.067
  1984   0.150  -1.429  -0.210
  1985   0.249  -1.468  -0.249
  1986  -0.115  -0.664  -0.519
  1987  -0.741  -1.027  -0.705
  1988   0.011  -0.755  -0.688
  1989  -0.011  -1.044  -0.558
  1990   0.358  -1.430  -0.056
  1991  -0.980  -0.816  -0.622
  1992  -0.596  -0.743  -0.601
  1993  -0.178  -0.814  -0.540
  1994  -0.283  -0.464  -0.593
  1995  -0.420  -0.534  -0.227
  1996  -1.723  -0.292  -0.349
  1997  -0.992  -0.708  -0.625
  1998  -0.815  -0.186  -0.365
  1999  -1.064  -0.136  -0.857
  2000  -1.116  -0.354  -0.074
