 % variance  0.324
 cumulative  0.324
 series_id   #  1
  100990     0.608
  90546      0.730
  60315      0.561
  80745      0.488
  70471      0.589
  80451      0.555
  50322      0.767
  101212     0.518
  70519      0.736
  70536      0.520
  60078      0.630
  70371      0.795
  60121      0.734
  80089      0.623
  60377      0.282
  90558      0.385
  70559      0.583
  90283      0.546
  50314      0.440
  162295     0.465
  112142     0.311
  180996     0.542
  142539     0.427
  162398     0.696
  72232      0.586
  92046      0.537
  52111      0.491
  60016      0.483
  132206     0.662
  82058      0.555
  32138A     0.517
  102371     0.552
  172036     0.417
  70069      0.582
  90752      0.628
  102271     0.522
