  year  #   1
  1950   0.799
  1951   0.186
  1952  -0.833
  1953  -0.299
  1954   0.598
  1955   1.940
  1956   1.039
  1957   0.395
  1958   1.692
  1959  -1.871
  1960   0.852
  1961   0.354
  1962  -0.683
  1963  -0.421
  1964   0.279
  1965  -0.544
  1966  -1.302
  1967   1.839
  1968   0.780
  1969   0.301
  1970   0.790
  1971  -0.641
  1972   0.044
  1973  -0.534
  1974  -0.448
  1975   0.061
  1976  -0.034
  1977  -2.030
  1978   2.051
  1979  -0.849
  1980  -1.002
  1981   0.137
  1982   0.336
  1983   0.215
  1984  -0.224
  1985  -0.034
  1986  -0.068
  1987  -1.694
  1988   0.859
  1989  -0.128
  1990   1.076
  1991  -2.351
  1992  -0.006
  1993   0.662
  1994   0.292
  1995   0.307
  1996  -1.843
  1997  -0.190
  1998   0.827
  1999  -1.363
  2000   0.680
