 % variance  0.190   0.163   0.178   0.103
 cumulative  0.190   0.353   0.531   0.634
 series_id   #  1       2       3       4
  100990     0.523   0.414   0.227   0.441
  90546      0.163   0.165   0.647   0.068
  60315     -0.211   0.328   0.569   0.076
  80745      0.663   0.334   0.209   0.200
  70471      0.813  -0.050  -0.057   0.306
  80451      0.538  -0.029   0.513  -0.175
  50322      0.411  -0.013   0.661   0.135
  101212     0.234  -0.008   0.089   0.843
  70519      0.783   0.045   0.264   0.330
  70536      0.630   0.002   0.138   0.151
  60078      0.672  -0.115   0.427   0.010
  70371      0.358   0.045   0.754   0.101
  60121      0.324   0.030   0.768   0.171
  80089      0.016  -0.164   0.803   0.201
  60377     -0.230  -0.627   0.498   0.047
  90558      0.145   0.883   0.003   0.066
  70559      0.851   0.323  -0.050  -0.014
  90283      0.301   0.564  -0.043  -0.241
  50314      0.282   0.026   0.265   0.693
  162295     0.163  -0.294   0.540  -0.353
  112142     0.310  -0.610   0.386  -0.156
  180996     0.714   0.269   0.163  -0.034
  142539    -0.173   0.600   0.378   0.089
  162398     0.227   0.384   0.428   0.518
  72232      0.028   0.299   0.395   0.437
  92046      0.053   0.314   0.479  -0.555
  52111     -0.085   0.883   0.035  -0.189
  60016      0.113   0.864  -0.129   0.115
  132206     0.287   0.227   0.629   0.183
  82058      0.736  -0.224   0.291   0.222
  32138A     0.618   0.010   0.128  -0.235
  102371    -0.096  -0.255   0.509   0.458
  172036     0.576   0.280   0.026  -0.575
  70069      0.221  -0.081   0.668  -0.017
  90752      0.106   0.678   0.169  -0.066
  102271     0.257   0.593   0.186   0.437
