fagr_drop.rwl -- no data title --                         1st itrdb line missing     
fagr_drop.rwl -- no data title --                         2nd itrdb line missing     
fagr_drop.rwl -- no data title --                         3rd itrdb line missing     
60086   1954   690   455   539   690   606   713
60086   1960   760   775   838   159   699   288   699   709   833    83  res
60086   1970   697   398   566   677   528   443   623   799   457   670  res
60086   1980     7  1000  1000    69   209  1000  1000     3   790   201  res
60086   1990   544    57  1000   600   283   694  1000   473   406   503  res
60086   2000   101   230    20   617   405  1000     0  1000   101   748  res
60086   2010 -9999
101100  1944   739   917   684   867  1000   891
101100  1950   864   929   795   713   785   553   782   850   771   774  res
101100  1960   763   799   851   772   709   586   798   732   835   105  res
101100  1970   752   477   705   763   680   703   661   811   529   797  res
101100  1980   586   409  1000   382   549   653   626    23   829   463  res
101100  1990   610   578   200   693   440   714   314   659   442   531  res
101100  2000   253   653   550   656   607   463   474   314 -9999
60111   1940   780   588   861   762   771   939   718   885   575   914  res
60111   1950   931   938   862   826   880   806   828   889   777   818  res
60111   1960   805   805   905   812   809   597   822   795   844   227  res
60111   1970   753   707   777   783   687   743   763   835   705   813  res
60111   1980   594   440   478   485   768   762   687   747   863   630  res
60111   1990   618   811   461   745   516   717   691   674   466   799  res
60111   2000   391   664   683   711   693   650   503   351   674   766  res
60111   2010 -9999
40479   1969   627
40479   1970   792   789   794   810   720   803   818   838   752   830  res
40479   1980   667   469   750   520   801   798   716   755   868   723  res
40479   1990   670   812   651   751   713   761   790   790   584   846  res
40479   2000   655   708   711   776   709   672   691   559   757   802  res
40479   2010 -9999
90658   1933   606   850   779   695   187    41   671
90658   1940   946   902   950   774   867   948   901   915   882   916  res
90658   1950   932   948   883   878   887   840   856   897   783   819  res
90658   1960   818   829   916   863   830   623   865   840   847   697  res
90658   1970   808   815   812   853   742   838   860   838   846   834  res
90658   1980   740   642   789   672   815   807   731   874   871   736  res
90658   1990   726   866   674   790   781   812   824   827   622   876  res
90658   2000   739   806   718   857   781   780   796   579   773   828  res
90658   2010 -9999
40485   1973   855   756   862   865   842   857   837
40485   1980   785   646   834   710   868   819   751   883   897   746  res
40485   1990   770   885   745   847   800   832   847   859   743   877  res
40485   2000   754   846   719   878   781   781   806   602   852   832  res
40485   2010 -9999
90062   1948   942   945
90062   1950   944   948   908   928   891   893   890   916   794   896  res
90062   1960   836   861   916   871   856   778   869   898   854   736  res
90062   1970   810   828   878   871   823   869   883   842   872   853  res
90062   1980   789   821   839   738   897   859   774   902   919   782  res
90062   1990   875   887   776   860   807   896   849   897   794   906  res
90062   2000   784   868   772   895   782   833   843   625   862   835  res
90062   2010 -9999
111208  1940   962   965   967   968   940   979   946   958   965   964  res
111208  1950   947   955   918   944   912   914   939   920   864   897  res
111208  1960   892   876   923   884   900   820   905   900   865   783  res
111208  1970   825   840   882   888   848   870   889   863   879   896  res
111208  1980   801   842   843   769   898   869   776   905   931   799  res
111208  1990   883   908   776   864   811   902   877   899   801   908  res
111208  2000   786   896   814   900   830   842   867   672   893   860  res
111208  2010 -9999
70182   1951   961   938   949   940   918   942   930   904   900
70182   1960   908   886   929   892   906   859   908   906   873   839  res
70182   1970   865   868   886   891   852   880   896   872   888   912  res
70182   1980   813   851   873   787   917   875   801   907   936   817  res
70182   1990   903   912   802   874   836   909   880   899   806   930  res
70182   2000   816   902   816   903   831   842   892   695   896   882  res
70182   2010 -9999
100956  1971   935   908   907   881   906   925   877   895   925
100956  1980   843   867   898   832   923   876   813   908   936   817  res
100956  1990   908   923   857   899   851   912   880   917   814   930  res
100956  2000   853   904   869   908   847   875   906   782 -9999
90616   1921  1000  1000  1000  1000  1000  1000  1000  1000  1000
90616   1930   342  1000   927   952   949   942   946   755   514   866  res
90616   1940   969   974   978   973   984   990   980   978   973   976  res
90616   1950   961   962   944   974   957   931   943   944   943   936  res
90616   1960   933   892   950   899   912   888   910   908   895   851  res
90616   1970   882   937   908   916   895   918   925   895   901   930  res
90616   1980   852   883   901   870   924   884   858   914   942   882  res
90616   1990   909   934   860   908   906   922   892   923   870   935  res
90616   2000   854   915   876   917   868   885   914 -9999
40549   1951   976   974   975   958   935   959   959   958   944
40549   1960   941   924   953   936   926   888   918   911   918   858  res
40549   1970   905   938   931   935   898   919   927   903   904   935  res
40549   1980   890   891   901   894   924   886   872   919   943   892  res
40549   1990   913   937   864   913   911   945   898   926   871   936  res
40549   2000   864   937   885   929   880   934   916   818   896   912  res
40549   2010 -9999
90278   1946   998   986   975   977
90278   1950   990   977   986   989   972   940   962   961   962   965  res
90278   1960   945   930   959   936   931   894   938   914   918   879  res
90278   1970   925   942   938   944   908   936   927   903   906   936  res
90278   1980   899   898   902   908   925   898   887   921   944   918  res
90278   1990   916   945   882   927   926   948   898   934   897   936  res
90278   2000   895   938   907   944   899   936 -9999
50340   1944   998   995   998   997   996   991
50340   1950   994   986   997   991   986   940   968   972   965   979  res
50340   1960   949   947   964   958   937   896   944   919   931   898  res
50340   1970   944   943   942   948   910   936   934   907   918   942  res
50340   1980   904   904   903   918   929   914   888   944   944   924  res
50340   1990   928   948   895   928   932   954   899   938   910   940  res
50340   2000   917   939   915   947   921   939   916   830   901   917  res
50340   2010 -9999
110795  1966   944   930   948   899
110795  1970   944   945   943   961   912   945   940   910   919   944  res
110795  1980   913   910   932   927   940   914   906   946   945   931  res
110795  1990   931   951   905   947   933   956   921   943   925   943  res
110795  2000   940   948   922   951   921   946   917   832   906   925  res
110795  2010 -9999
60339   1964   941   933   945   935   950   944
60339   1970   945   947   943   962   917   945   945   932   949   946  res
60339   1980   914   916   936   933   948   931   914   951   949   938  res
60339   1990   936   954   912   948   949   961   936   943   947   954  res
60339   2000   947   959   931   952   924   949   930   860   915   935  res
60339   2010 -9999
110797  1954   990   987   969   980   977   981
110797  1960   955   967   964   960   945   959   947   946   961   956  res
110797  1970   965   957   943   964   918   951   945   939   950   947  res
110797  1980   917   942   941   943   957   933   944   954   956   938  res
110797  1990   946   955   923   952   949   965   947   946   960   959  res
110797  2000   948   962   940   952   934   950   937   895   941   938  res
110797  2010 -9999
90121   1954   991   993   984   990   981   987
90121   1960   957   972   966   960   947   963   950   950   961   970  res
90121   1970   969   958   962   964   939   952   956   946   956   959  res
90121   1980   955   953   945   963   960   956   951   958   959   949  res
90121   1990   951   956   933   969   954   968   950   949   961   959  res
90121   2000   953   965   945   962   938   951   940   912   952   938  res
90121   2010 -9999
40554   1928  1000  1000
40554   1930   971   929   951   984   954   985   971   981   957   974  res
40554   1940   993   990   985   985   990   997   994  1000   997   997  res
40554   1950  1000   992   997   992   996   994   984   990   985   988  res
40554   1960   959   978   967   962   960   965   974   953   964   971  res
40554   1970   970   962   967   965   953   955   974   959   962   972  res
40554   1980   962   955   953   965   962   963   964   970   961   957  res
40554   1990   961   956   946   971   954   974   959   953   963   967  res
40554   2000   957   967   945   964   965   953   949   941   953   943  res
40554   2010 -9999
50299   1964   961   967   977   955   965   974
50299   1970   971   964   968   965   960   956   982   967   963   976  res
50299   1980   963   966   956   968   969   965   967   970   966   964  res
50299   1990   966   956   953   972   966   974   967   956   968   972  res
50299   2000   969   969   949   966   968   954   950   947   960   957  res
50299   2010 -9999
60145   1971   967   970   974   960   967   983   968   964   976
60145   1980   964   969   957   970   971   969   970   972   970   964  res
60145   1990   969   958   963   975   969   974   968   962   969   973  res
60145   2000   972   970   956   966   971   954   966   956   978   971  res
60145   2010 -9999
90276   1960   960   980   973   963   966   971   981   972   970   976  res
90276   1970   974   969   971   983   976   968   983   969   978   984  res
90276   1980   971   972   957   975   974   970   974   974   971   970  res
90276   1990   973   964   967   977   971   975   972   966   971   974  res
90276   2000   975   971   963   969   978   958   966   957   981   973  res
90276   2010 -9999
40480   1963   963   968   977   985   973   975   986
40480   1970   978   970   982   986   979   978   984   974   981   986  res
40480   1980   974   973   965   980   977   971   974   974   974   973  res
40480   1990   976   983   968   979   974   975   975   971   977   974  res
40480   2000   980   974   968   970   980   960   968   978   984   973  res
40480   2010 -9999
90567   1950  1000   998  1000   993   996   996   992   993   987   990  res
90567   1960   972   983   977   964   980   982   986   981   978   989  res
90567   1970   983   971   983   986   983   978   984   976   984   987  res
90567   1980   980   975   969   986   977   974   982   976   975   974  res
90567   1990   983   984   976   979   984   978   978   979   977   975  res
90567   2000   982   976   968   973   982   969   972   979   986 -9999  res
182695  1963   980   980   984   986   984   982   991
182695  1970   983   979   983   988   983   979   985   978   984   989  res
182695  1980   982   977   973   988   980   974   982   977   977   978  res
182695  1990   983   985   986   982   984   978   978   981   978   977  res
182695  2000   986   976   979   980   982   973   975   981   988   982  res
182695  2010 -9999
10194   1983   990   985   977   984   981   979   981
10194   1990   987   985   989   985   986   979   985   982   978   978  res
10194   2000   986   978   981   986   986   981   976   984   989   985  res
10194   2010 -9999
171306  1969   995
171306  1970   983   981   986   988   983   988   988   978   986   989  res
171306  1980   986   982   977   990   987   978   986   983   980   985  res
171306  1990   987   987   991   988   986   982   987   983   981   983  res
171306  2000   987   978   984   988   988   982   991   986   990   987  res
171306  2010 -9999
12032   1975   991   992   983   988   990
12032   1980   989   982   980   990   991   979   988   984   983   988  res
12032   1990   988   988   992   990   992   982   987   985   981   985  res
12032   2000   988   981   985   992   991   986 -9999
190635  1969   996
190635  1970   986   981   990   989   983   991   992   992   991   993  res
190635  1980   989   985   981   990   991   979   989   984   985   989  res
190635  1990   991   990   995   990   992   983   989   988   984   988  res
190635  2000   988   986   985   993   992   986   995   987   992   990  res
190635  2010 -9999
150911  1959   993
150911  1960   978   996   982   982   986   985   988   985   982   996  res
150911  1970   991   985   994   989   987   994   992   994   992   993  res
150911  1980   990   986   981   993   991   986   990   986   988   992  res
150911  1990   992   991   996   993   995   986   991   988   985   990  res
150911  2000   989   994   986   994   994   988   995   989   994   994  res
150911  2010 -9999
151140  1963   982   991   990   988   987   984   996
151140  1970   996   986   995   991   994   995   993   994   993   994  res
151140  1980   990   989   981   994   991   990   991   988   989   993  res
151140  1990   994   992   997   994   995   986   991   991   985   990  res
151140  2000   989   995   991   995   995   992   995   993   995   995  res
151140  2010 -9999
160760  1974   994   995   993   996   994   994
160760  1980   991   992   983   995   994   990   993   989   992   993  res
160760  1990   994   994   998   995   996   986   991   994   989   990  res
160760  2000   990   997   994   995   998   993   997   994   996 -9999  res
151123  1961   996   990   983   994   991   992   993   985   996
151123  1970   997   993   995   992   998   996   994   997   996   994  res
151123  1980   996   993   983   995   994   992   993   990   994   994  res
151123  1990   996   995   998   996   997   986   994   997   991   994  res
151123  2000   990   997   998   997   998   995   997   996   996   998  res
151123  2010 -9999
152529  1955   998   997   994   989   993
152529  1960   988   998   991   985   998   998   993   996   985   997  res
152529  1970   997   998   996   994  1000   997   995  1000   998   995  res
152529  1980   998   996   986   997   995   993   994   991   994   996  res
152529  1990   997   997   998   997   997   988   994   997   991   995  res
152529  2000   990   998  1000   998  1000   996   998   997   997  1000  res
152529  2010 -9999
10619   1959   994
10619   1960   988  1000   994   989   998   998   993   997   987   997  res
10619   1970   997   998  1000   998  1000   997   998  1000   998   995  res
10619   1980  1000   997   994  1000   996   997   995   994   996   996  res
10619   1990   997   998   998   997   998   996   996   998   991   997  res
10619   2000   991  1000  1000  1000  1000   997  1000   997   997  1000  res
10619   2010 -9999
20820   1971  1000  1000  1000  1000   998   998  1000   998   995
20820   1980  1000   998   995  1000   997   997   995   994   996   998  res
20820   1990   998   998  1000   998   998   996   997   998   996   997  res
20820   2000   994  1000  1000  1000  1000   997  1000  1000   997  1000  res
20820   2010 -9999
60426   1954   997  1000   997   998   997   996
60426   1960   989  1000   995   990   998  1000   994   998   988   998  res
60426   1970   998  1000  1000  1000  1000   998  1000  1000   998   996  res
60426   1980  1000  1000   995  1000   998   998   996   995   996   998  res
60426   1990  1000  1000  1000   998  1000   997   997  1000   996   998  res
60426   2000   995  1000  1000  1000  1000  1000  1000  1000   998  1000  res
60426   2010 -9999
70018   1958  1000   998
70018   1960   990  1000   997   994   998  1000   996  1000   992  1000  res
70018   1970   998  1000  1000  1000  1000  1000  1000  1000  1000   998  res
70018   1980  1000  1000   997  1000   998   998   997   995  1000  1000  res
70018   1990  1000  1000  1000   998  1000   998  1000  1000   998  1000  res
70018   2000   996  1000  1000  1000  1000  1000  1000  1000  1000  1000  res
70018   2010 -9999
10675   1960   994  1000   997   996  1000  1000   997  1000   995  1000  res
10675   1970   998  1000  1000  1000   998  1000  1000  1000  1000  1000  res
10675   1980  1000  1000   997  1000  1000   998   997   995  1000  1000  res
10675   1990  1000  1000  1000  1000  1000  1000  1000  1000  1000  1000  res
10675   2000   997  1000  1000  1000  1000  1000  1000  1000  1000  1000  res
10675   2010 -9999
50559   1955  1000   998  1000  1000  1000
50559   1960   996  1000  1000   997  1000  1000   998  1000   997  1000  res
50559   1970  1000  1000  1000  1000   998  1000  1000  1000  1000  1000  res
50559   1980  1000  1000   998  1000  1000  1000  1000  1000  1000  1000  res
50559   1990  1000  1000  1000  1000  1000  1000  1000  1000  1000  1000  res
50559   2000   998  1000   998  1000  1000  1000  1000  1000  1000  1000  res
50559   2010 -9999
52130   1959  1000
52130   1960   997  1000  1000  1000  1000  1000  1000  1000   998  1000  res
52130   1970  1000  1000  1000  1000   997  1000  1000  1000  1000  1000  res
52130   1980  1000  1000  1000  1000  1000  1000  1000  1000  1000  1000  res
52130   1990  1000  1000  1000  1000  1000  1000  1000  1000  1000  1000  res
52130   2000   998  1000   998  1000  1000  1000   998   998  1000  1000  res
52130   2010 -9999
102157  1951  1000  1000  1000  1000  1000   998  1000   997  1000
102157  1960  1000  1000  1000  1000  1000  1000  1000  1000   998  1000  res
102157  1970  1000  1000  1000  1000   993  1000  1000  1000  1000  1000  res
102157  1980  1000  1000  1000  1000  1000  1000  1000  1000  1000  1000  res
102157  1990  1000  1000  1000  1000  1000  1000  1000  1000  1000  1000  res
102157  2000  1000  1000   998  1000  1000  1000   998   997   997  1000  res
102157  2010 -9999
50652   1967  1000  1000  1000
50652   1970  1000   997  1000   998   991  1000  1000  1000  1000  1000  res
50652   1980  1000  1000  1000  1000  1000  1000  1000  1000  1000  1000  res
50652   1990  1000  1000  1000  1000   998  1000  1000  1000  1000  1000  res
50652   2000  1000  1000   997  1000  1000  1000   997   997   997   997  res
50652   2010 -9999
40873   1920  1000  1000  1000  1000  1000  1000  1000  1000  1000  1000  res
40873   1930   997   991   967   996   970  1000   995   992   992  1000  res
40873   1940   998  1000   986  1000   988  1000   994   998  1000   993  res
40873   1950  1000  1000   993  1000   998  1000   998  1000   996  1000  res
40873   1960  1000  1000  1000  1000  1000  1000  1000  1000  1000  1000  res
40873   1970  1000   997  1000   997   990  1000  1000  1000  1000  1000  res
40873   1980   998  1000  1000  1000  1000  1000  1000  1000  1000  1000  res
40873   1990  1000  1000  1000  1000   998  1000  1000  1000  1000  1000  res
40873   2000  1000  1000   996  1000   998   998   997   996   995   997  res
40873   2010 -9999
52010   1956  1000  1000   995   998
52010   1960   997   998  1000  1000  1000  1000  1000  1000  1000  1000  res
52010   1970  1000   997   998   997   989  1000  1000  1000   997  1000  res
52010   1980   996  1000  1000  1000  1000  1000   998  1000  1000  1000  res
52010   1990  1000  1000  1000  1000   997  1000  1000  1000  1000  1000  res
52010   2000  1000  1000   996   998   995   998   995   995   993   996  res
52010   2010 -9999
30483   1968  1000  1000
30483   1970  1000   996   998   997   988   997  1000  1000   996  1000  res
30483   1980   994   998  1000   998  1000  1000   997  1000  1000  1000  res
30483   1990  1000  1000   997  1000   995  1000  1000   998  1000   998  res
30483   2000  1000  1000   994   997   993   997   994   995   993   988  res
30483   2010 -9999
50557   1955   998  1000  1000   991   995
50557   1960   996   997  1000  1000  1000  1000  1000   997  1000  1000  res
50557   1970   997   994   996   997   986   996   997  1000   996   997  res
50557   1980   994   998  1000   998  1000  1000   997   997  1000  1000  res
50557   1990  1000  1000   997  1000   993   998  1000   996  1000   998  res
50557   2000  1000  1000   993   995   993   997   990   993   992   988  res
50557   2010 -9999
60486   1948   997   987
60486   1950   997   996   993  1000   996   995  1000   997   991   994  res
60486   1960   989   996  1000   998   998  1000   998   997  1000   997  res
60486   1970   994   993   996   996   985   996   991   998   995   997  res
60486   1980   994   997  1000   997  1000   997   996   996  1000  1000  res
60486   1990   996  1000   995  1000   990   996   997   994   998   998  res
60486   2000  1000  1000   989   994   993   992   990   993   990 -9999  res
60467   1962   998   991   997   997   998   996   998   997
60467   1970   993   990   992   994   983   996   990   998   995   997  res
60467   1980   993   996  1000   997  1000   995   994   996   998   998  res
60467   1990   995   998   995  1000   987   994   997   992   994   997  res
60467   2000  1000   998   988   992   992   989   990   991   987   987  res
60467   2010 -9999
50563   1954   996   993  1000   992   991   989
50563   1960   988   994   997   990   996   990   997   993   995   995  res
50563   1970   991   986   991   992   983   992   989   996   995   996  res
50563   1980   992   994   998   996   996   992   994   993   998   994  res
50563   1990   990   997   995  1000   986   993   995   991   993   995  res
50563   2000   998   998   988   991   992   985   990   991   983   987  res
50563   2010 -9999
40563   1932   993  1000   995   998  1000   997  1000  1000
40563   1940  1000   998   993   987   984   997   992   995   996   983  res
40563   1950   996   976   992  1000   995   992   986   990   991   988  res
40563   1960   984   994   997   988   992   990   997   993   994   993  res
40563   1970   990   985   989   990   980   991   983   996   994   996  res
40563   1980   992   990   996   994   996   992   994   992   997   991  res
40563   1990   987   997   993   998   986   991   993   990   993   994  res
40563   2000   997   994   988   988   991   984   988   987   978   983  res
40563   2010 -9999
20693   1967   988   993   990
20693   1970   989   985   986   989   980   988   983   994   990   996  res
20693   1980   991   987   996   994   995   988   993   990   994   990  res
20693   1990   986   994   993   998   985   989   993   989   992   993  res
20693   2000   995   991   986   985   989   983   988   983   975   982  res
20693   2010 -9999
30333   1930   989   996   985   976   674   982   980   980  1000   988  res
30333   1940   974   966   977   985   973   978   976   984   981   971  res
30333   1950   994   975   983  1000   995   991   986   990   990   984  res
30333   1960   983   993   996   985   991   985   993   986   991   986  res
30333   1970   989   980   983   976   979   988   983   991   984   995  res
30333   1980   991   986   995   991   990   986   991   988   993   989  res
30333   1990   981   992   989   998   983   980   988   988   991   992  res
30333   2000   995   990   986   981   988   982   986   983   973   965  res
30333   2010 -9999
92562   1953   998   992   991   982   982   988   973
92562   1960   977   992   996   977   982   979   990   981   978   982  res
92562   1970   984   974   981   974   976   988   982   988   978   988  res
92562   1980   991   985   993   990   990   978   989   986   987   988  res
92562   1990   981   992   987   995   980   976   985   983   983   986  res
92562   2000   994   984   984   979   988   979   985   982   970   963  res
92562   2010 -9999
20627   1977   987   977   988
20627   1980   990   978   993   989   989   978   988   985   982   987  res
20627   1990   979   992   985   994   978   974   982   982   975   986  res
20627   2000   986   977   983   979   979   978   981   975   969   962  res
20627   2010 -9999
10664   1974   971   985   981   981   976   982
10664   1980   987   973   990   982   987   975   982   985   982   984  res
10664   1990   975   987   984   987   978   968   976   980   975   978  res
10664   2000   980   972   980   978   979   977   978   956   966   961  res
10664   2010 -9999
40585   1979   974
40585   1980   984   972   988   982   985   973   978   984   978   983  res
40585   1990   974   987   984   981   971   968   975   979   972   976  res
40585   2000   979   969   979   970   973   969   977   952   962   959  res
40585   2010 -9999
101150  1975   984   979   979   976   972
101150  1980   984   972   987   974   982   973   971   972   978   975  res
101150  1990   972   986   983   965   971   968   974   979   970   976  res
101150  2000   973   963   978   966   965   964   976   952   956   957  res
101150  2010 -9999
150941  1954   976   986   969   973   987   964
150941  1960   960   991   986   974   980   975   984   968   977   973  res
150941  1970   980   973   978   970   970   982   972   976   975   970  res
150941  1980   981   971   985   974   975   962   969   969   970   973  res
150941  1990   969   986   981   961   967   960   971   979   963   974  res
150941  2000   972   963   972   954   947   959   974   952   953   957  res
150941  2010 -9999
20847   1968   973   959
20847   1970   971   973   976   966   969   974   969   969   972   952  res
20847   1980   977   970   978   973   965   962   964   969   967   959  res
20847   1990   965   985   980   957   964   959   965   976   960   970  res
20847   2000   968   961   971   953   943   958   973   950   951   950  res
20847   2010 -9999
30233   1902  1000  1000  1000  1000  1000  1000  1000  1000
30233   1910  1000  1000  1000  1000  1000  1000  1000  1000  1000  1000  res
30233   1920  1000  1000  1000  1000  1000  1000  1000  1000  1000  1000  res
30233   1930   958   988   857   902   517   937   974   971   975   963  res
30233   1940   843   928   961   967   956   969   971   959   965   948  res
30233   1950   987   969   983   997   972   976   931   957   986   963  res
30233   1960   957   990   985   973   979   973   979   964   971   955  res
30233   1970   970   970   970   964   961   971   965   963   967   949  res
30233   1980   973   969   969   954   947   955   949   969   961   954  res
30233   1990   955   984   977   944   962   957   964   960   958   967  res
30233   2000   960   959   967   952   936   944   973   940   950 -9999  res
40536   1964   975   969   978   962   953   954
40536   1970   970   969   951   960   957   960   959   961   960   948  res
40536   1980   956   959   956   953   946   955   947   968   952   952  res
40536   1990   955   969   959   941   960   955   963   958   949   965  res
40536   2000   950   956   963   950   935   919   959   939   947   930  res
40536   2010 -9999
40493   1953   967   969   955   926   951   981   959
40493   1960   944   960   970   968   974   964   977   960   948   945  res
40493   1970   970   963   933   959   950   939   958   943   958   948  res
40493   1980   955   953   942   942   946   953   943   967   950   942  res
40493   1990   954   962   958   941   953   952   956   951   949   958  res
40493   2000   948   951   961   950   921   896   955   928   942   930  res
40493   2010 -9999
60129   1952   969   943   957   951   923   943   969   945
60129   1960   936   946   964   961   972   964   962   960   936   937  res
60129   1970   956   959   930   949   949   923   954   939   953   947  res
60129   1980   951   944   920   934   942   947   940   964   948   935  res
60129   1990   945   961   947   933   952   946   955   948   942   954  res
60129   2000   947   949   950   946   918   895   952   906   941   928  res
60129   2010 -9999
50330   1958   964   944
50330   1960   921   929   957   945   967   961   960   958   935   927  res
50330   1970   946   934   904   946   947   916   947   934   952   944  res
50330   1980   951   944   898   922   937   944   935   961   937   930  res
50330   1990   944   956   946   930   948   945   944   928   941   953  res
50330   2000   926   936   933   931   918   894   950   901   941   897  res
50330   2010 -9999
30214   1950   968   969   959   912   921   889   913   934   940   940  res
30214   1960   918   925   955   945   964   955   956   954   928   911  res
30214   1970   940   928   897   942   939   909   941   934   949   937  res
30214   1980   944   939   893   912   935   941   929   957   937   928  res
30214   1990   942   956   942   913   938   932   944   918   927   952  res
30214   2000   915   933   933   915   900   873   949   893   937   890  res
30214   2010 -9999
132532  1952   956   904   872   834   827   929   931   939
132532  1960   902   925   954   939   958   948   938   938   911   908  res
132532  1970   938   895   897   939   937   908   940   933   948   934  res
132532  1980   943   932   892   890   933   940   909   955   933   925  res
132532  1990   923   951   931   909   933   931   939   916   923   951  res
132532  2000   915   923   931   910   863   854   939   893 -9999
50301   1958   915   933
50301   1960   820   924   950   929   952   934   927   930   894   884  res
50301   1970   937   889   890   925   932   835   939   893   927   934  res
50301   1980   943   926   885   873   930   921   907   946   931   905  res
50301   1990   922   945   927   892   932   925   938   906   895   948  res
50301   2000   887   908   910   903   857   839   927   867 -9999
152661  1970   927   879   885   920   931   826   923   873   919   933  res
152661  1980   937   924   859   871   930   905   895   945   925   903  res
152661  1990   922   932   926   889   931   920   934   904   892   939  res
152661  2000   877   908   908   897   853   747   917   841   905   885  res
152661  2010 -9999
111171  1950   936   936   918   888   871   777   822   898   914   917  res
111171  1960   761   919   949   925   949   920   900   904   873   882  res
111171  1970   905   858   884   919   928   825   913   840   918   896  res
111171  1980   932   917   852   865   926   899   892   935   920   790  res
111171  1990   918   907   919   886   919   914   930   882   869   907  res
111171  2000   870   907   904   890   845   700   893   812   890   848  res
111171  2010 -9999
10743   1964   940   914   822   901   849   881
10743   1970   894   842   865   914   918   822   896   829   911   893  res
10743   1980   919   914   827   863   925   897   884   934   918   772  res
10743   1990   917   902   911   865   909   914   922   859   850   893  res
10743   2000   841   905   893   866   817   659   875   800   868   834  res
10743   2010 -9999
40889   1962   944   921   855   899   821   895   845   870
40889   1970   873   842   842   864   869   818   893   791   893   893  res
40889   1980   910   853   768   839   902   893   879   925   916   748  res
40889   1990   891   860   900   862   899   904   921   856   802   878  res
40889   2000   818   898   890   830   812   650   875   782   839   781  res
40889   2010 -9999
60295   1962   942   908   814   859   812   892   835   792
60295   1970   857   836   838   863   859   797   860   790   862   891  res
60295   1980   905   846   765   833   893   883   849   908   892   741  res
60295   1990   888   840   874   856   885   897   919   837   789   877  res
60295   2000   811   894   843   799   811   602   866   749   798   773  res
60295   2010 -9999
30534   1979   879
30534   1980   878   830   736   770   888   880   842   905   888   735  res
30534   1990   874   820   856   822   883   885   911   817   778   875  res
30534   2000   795   867   805   791   718   575   802   731   791 -9999  res
50433   1960   732   913   937   855   775   852   771   887   823   789  res
50433   1970   795   804   832   862   853   786   858   784   855   878  res
50433   1980   857   812   658   751   857   870   790   888   850   714  res
50433   1990   766   779   815   792   870   850   875   788   761   865  res
50433   2000   791   865   759   707   641   573   758 -9999
10647   1942   949   958   950   959   932   928   793   888
10647   1950   925   916   890   862   835   701   790   788   910   912  res
10647   1960   628   805   923   841   757   787   740   880   814   666  res
10647   1970   715   778   804   844   844   730   849   762   821   831  res
10647   1980   807   774   654   556   856   848   762   878   813   698  res
10647   1990   716   766   800   768   856   844   836   785   737   861  res
10647   2000   758   854   746   444   483   553   745   299    22   761  res
10647   2010 -9999
171150  1961   785   905   820   748   775   729   872   715   515
171150  1970   705   755   753   801   729   729   775   727   809   796  res
171150  1980   801   727   626   545   840   831   762   871   810   628  res
171150  1990   644   762   752   763   755   815   819   779   732   851  res
171150  2000   751 -9999
70180   1977   693   808   784
70180   1980   799   609   625   483   839   713   740   858   750   559  res
70180   1990   612   715   701   719   700   798   817   771   670   818  res
70180   2000   733   745   726   388   452    32   421   187 -9999
10730   1936   571   944   957   927
10730   1940   442   925   946   937   419   949   871   880   781   845  res
10730   1950   919   772   778   786   670   653   770   784   658   909  res
10730   1960   574   729   881   738   718   768   690   806   703   496  res
10730   1970   636   692   738   788   669   659   703   683   789   623  res
10730   1980   778   429   444   314   838   534   725   818   665   540  res
10730   1990   490   662   597   715   629   792   720   730   656   680  res
10730   2000   716   657   716 -9999
30472   1954   401   528   752   367   601   845
30472   1960   555   413   817   731   712   753   649   755   474    18  res
30472   1970   634   255   207   752   574   480   648   585   735   101  res
30472   1980   769   292   333  1000   819   468   597   777   584   446  res
30472   1990   434   363   438   710   131   687   712   141   653   680  res
30472   2000   695   636 -9999
30421r  1887  1000  1000  1000
30421r  1890  1000  1000  1000  1000  1000  1000  1000  1000  1000  1000  res
30421r  1900  1000  1000  1000  1000  1000  1000  1000  1000  1000  1000  res
30421r  1910  1000  1000  1000  1000  1000  1000  1000  1000  1000  1000  res
30421r  1920  1000  1000  1000  1000  1000  1000  1000  1000  1000  1000  res
30421r  1930   942   889   292   861   254   871   127   943   759   390  res
30421r  1940   278   685   934   851   202   883   665   621   565   833  res
30421r  1950   512   628   712   486   178   169   499   339   492   767  res
30421r  1960   433   272   703   638   595   694   375   648   358  1000  res
30421r  1970   506  1000     0   714   409   317   597   208   708  1000  res
30421r  1980   712  1000   134  1000   559   462   253   746  1000  1000  res
30421r  1990  1000    83   300  1000  1000  1000   584  1000   530  1000  res
30421r  2000   565  1000   682  1000  1000 -9999
