 eigenvalue  8.121   3.227   2.147   1.356   1.102   0.809   0.621   0.420   0.371   0.329   0.302   0.254   0.212   0.195   0.135   0.116   0.099   0.080   0.070   0.034
 eval sderr  1.608   0.639   0.425   0.268   0.218   0.160   0.123   0.083   0.074   0.065   0.060   0.050   0.042   0.039   0.027   0.023   0.020   0.016   0.014   0.007
 % variance  0.406   0.161   0.107   0.068   0.055   0.040   0.031   0.021   0.019   0.016   0.015   0.013   0.011   0.010   0.007   0.006   0.005   0.004   0.003   0.002
 cumulative  0.406   0.567   0.675   0.743   0.798   0.838   0.869   0.890   0.909   0.925   0.940   0.953   0.964   0.973   0.980   0.986   0.991   0.995   0.998   1.000
 brokn stck  3.598   2.598   2.098   1.764   1.514   1.314   1.148   1.005   0.880   0.769   0.669   0.578   0.495   0.418   0.346   0.280   0.217   0.158   0.103   0.050
 series_id   #  1       2       3       4       5       6       7       8       9      10      11      12      13      14      15      16      17      18      19      20
  101100     0.293   0.018   0.228   0.138  -0.093  -0.142  -0.129  -0.140  -0.079   0.169  -0.021  -0.233   0.391  -0.223  -0.270  -0.245   0.560  -0.183   0.004  -0.078
  60111     -0.057   0.268   0.343  -0.138   0.518   0.118   0.113  -0.300  -0.406  -0.077  -0.120  -0.321   0.122   0.193   0.082   0.080  -0.079   0.150  -0.137  -0.045
  90658      0.138  -0.093   0.429   0.266   0.318   0.203  -0.066   0.338   0.382   0.097   0.433  -0.131   0.018   0.111   0.170   0.161   0.000  -0.116   0.122   0.031
  90062      0.313   0.027  -0.017  -0.218  -0.005  -0.153   0.131   0.173  -0.029   0.019  -0.184  -0.065  -0.106   0.025   0.682  -0.253   0.211  -0.093  -0.086   0.376
  111208     0.058   0.417   0.228  -0.182  -0.094  -0.033  -0.362   0.032  -0.247   0.376   0.273   0.469  -0.234   0.119  -0.007  -0.059   0.024  -0.050  -0.145  -0.060
  90616      0.237   0.235  -0.281  -0.066  -0.023  -0.053   0.034  -0.232   0.416  -0.124   0.280  -0.116   0.146   0.480  -0.128  -0.278  -0.081   0.058  -0.333   0.002
  90278      0.302  -0.122   0.086  -0.120   0.183   0.161   0.140  -0.238   0.007  -0.154   0.012   0.162  -0.293  -0.072  -0.036  -0.480  -0.170  -0.212   0.425  -0.332
  50340      0.270   0.155   0.135   0.199  -0.156  -0.181  -0.091  -0.468   0.175   0.045  -0.020   0.067   0.172  -0.382   0.274   0.249  -0.454  -0.025  -0.015   0.061
  40554      0.056   0.252  -0.280   0.446  -0.084   0.362  -0.497   0.023  -0.159  -0.248  -0.121  -0.244  -0.195   0.031   0.204  -0.050   0.060  -0.088   0.015  -0.123
  90567      0.164   0.230   0.351   0.161  -0.112  -0.416   0.120   0.336   0.098  -0.319  -0.325  -0.066  -0.306   0.062  -0.221   0.047  -0.102  -0.027  -0.187  -0.208
  40873      0.282  -0.179  -0.176   0.145   0.178   0.070   0.045   0.101  -0.261   0.286  -0.057  -0.123  -0.140  -0.013  -0.352  -0.008  -0.350  -0.381  -0.251   0.381
  60486      0.300  -0.110  -0.163  -0.103   0.111   0.205   0.044   0.186   0.091   0.347  -0.108  -0.085  -0.057  -0.282   0.072   0.020  -0.020   0.427  -0.347  -0.481
  40563      0.246   0.194  -0.223  -0.214  -0.052  -0.075   0.064   0.420  -0.323  -0.221   0.242  -0.009   0.476  -0.038   0.043   0.138  -0.218  -0.146   0.207  -0.211
  30333      0.255   0.033   0.059  -0.056  -0.367   0.349   0.430  -0.188  -0.136  -0.169   0.261  -0.034  -0.269  -0.017  -0.046   0.404   0.282  -0.066  -0.107   0.032
  30233     -0.163   0.302  -0.117   0.359   0.215   0.187   0.428   0.043   0.094   0.065  -0.193   0.454   0.229  -0.052   0.095  -0.054   0.133  -0.294  -0.183  -0.114
  30214      0.281   0.016  -0.246  -0.074   0.227  -0.179  -0.109  -0.131   0.135   0.213  -0.312   0.086  -0.066   0.361  -0.035   0.500   0.221  -0.110   0.336  -0.117
  111171     0.046   0.392   0.106  -0.367  -0.067   0.451  -0.081   0.146   0.334   0.002  -0.326  -0.048   0.092  -0.179  -0.257  -0.006  -0.062   0.034   0.183   0.311
  10647      0.206  -0.202   0.236   0.262  -0.361   0.232   0.080   0.051  -0.176   0.138  -0.254   0.181   0.270   0.467   0.028  -0.119  -0.168   0.309   0.140   0.046
  10730      0.278   0.096  -0.129   0.246   0.325  -0.106  -0.001   0.034  -0.108  -0.256   0.149   0.302  -0.057  -0.187  -0.182  -0.025   0.161   0.535   0.129   0.356
  30421r    -0.133   0.395  -0.141   0.218  -0.126  -0.160   0.357   0.035  -0.034   0.443   0.141  -0.361  -0.187  -0.012  -0.001  -0.129  -0.072   0.166   0.396   0.011
