  year  #   1       2       3       4       5       6       7       8       9      10      11      12      13      14      15      16      17      18      19      20
  1950  -2.373   2.913  -3.091  -2.081  -0.007   0.082  -0.780   0.600   0.301   0.424   0.048  -1.305  -0.469   0.184  -0.367  -0.254   0.511   0.196   0.026  -0.119
  1951  -3.202   2.434  -3.193  -2.012  -0.411  -0.549  -0.451  -0.700   0.231   0.611   0.608  -0.474   0.083  -0.280  -0.401   0.130  -0.773  -0.099   0.139  -0.254
  1952  -4.397   1.639  -2.036  -1.469  -1.249  -0.640   0.565  -0.268   0.002  -0.245  -0.382   0.337   0.264  -0.632   0.187  -0.547  -0.027   0.355  -0.575  -0.169
  1953  -3.682   1.326  -1.402  -2.644  -1.194  -0.082  -0.447  -0.859   0.586  -0.697  -1.196   0.406   0.655  -0.068   0.407   0.376   0.224  -0.238   0.338   0.320
  1954  -3.032   0.669   0.581  -1.052   0.605  -0.389  -0.450   0.706  -1.295  -0.998   0.764  -0.099  -0.418  -0.324   0.140   0.173   0.124  -0.129  -0.430  -0.214
  1955  -4.046   0.949  -0.015  -0.184   0.088  -0.925   0.303   0.067  -0.362   1.574   0.162   1.263  -0.485   0.276  -0.242   0.590   0.123   0.026   0.098  -0.023
  1956  -2.772   2.790   1.035   0.841  -0.217   0.156   1.226  -0.909  -0.191   0.469  -0.256   0.365  -0.624   0.396   0.092   0.071   0.269  -0.024  -0.369   0.056
  1957  -2.863   3.142   2.066   0.839   0.483   0.076   1.216   0.971   1.280  -0.260   0.593   0.243   0.448   0.615  -1.340  -0.286  -0.149   0.293   0.001   0.082
  1958  -1.158   3.550   2.163   0.403   0.264   0.482   0.154   0.716   0.419  -0.902  -0.190  -0.257   0.291   0.001  -0.209  -0.486  -0.449  -0.255   0.134   0.137
  1959  -2.986   1.659   1.974   0.505  -0.301   0.142   0.259  -0.174   0.372  -0.821  -0.703   0.591  -0.573   0.029   0.555   0.283  -0.369   0.125  -0.165   0.102
  1960  -1.766   2.405   0.485   0.359  -0.982   0.832  -0.809   0.576  -0.488   0.185  -0.798  -0.530   0.221   0.304   0.220  -0.142   0.776  -0.029  -0.038  -0.141
  1961  -1.779   2.183   0.145   0.693   0.080   0.600  -0.486  -0.478  -0.227   0.144   0.479  -0.053  -0.426   0.640   0.536  -0.363  -0.266   0.103   0.591   0.177
  1962  -2.165   1.232   0.811   1.249   0.509   0.773  -1.093   0.421  -0.409   0.221   0.536   0.449  -0.188  -0.039   0.371  -0.125   0.099  -0.398   0.217  -0.128
  1963  -1.891   0.492   1.375   1.566   0.679   0.820  -1.093   0.049   0.201  -0.353   1.068  -0.599   0.092   0.028   0.622   0.243  -0.008  -0.101   0.085   0.035
  1964  -3.490  -1.866   2.410   1.673  -0.207  -0.307   0.690  -0.315   0.395   0.688  -0.279  -0.783  -0.398  -0.754   0.182   0.075  -0.016  -0.429  -0.035  -0.130
  1965  -2.784  -0.908   1.426   0.864   1.681   0.052   0.364  -1.016   0.919   0.276  -0.514  -0.679   0.134   0.157  -0.224   0.214   0.145   0.035   0.211  -0.227
  1966  -4.025  -2.435   1.558  -0.164  -0.527  -0.594   0.031  -1.384  -0.163  -0.217  -0.029   0.045   0.850  -0.159  -0.457  -0.465   0.279  -0.425  -0.143   0.140
  1967  -0.318   0.962   0.846   0.772   0.052  -0.314  -0.089   0.258  -1.873  -0.030   0.301   0.158   0.241   0.566  -0.248   0.297  -0.116   0.111  -0.203   0.136
  1968  -0.301   1.279  -0.674   0.116   2.428   0.232  -0.715  -0.909  -0.548   0.840   0.333   0.167   0.522  -0.667   0.126   0.676   0.105   0.007   0.212   0.137
  1969   2.266   0.179  -0.984   0.594   2.652   0.550   0.212   0.321  -0.321   0.857  -1.545   0.707   0.467  -0.022   0.104  -0.125  -0.464   0.019  -0.194  -0.340
  1970  -0.459  -0.659  -1.601   1.160   1.407   1.422  -0.474   0.117  -0.065   0.259  -0.682   0.004   0.019  -0.189   0.186  -0.326  -0.216   0.011  -0.234   0.107
  1971  -0.578  -1.273  -1.224   0.580   0.106   1.529   0.513  -0.519   0.048  -1.152  -0.152  -0.274  -0.653  -0.166  -0.121   0.004  -0.601   0.049  -0.317  -0.031
  1972  -0.016  -1.303  -2.128   0.604   0.961   0.607   0.402   0.864  -0.111  -0.654  -0.146  -0.207  -0.409  -0.523   0.103   0.508  -0.308   0.064  -0.208  -0.005
  1973  -0.508  -1.604  -2.232   0.909   0.766   0.371  -0.520   0.286   0.485  -1.216   0.506   0.035   0.101  -0.013  -0.166   0.254   0.786   0.150  -0.182   0.254
  1974  -1.165  -1.977  -2.576   1.443   0.691  -0.642   0.183   0.233   0.779   0.072   0.234   0.181   0.301   0.232  -0.397  -0.054   0.271  -0.335   0.039  -0.108
  1975  -1.621  -2.229  -3.017   1.339   0.162  -1.236   0.474   0.095   0.253  -0.078   0.536   0.057   0.066   0.867   0.965  -0.269  -0.150  -0.122  -0.045   0.144
  1976   1.439  -0.801  -2.471   1.215   0.673  -1.307   1.263   0.627  -0.651   0.085   0.068  -0.498   1.031   0.376   0.382  -0.245  -0.064   0.139   0.333   0.056
  1977   0.674  -0.420   0.044   0.918  -0.957  -0.928   2.238  -0.403  -0.900  -0.922  -0.461  -0.013   0.206  -0.139   0.161  -0.132   0.460   0.210   0.243  -0.097
  1978   1.997  -1.903  -1.080   1.513  -1.715  -0.345  -1.479  -1.281   0.156  -0.103  -0.242   0.572  -0.366   0.417  -0.462  -0.083  -0.385   0.149  -0.042  -0.098
  1979   0.634  -1.644  -0.924   1.749  -1.787   0.528  -0.051  -0.617   0.421   0.936  -0.207  -0.353  -1.016  -0.095  -0.204   0.127   0.207   0.625   0.141   0.284
  1980   7.434   2.854  -1.173   0.740  -1.511   1.493   1.187  -0.279   0.376   0.231   0.516  -0.224  -0.293  -0.334   0.170  -0.162   0.387  -0.459   0.112  -0.321
  1981   6.005   2.202  -0.880   0.342  -0.530   0.150   0.431  -0.082   0.083   0.421   0.252   0.935   0.068  -0.207  -0.346   0.112   0.521  -0.371  -0.212   0.034
  1982   6.349   2.762  -0.203   0.215  -0.421  -0.982  -0.324  -0.556   0.060  -0.466   0.011  -0.404   0.100   0.447   0.146   0.211  -0.480   0.034  -0.275  -0.081
  1983   3.859   1.804   1.000  -0.428  -0.352  -2.053  -0.155  -0.051   0.826  -0.286   0.528   0.149  -0.203   0.005   0.302   0.614  -0.175  -0.315  -0.168   0.072
  1984   2.959   0.223   1.959   0.640   1.121  -2.214  -1.677   0.366   0.952  -0.455  -0.440   0.293  -0.017  -0.272   0.188   0.118   0.334   0.595   0.060  -0.329
  1985   3.254   0.461   1.525  -0.612   0.748  -0.439  -0.409   0.113  -0.087   0.257  -0.869  -0.887   0.152   0.094   0.170  -0.424  -0.004   0.185   0.195  -0.085
  1986   3.249   0.161   1.867  -1.077   0.964  -0.293   0.266  -0.493  -0.559   0.514   0.042  -0.209  -0.060  -0.699  -0.125  -0.428  -0.221  -0.052   0.002   0.425
  1987   2.821  -0.649   0.131  -1.396   0.875  -0.116   0.128  -0.924  -0.431  -0.768   0.303  -0.250  -0.188  -0.007  -0.106   0.128   0.086  -0.230   0.136   0.057
  1988   2.145  -0.626   0.366  -0.625   0.058  -0.016   0.154  -0.448  -0.812  -0.545  -0.098   0.100  -0.608   0.021  -0.613  -0.506  -0.069   0.139   0.409  -0.089
  1989   0.916  -1.183  -0.412  -0.656   1.659  -0.037  -0.146   0.259  -0.729  -0.501  -0.165   0.338  -0.370  -0.341  -0.792  -0.015   0.348  -0.175   0.292   0.126
  1990   2.467  -1.480   0.091  -2.192   1.201   0.075   0.705   0.605   0.328   0.339  -0.284  -0.565  -0.599   0.508  -0.361   0.568  -0.111   0.199  -0.141   0.409
  1991  -0.139  -4.005   1.564  -1.768  -0.330  -0.919  -0.294   0.058  -0.162   0.408  -0.096  -0.543  -0.753   0.733   0.218  -0.445   0.030  -0.539  -0.185  -0.146
  1992   0.721  -1.912   1.334  -2.466  -0.109   1.666   0.007   0.094  -0.228  -0.295   0.156   0.926  -0.065   0.889   0.421   0.063   0.342   0.397   0.117  -0.326
  1993   1.322  -1.834   1.315  -1.987  -0.030   1.407   1.153   0.067   0.634   0.749   0.400  -0.297   0.986   0.496   0.410   0.487  -0.093  -0.032  -0.287  -0.040
  1994   1.026  -1.551   0.781  -1.055   0.375   0.685  -0.086  -0.999   0.452   0.122   1.525   0.548   0.556  -0.583   0.326  -0.702  -0.135   0.666   0.012  -0.040
  1995  -0.275  -3.010   0.338  -0.697  -0.114   0.246   0.171   0.935   1.260  -0.293  -0.011   0.563  -0.205  -0.534  -0.127   0.106   0.025  -0.276   0.247  -0.183
  1996   0.914  -0.747  -0.533  -0.527  -0.598  -0.284  -0.736   1.496   0.214   0.675   0.018   0.864  -0.284  -0.106   0.102  -0.991  -0.241  -0.307  -0.088   0.279
  1997   0.982   0.300   0.775  -0.269  -1.752  -0.115   0.250   1.196   0.147   0.354  -0.293  -0.081   0.037  -0.784   0.757   0.095   0.102   0.277   0.164   0.340
  1998  -0.205  -1.610   1.432   0.848  -1.342  -0.274  -0.619   0.380  -0.576   0.776   0.500  -0.633   0.509  -0.335  -0.403   0.054   0.168   0.321  -0.564  -0.021
  1999  -1.777  -1.790   0.298   0.010  -2.416  -0.105   0.545   1.117  -0.790  -0.009   0.197  -0.018   0.190  -0.351  -0.291   0.652  -0.611   0.089   0.600  -0.281
  2000   2.339  -1.157   0.153   0.662  -2.230   1.130  -1.707   0.072  -0.204  -0.224  -0.648  -0.059   1.083   0.336  -0.547   0.345  -0.219  -0.230  -0.055   0.119
