  year  #   1       2       3       4       5       6       7       8       9      10      11      12      13      14      15      16      17      18      19      20      21      22      23      24      25      26      27      28
  1950   3.312   0.435  -0.182  -1.539   1.574   1.471  -1.879   0.161  -0.530   1.283  -1.128   0.985   0.717   0.190   1.116  -0.242   0.101  -0.247  -0.147  -0.624  -0.202  -0.180   0.256  -0.446  -0.176   0.374  -0.016  -0.063
  1951   2.747  -1.407   0.301  -1.652  -0.941   1.242  -0.758  -0.892  -0.395   0.692  -1.822   1.299  -0.363  -0.850  -0.301   0.361   0.884   0.386   0.163  -0.454  -0.109  -0.327   0.867   0.743  -0.043  -0.181  -0.043   0.156
  1952   2.048  -0.067   2.823  -1.565  -2.046   1.055   0.032  -1.163  -1.692   0.277  -0.680   0.853  -0.675  -0.788  -0.126  -0.253   0.009   0.579  -0.459   0.063  -0.768   0.317  -0.591  -0.845   0.428  -0.111   0.122   0.110
  1953   1.599   0.071   2.453  -1.786  -3.532  -0.160   0.400  -1.360   0.736  -1.138  -0.280  -0.527  -0.219   1.229  -0.578  -0.624  -0.620   0.079  -1.014  -0.240   0.530   0.480   0.120   0.413  -0.282   0.123  -0.041   0.105
  1954   1.340  -0.765   0.574   0.459  -2.218  -0.207  -0.007  -0.275   0.935   0.457  -2.086  -1.234  -0.168   0.702  -0.201   0.525   0.354  -0.508  -0.354   0.364  -0.057   0.208  -0.381  -0.203   0.273  -0.248   0.048  -0.098
  1955   2.107  -1.458   0.613   4.301  -2.127   0.799   2.215  -1.570   1.594   0.062   1.108  -0.261   1.418  -0.790   0.053  -0.166  -0.124  -0.065  -0.123  -0.601  -0.612  -0.370   0.085  -0.013  -0.097   0.184  -0.116   0.245
  1956   0.000   0.040  -0.210   3.516   0.677   0.409   1.618  -0.738   1.188   1.725   0.125   0.064  -0.517  -0.128  -0.681   0.188  -0.171   0.590  -0.135  -0.718   0.293   0.345   0.417   0.072   0.095   0.259   0.226  -0.516
  1957  -0.611  -1.235   1.177   2.783   1.646   1.742  -0.828  -0.242   1.088   1.348  -0.262   0.007  -1.118  -0.299   0.134   0.191  -0.396   0.008   0.151   0.146   0.087   0.332  -0.240  -0.382  -0.285  -0.328   0.010   0.072
  1958   1.228  -1.599   1.026   2.143   2.417   0.673  -0.810  -0.075   1.658   0.069  -0.555   0.292  -1.228   0.464   0.510  -0.146   0.121   0.168  -0.053   0.565   0.448   0.359  -0.381   0.333   0.188   0.321  -0.071   0.082
  1959  -1.360  -2.646  -0.281   0.897   0.884   0.738  -3.228  -0.268   0.481  -1.905   0.687   0.482  -0.413  -0.606  -0.942  -0.531   0.182  -0.362  -0.342   0.726  -0.559   0.014   0.598   0.096  -0.034  -0.084  -0.142   0.028
  1960   1.119  -1.851  -1.374   1.754  -1.137  -0.058  -2.266  -1.272  -0.946  -0.491   0.930   0.418   0.045   0.635  -0.334   0.723  -0.594   0.549   0.431   0.272   0.169  -0.184  -0.214   0.222   0.622  -0.004   0.549   0.241
  1961  -0.281  -1.304  -2.449   1.289  -0.979  -0.726  -1.828  -0.924   0.108  -0.540   0.124   0.897  -0.720   0.476  -0.203   0.040   0.186  -0.503  -0.293  -0.114  -0.064   0.052  -0.175  -0.419  -0.061   0.155  -0.439  -0.218
  1962   0.406  -1.527  -2.386   2.034  -1.515  -1.457  -1.278  -1.011  -1.228   0.252  -0.188  -0.270   0.805   0.713   0.343  -0.136  -0.008  -0.572   0.454  -0.146  -0.541   0.600   0.252   0.087  -0.250  -0.309  -0.209  -0.115
  1963  -0.769  -1.958  -1.190   0.953  -2.329  -0.413  -0.178   0.573  -1.054   0.081  -1.122  -0.604   0.800  -0.460   0.769  -0.534   0.257   0.779   0.231   0.228   0.327  -0.450   0.166   0.169  -0.387   0.029   0.060  -0.017
  1964  -3.250  -1.530  -1.144   1.225  -1.217   0.941   0.066   2.008  -1.949   0.821  -0.147  -0.359   0.270   0.160   0.259   0.699   0.551   0.166  -0.437   0.142  -0.298  -0.335  -0.789   0.540  -0.061  -0.070   0.084  -0.491
  1965  -5.562  -0.543  -0.848   1.018  -0.167   1.209   0.666   1.317  -0.262   0.877  -0.429   0.947   0.386   0.582   0.646  -0.886  -0.224   0.553   0.433   0.316   0.412   0.183   0.423   0.005   0.322   0.100  -0.394   0.427
  1966  -6.385  -1.753  -1.527  -1.551  -0.224   0.593   0.942   0.247   0.051   0.204   0.060  -0.073   0.000  -0.231  -0.274  -0.086  -0.690  -0.479   0.277  -0.178  -0.935   0.123  -0.454  -0.078  -0.238  -0.109  -0.103  -0.069
  1967  -3.716  -0.887  -1.917  -1.311   0.624  -0.393   0.773   0.287   1.115   0.366  -0.714  -0.328  -0.264   0.140  -0.607  -1.282   0.378   0.589  -0.455  -0.835   0.240  -0.092  -0.296  -0.206   0.061  -0.330  -0.301   0.213
  1968  -2.830   0.143  -3.294  -1.005   1.635  -1.087  -0.147  -0.743   1.222  -0.224  -0.499  -0.850  -0.096   0.417  -0.239   0.580   0.464   0.388  -0.687  -0.323  -0.131  -0.132  -0.084  -0.322  -0.208   0.045   0.682   0.260
  1969  -2.562   0.384  -2.151  -1.520   1.024  -2.123   0.328  -0.313   1.150   0.160   0.143   0.659   0.520   0.082  -0.005   1.079   0.081   0.166  -0.141  -0.003  -0.531   0.381   0.216   0.042   0.114   0.093  -0.064   0.279
  1970  -0.948   1.345  -0.543  -1.054   1.389  -1.664  -0.881  -1.209   0.241  -0.154  -0.308   0.126   1.421  -1.933   0.326  -0.084  -0.402  -0.118  -0.529  -0.336   0.105   0.114  -0.416   0.724   0.395   0.293  -0.031  -0.210
  1971  -0.814   3.861  -0.181  -0.622  -0.006  -2.179   1.123  -2.712  -0.079   0.012  -0.542   0.398   0.119  -0.391  -0.446  -0.669   0.500  -0.133   1.151   0.377   0.138   0.512  -0.070  -0.398   0.098   0.213  -0.077  -0.281
  1972  -0.378   4.400   0.347  -0.273   0.938  -0.627  -0.169  -2.232  -0.023   0.309   0.015  -0.715  -0.537   1.255   1.015  -0.705  -0.208   0.512   0.152   0.944  -0.429  -0.611  -0.008   0.627  -0.409  -0.010   0.159  -0.193
  1973   0.780   5.031   0.245   1.962   1.224  -1.046   0.536   0.537  -1.923   0.702   0.313  -0.185  -0.538  -0.654  -0.850  -0.381  -0.179   0.539  -0.955   0.604  -0.529  -0.635  -0.090  -0.172  -0.169  -0.091  -0.095   0.408
  1974   1.527   4.460  -1.558   0.877   1.137   1.863   1.090  -0.220  -2.242  -0.462   0.287  -0.465  -0.788   0.266  -0.611  -0.082   0.755  -0.467   0.045  -0.436  -0.153   0.294   0.551   0.336   0.527  -0.071   0.001  -0.194
  1975   0.358   3.235  -1.021   0.396   0.824   2.276  -0.554  -0.388  -1.481  -0.313   0.261  -1.408   0.357   0.406  -0.234   0.559  -0.467  -0.958  -0.200  -0.681   0.555   0.007  -0.180   0.031  -0.168   0.085  -0.452   0.435
  1976   0.939   3.358  -0.624  -0.613  -0.490   2.405  -0.563   0.785   0.747  -1.217  -0.684  -0.198   0.845   0.516   0.758   0.261  -0.029   0.454   0.163   0.312  -0.198   0.222  -0.493  -0.308   0.410   0.542  -0.105   0.013
  1977   0.264   1.642  -1.801  -0.116  -0.200   0.904  -1.725   1.719   0.914  -0.828  -0.213  -0.063   0.718  -0.173  -0.556  -0.915  -0.120   0.160  -0.234  -0.018   0.591  -0.256   0.411  -0.536  -0.102  -0.162   0.436  -0.389
  1978   2.424   2.904  -0.219  -0.655   0.387   1.138   1.105   0.968   1.907  -0.433  -0.955   0.642   0.075  -0.098   0.128   0.964  -0.410   0.328   0.164   0.072  -0.192   0.428  -0.015   0.574  -0.068  -0.836  -0.112   0.010
  1979   0.829   0.733  -0.085  -0.662   0.513   2.603   1.557   0.285   0.361  -0.931  -0.302  -0.044   1.082  -0.559  -0.337   0.034  -0.853  -0.378   0.176   0.781  -0.034   0.059   0.264  -0.317  -0.364  -0.036   0.145  -0.321
  1980   3.382  -1.541  -1.170  -3.745  -0.812   0.945  -0.924  -0.319   1.035   2.081   2.562  -1.518  -0.568  -0.330   0.019   0.416  -0.151   0.818   0.142   0.443  -0.125  -0.194   0.198  -0.140   0.048   0.072  -0.577  -0.263
  1981   6.400  -2.921  -1.922  -1.451   0.724  -0.127   1.173   0.094  -0.148   1.717   0.211  -0.003   0.332   0.094   0.309  -0.993   0.329  -1.206  -0.121   0.517   0.349   0.036  -0.242   0.326  -0.021  -0.004   0.316   0.334
  1982   6.121  -2.731  -1.410  -0.129   1.174  -1.591   1.651   1.705  -0.458  -0.081   0.433   0.774  -0.478   0.356  -0.342  -0.352  -0.283  -0.324  -0.342   0.151  -0.255   0.233  -0.231  -0.157  -0.077   0.034   0.123  -0.186
  1983   5.092  -2.232  -0.944   0.071   0.946  -1.737   1.243   1.354  -1.411  -1.895  -0.474   0.253   0.128   0.254  -0.473   0.171  -1.040   1.099   0.618  -0.157   0.050   0.030  -0.055   0.048  -0.074   0.071  -0.209   0.056
  1984   0.766  -3.247   0.259   0.453   1.169  -1.012   1.367  -0.724  -0.424  -1.120  -1.303  -1.473  -0.323  -0.414   0.477   1.004   0.485   0.062  -0.064   0.247   0.517  -0.566   0.409  -0.560   0.069   0.319  -0.258  -0.008
  1985  -1.277  -2.334   2.117   0.098   1.810  -0.784   0.668   0.041   0.063  -1.155   0.003  -0.147  -0.005  -0.388   0.456  -0.251   0.350  -0.353  -0.033   0.493   0.043  -0.171  -0.283   0.283   0.232  -0.221  -0.471  -0.119
  1986  -0.898  -2.468   3.113  -0.623   1.824   0.971  -0.587  -1.015  -0.653  -0.801   0.606  -0.654   0.620  -0.766   0.393   0.102   0.160   0.028  -0.348  -0.220   0.069   0.322  -0.184   0.123  -0.358  -0.087   0.361   0.077
  1987  -1.544  -1.911   2.404  -0.977   1.931   0.642  -0.026  -1.118  -1.614  -0.102   1.153   0.495   0.782   1.124  -0.558   0.129   0.698   0.740   0.570  -0.560   0.358   0.403  -0.278  -0.134  -0.591  -0.163  -0.011  -0.096
  1988  -1.239  -1.527   2.632  -0.840   0.620   0.202   0.437   0.832   0.239   0.720   0.327  -0.657   1.294   0.771  -1.448  -0.079   0.703  -0.280   0.566   0.160   0.009  -0.513   0.026  -0.021   0.765  -0.080   0.147   0.005
  1989  -1.557  -0.612   2.688  -0.761   0.512  -0.440  -0.021   0.945   1.031   0.061  -0.152   0.016   0.233   1.237  -0.428  -0.053  -0.571  -0.365   0.057  -0.114  -1.016  -0.457   0.641   0.225   0.099   0.387   0.075   0.030
  1990  -2.453   0.185   2.372   0.310   0.066  -1.006   0.234   0.583  -0.563   0.590  -0.282   0.776  -0.099   0.515   0.995   0.059  -0.431  -0.442  -0.180  -0.251  -0.105   0.052  -0.101  -0.074   0.085   0.041   0.108  -0.102
  1991  -2.545   0.570   2.254   0.100  -0.218  -2.015  -0.282   0.344  -1.131   1.078   0.048  -0.079   0.226  -0.165   0.512   0.492  -0.926  -0.291  -0.600   0.318   0.565   0.080   0.984  -0.444   0.154  -0.351   0.003  -0.094
  1992  -0.308   2.175   0.211  -0.110  -0.863  -1.240  -0.691   0.395   0.446   0.198   0.862   0.814   0.827   0.014  -0.418   0.328   0.297  -0.056  -0.648   0.432   0.898   0.043  -0.290   0.127   0.113  -0.308  -0.237  -0.082
  1993   3.092   2.675   1.491   0.995  -0.090  -1.585  -2.037   0.503   1.253   0.403   0.068  -0.129   0.215  -0.379  -0.106  -0.180  -0.387  -0.252   1.260  -0.727   0.161  -0.785  -0.604  -0.193  -0.059  -0.331   0.008   0.122
  1994  -0.038   1.079   0.864  -0.563  -0.663  -1.654  -1.270   2.314  -0.492   0.678   0.097  -1.615  -0.675  -0.799  -0.011   0.194  -0.069  -0.055   0.705  -0.169  -0.126   1.123   0.275   0.138  -0.141   0.288   0.225   0.249
  1995  -0.555   1.503   1.826  -0.239  -1.107  -0.802  -0.383   1.738   0.424  -0.460  -0.505   0.444  -1.353  -0.238  -0.738   0.283   0.525  -0.403   0.151  -0.515   0.069  -0.523  -0.248   0.234  -0.482   0.473  -0.163  -0.159
  1996  -1.150   1.714   0.514   0.823  -1.754   0.181   0.769   1.321   0.622  -0.179   1.236   0.697   0.375  -0.513  -0.046   0.220   1.300  -0.015   0.179   0.945   0.125   0.471   0.024  -0.049  -0.427   0.314   0.159   0.281
  1997   1.320   1.524   0.054  -0.468  -0.465  -0.511   0.812   0.373   0.291  -0.474   2.014   1.523  -0.065   0.579   1.153   0.565   0.343  -0.078  -0.516  -0.599   0.150  -0.314   0.114  -0.211   0.033   0.019   0.031  -0.026
  1998   0.028   0.167   0.201   0.028  -0.581  -0.162   0.484   0.832   0.544  -1.873   1.258  -1.075  -1.025  -0.251   1.726  -0.806   0.652   0.073   0.192  -0.707  -0.305   0.084   0.265  -0.082   0.404  -0.442   0.187  -0.049
  1999  -3.667  -1.281  -0.768  -1.155  -0.946   1.056   0.545  -0.189  -0.631  -0.005   0.667   0.315  -1.213  -0.750  -0.149  -0.409  -1.119  -0.151   0.154  -0.245   0.601  -0.114  -0.237   0.397   0.247   0.325   0.230  -0.042
  2000  -2.533  -0.296  -1.361  -1.504  -1.041   0.748   1.487  -1.290  -0.114  -0.444   0.036   0.759  -1.163  -0.225   0.146   0.677  -0.199  -0.754   0.821   0.352   0.412  -0.695   0.068  -0.204  -0.153  -0.191   0.239   0.163
