litu_drop_dead.rwl -- no data title --                    1st itrdb line missing     
litu_drop_dead.rwl -- no data title --                    2nd itrdb line missing     
litu_drop_dead.rwl -- no data title --                    3rd itrdb line missing     
12369   1953    95   365   570   840   229   882   697
12369   1960   335   470   178  1000  1000    58   289   291   522   571  ind
12369   1970   903   839   718   675   683   421   655   301   574   553  ind
12369   1980   762   700   834   825   511   760   805   826   646   586  ind
12369   1990   477   660   643   594   569   655   103   629   620   266  ind
12369   2000   719   782   768   538   704   520   321   613  1000   465  ind
12369   2010   770   803    74   861 -9999
20804   1913  1000  1000  1000  1000  1000  1000  1000
20804   1920  1000  1000   933   933   870   811    59  1000  1000  1000  ind
20804   1930  1000  1000    60   766   832   831   810   860   638   532  ind
20804   1940  1000   520   812   818   774   202   699   776   132   506  ind
20804   1950   831   536   547   742   623   636   852   544   900   813  ind
20804   1960   588   536   545   594   679   558   483   625   757   856  ind
20804   1970   906   919   843   868   909   854   670   714   622   692  ind
20804   1980   769   901   853   863   861   789   881   870   709   833  ind
20804   1990   842   676   706   774   791   722   530   656   658   749  ind
20804   2000   878   830   863   564   866   720 -9999
42250   1924   970   885   811   659   826   836
42250   1930   589   863   422   930   921   860   838   908   818   568  ind
42250   1940    88   673   829   819   811   520   851   779   834   819  ind
42250   1950   876   812   669   769   631   727   865   662   922   861  ind
42250   1960   817   759   809   632   770   800   518   746   767   888  ind
42250   1970   921   921   878   871   936   859   795   853   649   744  ind
42250   1980   903   919   867   876   881   808   907   885   813   913  ind
42250   1990   856   888   804   828   850   864   534   790   920   774  ind
42250   2000   880   888   891   762   874   854   567   664   620   556  ind
42250   2010   792   854   561   906   841 -9999
72212   1946   915   925   920   923
72212   1950   928   858   717   877   659   854   880   690   935   919  ind
72212   1960   884   770   812   673   841   816   856   800   807   913  ind
72212   1970   927   942   937   883   940   859   910   867   721   881  ind
72212   1980   910   925   942   913   903   831   912   898   895   917  ind
72212   1990   914   907   892   920   877   924   883   829   925   781  ind
72212   2000   882   935   895   782   881   869   659   670   800   571  ind
72212   2010   805   858   825   949 -9999
72345   1933   933   952   867   939   929   889   576
72345   1940   515   797   843   828   935   623   940   938   929   924  ind
72345   1950   932   904   781   955   671   947   909   699   948   921  ind
72345   1960   902   797   844   686   845   818   933   899   882   931  ind
72345   1970   936   943   939   887   950   906   924   940   880   900  ind
72345   1980   929   941   945   916   907   941   929   925   913   936  ind
72345   1990   921   954   897   921   912   950   903   935   946   817  ind
72345   2000   907   943   922   822   901   911   819   686   816   756  ind
72345   2010   819   885   860 -9999
82403   1922   965   968   971   967   876   919   973   936
82403   1930   930   907   454   966   963   916   942   933   911   858  ind
82403   1940   587   893   905   864   947   669   949   950   931   945  ind
82403   1950   943   910   818   955   874   952   928   731   953   935  ind
82403   1960   950   931   850   898   866   860   951   943   923   937  ind
82403   1970   953   945   940   910   951   939   930   940   899   910  ind
82403   1980   948   944   951   930   941   947   936   950   918   937  ind
82403   1990   923   958   954   931   951   950   919   943   949   858  ind
82403   2000   929   951   930   934   906   922   853   755   844   922  ind
82403   2010   952   934   958   954 -9999
92360   1922   988   979   981   995  1000   997   980   984
92360   1930   946   935   635   974   981   919   983   954   920   940  ind
92360   1940   898   972   911   957   960   940   952   961   956   952  ind
92360   1950   946   910   898   956   921   967   934   853   962   936  ind
92360   1960   951   953   959   924   876   945   953   958   931   938  ind
92360   1970   966   950   944   946   954   957   947   953   949   932  ind
92360   1980   954   948   954   936   955   954   954   956   929   937  ind
92360   1990   935   959   964   958   955   960   930   950   963   934  ind
92360   2000   930   955   955   952   923   944   915   868   893   938  ind
92360   2010   953   958   967   955   926   881 -9999
92442   1940   975   982   917   958   966   947   981   976   964   954  ind
92442   1950   956   912   968   961   931   975   937   916   965   937  ind
92442   1960   961   972   966   930   915   962   975   962   946   961  ind
92442   1970   967   955   965   954   960   960   964   959   960   938  ind
92442   1980   969   960   960   966   960   956   956   959   947   947  ind
92442   1990   947   969   970   959   960   961   947   951   965   954  ind
92442   2000   947   963   956   961   930   952   923   931   897   956  ind
92442   2010   956 -9999
102470  1931   994  1000   988   986   985   991   967   958   982
102470  1940   981   992   971   964   974   965   985   986   970   971  ind
102470  1950   965   957   982   964   975   983   946   972   966   962  ind
102470  1960   962   980   969   960   968   969   982   964   974   970  ind
102470  1970   968   962   969   971   968   964   975   961   975   959  ind
102470  1980   970   966   964   968   978   974   969   961   965   959  ind
102470  1990   950   971   970   962   961   963   972   955   969   963  ind
102470  2000   951   964   956   969   956   962   934   960   933   972  ind
102470  2010   977   969   971   961 -9999
122554  1935   988   993   993   988   987
122554  1940   983   997   987   973   988   966   988   988   982   980  ind
122554  1950   987   984   983   965   990   984   961   998   975   974  ind
122554  1960   972   986   972   974   969   979   982   976   975   977  ind
122554  1970   980   963   969   979   988   967   989   963   980   983  ind
122554  1980   976   984   964   981   986   984   972   963   979   966  ind
122554  1990   977   972   977   965   967   978   979   966   970   964  ind
122554  2000   968   966   967   970   958   973   957   974   973   974  ind
122554  2010 -9999
190075  1957   998   977   975
190075  1960   973   991   985   984   981   984   985   980   976   978  ind
190075  1970   982   972   970   981   990   984   990   967   989   996  ind
190075  1980   978   989   965  1000   988   989   983   974   982   983  ind
190075  1990   987   978   981   977   968   982   981   970   975   974  ind
190075  2000   970   978   970   980   993   976   970   986   978   981  ind
190075  2010   985   989   986   969   931   914 -9999
42232   1943   986   990   990   993   989   982   985
42232   1950   989   985   995   966   997   991   995  1000   980   984  ind
42232   1960   979   992   990   988   985   984   989   982   997   979  ind
42232   1970   995   983   973   993   991   993   992   972   990   998  ind
42232   1980   979   992   974  1000   992   995   984   985   989   988  ind
42232   1990   990   983   988   979   986   983   982   993   986   987  ind
42232   2000   972  1000   992   982   994   985   988   989   986   988  ind
42232   2010   987 -9999
42565   1933   991   989  1000   997   997   995   992
42565   1940   986  1000  1000   997   997  1000   997   990   985   995  ind
42565   1950   990   990  1000   975  1000   996   998  1000   986   985  ind
42565   1960   998   995   991   998   989   987   995   991   997   981  ind
42565   1970   996   991   987   998   991   994   993   977   991  1000  ind
42565   1980   979   995   983  1000   993   996   998   988   998   995  ind
42565   1990   995   995   988   988   989   988   994   995   988   987  ind
42565   2000   986  1000   993   989   996   989   993   991   988  1000  ind
42565   2010   993  1000   987   972 -9999
90285   1926  1000   998   997   997
90285   1930   976  1000  1000   996   994   992  1000   998   996   998  ind
90285   1940   994  1000  1000  1000   997  1000  1000   997   991   998  ind
90285   1950   993   996  1000   991  1000   997  1000  1000   997   997  ind
90285   1960  1000  1000   995   998   993   990   998   994  1000   995  ind
90285   1970  1000   994   990   998   994   995   995   990  1000  1000  ind
90285   1980   980   995   996  1000   995   996  1000   988  1000  1000  ind
90285   1990   996   996   990   988   992   988   998   996   990   990  ind
90285   2000   991  1000   995   997   997   996   996   996   996  1000  ind
90285   2010   997  1000   997 -9999
92501   1932  1000   997  1000   987   995  1000   995  1000
92501   1940  1000  1000   995  1000   998  1000  1000  1000   997  1000  ind
92501   1950   996   997  1000   994  1000   998  1000  1000  1000   997  ind
92501   1960  1000  1000   998  1000  1000  1000   998   998  1000  1000  ind
92501   1970  1000   996   993  1000  1000   996   996   998  1000  1000  ind
92501   1980   980   997   998  1000   996   998  1000   990  1000  1000  ind
92501   1990  1000   997  1000   998   998   993  1000  1000  1000  1000  ind
92501   2000   992  1000   996   997  1000  1000  1000  1000  1000  1000  ind
92501   2010   998  1000   998   991   960   957 -9999
111166  1918  1000  1000
111166  1920  1000  1000   984  1000   991   986   998  1000   998   997  ind
111166  1930   994   998   997  1000   980   982   989  1000   994   996  ind
111166  1940  1000  1000   991   998  1000  1000  1000  1000  1000  1000  ind
111166  1950  1000  1000  1000  1000  1000  1000  1000  1000  1000   998  ind
111166  1960  1000  1000   998  1000  1000  1000  1000  1000  1000  1000  ind
111166  1970  1000   997   994  1000  1000  1000   998  1000  1000  1000  ind
111166  1980   996  1000  1000  1000   998  1000  1000   991  1000  1000  ind
111166  1990  1000  1000  1000  1000  1000   998  1000  1000  1000  1000  ind
111166  2000   998  1000   997  1000  1000  1000  1000  1000  1000   998  ind
111166  2010  1000   997  1000  1000   962 -9999
121017  1956  1000   998  1000  1000
121017  1960  1000  1000   998  1000  1000  1000  1000  1000  1000  1000  ind
121017  1970  1000  1000   997  1000  1000  1000   998  1000  1000  1000  ind
121017  1980  1000  1000  1000  1000   998  1000  1000   992  1000  1000  ind
121017  1990  1000  1000  1000  1000  1000  1000  1000  1000  1000  1000  ind
121017  2000  1000  1000  1000  1000  1000  1000  1000   996  1000   998  ind
121017  2010   998   997   993  1000   972   978   920  1000 -9999
131192  1949  1000
131192  1950  1000  1000   998  1000   998  1000  1000   997   998  1000  ind
131192  1960  1000  1000  1000  1000   996   996  1000  1000  1000  1000  ind
131192  1970   998  1000   998   994  1000   998  1000  1000  1000  1000  ind
131192  1980  1000  1000  1000  1000   998   998  1000   998  1000  1000  ind
131192  1990  1000  1000  1000  1000  1000  1000   998  1000  1000   998  ind
131192  2000  1000  1000 -9999
151051  1923   970   991   986   991   994   990   989
151051  1930   990   988   994   987   976   972   977   993   989   985  ind
151051  1940   997   990   991   984   998  1000  1000   998   989   997  ind
151051  1950  1000   994   997  1000   996  1000   998   997   996   996  ind
151051  1960   997  1000  1000   997   996   996  1000  1000   998  1000  ind
151051  1970   997  1000  1000   994  1000   997  1000   997  1000  1000  ind
151051  1980   998  1000  1000  1000   998   996  1000  1000  1000  1000  ind
151051  1990   998  1000  1000  1000  1000  1000   997   998   997   997  ind
151051  2000   995  1000  1000  1000  1000  1000   996   995   996   991  ind
151051  2010   993   994   985  1000   993  1000   946 -9999
160962  1920  1000  1000   965   961   966   980   955   992   967   985  ind
160962  1930   989   973   959   919   975   967   957   992   984   980  ind
160962  1940   986   963   990   977   987   994   997   997   986   997  ind
160962  1950  1000   993   997   998   989   996   993   996   996   986  ind
160962  1960   990   998  1000   997   995   994   996   997   998   997  ind
160962  1970   996   998   996   992  1000   995  1000   996  1000  1000  ind
160962  1980   997   995   994   996   997   995   997   995   998   996  ind
160962  1990   997  1000   998  1000   995   998   996   995   996   997  ind
160962  2000   994   998  1000   998   998  1000   995   994 -9999
172220  1959   980
172220  1960   987   996   992   996   993   993   993   987   991   995  ind
172220  1970   996   996   994   987  1000   992   997   995  1000   996  ind
172220  1980   991   995   993   995   996   992   991   990   997   990  ind
172220  1990   995   997   997   996   995   988   994   994   993   988  ind
172220  2000   985   998  1000   995   996  1000   994   993   996   985  ind
172220  2010   990   994   978   977  1000   986   984 -9999
200188  1990   994   997   994   995   987   987   993   993   993   987  ind
200188  2000   983   997  1000   994   995   993   993   986   993   977  ind
200188  2010   977   973   961   976   741   969   986  1000 -9999
121423  1935   952   953   991   977   966
121423  1940   972   962   988   972   962   993   983   982   984   993  ind
121423  1950  1000   988   987   997   985   992   987   996   996   979  ind
121423  1960   980   996   985   992   993   992   988   976   985   987  ind
121423  1970   996   987   987   987   995   987   994   988   991   986  ind
121423  1980   990   995   991   991   994   982   987   982   991   983  ind
121423  1990   989   990   992   993   982   983   989   983   992   975  ind
121423  2000   983   989   991   983   987   992   991   984   987 -9999  ind
52237   1937   977   975   955
52237   1940   962   955   984   948   958   993   981   971   981   981  ind
52237   1950   980   980   976   992   976   983   982   995   992   978  ind
52237   1960   973   969   981   990   992   988   983   968   981   981  ind
52237   1970   993   986   975   985   991   982   991   986   988   985  ind
52237   1980   977   991   990   989   979   975   984   960   984   982  ind
52237   1990   988   970   980   987   977   980   987   982   989   967  ind
52237   2000   981   979   983   982   985   981   990   972   975   976  ind
52237   2010   976   969   948   964   616 -9999
70469   1953   983   963   977   981   985   986   977
70469   1960   972   968   968   979   991   984   973   966   975   972  ind
70469   1970   993   982   973   977   980   978   971   971   978   979  ind
70469   1980   973   983   986   987   977   957   982   960   979   978  ind
70469   1990   977   968   973   974   974   979   981   978   985   965  ind
70469   2000   977   979   979   950   983   974   990   968 -9999
80641   1937   963   948   944
80641   1940   941   945   979   938   942   984   974   954   977   969  ind
80641   1950   978   979   975   978   963   957   979   961   977   970  ind
80641   1960   969   951   964   963   966   981   966   964   966   952  ind
80641   1970   978   948   971   960   966   968   967   963   966   975  ind
80641   1980   958   979   986   962   956   956   964   954   969   973  ind
80641   1990   967   957   959   968   958   966   960   976   984   956  ind
80641   2000   977   978   964   936   979   974   978   943   974   973  ind
80641   2010   972   954   933   933   508   954   979 -9999
90607   1919  1000
90607   1920  1000  1000   220   960   883   963   953   923   939   896  ind
90607   1930   938   958   957   887   963   938   944   955   930   907  ind
90607   1940   940   943   975   927   938   982   972   947   968   960  ind
90607   1950   978   975   954   963   958   937   973   957   963   960  ind
90607   1960   961   950   961   963   956   954   957   963   960   951  ind
90607   1970   957   943   963   955   960   964   924   959   957   959  ind
90607   1980   958   958   963   952   954   950   961   940   967   969  ind
90607   1990   962   955   957   951   955   950   945   974   948   954  ind
90607   2000   968   963   909   907   948   965   963   942   972 -9999  ind
110899  1933   852   948   929   916   947   915   894
110899  1940   575   861   932   913   932   926   959   942   944   898  ind
110899  1950   955   972   949   932   953   936   958   931   963   956  ind
110899  1960   959   944   925   942   953   943   947   940   956   948  ind
110899  1970   955   939   943   945   959   945   917   945   922   957  ind
110899  1980   950   941   954   943   941   937   946   937   945   961  ind
110899  1990   957   944   952   912   945   927   942   960   948   954  ind
110899  2000   946   937   898   903   942   891   960   935   955   958  ind
110899  2010   969   944   900   839   259   691   418  1000 -9999
112421  1950   952   926   948   926   919   936   951   901   942   946  ind
112421  1960   947   943   914   929   924   912   936   923   930   936  ind
112421  1970   952   935   893   944   958   941   889   923   848   942  ind
112421  1980   920   883   932   936   931   926   917   923   884   928  ind
112421  1990   951   943   948   909   926   910   938   948   922   914  ind
112421  2000   942   923   797   903   920   672   915   931   847   954  ind
112421  2010   965 -9999
171403  1950   949   923   940   923   903   920   933   800   933   931  ind
171403  1960   925   932   894   868   849   903   934   908   930   930  ind
171403  1970   932   927   838   924   931   910   863   869   797   899  ind
171403  1980   812   868   920   922   854   922   915   892   881   920  ind
171403  1990   926   918   914   895   923   903   889   928   920   913  ind
171403  2000   939   922   795   869   878   639   908   930   783   918  ind
171403  2010   961   902   570   572    69 -9999
52246   1945   770   900   915   899   872
52246   1950   924   838   887   861   903   914   927   772   903   849  ind
52246   1960   923   921   813   835   763   903   914   905   802   905  ind
52246   1970   910   921   792   923   924   835   824   829   790   886  ind
52246   1980   739   833   898   886   844   908   900   870   871   900  ind
52246   1990   890   917   872   845   878   894   884   747   915   913  ind
52246   2000   785   866   617   860   839   566   873   912   734   895  ind
52246   2010   844 -9999
82239   1930   839   943   915   834   926   811   856   925   907   886  ind
82239   1940   466   712   902   907   914   709   869   888   886   742  ind
82239   1950   880   802   884   801   896   833   917   762   902   840  ind
82239   1960   922   885   794   814   697   865   893   847   714   767  ind
82239   1970   883   864   773   920   916   831   766   746   777   854  ind
82239   1980   637   809   741   882   830   817   851   854   862   877  ind
82239   1990   840   872   819   789   843   869   882   693   898   824  ind
82239   2000   719   848   572   831   822   514   757   904   656   884  ind
82239   2010   812 -9999
82381   1942   853   887   620   658   767   868   833   740
82381   1950   735   799   876   646   882   821   704   360   880   834  ind
82381   1960   905   803   736   812   440   545   876   825   663   608  ind
82381   1970   816   843   744   913   668   670   470   665   736   819  ind
82381   1980   617   807   660   755   799   748   794   830   761   864  ind
82381   1990   792   851   807   736   814   821   828   564   818   787  ind
82381   2000   707   767   270   600   538   468   711   882   612   703  ind
82381   2010   810   883   506   572 -9999
110902  1924   883   829   953   860   937   890
110902  1930   377   141   443   159   860  1000  1000   535   848   329  ind
110902  1940  1000  1000   698   873   126   539   715   815   802   683  ind
110902  1950   613   624   787   529   869   211   531   164   672   808  ind
110902  1960   767   648   544   614   419   415   833   486   529   525  ind
110902  1970    63   363   719   859   470   216   290   395   401   599  ind
110902  1980   165    24   567    21   214  1000    52   754   681   822  ind
110902  1990   663   559   781   453   578   201   113   531   690   754  ind
110902  2000   495  1000   178   314   413   192   634   822  1000   453  ind
110902  2010   733   530 -9999
