  year  #   1       2       3       4       5       6       7       8       9      10      11      12      13      14      15      16      17      18      19      20      21      22      23      24      25      26      27      28
  1950   0.046  -1.912  -0.469   1.013   0.344   0.988  -0.097   0.871   1.911   0.357  -0.851  -1.075  -0.184  -0.108   0.847  -0.614  -0.477  -1.045  -0.723   0.471   1.190   0.233  -0.409   0.324   0.448   0.350  -0.408  -0.097
  1951   0.574  -2.435  -0.447  -2.222   0.050  -0.705   0.109  -0.851  -1.159   0.045  -0.508  -0.873  -1.850   1.096  -1.242  -0.090  -1.791   0.939  -0.002  -0.527   0.018   1.010  -0.082   0.484  -0.023  -0.274  -0.020  -0.119
  1952   0.480   0.787  -2.270  -1.778  -1.026  -0.701   2.627   0.912  -0.263   1.030  -0.625   1.445  -0.735   0.255  -0.287   1.126  -0.104  -0.884  -0.690   1.146  -0.476  -0.953  -0.007   0.093   0.483  -0.823   0.030  -0.171
  1953   0.785  -0.384  -2.722  -1.921  -1.562  -1.937  -1.329  -0.617  -0.614  -2.165  -0.051  -0.186   0.595   1.524   0.203  -0.009   1.610   0.018   0.206  -0.451  -0.058  -0.320  -1.367   0.082  -0.290   0.047   0.127   0.203
  1954   0.379  -0.445   2.177   0.280   0.962  -0.282  -0.197   1.079  -2.142  -0.178   0.494  -2.019  -1.289  -0.836  -0.153   0.692   0.061  -0.664   0.468   0.350   0.205  -0.120   0.087   0.018   0.197  -0.595  -0.384   0.317
  1955   2.656   1.160   2.515  -4.305   0.939  -0.799   0.326   0.003   2.458  -0.076   2.952   0.024   0.612  -0.964  -1.109  -1.369   0.383   0.529  -0.317  -0.217   0.045  -0.322  -0.154   0.430   0.334   0.115  -0.134  -0.074
  1956  -1.463   1.724   1.101   2.270   0.647   2.269   0.846  -0.782  -0.401   0.323   1.271  -0.854  -0.077   1.378  -0.928  -0.998  -0.163   0.359   0.460  -0.302   0.032  -0.367  -0.571  -0.129   0.671  -0.016   0.361   0.356
  1957  -0.946  -0.334   0.639  -0.390   0.078   2.115  -0.452   2.732   0.207   0.903  -0.254  -1.116  -0.003  -0.284  -0.685   0.388  -0.620  -0.820   0.363   0.418  -0.418  -0.151  -0.412   0.224  -1.033  -0.107   0.338   0.232
  1958   2.083  -0.256   0.863  -0.253  -0.891   2.162  -1.588   0.110  -0.247  -0.139   0.002  -0.007   0.617   0.693  -0.543   0.730  -0.447   0.286   0.363   0.418  -0.216  -0.345  -0.580  -0.904   0.095   0.643  -0.327  -0.257
  1959  -3.373  -2.268   1.159   0.585  -0.259  -1.789  -1.754   1.293   2.144  -0.661  -1.348   1.621  -0.298  -0.472  -1.194   0.252  -0.981   0.147   0.594  -0.034  -0.495   0.832  -0.312  -0.127   0.120  -0.410  -0.067  -0.364
  1960   2.998  -1.835   0.514  -0.498   1.939  -1.834   2.433  -0.096   0.415  -1.092  -0.783  -1.906   1.064   0.295  -0.404   0.400   0.003   0.301   0.524   0.035   0.196  -0.534   0.257  -0.722   0.133  -0.350   0.492  -0.317
  1961  -1.338  -0.333   0.508   1.485   0.248  -0.523  -1.751  -0.825   0.684  -0.716   0.379   0.034  -0.497  -0.768  -0.955   0.860   0.291  -1.031  -1.112  -0.174   0.341  -0.299  -0.649   0.537   0.023  -0.107  -0.502   0.249
  1962   1.222  -1.018   2.006  -0.110   0.614  -1.552   1.454   0.228  -0.264  -1.931   0.314   0.040   0.713  -0.171   1.147   0.470  -0.179  -0.738   0.418  -0.792  -0.029   0.799   0.105   0.722   0.403  -0.167  -0.383   0.340
  1963  -1.148  -0.650   0.530  -1.077  -1.353  -1.382  -0.531   0.405  -1.267   0.788  -0.047  -0.608   0.095   0.627   0.868  -0.429   0.212   1.136  -1.120   0.568   0.874   0.361   1.082   0.411  -0.103   0.616   0.129   0.221
  1964  -3.593   0.796   1.202   0.272   0.717   0.204   0.821   0.015  -0.481   2.014  -0.198  -0.435   0.733  -0.189  -0.438   1.050   1.007   0.130   0.461  -1.153   0.411   0.172   0.599   0.096   0.345   0.110  -0.065   0.081
  1965  -4.285   2.142   0.218  -0.175  -0.280   0.892  -0.858  -0.906   1.126  -0.226   1.038  -1.386   1.153   0.921   1.461  -1.000  -1.106  -0.527  -0.549   0.542  -0.252   0.093   0.038   0.001  -0.351  -0.474  -0.090  -0.559
  1966  -4.289  -1.804  -0.839  -0.310   0.468   0.225  -0.529  -1.416  -0.353  -0.065  -0.431   1.118  -0.790  -1.869   0.378  -0.724   0.931  -0.241   0.168  -0.507  -0.822  -0.823   0.804   0.701   0.301   0.044   0.235   0.125
  1967   0.304   0.046   0.655   1.381  -0.929   0.607  -1.957  -0.575  -0.475  -0.358   1.069   0.384  -0.422   2.041   0.541  -0.249   0.081   0.579  -0.476  -0.095   0.084  -0.902   0.385   0.886   0.036  -0.718  -0.094  -0.264
  1968  -0.567  -0.017   0.701   2.398   1.963   0.329  -1.022  -0.364  -0.717  -1.700   0.135   0.725   0.082  -1.061  -0.160   0.243   0.154   1.039   0.965   0.795   0.206  -0.577   0.051   0.112   0.293   0.145   0.702  -0.478
  1969  -0.796   0.094  -0.692   0.742  -1.074   0.121   0.564  -2.196   0.644  -0.396   0.594  -0.016   0.069  -1.700   0.883   0.132  -0.793   0.106   0.595  -0.331   0.514   0.271  -0.174  -0.263  -0.137  -0.113  -0.227  -0.063
  1970   1.185   0.770  -0.418   0.858   0.104   0.783   0.390   1.536   0.956  -1.236  -0.273   0.795  -1.459  -0.337   1.205   0.216  -0.186   1.858  -0.988  -0.827  -0.604  -0.209   0.060  -0.736   0.737   0.198  -0.559   0.174
  1971   0.374   2.873  -2.080   0.488   1.064  -1.108   1.159  -1.289  -0.162  -1.705   1.017   0.981  -1.455   1.095  -0.193  -0.150  -0.776  -1.841   0.358   0.472  -0.424  -0.146   0.319  -0.166   0.214   0.583  -0.043   0.102
  1972   0.570   1.677  -1.802   1.276   1.128   0.733   0.441   1.304  -0.587  -0.919   0.382  -0.137   2.018   0.691  -0.941   0.766   1.056   0.769   0.296   1.028  -1.086   1.482   0.683   0.587   0.086   0.086  -0.409  -0.002
  1973   1.909   3.372   2.345   2.385  -1.042  -1.409   2.256   0.366   0.282   1.845  -0.331   1.096  -1.213   0.125  -0.703  -0.534   0.449   0.601  -0.295   0.359  -0.175   0.040  -0.173   0.645  -0.486  -0.050  -0.289  -0.540
  1974   1.786   1.241  -0.660   0.457   4.361  -0.326  -1.296   0.111  -0.935   1.664  -1.257   1.236   0.617   0.896  -0.034  -1.108   0.056  -0.974  -0.639  -1.258   0.325   0.690  -0.395  -0.635   0.250  -0.407  -0.071  -0.066
  1975  -0.436   0.322  -0.720   0.415   1.503  -0.252   0.080   1.678   0.478  -0.383  -1.063  -0.736   0.324  -0.373   0.847  -0.140   1.328   0.034   0.216  -0.189   0.307  -0.780  -0.432   0.386  -1.154  -0.080  -0.524  -0.133
  1976   1.131   1.264  -2.013   0.016  -0.391  -1.449  -2.402   0.378  -0.528   1.362  -0.530  -1.326   0.831  -0.731   0.619   0.470  -1.090   0.299  -0.062   1.178   0.225  -0.501   0.320  -0.083   0.957  -0.143  -0.082   0.246
  1977  -0.528  -0.819   1.613   2.169  -1.339  -1.152  -1.264   0.142   1.203  -0.159   0.061  -0.252  -0.249   0.864  -0.243  -0.698   0.358   0.155  -0.128   0.226  -0.221   0.440   0.180  -0.167  -0.010  -0.339   0.701   0.840
  1978   3.447   2.287  -2.452  -0.761   0.420   1.632  -0.177  -1.155  -1.429   1.060   0.101  -0.499  -0.300  -1.467   0.389  -0.579  -0.850   0.946   0.707  -0.722  -0.536   0.209  -0.613   0.558  -0.424  -0.342  -0.110   0.346
  1979  -0.822  -0.257   0.484  -1.727   1.399   0.291  -0.380   0.373   0.485   1.177  -0.602   1.432  -0.277   0.032   0.853  -0.916   0.909  -0.134   0.316   1.556  -0.265   0.385  -0.313  -0.360   0.218   0.364  -0.276   0.563
  1980   2.828  -6.957  -2.945   2.030  -0.188   0.340   1.052  -0.029   0.077   1.636   2.866   0.317   0.367   0.119  -0.563  -0.231   0.033  -0.073  -0.036   0.141  -0.261  -0.088   0.246  -0.011  -0.253   0.146  -0.427  -0.033
  1981   5.629  -1.576   3.476  -0.841   0.354   1.701  -0.988  -1.813  -0.178   0.288  -0.498  -0.064  -0.822   0.594   1.703   1.599   0.653  -0.707  -0.721   0.048  -1.129   0.487  -0.029   0.153  -0.071   0.298   0.346  -0.325
  1982   2.913  -0.307   2.268   0.056  -2.177   0.412   0.172  -2.180  -0.340   0.818  -1.274   0.743   0.735  -0.620  -1.154  -0.308   0.236  -0.537   0.475   0.622   0.105  -0.489  -0.252  -0.265  -0.044  -0.105   0.055   0.422
  1983   2.041  -0.177   1.333  -0.480  -0.631  -0.329   0.303  -0.745  -0.673  -1.039  -2.540   0.565   0.753   0.174   0.248  -1.146  -0.842   0.718   0.798   0.371   0.308  -0.496   0.600  -0.069  -0.423   0.137  -0.755  -0.003
  1984  -2.960  -0.464   0.972  -1.602   1.009   2.083  -0.202   0.771  -1.941  -1.502   1.635   1.070  -0.922  -0.129  -0.619   0.574   0.182   0.185  -0.111   0.466   1.250  -0.184  -0.031  -0.549  -0.167   0.012  -0.373  -0.152
  1985  -2.364   1.159  -0.213  -0.938  -2.283   1.465  -0.354   0.113   1.050   0.274   0.422   0.692   0.428  -0.074   0.160   1.033  -0.266  -0.186   0.456  -1.036  -0.781   0.241   0.664  -0.627  -0.300  -0.082  -0.269   0.147
  1986  -0.258  -1.068  -0.675  -1.560   0.463   1.534   0.422   2.627   0.462   0.442  -0.598   1.461   0.073   0.535   0.669   0.260  -0.519   0.758   0.154  -0.465   0.278  -0.451  -0.531   0.680   0.306   0.087   0.924   0.039
  1987  -1.466  -0.273  -0.158  -0.564   0.046   0.964   1.173  -0.769   1.413   0.360  -0.598   0.933   0.976   1.827   0.321   0.636  -0.494  -0.627   1.507  -0.476   0.790  -0.417   0.660   0.614   0.052   0.173  -0.108   0.176
  1988  -0.453  -0.130  -0.201  -0.863  -2.194  -0.483  -0.415   0.825  -0.612   1.194   0.889  -0.656  -1.033  -0.016   1.216  -0.759   1.597  -0.515   1.453  -0.269   0.289   0.581   0.272  -0.845   0.444  -0.576   0.081  -0.611
  1989  -1.061   0.538  -1.057  -0.347  -1.572   1.018  -0.047  -0.384  -0.048  -0.927  -0.821  -1.076   0.954  -1.157  -0.461  -0.204   0.391  -0.291  -0.149   0.337  -0.396   0.651  -0.737   0.678   0.779   0.049   0.190  -0.386
  1990  -1.655   1.251   0.499  -0.093  -0.230   0.065   2.077  -0.127  -0.137  -0.529  -0.218  -1.022   0.449  -0.424   0.193   1.347  -0.300  -0.068  -1.498  -0.472   0.161  -0.182   0.186  -0.226  -0.216  -0.019   0.288   0.236
  1991  -1.180   0.140  -0.011   0.963  -1.369  -0.306   2.399   0.586  -0.133  -1.013   0.568   0.727  -0.511  -0.003   0.897  -0.326   0.064   0.543  -0.072   0.515   0.427   0.752  -0.796  -0.546  -0.458  -0.361   0.241   0.401
  1992   1.844   0.975  -1.134   1.463   0.490  -2.365  -1.958  -0.078   1.213   0.860   0.247  -0.456  -0.686   0.190   0.100   1.252   0.128   0.587   0.463  -0.617  -0.044  -0.681  -0.020  -0.249  -0.319   0.202  -0.011   0.013
  1993   4.829   0.881  -0.893   1.040  -1.359   0.899   0.392   2.463   0.714  -1.206  -0.322  -1.243  -0.869  -0.683  -0.288  -1.418  -0.101  -1.132   0.109  -0.696  -0.035  -0.126   0.878  -0.057  -0.004   0.580   0.408  -0.076
  1994  -2.605  -1.106   0.539   1.453  -1.484  -1.295   1.407   0.031  -2.535   0.862  -0.220   0.626   1.095  -0.296   0.411  -0.356  -0.443  -0.325  -0.442  -0.689  -0.098  -0.034  -1.015   0.036   0.170   0.914   0.107  -0.383
  1995  -0.624   1.739  -1.488  -0.986  -1.302   0.128  -0.811  -0.591   0.483   0.293  -0.999  -0.719  -1.230   0.363  -2.001   0.583   0.822   0.067  -0.215  -0.336   0.980   0.469   0.166  -0.022   0.042   0.548  -0.031  -0.133
  1996  -0.533   1.452   0.571  -0.545   0.851  -2.666  -0.336   0.080   0.406   1.393   2.059   0.116   0.745  -0.440   0.536   0.916  -0.857   0.137   0.323   0.313  -0.116   0.084  -0.361  -0.203  -0.321   0.547   0.335  -0.003
  1997   2.899  -0.216  -1.567   0.552   0.017   1.481   0.393  -1.738   1.114  -0.084  -0.256   1.069   1.436  -0.755  -0.334   0.253   0.544   0.413  -1.248   0.022   1.005   0.369   0.352  -0.461  -0.168  -0.627   0.339  -0.063
  1998  -0.750  -0.222   0.690  -0.716  -0.600  -0.866  -1.361   1.409  -1.949  -0.663   0.200   0.788   1.561  -0.191  -0.994  -1.045  -0.445  -0.619  -1.100  -0.626  -0.805  -0.508   0.745  -0.543  -0.321  -0.135   0.046  -0.007
  1999  -5.080  -1.733  -0.482  -0.615   1.803   0.172   1.577  -1.867   0.956   0.447  -1.244  -2.199  -0.852   0.518  -0.321  -0.709   0.477   0.674  -0.455   0.293  -1.232  -0.404  -0.030  -0.556  -0.176   0.214  -0.107  -0.031
  2000  -0.340   0.307  -1.169  -0.371   1.553  -0.105  -0.817  -1.048  -0.311  -0.365   0.045   0.827  -1.070  -0.732   0.253  -0.140  -0.187  -0.335  -0.067   0.574   0.407   0.757   0.707   0.066  -0.882   0.208   0.670  -0.122
