litu_drop_dead.rwl -- no data title --                    1st itrdb line missing     
litu_drop_dead.rwl -- no data title --                    2nd itrdb line missing     
litu_drop_dead.rwl -- no data title --                    3rd itrdb line missing     
litu_d19139990  09990  09990  0   0  1   0  1   0  1   0  1   0  1 186  2  10  3  err
litu_d1920 242  4 220  4 515  6 488  7 489  9 392  9 358 10 548 10 421 10 398 10  err
litu_d1930 318 11 334 12 391 13 361 16 342 16 367 18 344 18 323 20 340 20 359 20  err
litu_d1940 331 21 313 21 255 22 211 23 231 23 262 24 233 25 223 25 203 25 207 26  err
litu_d1950 202 28 202 28 193 28 198 30 163 30 131 30 133 31 127 32 136 32 127 33  err
litu_d1960 143 33 132 33 135 33 131 33 103 33 117 33  91 33 110 33 117 33 106 33  err
litu_d1970 117 33 172 33 164 33 149 33 145 33 118 33 129 33 127 33 120 33 120 33  err
litu_d1980 145 33 129 33 128 33 132 33 101 33  80 33  85 33 119 33  70 33 112 33  err
litu_d1990 105 34  98 34  88 34 116 34 116 34 123 34 107 34  96 34 112 34  70 34  err
litu_d2000  85 34  98 34  86 33  80 33  74 33  59 33  57 32  63 32  70 30  63 28  err
litu_d2010  69 27  71 22  65 21  65 19  82 13  48  9 115  6 234  39990  09990  0  err
litu_drop_dead.rwl -- no data title --                    1st itrdb line missing     
litu_drop_dead.rwl -- no data title --                    2nd itrdb line missing     
litu_drop_dead.rwl -- no data title --                    3rd itrdb line missing     
litu_d19139990  09990  09990  0   0  1   0  1   0  1   0  1   0  1 447  2  78  3  err
litu_d1920  44  4  93  4  76  6 119  7 120  9 161  9 134 10  92 10  73 10 103 10  err
litu_d1930 125 11  87 12 136 13 104 16  84 16  66 18  81 18  92 20  63 20 109 20  err
litu_d1940  65 21  74 21  73 22  75 23  71 23  76 24  77 25  60 25  50 25  79 26  err
litu_d1950  69 28  72 28  65 28  67 30  59 30  69 30  63 31  62 32  59 32  60 33  err
litu_d1960  65 33  55 33  63 33  53 33  53 33  54 33  44 33  46 33  58 33  47 33  err
litu_d1970  45 33  69 33  73 33  72 33  65 33  57 33  54 33  52 33  54 33  49 33  err
litu_d1980  75 33  79 33  92 33  70 33  58 33  52 33  60 33  63 33  61 33  58 33  err
litu_d1990  56 34  58 34  52 34  50 34  49 34  48 34  48 34  42 34  53 34  36 34  err
litu_d2000  39 34  40 34  38 33  41 33  38 33  34 33  47 32  49 32  30 30  40 28  err
litu_d2010  45 27  34 22  45 21  56 19  84 13  50  9 115  6 148  39990  09990  0  err
litu_drop_dead.rwl -- no data title --                    1st itrdb line missing     
litu_drop_dead.rwl -- no data title --                    2nd itrdb line missing     
litu_drop_dead.rwl -- no data title --                    3rd itrdb line missing     
litu_d19139990  09990  09990  0   0  1   0  1   0  1   0  1   0  1 240  2 471  3  err
litu_d1920  16  4  49  4  45  6 100  7  69  9 164  9  72 10 146 10  78 10 108 10  err
litu_d1930 138 11  96 12  38 13  75 16  55 16  43 18  77 18  54 20  53 20  89 20  err
litu_d1940  75 21  56 21  60 22  49 23  59 23  62 24  54 25  52 25  39 25  70 26  err
litu_d1950  41 28  50 28  57 28  49 30  43 30  53 30  55 31  43 32  40 32  53 33  err
litu_d1960  57 33  35 33  41 33  39 33  45 33  45 33  29 33  35 33  41 33  35 33  err
litu_d1970  43 33  61 33  41 33  50 33  38 33  34 33  39 33  42 33  47 33  36 33  err
litu_d1980  67 33  48 33  52 33  38 33  49 33  40 33  41 33  39 33  51 33  37 33  err
litu_d1990  33 34  32 34  41 34  44 34  34 34  33 34  39 34  45 34  48 34  34 34  err
litu_d2000  31 34  36 34  42 33  39 33  35 33  32 33  42 32  35 32  33 30  39 28  err
litu_d2010  34 27  38 22  51 21  41 19  51 13  54  9  52  6 115  39990  09990  0  err
litu_drop_dead.rwl -- no data title --                    1st itrdb line missing     
litu_drop_dead.rwl -- no data title --                    2nd itrdb line missing     
litu_drop_dead.rwl -- no data title --                    3rd itrdb line missing     
litu_d19139990  09990  09990  0   0  1   0  1   0  1   0  1   0  1 186  2 364  3  err
litu_d1920  12  4  38  4  35  6  78  7  53  9 127  9  56 10 113 10  60 10  84 10  err
litu_d1930 107 11  74 12  29 13  58 16  43 16  33 18  60 18  42 20  41 20  69 20  err
litu_d1940  58 21  43 21  46 22  38 23  46 23  48 24  41 25  40 25  30 25  54 26  err
litu_d1950  32 28  39 28  44 28  38 30  33 30  41 30  43 31  34 32  31 32  41 33  err
litu_d1960  44 33  27 33  32 33  30 33  35 33  35 33  22 33  27 33  31 33  27 33  err
litu_d1970  33 33  47 33  32 33  39 33  29 33  26 33  30 33  32 33  36 33  28 33  err
litu_d1980  52 33  37 33  40 33  29 33  38 33  31 33  32 33  30 33  40 33  28 33  err
litu_d1990  26 34  24 34  32 34  34 34  27 34  26 34  30 34  35 34  37 34  26 34  err
litu_d2000  24 34  28 34  33 33  30 33  27 33  24 33  32 32  27 32  26 30  30 28  err
litu_d2010  26 27  29 22  39 21  31 19  39 13  42  9  40  6  89  39990  09990  0  err
