  year  #   1
  1950   2.622
  1951   2.113
  1952   1.957
  1953   1.675
  1954   1.505
  1955   1.843
  1956   1.364
  1957   1.027
  1958   1.311
  1959   0.376
  1960   0.841
  1961   0.483
  1962   0.623
  1963   0.313
  1964  -0.026
  1965  -0.308
  1966  -0.745
  1967  -0.449
  1968  -0.261
  1969  -0.272
  1970  -0.086
  1971   0.114
  1972   0.201
  1973   0.475
  1974   0.405
  1975   0.002
  1976  -0.012
  1977  -0.279
  1978   0.059
  1979  -0.332
  1980  -0.137
  1981   0.338
  1982   0.284
  1983   0.076
  1984  -0.565
  1985  -0.800
  1986  -0.818
  1987  -0.921
  1988  -0.923
  1989  -0.965
  1990  -1.014
  1991  -1.054
  1992  -0.971
  1993  -0.532
  1994  -1.027
  1995  -1.053
  1996  -1.155
  1997  -1.065
  1998  -1.211
  1999  -1.541
  2000  -1.485
