litu_drop_dead.rwl -- no data title --                    1st itrdb line missing     
litu_drop_dead.rwl -- no data title --                    2nd itrdb line missing     
litu_drop_dead.rwl -- no data title --                    3rd itrdb line missing     
12369   1953   762   856   874   818   888   823   877
12369   1960   710   637   795   881   878   833   771   704   890   838  raw
12369   1970   799   837   767   718   797   764   832   823   711   851  raw
12369   1980   809   789   746   746   851   704   650   856   696   824  raw
12369   1990   793   800   787   802   890   884   831   834   921   911  raw
12369   2000   903   908   901   825   891   908   840   900   879   887  raw
12369   2010   890   854   904   914 -9999
20804   1913  1000  1000  1000  1000  1000  1000  1000
20804   1920  1000  1000   874   935   858   826   886   881   927   905  raw
20804   1930   960   883   860   887   914   897   948   904   897   869  raw
20804   1940   875   848   796   628   821   827   776   653   479   595  raw
20804   1950   771   834   870   784   914   888   822   898   871   879  raw
20804   1960   851   705   850   937   931   858   886   827   906   866  raw
20804   1970   835   869   793   850   884   791   878   859   793   856  raw
20804   1980   840   849   883   812   875   915   845   891   878   855  raw
20804   1990   850   891   859   846   899   894   835   843   924   919  raw
20804   2000   906   911   922   918   919   912 -9999
42250   1924   909   893   948   905   945   944
42250   1930   970   939   932   932   938   933   957   920   911   909  raw
42250   1940   914   901   845   708   841   847   828   751   839   870  raw
42250   1950   827   838   882   858   917   890   903   905   896   883  raw
42250   1960   856   761   889   946   949   869   914   874   918   884  raw
42250   1970   846   883   885   898   897   885   910   913   865   860  raw
42250   1980   911   872   886   877   919   932   878   921   935   916  raw
42250   1990   904   916   901   847   915   900   855   887   924   919  raw
42250   2000   940   914   933   927   919   936   853   907   917   890  raw
42250   2010   890   854   939   951   934 -9999
72212   1946   861   854   863   884
72212   1950   852   845   921   881   931   894   934   920   909   908  raw
72212   1960   919   820   890   947   949   897   924   881   919   887  raw
72212   1970   879   886   913   901   914   894   915   924   914   925  raw
72212   1980   916   884   895   893   930   936   913   937   938   931  raw
72212   1990   916   916   920   889   928   928   887   926   930   922  raw
72212   2000   942   930   938   928   923   941   902   913   941   914  raw
72212   2010   921   881   943   965 -9999
72345   1933   952   946   933   958   942   935   921
72345   1940   939   925   908   727   858   869   893   892   904   909  raw
72345   1950   905   889   937   928   939   922   943   938   933   936  raw
72345   1960   940   824   911   951   952   933   929   894   943   892  raw
72345   1970   906   889   922   910   923   897   935   924   920   930  raw
72345   1980   926   885   899   926   943   948   950   938   940   935  raw
72345   1990   932   929   953   932   934   933   933   940   937   931  raw
72345   2000   945   934   938   941   924   954   933   913   949   946  raw
72345   2010   941   927   950 -9999
82403   1922   965   975   949   969   959   933   953   962
82403   1930   972   947   945   954   946   949   960   944   947   934  raw
82403   1940   955   949   923   935   926   906   953   922   905   917  raw
82403   1950   909   949   961   933   949   942   948   939   937   939  raw
82403   1960   942   826   938   952   955   950   929   909   945   943  raw
82403   1970   931   938   935   945   931   939   950   937   926   941  raw
82403   1980   933   887   927   932   945   952   961   941   946   941  raw
82403   1990   935   946   955   951   938   957   936   944   940   940  raw
82403   2000   947   950   944   943   938   961   949   914   951   948  raw
82403   2010   946   957   968   969 -9999
92360   1922   973   991   966   989   984   940   958   992
92360   1930   976   971   951   961   969   955   961   945   956   949  raw
92360   1940   961   964   942   948   941   948   961   925   923   957  raw
92360   1950   947   954   964   945   951   946   955   961   950   958  raw
92360   1960   946   863   940   964   957   952   934   927   951   944  raw
92360   1970   946   943   936   950   937   955   959   940   954   949  raw
92360   1980   935   924   942   969   946   965   967   958   962   949  raw
92360   1990   944   948   963   961   949   962   948   953   941   955  raw
92360   2000   947   955   944   947   961   961   955   926   953   953  raw
92360   2010   958   979   984   971   943   880 -9999
92442   1940   968   968   965   966   964   957   987   966   970   967  raw
92442   1950   949   960   964   947   960   962   957   968   955   963  raw
92442   1960   948   921   945   967   959   955   956   956   952   953  raw
92442   1970   971   943   937   951   949   960   960   949   960   952  raw
92442   1980   956   932   945   972   954   969   971   962   977   952  raw
92442   1990   955   958   965   964   958   962   955   957   952   965  raw
92442   2000   952   972   966   964   961   962   969   954   957   958  raw
92442   2010   967 -9999
102470  1931   983   978   982   992   970   963   961   961   971
102470  1940   985   979   983   972   973   965   989   983   980   970  raw
102470  1950   967   961   973   974   962   972   958   980   974   968  raw
102470  1960   953   939   946   968   976   970   968   975   956   972  raw
102470  1970   975   963   939   952   958   973   961   955   968   967  raw
102470  1980   962   939   965   974   957   970   973   963   986   963  raw
102470  1990   964   959   971   969   960   970   959   960   954   965  raw
102470  2000   959   973   976   972   963   963   974   956   973   967  raw
102470  2010   976   981   992   982 -9999
122554  1935   989   997   986   968   978
122554  1940   991   991   984   976   987   985   993   989   985   977  raw
122554  1950   988   973   976   982   974   983   981   987   981   977  raw
122554  1960   968   979   947   968   977   985   969   977   970   981  raw
122554  1970   977   971   965   972   960   974   980   964   974   968  raw
122554  1980   965   972   973   976   960   972   974   964   990   966  raw
122554  1990   969   964   975   975   974   973   977   970   964   967  raw
122554  2000   966   978   980   979   991   965   978   962   976   980  raw
122554  2010 -9999
190075  1957   994   984   985
190075  1960   995   991   996   970   978   986   970   978   973   981  raw
190075  1970   983   973   985   976   981   974   984   975   984   973  raw
190075  1980   966   977   987   977   963   979   978   985   992   987  raw
190075  1990   974   973   983   977   974   979   993   985   972   971  raw
190075  2000   969   979   980   986   996   970   978   970   979   982  raw
190075  2010   989   995   993   992   955   962 -9999
42232   1943   980   992   992   996   997   995   981
42232   1950   991   975   977   984   975   991   981   994   989   985  raw
42232   1960   997   993   998   973   982   990   975   979   982   984  raw
42232   1970   985   980   987   990   986   975   986   982   985   973  raw
42232   1980   980   994   992   986   970   990   988   986   993   990  raw
42232   1990   989   978   984   986   989   980   995   985   974   974  raw
42232   2000   971   981   988   986   996   983   980   981   983   984  raw
42232   2010   990 -9999
42565   1933   993   997   992  1000   993   996   979
42565   1940   996   994   993   989   995   997   997  1000   996   992  raw
42565   1950   991   978   979   989   986   993   986   995   992   989  raw
42565   1960   998   995   998   996   990   990   996   988   985   985  raw
42565   1970   988   982   989   993   987   979   988   995   992   983  raw
42565   1980   982   996   993   988   977   994   992   988   993   991  raw
42565   1990   991   988   985   993   994   981   996   997   984   986  raw
42565   2000   980   985   990   986   996   984   981   982   984   986  raw
42565   2010   995  1000   997   996 -9999
90285   1926  1000   941   998  1000
90285   1930   993   997   996   994  1000   998  1000   995   997   985  raw
90285   1940  1000   998   996   994   997   998  1000  1000  1000  1000  raw
90285   1950   997   982  1000   998   996   995   986   995   993   992  raw
90285   1960   998  1000  1000   998   990   991   996   990   988   985  raw
90285   1970   994   986   989   993   990   989   992   995   992   989  raw
90285   1980   996   996   997   994   983   995   992   994  1000   994  raw
90285   1990   992   992   992   995   996   990   997   997   989   987  raw
90285   2000   982   989  1000   991   997   994   985   991   995   997  raw
90285   2010   997  1000   998 -9999
92501   1932   994  1000   998  1000  1000   996   998   988
92501   1940  1000  1000   996  1000   997  1000  1000  1000  1000  1000  raw
92501   1950  1000   993  1000  1000   997   998  1000   996   995   993  raw
92501   1960   998  1000  1000  1000   992   993   998   992  1000   991  raw
92501   1970   996   986   990   996   993   994   995   995   996   990  raw
92501   1980  1000   998   998   995   987   998   998   996  1000   996  raw
92501   1990   993   994   998   995  1000   991   997   997   990   991  raw
92501   2000   988   995  1000   992  1000   995   989   993  1000  1000  raw
92501   2010   997  1000  1000  1000   985   966 -9999
111166  1918  1000  1000
111166  1920  1000  1000   994   997   986  1000  1000   998  1000  1000  raw
111166  1930  1000   993   986   995   995   996  1000  1000  1000   997  raw
111166  1940  1000  1000  1000  1000   996  1000  1000  1000  1000  1000  raw
111166  1950  1000   997  1000  1000  1000  1000  1000   997  1000   996  raw
111166  1960  1000  1000  1000  1000   997   995   998  1000  1000   998  raw
111166  1970   997   989   995   998   994  1000   997   996   998   994  raw
111166  1980  1000  1000   998   997   992  1000  1000   996  1000   996  raw
111166  1990   993   994  1000   996  1000   991  1000   997   995   991  raw
111166  2000   996   995  1000   994  1000  1000   995   995  1000  1000  raw
111166  2010  1000  1000   992  1000   991 -9999
121017  1956  1000  1000  1000  1000
121017  1960  1000  1000  1000  1000  1000   995  1000  1000  1000  1000  raw
121017  1970   998   996   995  1000  1000  1000  1000   996  1000  1000  raw
121017  1980  1000  1000  1000   997  1000  1000  1000   997  1000  1000  raw
121017  1990   995   995  1000  1000  1000   996  1000   997   998   996  raw
121017  2000   996   996  1000  1000  1000  1000   995   997  1000   998  raw
121017  2010  1000  1000   991  1000   992   995   889  1000 -9999
131192  1949   996
131192  1950  1000  1000   998  1000  1000  1000  1000  1000  1000  1000  raw
131192  1960  1000   998  1000  1000  1000   996  1000  1000  1000  1000  raw
131192  1970   998  1000   998  1000  1000  1000  1000   998  1000  1000  raw
131192  1980  1000   997  1000  1000  1000  1000  1000  1000  1000  1000  raw
131192  1990   997   995   998  1000  1000   996  1000   997  1000   997  raw
131192  2000  1000  1000 -9999
151051  1923   983  1000   997   998   971   990   993
151051  1930   996   987   982   989   991   993   995  1000   994  1000  raw
151051  1940  1000  1000  1000   998   994  1000  1000   997   990   993  raw
151051  1950  1000   995   996  1000  1000  1000   998  1000   995  1000  raw
151051  1960  1000   984   997   995  1000  1000  1000   998   997  1000  raw
151051  1970  1000  1000  1000  1000  1000   993  1000  1000  1000   998  raw
151051  1980   998   997   998  1000   996   998  1000  1000   998  1000  raw
151051  1990  1000  1000   995  1000  1000  1000  1000   998  1000   998  raw
151051  2000  1000  1000  1000   998  1000  1000   998   998  1000   992  raw
151051  2010   996   993   980   995   996  1000   995 -9999
160962  1920  1000  1000   964   970   846   964   979   739   935   965  raw
160962  1930   995   985   977   974   973   978   991   998   992   998  raw
160962  1940  1000  1000  1000   993   990   996   988   992   981   986  raw
160962  1950   998   985   996   996   997  1000   998   998   993   983  raw
160962  1960   998   980   990   995   995  1000  1000   995   997  1000  raw
160962  1970  1000  1000  1000  1000  1000   989  1000  1000   998   998  raw
160962  1980   997   992   997   993   996   997   983  1000   997  1000  raw
160962  1990  1000   992   994  1000  1000  1000  1000  1000  1000  1000  raw
160962  2000   992  1000   998   996  1000   995  1000   998 -9999
172220  1959   982
172220  1960   996   976   989   995   993  1000  1000   993   996  1000  raw
172220  1970   998  1000   998  1000   994   986   997   988   985   997  raw
172220  1980   993   991   996   993   991   997   972  1000   995  1000  raw
172220  1990   998   991   989  1000  1000   990   992   998   997   998  raw
172220  2000   991   992   995   995  1000   993   994   992  1000   986  raw
172220  2010   996   977   974   987   988   995   998 -9999
200188  1990   996   988   988   990   997   987   989   996   995   998  raw
200188  2000   987   987   993   990   998   979   987   984   998   984  raw
200188  2010   993   974   870   966   984   846  1000  1000 -9999
121423  1935   962   983   993   987   950
121423  1940   970   972   993   979   988   982   987   980   978   986  raw
121423  1950   995   983   996   992   993   994   998   977   988   976  raw
121423  1960   982   975   988   992   991   986   998   992   990   998  raw
121423  1970   995   985   995  1000   993   985   988   987   982   996  raw
121423  1980   989   986   994   989   990   977   968  1000   991   998  raw
121423  1990   984   971   985   983   987   977   984   978   987   983  raw
121423  2000   986   977   991   985   992   978   972   983   993 -9999  raw
52237   1937   986   956   947
52237   1940   970   967   982   976   978   975   969   977   976   984  raw
52237   1950   989   974   989   991   992   994   991   976   988   974  raw
52237   1960   981   972   987   990   986   985   994   986   984   992  raw
52237   1970   985   980   935   984   985   984   973   976   979   980  raw
52237   1980   989   980   994   981   983   970   966   974   974   998  raw
52237   1990   984   968   984   935   982   966   973   975   986   982  raw
52237   2000   985   976   981   980   989   977   961   981   990   981  raw
52237   2010   992   947   439   900   983 -9999
70469   1953   982   992   990   977   972   965   972
70469   1960   978   964   985   988   984   979   988   980   980   983  raw
70469   1970   971   954   927   945   983   963   964   973   973   975  raw
70469   1980   988   977   992   979   980   965   946   965   958   997  raw
70469   1990   974   954   964   924   971   952   973   950   976   937  raw
70469   2000   983   975   973   968   982   970   931   979 -9999
80641   1937   953   952   928
80641   1940   970   962   942   893   975   972   957   972   973   962  raw
80641   1950   981   972   985   980   980   984   973   969   964   964  raw
80641   1960   974   964   976   986   967   977   966   965   968   966  raw
80641   1970   963   922   903   938   982   952   964   949   962   972  raw
80641   1980   986   973   969   972   972   964   933   924   926   975  raw
80641   1990   968   869   960   912   963   895   938   912   958   933  raw
80641   2000   944   975   865   963   976   945   928   968   972   971  raw
80641   2010   973   858   189   593   763   843   716 -9999
90607   1919  1000
90607   1920  1000  1000   592   930   668   870   904   623   907   920  raw
90607   1930   986   975   968   971   961   941   957   907   945   892  raw
90607   1940   960   895   929   813   967   954   957   962   949   927  raw
90607   1950   974   971   984   976   980   967   968   968   964   948  raw
90607   1960   964   960   974   979   967   974   965   948   960   912  raw
90607   1970   955   867   890   916   957   933   959   939   947   937  raw
90607   1980   966   966   948   970   924   963   833   902   694   908  raw
90607   1990   927   859   924   906   961   888   919   895   923   929  raw
90607   2000   941   973   848   904   959   892   924   967   933 -9999  raw
110899  1933   939   952   909   950   897   936   872
110899  1940   894   880   899   692   874   951   956   930   938   904  raw
110899  1950   963   963   983   954   963   957   959   967   956   928  raw
110899  1960   953   918   959   979   965   906   875   926   947   853  raw
110899  1970   917   853   883   880   922   893   957   909   934   907  raw
110899  1980   962   911   947   959   911   949   619   693   672   899  raw
110899  1990   855   784   811   859   938   880   876   868   918   922  raw
110899  2000   894   947   743   898   932   822   911   933   916   968  raw
110899  2010   961   692    97   195   136  1000  1000  1000 -9999
112421  1950   930   956   965   946   956   941   956   955   955   904  raw
112421  1960   880   907   937   973   945   904   841   889   941   821  raw
112421  1970   868   836   866   850   921   884   946   899   933   905  raw
112421  1980   843   900   919   939   907   872   591   681   557   865  raw
112421  1990   764   773   759   759   909   862   861   866   809   823  raw
112421  2000   877   912   719   779   894   821   903   923   867   961  raw
112421  2010   914 -9999
171403  1950   918   915   959   905   921   917   928   897   843   902  raw
171403  1960   853   782   912   953   930   868   816   866   917   803  raw
171403  1970   788   804   864   724   838   872   927   894   924   863  raw
171403  1980   841   898   885   893   898   862   571   646   297   802  raw
171403  1990   727   754   627   708   852   803   634   712   785   803  raw
171403  2000   859   851   537   540   724   728   856   896   636   862  raw
171403  2010   881   274    84  1000  1000 -9999
52246   1945   922   905   870   926   902
52246   1950   855   907   917   876   877   898   882   892   608   893  raw
52246   1960   850   768   879   951   920   861   788   830   906   790  raw
52246   1970   775   792   716   695   753   786   902   864   886   858  raw
52246   1980   834   889   848   805   821   809   173   289   140   723  raw
52246   1990   721   413   358   537   826   741   591   540   737   792  raw
52246   2000   721   679   107   404   616   556   852   873   621   785  raw
52246   2010   833 -9999
82239   1930   939   940   931   856   942   884   916   862   931   807  raw
82239   1940   857   854   811   494   865   860   895   867   841   900  raw
82239   1950   839   865   913   794   830   865   745   763   606   873  raw
82239   1960   753   729   877   894   905   774   771   804   875   789  raw
82239   1970   764   600   529   599   746   620   878   851   877   842  raw
82239   1980   832   843   839   746   637   380     4   223  1000   525  raw
82239   1990   644   289   166   321   771   377   528   446   717   713  raw
82239   2000   471   678     3   363   426     0   705   580   525   649  raw
82239   2010   797 -9999
82381   1942   788   420   746   850   848   860   795   827
82381   1950   836   769   897   555   731   649   721   737   572   791  raw
82381   1960   638   613   573   869   870   678   755   771   845   680  raw
82381   1970   597   599   322   269   551   606   791   835   731   737  raw
82381   1980   788   835   754   506   592   209  1000   195  1000   376  raw
82381   1990   637    30  1000  1000   398    77  1000    94   424   484  raw
82381   2000   272   419  1000  1000    74  1000  1000   560  1000   340  raw
82381   2010   144    43  1000  1000 -9999
110902  1924   567   801   860   607   843   875
110902  1930   933   899   864   814   897   863   889   838   783   772  raw
110902  1940   715   811   733   239   565   828   842   741   786   765  raw
110902  1950   737   755   807   512   649   499   648     2  1000  1000  raw
110902  1960     3  1000   199   659   856   632   323   574   366   276  raw
110902  1970   290   286   290   173   495  1000   650   533   538   667  raw
110902  1980   774   797   737   489   265  1000  1000   175  1000   375  raw
110902  1990  1000  1000  1000  1000  1000  1000  1000  1000  1000  1000  raw
110902  2000  1000  1000  1000  1000  1000  1000  1000  1000  1000    29  raw
110902  2010    31  1000 -9999
