litu_drop_dead.rwl -- no data title --                    1st itrdb line missin crv2 
litu_drop_dead.rwl -- no data title --                    2nd itrdb line missin crv2 
litu_drop_dead.rwl -- no data title --                    3rd itrdb line missin crv2 
12369   1953   742   769   795   820   845   870   894
12369   1960   917   941   963   985  1007  1027  1046  1063  1078  1090  crv
12369   1970  1099  1105  1107  1107  1104  1099  1092  1083  1072  1061  crv
12369   1980  1049  1038  1027  1017  1009  1003  1000   997   995   994  crv
12369   1990   994   992   991   988   985   981   977   972   967   962  crv
12369   2000   958   953   949   945   941   938   934   931   927   923  crv
12369   2010   919   914   910   905 -9999
20804   1913   488   535   581   627   674   719   765
20804   1920   809   853   895   936   976  1013  1048  1080  1110  1137  crv
20804   1930  1161  1182  1200  1215  1227  1235  1241  1243  1243  1240  crv
20804   1940  1234  1226  1215  1203  1188  1172  1154  1135  1115  1094  crv
20804   1950  1072  1051  1029  1009   989   971   954   939   926   916  crv
20804   1960   908   903   900   900   902   906   912   920   929   939  crv
20804   1970   951   962   974   986   997  1008  1019  1028  1037  1045  crv
20804   1980  1052  1057  1062  1065  1067  1068  1067  1064  1059  1053  crv
20804   1990  1045  1035  1023  1010   995   979   961   943   923   902  crv
20804   2000   881   859   838   816   794   772 -9999
42250   1924   611   638   665   692   718   745
42250   1930   771   797   823   848   874   898   923   946   969   990  crv
42250   1940  1011  1030  1049  1066  1082  1096  1109  1120  1129  1137  crv
42250   1950  1143  1148  1150  1152  1152  1150  1148  1145  1140  1135  crv
42250   1960  1130  1124  1117  1111  1104  1098  1092  1087  1082  1078  crv
42250   1970  1074  1071  1068  1065  1063  1061  1059  1056  1053  1050  crv
42250   1980  1046  1042  1036  1030  1024  1017  1011  1004   998   992  crv
42250   1990   986   980   975   969   964   958   953   947   941   934  crv
42250   2000   928   921   914   907   900   892   884   876   867   859  crv
42250   2010   850   841   831   822   812 -9999
72212   1946  1032  1011   990   969
72212   1950   948   927   907   889   872   859   848   842   839   840  crv
72212   1960   845   854   866   883   904   929   959   994  1033  1075  crv
72212   1970  1119  1164  1209  1253  1294  1332  1366  1394  1417  1433  crv
72212   1980  1442  1442  1433  1416  1389  1355  1315  1271  1225  1179  crv
72212   1990  1133  1088  1046  1007   972   940   913   890   871   858  crv
72212   2000   848   844   843   846   852   861   872   886   901   917  crv
72212   2010   934   951   969   986 -9999
72345   1933   830   873   916   958  1000  1042  1082
72345   1940  1121  1158  1193  1225  1253  1279  1300  1317  1329  1336  crv
72345   1950  1338  1334  1326  1313  1295  1274  1251  1225  1198  1170  crv
72345   1960  1142  1114  1087  1061  1037  1016   998   983   971   963  crv
72345   1970   959   958   960   964   971   979   988   997  1007  1016  crv
72345   1980  1024  1030  1033  1035  1035  1034  1033  1032  1031  1031  crv
72345   1990  1032  1034  1037  1041  1047  1054  1063  1072  1084  1096  crv
72345   2000  1110  1124  1140  1157  1174  1191  1209  1227  1244  1262  crv
72345   2010  1280  1297  1315 -9999
82403   1922   938   949   959   969   979   990  1000  1010
82403   1930  1020  1030  1040  1049  1059  1067  1076  1083  1090  1096  crv
82403   1940  1101  1105  1108  1109  1108  1106  1102  1096  1088  1078  crv
82403   1950  1067  1054  1041  1027  1012   997   983   969   957   945  crv
82403   1960   935   926   919   914   910   908   908   910   912   916  crv
82403   1970   921   926   932   938   944   951   957   962   968   972  crv
82403   1980   977   980   983   985   987   988   989   990   991   993  crv
82403   1990   994   996   998  1001  1004  1008  1013  1018  1023  1029  crv
82403   2000  1036  1043  1050  1058  1066  1074  1083  1091  1099  1108  crv
82403   2010  1116  1125  1133  1141 -9999
92360   1922  1019  1012  1006  1000   993   986   979   972
92360   1930   964   956   947   939   931   924   917   912   908   906  crv
92360   1940   905   906   910   915   921   930   940   952   965   980  crv
92360   1950   996  1012  1030  1048  1067  1086  1106  1125  1144  1163  crv
92360   1960  1180  1198  1214  1229  1243  1256  1268  1278  1287  1295  crv
92360   1970  1300  1304  1305  1305  1303  1298  1292  1283  1273  1260  crv
92360   1980  1245  1229  1210  1189  1167  1143  1118  1093  1066  1040  crv
92360   1990  1014   988   962   937   913   889   866   844   823   803  crv
92360   2000   784   766   749   733   718   704   690   677   665   653  crv
92360   2010   642   631   620   609   598   587 -9999
92442   1940   924   947   969   991  1012  1032  1049  1064  1076  1084  crv
92442   1950  1089  1091  1089  1085  1078  1069  1058  1046  1033  1020  crv
92442   1960  1005   991   976   963   950   939   929   922   917   913  crv
92442   1970   912   912   913   916   921   926   932   938   945   951  crv
92442   1980   958   964   970   976   981   986   991   995  1000  1004  crv
92442   1990  1007  1011  1014  1016  1018  1020  1021  1022  1024  1026  crv
92442   2000  1029  1032  1035  1039  1043  1047  1051  1054  1058  1062  crv
92442   2010  1065 -9999
102470  1931   544   594   643   693   742   790   838   884   928
102470  1940   970  1010  1047  1080  1110  1136  1158  1177  1191  1202  crv
102470  1950  1209  1213  1215  1214  1212  1209  1205  1200  1196  1192  crv
102470  1960  1187  1184  1180  1177  1174  1172  1170  1169  1167  1166  crv
102470  1970  1164  1162  1158  1153  1146  1137  1127  1115  1101  1087  crv
102470  1980  1071  1054  1037  1020  1003   986   971   957   944   932  crv
102470  1990   923   914   908   903   900   899   900   902   906   911  crv
102470  2000   919   928   938   951   965   979   995  1012  1029  1046  crv
102470  2010  1063  1081  1099  1116 -9999
122554  1935   995  1007  1019  1031  1043
122554  1940  1053  1063  1070  1076  1080  1081  1080  1077  1071  1063  crv
122554  1950  1053  1041  1028  1014  1000   983   967   951   935   920  crv
122554  1960   906   894   885   877   873   871   872   875   881   888  crv
122554  1970   897   907   917   928   938   949   959   969   979   989  crv
122554  1980  1000  1009  1018  1028  1038  1047  1055  1063  1070  1076  crv
122554  1990  1080  1083  1084  1083  1080  1076  1070  1063  1054  1044  crv
122554  2000  1034  1022  1011  1000   987   974   962   949   937   924  crv
122554  2010 -9999
190075  1957  1103  1074  1046
190075  1960  1015   983   949   913   878   844   813   786   765   749  crv
190075  1970   740   738   742   753   771   795   826   861   901   945  crv
190075  1980   991  1038  1085  1128  1168  1201  1227  1247  1262  1273  crv
190075  1990  1283  1293  1302  1311  1317  1321  1319  1312  1299  1281  crv
190075  2000  1257  1227  1191  1150  1104  1054  1002   949   894   838  crv
190075  2010   781   723   664   604   544   484 -9999
42232   1943  1052  1063  1073  1083  1092  1099  1104
42232   1950  1106  1105  1100  1092  1082  1068  1052  1034  1015   996  crv
42232   1960   976   956   937   919   903   888   876   867   862   860  crv
42232   1970   862   868   877   889   903   921   940   960   981  1001  crv
42232   1980  1020  1037  1051  1063  1071  1076  1079  1081  1080  1078  crv
42232   1990  1075  1071  1066  1060  1054  1048  1042  1036  1031  1026  crv
42232   2000  1023  1020  1017  1015  1014  1014  1013  1013  1013  1014  crv
42232   2010  1014 -9999
42565   1933  1015  1022  1028  1035  1040  1045  1049
42565   1940  1052  1054  1054  1053  1052  1049  1046  1041  1036  1029  crv
42565   1950  1022  1014  1005   995   984   972   960   948   936   924  crv
42565   1960   913   903   894   887   881   876   874   873   875   878  crv
42565   1970   883   888   893   899   905   910   915   919   923   927  crv
42565   1980   931   934   938   942   946   951   955   960   965   970  crv
42565   1990   975   981   986   992   998  1004  1011  1018  1027  1037  crv
42565   2000  1048  1060  1074  1088  1103  1119  1135  1152  1169  1187  crv
42565   2010  1205  1224  1243  1262 -9999
90285   1926   216   322   428   533
90285   1930   638   741   841   939  1033  1121  1205  1282  1352  1415  crv
90285   1940  1471  1519  1560  1593  1619  1638  1650  1655  1654  1646  crv
90285   1950  1634  1616  1594  1568  1538  1506  1472  1436  1399  1362  crv
90285   1960  1325  1288  1252  1218  1186  1156  1128  1101  1077  1053  crv
90285   1970  1031  1010   990   971   954   938   924   911   900   890  crv
90285   1980   883   876   871   868   867   867   869   873   879   887  crv
90285   1990   897   910   925   943   962   985  1009  1036  1064  1095  crv
90285   2000  1127  1160  1194  1228  1263  1298  1334  1369  1404  1439  crv
90285   2010  1474  1509  1544 -9999
92501   1932  1236  1215  1194  1173  1152  1131  1110  1090
92501   1940  1071  1052  1034  1017  1001   987   974   961   949   938  crv
92501   1950   928   918   909   899   890   880   871   862   852   844  crv
92501   1960   835   828   822   817   813   811   812   815   820   827  crv
92501   1970   837   849   864   880   898   918   939   960   983  1005  crv
92501   1980  1027  1048  1068  1086  1102  1116  1128  1138  1145  1150  crv
92501   1990  1152  1152  1150  1146  1140  1133  1124  1114  1103  1090  crv
92501   2000  1077  1063  1049  1034  1019  1004   988   972   956   940  crv
92501   2010   924   907   891   874   858   841 -9999
111166  1918   414   437
111166  1920   461   485   508   532   556   580   604   628   653   678  crv
111166  1930   703   729   755   781   808   835   863   892   921   950  crv
111166  1940   979  1009  1038  1067  1095  1123  1150  1176  1200  1224  crv
111166  1950  1245  1265  1284  1300  1315  1327  1338  1346  1352  1356  crv
111166  1960  1359  1359  1358  1355  1351  1345  1338  1330  1320  1310  crv
111166  1970  1299  1286  1273  1258  1243  1226  1208  1190  1170  1149  crv
111166  1980  1128  1105  1083  1059  1035  1011   987   964   940   917  crv
111166  1990   895   874   853   834   816   799   783   768   755   742  crv
111166  2000   731   721   712   704   696   689   683   677   672   667  crv
111166  2010   662   657   652   648   643 -9999
121017  1956   675   720   765   809
121017  1960   853   896   937   976  1013  1049  1082  1114  1143  1170  crv
121017  1970  1194  1216  1233  1247  1256  1261  1261  1256  1245  1230  crv
121017  1980  1211  1188  1161  1133  1102  1072  1041  1010   980   949  crv
121017  1990   919   889   858   828   799   773   749   729   713   702  crv
121017  2000   697   697   705   718   739   767   801   843   891   946  crv
121017  2010  1007  1073  1145  1220  1297  1377  1458  1539 -9999
131192  1949  1013
131192  1950   992   973   954   937   922   911   903   899   901   908  crv
131192  1960   922   941   965   992  1021  1052  1082  1112  1140  1164  crv
131192  1970  1185  1199  1208  1209  1203  1191  1173  1149  1122  1090  crv
131192  1980  1057  1022   988   954   922   894   871   853   843   840  crv
131192  1990   843   853   869   890   916   946   980  1015  1053  1093  crv
131192  2000  1133  1174 -9999
151051  1923  1063  1074  1084  1094  1104  1114  1122
151051  1930  1130  1137  1142  1146  1148  1149  1149  1146  1142  1137  crv
151051  1940  1129  1120  1110  1098  1085  1070  1055  1038  1021  1003  crv
151051  1950   984   965   946   926   907   888   869   852   835   820  crv
151051  1960   807   795   786   779   774   772   773   776   782   790  crv
151051  1970   800   813   827   842   859   877   895   913   931   949  crv
151051  1980   967   983  1000  1014  1027  1039  1051  1061  1070  1078  crv
151051  1990  1085  1091  1097  1101  1105  1108  1110  1112  1113  1113  crv
151051  2000  1112  1110  1108  1105  1101  1097  1092  1086  1080  1073  crv
151051  2010  1067  1060  1052  1045  1038  1030  1023 -9999
160962  1920   622   633   645   656   668   679   691   702   714   725  crv
160962  1930   737   748   760   771   783   794   807   820   833   848  crv
160962  1940   865   883   903   924   947   971   996  1022  1048  1073  crv
160962  1950  1098  1122  1144  1166  1186  1205  1222  1238  1253  1267  crv
160962  1960  1279  1290  1299  1307  1314  1319  1322  1324  1323  1321  crv
160962  1970  1317  1310  1301  1289  1274  1256  1235  1211  1184  1156  crv
160962  1980  1126  1094  1062  1030   997   966   935   905   877   850  crv
160962  1990   824   801   779   758   739   722   706   691   677   664  crv
160962  2000   652   640   629   618   607   597   586   576 -9999
172220  1959   882
172220  1960   893   904   915   926   938   949   961   974   986   998  crv
172220  1970  1008  1017  1024  1029  1031  1031  1029  1026  1021  1016  crv
172220  1980  1009  1000   990   979   967   956   947   941   939   942  crv
172220  1990   950   962   977   995  1013  1030  1046  1058  1067  1072  crv
172220  2000  1073  1071  1065  1055  1044  1030  1015  1000   982   963  crv
172220  2010   944   925   905   886   867   848   829 -9999
200188  1990   949   960   972   984   995  1004  1009  1008  1000   986  crv
200188  2000   970   957   951   951   958   969   978   985   991   991  crv
200188  2010   987   982   976   971   970   973   981   990 -9999
121423  1935  1053  1047  1041  1035  1029
121423  1940  1024  1019  1015  1011  1008  1006  1004  1002  1000   998  crv
121423  1950   996   994   992   990   989   987   986   984   983   982  crv
121423  1960   982   981   980   980   978   977   976   974   972   971  crv
121423  1970   969   966   963   960   957   954   951   950   949   949  crv
121423  1980   951   955   960   967   975   984   994  1005  1015  1025  crv
121423  1990  1034  1042  1048  1052  1054  1054  1051  1047  1042  1036  crv
121423  2000  1029  1021  1013  1005   997   989   981   973   965 -9999  crv
52237   1937  1018  1013  1009
52237   1940  1004  1000   994   988   983   978   974   969   965   961  crv
52237   1950   958   956   954   953   953   954   956   959   963   968  crv
52237   1960   974   981   989   998  1007  1018  1030  1042  1055  1068  crv
52237   1970  1081  1092  1102  1111  1118  1122  1125  1126  1125  1123  crv
52237   1980  1121  1117  1114  1110  1106  1103  1100  1096  1093  1090  crv
52237   1990  1087  1084  1079  1074  1067  1058  1048  1036  1022  1006  crv
52237   2000   989   971   951   930   909   887   866   844   824   804  crv
52237   2010   784   765   746   728   710 -9999
70469   1953   873   863   853   846   842   842   847
70469   1960   858   873   892   917   946   979  1018  1061  1108  1156  crv
70469   1970  1205  1250  1289  1319  1340  1350  1350  1339  1317  1287  crv
70469   1980  1248  1203  1154  1104  1053  1003   956   913   876   846  crv
70469   1990   823   808   800   799   805   817   834   856   881   908  crv
70469   2000   938   969  1001  1034  1068  1101  1135  1168 -9999
80641   1937   693   706   719
80641   1940   733   746   761   775   790   806   822   839   856   873  crv
80641   1950   891   909   927   946   965   983  1002  1020  1037  1054  crv
80641   1960  1071  1086  1101  1114  1127  1139  1151  1161  1171  1179  crv
80641   1970  1186  1191  1196  1199  1200  1200  1199  1196  1192  1187  crv
80641   1980  1180  1172  1162  1152  1140  1128  1115  1102  1088  1075  crv
80641   1990  1061  1048  1034  1020  1007   993   979   965   951   938  crv
80641   2000   924   911   898   886   874   862   850   839   827   816  crv
80641   2010   805   794   783   772   761   749   738 -9999
90607   1919   870
90607   1920   860   851   843   835   828   821   817   813   810   809  crv
90607   1930   809   810   813   818   824   832   841   852   865   880  crv
90607   1940   895   912   931   950   970   991  1012  1034  1055  1076  crv
90607   1950  1096  1114  1131  1147  1161  1174  1184  1192  1199  1203  crv
90607   1960  1206  1207  1206  1205  1202  1199  1195  1191  1186  1181  crv
90607   1970  1177  1171  1166  1161  1155  1149  1142  1135  1127  1119  crv
90607   1980  1111  1101  1092  1081  1070  1057  1044  1030  1015  1000  crv
90607   1990   983   966   948   929   910   890   870   850   829   808  crv
90607   2000   788   767   746   726   705   685   664   644   624 -9999  crv
110899  1933  1209  1194  1179  1165  1150  1135  1120
110899  1940  1105  1091  1076  1062  1049  1035  1022  1010   998   987  crv
110899  1950   976   966   957   949   942   936   931   926   922   918  crv
110899  1960   915   914   913   913   914   916   919   922   926   931  crv
110899  1970   937   943   949   956   963   970   976   981   987   991  crv
110899  1980   995  1000  1002  1004  1005  1007  1007  1008  1008  1008  crv
110899  1990  1009  1009  1010  1012  1014  1016  1019  1023  1026  1030  crv
110899  2000  1035  1039  1044  1048  1052  1055  1057  1059  1060  1061  crv
110899  2010  1062  1062  1063  1063  1064  1064  1065  1065 -9999
112421  1950  1097  1061  1026   991   957   924   894   867   844   825  crv
112421  1960   811   803   799   801   808   820   838   860   887   917  crv
112421  1970   952   990  1029  1069  1108  1145  1177  1203  1222  1235  crv
112421  1980  1240  1240  1235  1226  1214  1201  1187  1175  1163  1153  crv
112421  1990  1144  1135  1127  1118  1107  1093  1077  1057  1035  1009  crv
112421  2000   982   952   920   887   853   819   784   750   716   682  crv
112421  2010   649 -9999
171403  1950   873   895   917   939   960   980   998  1014  1027  1037  crv
171403  1960  1044  1048  1048  1045  1039  1032  1023  1014  1005   996  crv
171403  1970   989   983   978   976   975   977   980   985   992  1000  crv
171403  1980  1006  1013  1020  1024  1027  1029  1028  1026  1022  1018  crv
171403  1990  1014  1009  1004  1001   997   995   993   992   991   990  crv
171403  2000   989   989   989   988   988   987   986   984   982   980  crv
171403  2010   977   975   972   970   967 -9999
52246   1945   257   337   418   498   579
52246   1950   658   736   811   883   952  1016  1074  1128  1175  1218  crv
52246   1960  1254  1286  1312  1332  1347  1357  1363  1364  1360  1353  crv
52246   1970  1341  1326  1307  1285  1260  1232  1203  1172  1140  1108  crv
52246   1980  1076  1044  1013   985   958   934   913   895   880   869  crv
52246   1990   860   855   852   851   852   855   859   865   871   877  crv
52246   2000   884   892   900   908   915   923   931   938   946   953  crv
52246   2010   960 -9999
82239   1930  1130  1114  1099  1083  1068  1052  1037  1023  1009   996  crv
82239   1940   985   976   968   962   958   955   952   951   950   949  crv
82239   1950   948   947   945   943   940   937   933   928   924   919  crv
82239   1960   915   910   907   904   902   902   902   904   908   913  crv
82239   1970   920   929   939   951   964   979   994  1010  1026  1042  crv
82239   1980  1058  1072  1086  1098  1108  1117  1124  1129  1131  1132  crv
82239   1990  1130  1126  1120  1113  1103  1092  1079  1065  1049  1031  crv
82239   2000  1013   993   973   952   930   908   885   862   839   815  crv
82239   2010   792 -9999
82381   1942   528   563   598   633   668   702   737   771
82381   1950   805   839   872   906   940   973  1006  1038  1068  1098  crv
82381   1960  1126  1152  1176  1198  1218  1235  1250  1261  1270  1275  crv
82381   1970  1277  1276  1271  1263  1252  1237  1220  1199  1177  1152  crv
82381   1980  1126  1100  1073  1047  1022   997   975   953   934   916  crv
82381   1990   899   885   871   860   850   842   836   832   830   830  crv
82381   2000   832   836   842   850   858   868   878   889   901   913  crv
82381   2010   924   936   948   960 -9999
110902  1924   683   699   716   732   749   765
110902  1930   781   797   813   829   844   860   876   892   908   923  crv
110902  1940   939   954   969   983   997  1010  1022  1033  1044  1054  crv
110902  1950  1064  1073  1081  1088  1096  1102  1108  1114  1120  1125  crv
110902  1960  1130  1135  1140  1144  1149  1154  1158  1163  1167  1171  crv
110902  1970  1175  1179  1182  1184  1186  1187  1187  1186  1184  1182  crv
110902  1980  1178  1174  1168  1162  1155  1147  1138  1127  1116  1103  crv
110902  1990  1090  1075  1058  1040  1021  1000   977   953   928   901  crv
110902  2000   874   845   815   785   754   722   690   658   625   592  crv
110902  2010   560   527 -9999
