 % variance  0.233   0.162
 cumulative  0.233   0.396
 series_id   #  1       2
  20804     -0.027   0.549
  42250      0.766   0.056
  72212      0.756  -0.010
  72345      0.847  -0.028
  82403      0.614   0.425
  92360      0.535  -0.015
  92442      0.573   0.183
  102470     0.379   0.631
  122554    -0.024   0.569
  42232      0.806  -0.222
  42565      0.408   0.566
  90285      0.313   0.200
  92501      0.566  -0.398
  111166     0.697  -0.001
  131192     0.064   0.567
  151051     0.793   0.078
  160962     0.177   0.594
  121423    -0.178   0.472
  52237      0.061   0.698
  80641      0.420   0.180
  90607      0.465  -0.005
  110899     0.131   0.031
  112421     0.409   0.364
  171403     0.308  -0.567
  52246      0.114   0.260
  82239      0.552  -0.353
  82381     -0.321   0.533
  110902     0.110   0.616
