  year  #   1
  1950   0.020
  1951   0.253
  1952   0.211
  1953   0.346
  1954   0.167
  1955   1.169
  1956  -0.644
  1957  -0.416
  1958   0.917
  1959  -1.485
  1960   1.320
  1961  -0.589
  1962   0.538
  1963  -0.506
  1964  -1.582
  1965  -1.887
  1966  -1.889
  1967   0.134
  1968  -0.250
  1969  -0.350
  1970   0.522
  1971   0.165
  1972   0.251
  1973   0.840
  1974   0.787
  1975  -0.192
  1976   0.498
  1977  -0.233
  1978   1.518
  1979  -0.362
  1980   1.245
  1981   2.479
  1982   1.283
  1983   0.899
  1984  -1.303
  1985  -1.041
  1986  -0.114
  1987  -0.645
  1988  -0.200
  1989  -0.467
  1990  -0.729
  1991  -0.519
  1992   0.812
  1993   2.126
  1994  -1.147
  1995  -0.275
  1996  -0.235
  1997   1.277
  1998  -0.330
  1999  -2.237
  2000  -0.150
