 eigenvalue 12.656   3.057   2.808   1.887   1.234   1.042   0.938   0.724   0.571   0.523   0.424   0.386   0.316   0.285   0.234   0.169   0.159   0.111   0.107   0.078   0.061   0.049   0.043   0.041   0.033   0.028   0.021   0.014
 eval sderr  2.506   0.605   0.556   0.374   0.244   0.206   0.186   0.143   0.113   0.104   0.084   0.076   0.063   0.056   0.046   0.033   0.031   0.022   0.021   0.016   0.012   0.010   0.009   0.008   0.007   0.005   0.004   0.003
 % variance  0.452   0.109   0.100   0.067   0.044   0.037   0.034   0.026   0.020   0.019   0.015   0.014   0.011   0.010   0.008   0.006   0.006   0.004   0.004   0.003   0.002   0.002   0.002   0.001   0.001   0.001   0.001   0.000
 cumulative  0.452   0.561   0.661   0.729   0.773   0.810   0.844   0.870   0.890   0.909   0.924   0.938   0.949   0.959   0.967   0.973   0.979   0.983   0.987   0.990   0.992   0.994   0.995   0.997   0.998   0.999   1.000   1.000
 brokn stck  3.927   2.927   2.427   2.094   1.844   1.644   1.477   1.334   1.209   1.098   0.998   0.907   0.824   0.747   0.676   0.609   0.546   0.488   0.432   0.379   0.329   0.282   0.236   0.193   0.151   0.111   0.073   0.036
 series_id   #  1       2       3       4       5       6       7       8       9      10      11      12      13      14      15      16      17      18      19      20      21      22      23      24      25      26      27      28
  20804      0.010  -0.203   0.372   0.102  -0.064   0.392  -0.340   0.058   0.042   0.113   0.577   0.075  -0.007   0.322   0.043   0.064   0.054  -0.048  -0.173   0.084   0.086   0.088  -0.028  -0.099  -0.016   0.024   0.008   0.042
  42250      0.199  -0.144  -0.196   0.227   0.012  -0.123   0.081   0.145   0.237   0.219  -0.220   0.236  -0.245   0.417  -0.045  -0.078   0.303  -0.141  -0.083   0.018  -0.071   0.064  -0.146  -0.108   0.142  -0.073  -0.010  -0.414
  72212      0.208  -0.036  -0.154   0.306   0.146   0.114  -0.197  -0.013  -0.246  -0.182   0.022  -0.166  -0.080  -0.247   0.124   0.134   0.171  -0.498  -0.038   0.003  -0.146   0.012  -0.060   0.143  -0.130  -0.400   0.199   0.031
  72345      0.242  -0.189  -0.126   0.062  -0.107  -0.119  -0.021  -0.020   0.088   0.216  -0.019   0.006  -0.037   0.138   0.149   0.013  -0.057   0.137   0.178  -0.266  -0.146  -0.084   0.035  -0.307  -0.011  -0.318  -0.173   0.618
  82403      0.242  -0.181   0.046   0.024   0.041  -0.060   0.028  -0.311   0.060  -0.069   0.179  -0.112  -0.105  -0.171  -0.117   0.039  -0.164  -0.201   0.070  -0.278   0.202  -0.122   0.132  -0.075   0.661   0.113  -0.001  -0.130
  92360      0.061   0.098  -0.211   0.454   0.379   0.271  -0.308  -0.032   0.046  -0.043  -0.199   0.075  -0.045  -0.100   0.232  -0.033  -0.140   0.432  -0.084  -0.075   0.224  -0.032  -0.001  -0.045   0.030   0.177  -0.047  -0.023
  92442      0.223  -0.191  -0.011  -0.037  -0.237  -0.098   0.032   0.220  -0.087  -0.291   0.026   0.291   0.037  -0.140   0.216  -0.119   0.022   0.182  -0.452   0.204  -0.174  -0.154  -0.021   0.294   0.295   0.003  -0.102   0.142
  102470     0.242  -0.041   0.123   0.099  -0.229  -0.048  -0.172  -0.004  -0.127   0.094  -0.025  -0.200  -0.065  -0.074  -0.009   0.099  -0.335   0.246   0.332   0.422  -0.326  -0.102  -0.232  -0.150   0.053  -0.015   0.107  -0.277
  122554     0.157   0.036   0.244  -0.322   0.265   0.154   0.080  -0.028   0.396  -0.187  -0.195  -0.049   0.086   0.072   0.417  -0.190  -0.317  -0.230  -0.113   0.010  -0.129   0.052  -0.124  -0.179  -0.043  -0.083   0.097  -0.058
  42232      0.246  -0.159  -0.147  -0.057  -0.012  -0.110  -0.036  -0.157  -0.040   0.200  -0.010   0.014  -0.067  -0.075  -0.040   0.082  -0.066  -0.087  -0.211  -0.116  -0.196   0.331  -0.165   0.039  -0.188   0.601   0.325   0.205
  42565      0.133  -0.160   0.308  -0.086   0.361  -0.146  -0.205   0.172  -0.126   0.098  -0.092   0.497   0.312  -0.166  -0.063  -0.040   0.172  -0.033   0.374  -0.033  -0.070  -0.036   0.137   0.000   0.028   0.055   0.137  -0.009
  90285      0.238  -0.068   0.011  -0.094  -0.343   0.033  -0.050   0.035   0.167  -0.037   0.122  -0.083   0.006  -0.335   0.080  -0.255   0.262   0.249  -0.038  -0.319   0.103  -0.051   0.195  -0.171  -0.321  -0.079   0.214  -0.323
  92501      0.199  -0.099  -0.197  -0.291   0.226   0.164   0.042   0.052  -0.052  -0.231   0.045  -0.178   0.151  -0.067  -0.152   0.235   0.394   0.058  -0.036   0.150   0.003  -0.151  -0.254  -0.394  -0.018   0.177  -0.305   0.005
  111166     0.258   0.131  -0.053   0.001  -0.043  -0.047   0.080   0.137  -0.083  -0.061  -0.054  -0.096   0.111   0.243  -0.118  -0.208   0.016  -0.014   0.037   0.255   0.535  -0.180  -0.098  -0.048   0.051  -0.014   0.514   0.261
  131192     0.217   0.155   0.166   0.060  -0.106  -0.084  -0.121  -0.454   0.088  -0.035  -0.153  -0.014   0.035  -0.065   0.005  -0.163   0.273   0.001   0.020   0.403   0.115   0.466   0.215  -0.023   0.039  -0.048  -0.249   0.117
  151051     0.202  -0.322  -0.083   0.054  -0.011   0.176   0.101   0.073   0.222   0.207  -0.027  -0.108  -0.003  -0.077  -0.007  -0.137  -0.123  -0.232   0.204   0.205   0.173  -0.278   0.148   0.381  -0.294   0.205  -0.337   0.015
  160962     0.182   0.084   0.275   0.209  -0.094   0.055   0.083  -0.037  -0.259   0.238  -0.239  -0.255   0.568   0.136  -0.065  -0.050  -0.001  -0.020  -0.261  -0.287  -0.040  -0.058  -0.136   0.081   0.022  -0.004  -0.181  -0.112
  121423     0.222   0.162   0.092  -0.154  -0.146  -0.192  -0.191  -0.060  -0.071  -0.005  -0.129   0.344  -0.144  -0.021  -0.065   0.448  -0.276  -0.125  -0.206  -0.057   0.366  -0.113  -0.051  -0.077  -0.276  -0.108  -0.191  -0.108
  52237      0.055  -0.046   0.417   0.090   0.222  -0.348   0.033   0.432   0.102   0.019  -0.072  -0.440  -0.298  -0.066   0.063   0.231   0.122   0.118  -0.111  -0.007   0.095   0.108   0.143   0.051   0.010   0.064  -0.031   0.077
  80641      0.133   0.260  -0.108   0.306  -0.028  -0.176  -0.052   0.163   0.528  -0.298   0.237   0.037   0.348   0.014  -0.342   0.135  -0.134  -0.041   0.028  -0.024  -0.179   0.058   0.047   0.035  -0.060   0.034  -0.007   0.046
  90607      0.242   0.106  -0.050  -0.131   0.017   0.128   0.046   0.325  -0.181  -0.100   0.140   0.032  -0.141  -0.042  -0.122  -0.253  -0.160   0.052   0.246  -0.224   0.142   0.497  -0.334   0.176   0.046  -0.096  -0.250  -0.025
  110899     0.162   0.211  -0.013  -0.132  -0.058   0.533   0.227   0.167   0.149   0.337  -0.155   0.088  -0.028  -0.206  -0.158   0.342   0.027   0.078  -0.068   0.077  -0.083   0.106   0.222   0.065   0.216  -0.142   0.173   0.079
  112421     0.046  -0.193   0.148   0.357   0.132   0.001   0.701  -0.119  -0.144  -0.098   0.192   0.215   0.017  -0.114   0.037   0.078  -0.121   0.088  -0.023   0.110   0.079   0.124  -0.002  -0.222  -0.203  -0.064   0.026  -0.046
  171403     0.163   0.259  -0.292  -0.078   0.107  -0.122   0.008   0.231  -0.310   0.156   0.248  -0.056   0.090   0.128   0.218  -0.103  -0.170  -0.144  -0.089   0.116  -0.087   0.062   0.530  -0.238   0.012   0.115  -0.110  -0.148
  52246      0.122   0.361   0.012  -0.087   0.313  -0.212   0.073  -0.212   0.120   0.410   0.404   0.028  -0.071  -0.163   0.067  -0.120   0.126   0.120  -0.117   0.065  -0.043  -0.235  -0.302   0.201  -0.010  -0.139  -0.026  -0.004
  82239      0.199  -0.214  -0.152  -0.227   0.184  -0.049   0.036  -0.235  -0.023  -0.140   0.080  -0.109   0.147   0.396   0.093   0.310   0.002   0.335   0.092  -0.059   0.006   0.123   0.176   0.413  -0.069  -0.193   0.129  -0.165
  82381      0.139   0.386   0.144   0.109  -0.229   0.096   0.166  -0.027  -0.036  -0.174   0.038   0.095  -0.103   0.168   0.439   0.207   0.265  -0.079   0.365  -0.160  -0.055  -0.150  -0.047   0.115   0.025   0.337  -0.025   0.040
  110902     0.208   0.149   0.214  -0.009   0.170   0.161   0.020  -0.142  -0.162  -0.225  -0.080   0.030  -0.386   0.215  -0.444  -0.256  -0.030   0.082  -0.094  -0.101  -0.310  -0.252   0.223   0.023  -0.166   0.040  -0.016   0.073
