  year  #   1       2       3       4       5       6       7       8       9      10      11      12      13      14      15      16
  1950   1.980  -2.910  -3.143   0.890  -1.245   1.895  -1.306   0.739  -0.977  -0.529   0.524   0.237  -0.075   0.212  -0.431  -0.028
  1951   0.411  -0.629  -3.315   1.622   0.162  -0.309  -0.677  -0.493   0.740  -0.742   0.526  -0.081  -0.609   0.132   0.403   0.289
  1952  -0.170  -0.981  -2.607   0.605  -1.357  -1.529  -1.322   0.174   0.643  -0.481  -0.845  -0.327   0.686  -0.068  -0.131  -0.291
  1953   0.308  -0.644  -2.834   0.261  -1.500  -0.904  -0.101  -0.648   0.308   0.082   0.470  -0.305  -0.154  -0.539   0.273   0.254
  1954   2.664   0.047  -1.989   1.392  -0.906  -0.176   2.518  -0.766  -0.769   0.304   0.601  -0.406   0.362  -0.200  -0.150  -0.284
  1955   4.757   0.494  -0.425   1.862  -0.987  -1.020   1.561  -1.109  -0.187   0.855  -1.450   0.697   0.219   0.141   0.130   0.031
  1956   3.088   1.436   0.252  -0.103  -0.093  -1.599  -0.329   0.130   0.902  -0.537  -0.499   0.475  -0.861  -0.215  -0.056  -0.348
  1957   2.109   1.354   0.662   0.446  -0.497  -1.306  -0.010   1.142   1.065  -0.666   0.357   0.400   0.201  -0.154  -0.302   0.035
  1958   5.289   2.557   0.818   1.331   0.966   0.992   1.105   0.218   0.492  -0.593   0.125  -0.333   0.078   0.194   0.000   0.126
  1959   3.505   2.446   0.692   0.325   0.896  -1.220   0.168   1.026  -0.555   0.254   0.683   0.313  -0.058  -0.477   0.622   0.061
  1960   4.635   2.233   0.670   0.712   0.583   0.404  -0.572   0.621  -0.071  -0.259  -0.650  -0.113  -0.200   0.830  -0.152  -0.406
  1961   3.843   1.782   0.206  -0.692   0.725   0.949   0.403   0.421  -0.765  -0.591  -0.187  -1.293  -0.313  -0.479  -0.338   0.154
  1962   3.519   0.772  -0.319   0.555   0.458   1.301  -1.127   0.963  -0.008   0.294   0.686   0.696   0.178  -0.145  -0.424   0.054
  1963   2.874   0.841   0.601  -1.274  -0.233   0.460  -1.690  -0.686  -0.374  -0.203   0.447   0.255   0.871   0.064   0.814  -0.226
  1964   0.916   0.964   0.560  -0.750  -0.439  -1.122  -1.583  -0.076  -0.658   0.231   0.008   0.418  -0.011  -0.171  -0.095   0.163
  1965   0.792   0.252   1.130  -0.864  -0.310  -1.137  -1.004  -0.108   0.018   0.542   0.843   0.171   0.003   0.780  -0.014   0.302
  1966   0.947   0.582   0.922  -0.934  -0.732  -1.655   0.085  -0.240  -0.672   0.232   0.743  -0.666   0.275   0.245  -0.076   0.266
  1967   1.356   0.717   0.982  -0.742  -0.962   0.214  -0.580  -0.380  -0.270   0.385  -0.089  -0.529  -0.349  -0.715   0.212   0.129
  1968   3.185  -1.039   0.361  -1.544  -1.184   0.942  -0.517  -0.094   0.284   0.279  -0.822  -0.198   0.371   0.464  -0.107   0.604
  1969   1.251  -1.448   1.099  -1.179  -0.111   0.065   0.374  -0.076  -0.073  -0.210  -0.559  -0.417   0.154  -0.016  -0.471   0.336
  1970   3.284  -2.066   1.060  -1.835  -1.253   1.405   0.631  -0.596   0.001   0.088   0.286  -0.176  -0.255   0.135   0.037  -0.611
  1971   0.621  -2.309   0.232  -0.376  -0.505   0.186   0.543   0.491   0.100   1.764  -0.384   0.347  -0.515   0.164   0.296   0.052
  1972   1.412  -1.864  -0.460  -0.515   0.425  -0.096   0.316   0.136   0.417   0.052   0.575   0.400  -0.480   0.332  -0.118  -0.194
  1973   1.674  -1.754  -0.264  -1.325   0.440   0.611   0.345  -0.381   0.517   0.515  -0.121  -0.240  -0.039  -0.274   0.355  -0.103
  1974   0.865  -2.369  -0.272  -0.289   1.654  -0.382   1.295   0.340   0.851   0.348   0.378   0.141   0.380  -0.218  -0.063   0.259
  1975   1.010  -2.709  -0.040  -1.175   1.981   0.872   0.021  -0.191   0.963  -0.767  -0.133  -0.092   0.337  -0.334   0.260  -0.112
  1976  -0.638  -2.224   0.237   0.132   1.495  -0.792   0.106   0.272  -0.121  -0.086   0.087   0.110   0.079   0.064  -0.063  -0.120
  1977  -1.795  -0.853   0.653   0.612   1.138  -1.211  -1.752  -1.224  -0.695  -0.098   0.300  -0.544   0.141   0.234   0.047  -0.347
  1978  -0.228  -2.018  -0.411   0.714   2.685  -0.596  -0.375   0.060  -1.150   0.012  -0.805   0.063  -0.047   0.073   0.048   0.179
  1979  -1.355  -1.156   0.716   2.535   1.144   0.193  -1.176  -0.299   0.040   0.316  -0.266  -0.575  -0.181   0.046   0.010   0.154
  1980  -2.109  -0.711   1.855   2.110  -0.799   0.022  -0.419   1.102   0.411   0.979  -0.190  -0.431   0.180  -0.036   0.038  -0.022
  1981  -0.792  -1.010   1.685   1.328   0.536   0.016   0.226  -1.472   0.307   0.511   0.471   0.316  -0.264  -0.101  -0.399  -0.173
  1982  -1.129  -0.285   1.597  -1.499  -0.521   0.198  -0.692  -0.709   0.402  -0.620  -0.416   0.563  -0.626  -0.474  -0.266   0.110
  1983  -1.625  -0.733   1.570  -0.231   0.146  -0.416   0.040   0.405  -0.323  -0.375  -0.058   0.197   0.360  -0.242  -0.193  -0.128
  1984  -2.817  -0.364   1.283   1.105  -0.937   0.007  -0.463  -0.051  -0.959  -0.287  -0.134   0.111  -0.771  -0.311  -0.037   0.113
  1985  -2.395  -0.235   1.004   0.023  -0.677  -0.403   1.127  -0.373  -0.654  -0.526   0.348   0.245   0.130   0.024  -0.365  -0.065
  1986  -2.074   0.090   1.905   0.578   0.056   0.836   0.943  -0.670  -0.797  -0.975  -0.244   0.431   0.182  -0.006   0.370  -0.022
  1987  -2.986  -0.412   2.244   1.627  -0.914   0.674   0.511  -0.128   0.827  -0.632   0.389   0.497   0.702  -0.085  -0.026   0.287
  1988  -3.210  -0.193   1.551   1.143  -1.733   1.046  -0.114   0.633   0.264  -0.580  -0.126  -0.555  -0.054   0.100   0.409  -0.205
  1989  -2.883   1.033   0.045   0.087  -0.006   0.422   0.328   0.038   0.741   0.275   0.231  -0.123  -0.196   0.208   0.169  -0.055
  1990  -2.646   1.093  -0.724  -0.793   0.194  -0.600   0.932  -0.674   1.040  -0.692   0.205  -0.479  -0.321   0.513  -0.102   0.135
  1991  -2.996   1.764  -0.469  -1.287   0.349  -0.353   0.317  -0.743   0.093   0.831   0.479  -0.083   0.089   0.124  -0.325  -0.144
  1992  -2.491   2.323  -1.565  -0.479   0.502   1.429   0.050  -1.059  -0.395  -0.263  -0.195   0.651  -0.217   0.337   0.307   0.248
  1993  -1.980   2.827  -1.961   0.388   0.865   1.713  -0.586  -0.754   0.150   0.758  -0.209   0.254   0.422  -0.547  -0.289  -0.052
  1994  -2.671   1.956  -1.207  -0.722  -0.176   0.457   0.110  -0.419   0.002  -0.348  -0.515   0.255   0.148   0.216  -0.057   0.046
  1995  -3.405   2.026   0.013   0.207   0.401   1.406  -0.447   0.595   0.533   1.359   0.226  -0.389  -0.131   0.043  -0.096  -0.108
  1996  -3.254   1.286  -1.243  -1.154   0.121  -1.091  -0.265   0.177   0.051   0.232  -0.500  -0.149   0.254  -0.148  -0.339  -0.244
  1997  -2.694  -0.312  -1.026  -1.207  -0.057  -0.032   0.325   1.562  -0.375   0.051  -0.173   0.657   0.103  -0.174  -0.003  -0.093
  1998  -2.824   0.324  -0.535  -0.607  -0.294   0.094   0.403   1.434   0.196   0.004  -0.350  -0.267   0.028   0.066   0.451  -0.058
  1999  -2.780   0.242  -0.664  -0.572   0.678  -0.775   0.791   0.630  -0.428  -0.270  -0.338  -0.334   0.044   0.177   0.143   0.002
  2000  -2.345  -0.214  -1.128  -0.442  -0.174  -0.082   1.534   1.114  -1.083  -0.221   0.275   0.206  -0.250   0.210   0.095   0.051
