cato_drop.rwl -- no data title --                         1st itrdb line missing     
cato_drop.rwl -- no data title --                         2nd itrdb line missing     
cato_drop.rwl -- no data title --                         3rd itrdb line missing     
cato_d18689990  09990  09990  09990  09990  09990  09990  09990  0   0  1   0  1  err
cato_d1870   0  1   0  1   0  1   0  1   0  1   0  1   0  1   0  1   0  1   0  1  err
cato_d1880   0  1   0  1   0  1   0  1   0  1   0  1   0  1   0  1   0  1 768  2  err
cato_d1890  43  2 783  2 112  2 268  2  93  2 368  2 677  2 405  2 349  2 501  2  err
cato_d1900 118  2 249  2  88  2 264  2 203  2 172  2  61  3 114  3  46  3 259  3  err
cato_d1910 146  3  75  3  60  3 347  3 289  3 212  3 189  3  16  3   0  3 554  4  err
cato_d1920 451  7 559  7 403  8 343  8 385  8 143  8  90  9 130  9 365  9 398 10  err
cato_d1930 303 11 424 11 348 11 312 11 351 11 282 12 321 12 248 12 300 12 284 12  err
cato_d1940 310 13 281 13 264 13 234 14 257 14 256 14 226 15 307 15 228 16 216 16  err
cato_d1950 200 17 165 17 205 17 151 17 176 17 170 17 149 17 160 17 182 17 155 17  err
cato_d1960 175 17 173 17 147 17 189 17 142 17 169 17 177 17 166 17 222 17 202 17  err
cato_d1970 238 17 195 17 167 17 183 17 175 17 194 17 166 17 168 17 159 17 161 17  err
cato_d1980 134 17 163 17 143 17 145 17 138 17 171 17 208 17 185 17 192 17 162 17  err
cato_d1990 146 17 130 17 158 17 155 17 154 17 164 17 117 17 129 16 144 16 124 16  err
cato_d2000 129 16 153 15 156 15 124 15  87 15  58 14 133 14  49 14 117 13 153 11  err
cato_d2010 165  9 106  8  89  8  63  7  44  6 101  5  82  4   0  19990  09990  0  err
cato_drop.rwl -- no data title --                         1st itrdb line missing     
cato_drop.rwl -- no data title --                         2nd itrdb line missing     
cato_drop.rwl -- no data title --                         3rd itrdb line missing     
cato_d18689990  09990  09990  09990  09990  09990  09990  09990  0   0  1   0  1  err
cato_d1870   0  1   0  1   0  1   0  1   0  1   0  1   0  1   0  1   0  1   0  1  err
cato_d1880   0  1   0  1   0  1   0  1   0  1   0  1   0  1   0  1   0  1 223  2  err
cato_d1890 207  2 664  2  18  2 234  2 231  2  48  2 166  2  17  2  75  2  17  2  err
cato_d1900 244  2 516  2 370  2 228  2 241  2 227  2 199  3  94  3 110  3   5  3  err
cato_d1910  67  3 145  3 338  3 257  3  28  3  23  3  56  3  79  3  50  3 284  4  err
cato_d1920 234  7 206  7 132  8 142  8 120  8 141  8 144  9 126  9 165  9 146 10  err
cato_d1930 124 11  93 11  67 11  22 11  67 11  85 12  85 12  80 12  90 12 121 12  err
cato_d1940  70 13  45 13  58 13  42 14  68 14  55 14  72 15  84 15  74 16  82 16  err
cato_d1950  94 17  90 17  77 17  80 17  46 17  75 17  76 17  77 17  62 17  83 17  err
cato_d1960  59 17  58 17  50 17  68 17  60 17  58 17  56 17  46 17  54 17  59 17  err
cato_d1970  72 17  60 17  49 17  52 17  78 17  75 17  64 17  72 17  75 17  64 17  err
cato_d1980  43 17  68 17  66 17  48 17  83 17  60 17  74 17  33 17  67 17  37 17  err
cato_d1990  67 17  42 17  74 17  53 17  49 17  57 17  28 17  39 16  53 16  36 16  err
cato_d2000  46 16  71 15  68 15  79 15  42 15  34 14  55 14  48 14  56 13  50 11  err
cato_d2010  81  9  77  8  52  8  70  7  47  6  41  5  74  4   0  19990  09990  0  err
cato_drop.rwl -- no data title --                         1st itrdb line missing     
cato_drop.rwl -- no data title --                         2nd itrdb line missing     
cato_drop.rwl -- no data title --                         3rd itrdb line missing     
cato_d18689990  09990  09990  09990  09990  09990  09990  09990  0   0  1   0  1  err
cato_d1870   0  1   0  1   0  1   0  1   0  1   0  1   0  1   0  1   0  1   0  1  err
cato_d1880   0  1   0  1   0  1   0  1   0  1   0  1   0  1   0  1   0  1  77  2  err
cato_d1890 318  2 537  2 408  2 259  2 109  2 183  2 139  2 103  2  54  2  72  2  err
cato_d1900 243  2 361  2  52  2  12  2  89  2  73  2  30  3  17  3  84  3 127  3  err
cato_d1910  20  3 147  3  35  3 164  3 167  3  55  3  51  3 209  3   3  3  66  4  err
cato_d1920 157  7  75  7  68  8  69  8 119  8  87  8  66  9 118  9  76  9  65 10  err
cato_d1930  35 11  43 11  67 11  47 11  54 11  70 12  47 12  71 12  69 12  85 12  err
cato_d1940  88 13  54 13  27 13  33 14  62 14  47 14  69 15  81 15  54 16  71 16  err
cato_d1950  76 17  75 17  58 17  70 17  69 17  72 17  66 17  18 17  39 17  46 17  err
cato_d1960  36 17  41 17  43 17  51 17  37 17  27 17  41 17  40 17  54 17  39 17  err
cato_d1970  58 17  69 17  40 17  43 17  58 17  48 17  37 17  76 17  78 17  38 17  err
cato_d1980  58 17  65 17  60 17  41 17  79 17  50 17  53 17  50 17  59 17  32 17  err
cato_d1990  54 17  29 17  41 17  30 17  32 17  45 17  17 17  41 16  44 16  38 16  err
cato_d2000  42 16  61 15  55 15  63 15  53 15  35 14  46 14  55 14  58 13  36 11  err
cato_d2010  51  9  64  8  24  8  56  7  33  6 102  5  49  4   0  19990  09990  0  err
cato_drop.rwl -- no data title --                         1st itrdb line missing     
cato_drop.rwl -- no data title --                         2nd itrdb line missing     
cato_drop.rwl -- no data title --                         3rd itrdb line missing     
cato_d18689990  09990  09990  09990  09990  09990  09990  09990  0   0  1   0  1  err
cato_d1870   0  1   0  1   0  1   0  1   0  1   0  1   0  1   0  1   0  1   0  1  err
cato_d1880   0  1   0  1   0  1   0  1   0  1   0  1   0  1   0  1   0  1  67  2  err
cato_d1890 276  2 466  2 354  2 224  2  94  2 159  2 120  2  90  2  47  2  63  2  err
cato_d1900 211  2 313  2  45  2  10  2  77  2  63  2  26  3  15  3  73  3 110  3  err
cato_d1910  18  3 128  3  30  3 142  3 145  3  48  3  44  3 182  3   3  3  57  4  err
cato_d1920 136  7  65  7  59  8  60  8 103  8  75  8  57  9 102  9  66  9  56 10  err
cato_d1930  31 11  37 11  58 11  41 11  46 11  61 12  41 12  62 12  60 12  74 12  err
cato_d1940  76 13  47 13  24 13  28 14  54 14  41 14  60 15  71 15  47 16  61 16  err
cato_d1950  66 17  65 17  51 17  61 17  60 17  63 17  57 17  15 17  34 17  40 17  err
cato_d1960  31 17  36 17  38 17  44 17  32 17  24 17  35 17  34 17  47 17  33 17  err
cato_d1970  50 17  60 17  35 17  37 17  51 17  42 17  32 17  66 17  68 17  33 17  err
cato_d1980  50 17  56 17  52 17  35 17  69 17  44 17  46 17  43 17  51 17  27 17  err
cato_d1990  47 17  25 17  36 17  26 17  28 17  39 17  15 17  35 16  38 16  33 16  err
cato_d2000  37 16  53 15  48 15  54 15  46 15  30 14  40 14  48 14  50 13  32 11  err
cato_d2010  45  9  55  8  21  8  49  7  29  6  89  5  43  4   0  19990  09990  0  err
