 eigenvalue  6.971   2.284   1.793   1.210   0.945   0.838   0.816   0.494   0.367   0.332   0.237   0.215   0.152   0.126   0.098   0.079   0.044
 eval sderr  1.380   0.452   0.355   0.240   0.187   0.166   0.162   0.098   0.073   0.066   0.047   0.043   0.030   0.025   0.019   0.016   0.009
 % variance  0.410   0.134   0.105   0.071   0.056   0.049   0.048   0.029   0.022   0.020   0.014   0.013   0.009   0.007   0.006   0.005   0.003
 cumulative  0.410   0.544   0.650   0.721   0.777   0.826   0.874   0.903   0.925   0.944   0.958   0.971   0.980   0.987   0.993   0.997   1.000
 brokn stck  3.440   2.440   1.940   1.606   1.356   1.156   0.990   0.847   0.722   0.611   0.511   0.420   0.336   0.259   0.188   0.121   0.059
 series_id   #  1       2       3       4       5       6       7       8       9      10      11      12      13      14      15      16      17
  90552      0.247  -0.100  -0.386  -0.092   0.217   0.042  -0.066   0.095   0.479   0.590  -0.042   0.179  -0.155  -0.235   0.128   0.008   0.047
  12989A     0.347   0.025  -0.026  -0.060  -0.218   0.129  -0.007   0.093  -0.094  -0.018   0.162  -0.236  -0.127   0.285   0.687  -0.376   0.018
  90639A     0.022   0.475  -0.067  -0.416   0.145   0.275  -0.249   0.022   0.305  -0.435   0.242   0.273   0.048  -0.025  -0.045  -0.100  -0.081
  62100A    -0.232   0.364  -0.158  -0.086   0.082   0.372   0.243  -0.124  -0.114   0.226  -0.068  -0.309   0.456  -0.090   0.238   0.285   0.209
  152057A    0.314   0.097   0.292   0.029   0.123  -0.099   0.085  -0.028   0.153  -0.114  -0.394  -0.237   0.255  -0.441   0.097  -0.164  -0.478
  182279A    0.247   0.284   0.169  -0.162   0.212   0.211   0.274   0.164  -0.468   0.156  -0.266   0.289  -0.416   0.079  -0.062   0.141  -0.104
  130992A    0.159  -0.159   0.554  -0.178   0.231   0.125  -0.074  -0.139   0.191   0.329   0.128  -0.012   0.298   0.495  -0.147   0.007  -0.018
  62369A     0.114  -0.315   0.023  -0.226  -0.524   0.587  -0.188  -0.217  -0.039   0.026  -0.164  -0.070  -0.100  -0.204  -0.213   0.043  -0.039
  131183A    0.226   0.292  -0.417   0.175  -0.037   0.019  -0.023  -0.032   0.101   0.016  -0.238  -0.378  -0.034   0.435  -0.468  -0.161  -0.100
  171194A    0.341   0.110   0.050   0.008  -0.177  -0.157  -0.055   0.111   0.079  -0.034   0.395  -0.270  -0.128  -0.038  -0.004   0.713  -0.188
  131179A    0.316  -0.189  -0.054  -0.022  -0.008  -0.044   0.258  -0.105   0.267  -0.421  -0.407   0.197   0.098   0.195   0.143   0.295   0.417
  142538A    0.204  -0.089  -0.083   0.214   0.496   0.084  -0.582  -0.355  -0.317  -0.116  -0.033  -0.109  -0.059  -0.088   0.102   0.102   0.147
  152464A    0.265  -0.109  -0.131   0.034   0.145   0.055   0.550  -0.477  -0.073  -0.075   0.476   0.019  -0.022  -0.178  -0.185  -0.202   0.003
  080479A    0.123  -0.430  -0.239  -0.162   0.269   0.181   0.062   0.617  -0.219  -0.177   0.112  -0.124   0.308  -0.017  -0.146  -0.014  -0.060
  10057A     0.284   0.123  -0.152   0.332  -0.299  -0.007  -0.133  -0.005  -0.224   0.131   0.067   0.550   0.510   0.046   0.017   0.019  -0.166
  111227A    0.298   0.247   0.255  -0.022  -0.140  -0.145  -0.101   0.236  -0.073   0.095   0.074  -0.115   0.074  -0.308  -0.259  -0.213   0.657
  152185A   -0.055   0.039   0.223   0.695   0.091   0.512   0.093   0.241   0.281  -0.100   0.104   0.022  -0.147  -0.038   0.003   0.000   0.045
