  year  #   1       2       3       4       5       6       7       8       9      10      11      12      13      14      15      16
  1950  -2.574   1.888   1.158   1.945  -0.729  -0.544   2.852   0.204  -0.085   0.450  -0.541   0.567  -0.505  -0.556  -0.169   0.298
  1951  -3.104  -0.351   2.654  -0.357   0.784   1.288   1.453   1.486  -0.576  -0.181   1.247  -0.240  -0.208   0.119   0.230  -0.195
  1952  -5.051  -0.186   1.002  -0.460  -1.474  -0.123  -0.343   0.110   0.607  -1.220  -0.480   1.296  -0.088  -0.058  -0.572  -0.456
  1953  -3.728  -0.237   2.219   1.179  -0.410   2.064  -0.129   0.983   0.660   0.357   0.744   0.109   0.677  -0.051   0.676   0.718
  1954   0.654   0.671   0.198  -0.122   2.128   2.422   0.390  -0.101   0.830   0.421  -0.540   0.537   0.248  -0.012  -0.784  -0.218
  1955   2.627   0.611  -1.179  -1.300   1.253   1.074   0.640  -0.831   1.950  -1.216   0.055   0.907   0.368   0.250   0.132  -0.070
  1956   1.772  -1.223  -0.507  -1.990  -1.447   0.788   0.008   0.185  -0.353  -1.233   1.024   0.619   0.276  -0.826  -0.408  -0.090
  1957   1.427  -2.005  -1.316  -1.471  -0.615   0.422  -0.574   1.305  -0.754  -0.302  -0.119   0.983  -0.836  -0.019  -0.202   0.298
  1958   4.766  -0.104  -0.023  -1.188   1.073   0.283   0.912   0.924  -0.727  -0.297  -0.409  -0.182   0.002   0.045   0.437   0.074
  1959   2.807  -1.876  -0.600  -2.770  -0.263   0.555   0.115   1.092   0.653   1.691   0.322   0.351   0.059   0.092   0.062  -0.058
  1960   3.669  -0.322   0.238  -0.936  -0.567  -1.287   0.773   0.227  -0.118  -0.325  -0.479  -0.131  -0.275  -0.244   0.251  -0.814
  1961   2.561   0.189   0.592  -0.120  -0.417  -0.251   0.261  -0.456  -0.993   0.509  -0.039  -0.169   0.534  -1.196   0.112   0.327
  1962   2.624   0.307   1.028   0.249  -0.204  -1.537   1.264   0.776  -0.149   0.510   0.061   0.228  -0.765   0.131  -0.131   0.450
  1963   2.279  -0.698   0.920   0.532  -2.333  -0.314   1.250   0.107   0.154  -0.012  -0.168  -0.128   1.039   1.247  -0.191  -0.031
  1964   0.017  -2.406   0.424   0.044  -1.821  -0.464   0.186  -0.786   0.590   0.387   0.670  -0.081   0.010   0.662  -0.060  -0.046
  1965  -0.259  -1.376  -1.050  -0.079  -2.014   0.468   0.516   0.265   0.277   0.231  -0.032  -1.463  -0.660   0.575   0.149  -0.136
  1966  -0.250  -1.357  -1.029  -0.222  -1.933   1.462  -0.456  -0.545   0.879   0.976  -0.928  -0.360   0.144  -0.257   0.633   0.129
  1967   0.886  -1.390   0.218   1.172  -0.435  -0.090  -0.210  -0.005   0.671  -0.212   0.488  -0.223   0.949  -0.309   0.368   0.256
  1968   1.950   2.133  -0.201   1.412  -1.546  -0.835  -0.423  -0.566   0.591  -0.708  -0.320   0.040  -0.336   0.306   0.745   0.073
  1969  -0.470   1.461  -1.672   0.371  -0.670  -0.208  -0.692  -1.378  -0.781  -0.168  -0.294  -0.432   0.054  -0.386   0.292   0.461
  1970   1.754   2.966  -1.661   1.486  -1.521   0.762   0.740   0.097   0.474  -0.437  -0.672  -0.041   0.120  -0.890  -0.361  -0.153
  1971  -1.445   2.014  -1.569   0.912   0.462  -0.002  -0.483   0.444   1.294  -0.093   0.943  -1.281  -0.300   0.115  -0.500  -0.626
  1972   0.232   2.293   0.210   0.123  -0.367   0.607   0.537   0.392  -0.071   0.167   0.581   0.165  -1.152   0.234   0.302  -0.529
  1973   0.535   2.961   0.501   0.100  -0.643   0.332  -0.412   0.135   0.351  -0.152   0.380  -0.095   0.521  -0.005  -0.113  -0.013
  1974  -1.052   3.204  -0.448  -1.657   0.479   0.591  -0.838   0.385  -0.295   0.341  -0.021  -0.093  -0.117   0.204   0.147   0.631
  1975  -0.829   3.601   0.492  -0.919  -0.616  -0.311  -0.076   0.177  -1.639  -0.210   0.045  -0.030   0.860   0.506  -0.411   0.108
  1976  -2.718   1.754  -0.923  -1.663   0.061  -0.255   0.081  -0.144  -0.591   0.575  -0.007  -0.112  -0.171   0.185  -0.132  -0.273
  1977  -4.012  -1.669   0.872  -1.908  -1.373  -0.564   1.581  -0.235  -0.065   0.116  -1.500  -0.351   0.372  -0.152  -0.128  -0.011
  1978  -1.971   2.058   0.198  -2.385   0.585  -1.618  -0.344  -1.667  -0.129   0.842   0.519   0.199   0.116   0.214   0.361  -0.433
  1979  -2.537   0.176   0.220  -1.667   1.588  -2.080   0.411   0.064   0.417  -0.578  -0.185  -0.198   0.127  -0.232   0.764   0.117
  1980  -2.026  -1.071  -2.062  -0.352   0.806  -1.920  -1.002   0.749   1.466  -0.099  -0.219  -0.218  -0.236  -0.066   0.243  -0.007
  1981  -0.422   0.359  -1.214  -0.892   1.585   0.563   1.294  -0.342   0.733  -1.286   0.143  -0.927  -0.272  -0.127  -0.341   0.621
  1982   0.776  -1.015  -0.659   0.921  -1.215   0.126  -0.193  -0.871  -0.893  -1.279   1.729  -0.298  -0.323  -0.099  -0.027   0.258
  1983  -0.377  -0.551  -1.803  -0.135  -0.572  -0.726  -0.085  -0.597  -0.501   0.630   0.152   0.265  -0.255  -0.037  -0.242   0.218
  1984  -2.148  -2.835  -1.264   1.144   1.178  -0.602   1.097  -0.947  -0.083   0.557   1.325   0.574   0.073  -0.765   0.436  -0.195
  1985  -0.845  -1.057  -1.514   1.219   0.989   1.360  -0.030  -1.198  -0.574   0.825  -0.454   0.287  -0.709   0.147  -0.222   0.026
  1986   0.419  -1.260  -1.780   0.791   1.729   0.264   1.057  -1.121  -1.028   0.217   0.270  -0.157   0.869   0.535  -0.440  -0.447
  1987  -1.231  -1.351  -2.250   0.994   1.644   0.114   0.245   0.339  -0.815  -0.994  -0.692   0.438  -0.083   1.209   0.302   0.891
  1988  -1.723  -1.449  -1.739   2.329   0.198  -0.592  -0.319   1.219  -0.696  -0.381  -0.959   0.448   0.545  -0.127   0.150  -0.812
  1989  -0.350  -0.676   0.552   0.192   0.993   0.255  -1.006   1.087  -0.208  -0.288  -0.044  -0.532  -0.060  -0.086  -0.327  -0.425
  1990  -0.437  -0.270   1.107  -0.294   0.239   2.260  -1.627   0.062  -1.297  -0.638  -0.667  -0.421  -0.389  -0.276   0.879  -0.454
  1991  -0.216  -1.251   1.345  -0.077  -0.247   1.536  -1.046  -0.694   0.265   0.322  -0.660  -0.773  -0.234  -0.015  -0.708   0.323
  1992   1.555  -0.565   3.277   1.018   0.978  -0.021   0.247  -0.872  -0.264   0.144  -0.011  -0.199  -0.126   0.378   0.067  -0.587
  1993   1.912  -0.259   3.731   0.277   1.828  -1.281  -0.250  -0.611   0.704  -0.392  -0.448   0.063  -0.131  -0.046   0.003   0.487
  1994   1.496  -0.624   2.111   0.940   0.452  -0.243  -0.972  -1.031  -0.054  -0.581  -0.337   0.291  -0.458   0.209   0.098  -0.363
  1995   0.411  -1.763   0.846   0.380   1.176  -1.844  -0.609   0.774  -0.199   0.029  -0.194  -1.162   0.006  -0.609  -0.931   0.314
  1996  -0.754  -0.880   1.719  -0.403  -0.632  -0.209  -2.208  -0.915   0.194   0.131   0.060   0.621  -0.188  -0.084  -0.331   0.168
  1997   0.561   0.858  -0.078   1.215  -0.621  -1.066  -1.162   0.369   0.032   0.777   0.570   0.794  -0.396   0.321  -0.547   0.395
  1998   0.706   0.508  -0.464   1.279  -0.001  -1.234  -1.699   1.742   0.105   0.232   0.122   0.231   0.670   0.102   0.156  -0.101
  1999   0.433   0.684  -0.331  -0.538   1.107   0.027  -0.912  -0.067  -0.391   0.580   0.056  -0.066   0.759  -0.003  -0.005  -0.052
  2000   1.698   1.381  -0.498   1.681   1.371   0.598   0.186   0.284   0.431   1.264  -0.086   0.352  -0.123  -0.253   0.290  -0.044
