  year  #   1
  1950  -1.144
  1951  -1.434
  1952  -2.439
  1953  -1.785
  1954   0.351
  1955   1.229
  1956   0.849
  1957   0.674
  1958   2.419
  1959   1.410
  1960   1.882
  1961   1.264
  1962   1.293
  1963   1.189
  1964   0.086
  1965  -0.087
  1966  -0.178
  1967   0.547
  1968   1.074
  1969  -0.455
  1970   0.682
  1971  -0.829
  1972  -0.085
  1973   0.161
  1974  -0.694
  1975  -0.554
  1976  -1.478
  1977  -1.940
  1978  -1.011
  1979  -1.089
  1980  -0.965
  1981  -0.272
  1982   0.493
  1983  -0.188
  1984  -0.956
  1985  -0.425
  1986   0.209
  1987  -0.631
  1988  -0.894
  1989  -0.164
  1990  -0.236
  1991  -0.061
  1992   0.796
  1993   0.964
  1994   0.728
  1995   0.282
  1996  -0.234
  1997   0.316
  1998   0.337
  1999   0.225
  2000   0.769
