  year  #   1
  1950  -0.259
  1951   0.079
  1952  -0.654
  1953  -0.991
  1954  -1.243
  1955  -0.855
  1956  -1.286
  1957  -1.017
  1958  -0.901
  1959  -1.391
  1960  -0.949
  1961  -0.624
  1962  -1.034
  1963  -1.326
  1964  -1.323
  1965  -1.646
  1966  -1.332
  1967  -0.221
  1968  -1.051
  1969   0.139
  1970  -0.408
  1971  -0.042
  1972   0.339
  1973  -0.029
  1974   0.666
  1975   0.854
  1976   1.504
  1977   0.633
  1978   1.613
  1979   0.879
  1980   2.610
  1981   2.026
  1982   2.173
  1983   1.305
  1984   0.296
  1985   0.243
  1986   0.103
  1987   0.388
  1988   0.721
  1989   0.047
  1990   0.353
  1991  -0.041
  1992  -0.700
  1993  -0.447
  1994  -0.346
  1995   0.142
  1996   1.028
  1997   0.494
  1998  -0.124
  1999   0.643
  2000   0.965
