  year  #   1       2       3       4
  1950   1.786   0.087   1.150   0.062
  1951   1.482  -1.074   0.850   0.990
  1952  -0.395  -1.210   0.659  -0.432
  1953  -0.644  -0.892   1.968  -0.318
  1954  -0.925  -0.094  -0.147  -0.602
  1955   0.085   0.150  -0.443  -0.302
  1956   0.162   1.507  -1.254   0.277
  1957   0.416   0.945  -0.274   0.665
  1958   0.721   1.204  -0.736  -0.173
  1959  -0.550   0.995  -0.215  -0.559
  1960   0.151   0.794  -0.194  -1.213
  1961   1.133   1.023   0.287   0.242
  1962   0.202   1.263  -0.098  -0.787
  1963  -0.622   1.221  -0.424   0.293
  1964  -2.246   0.001  -2.756   0.559
  1965  -1.184   1.605  -0.151   1.626
  1966  -2.987  -1.035   0.045   0.759
  1967   0.158   0.183  -0.883  -0.601
  1968   0.048   1.986   0.832  -0.037
  1969   2.011   1.522   0.281   0.197
  1970   0.559   1.356   1.036  -0.359
  1971  -0.390  -0.472   1.108   0.216
  1972   0.011  -0.645   0.741  -0.679
  1973  -0.484  -0.382   2.151  -0.217
  1974   0.272  -0.882   0.895   0.810
  1975   0.153  -1.220   0.425   0.868
  1976   1.053  -1.423  -0.816   0.815
  1977  -1.210  -1.503  -1.235  -0.235
  1978   1.317  -1.384   0.393   0.719
  1979  -0.077  -0.744  -0.655  -0.277
  1980   2.678  -1.795  -1.382   0.078
  1981   2.199  -0.967  -0.488  -0.543
  1982   3.003  -0.388  -0.938   0.925
  1983   0.751  -0.670  -1.098   0.131
  1984   0.454   1.378  -0.288  -0.221
  1985   0.268   1.391  -0.985   0.131
  1986  -0.475   0.918  -1.238   0.010
  1987  -0.204   0.029   0.616   0.818
  1988   0.485  -0.008   0.379   0.148
  1989   0.078   1.020   1.276  -0.448
  1990  -0.002   0.200   0.513   0.538
  1991  -1.725  -0.589  -0.636   0.776
  1992  -1.833   0.439   1.963  -0.559
  1993  -2.096  -0.192  -0.071   0.802
  1994  -1.341   0.129   1.132   0.783
  1995  -1.159  -0.809   0.837  -0.240
  1996   1.174  -0.273   0.410  -1.345
  1997  -0.478  -0.478  -0.980  -1.919
  1998  -1.304   0.161  -1.379  -0.414
  1999  -1.253  -1.809  -0.632  -1.329
  2000   0.775  -0.570   0.450  -0.433
