  year  #   1       2       3       4
  1950  -0.342   0.580   2.005  -0.197
  1951   0.105  -0.256   1.539   0.285
  1952  -0.864  -0.974   1.315  -0.774
  1953  -1.308  -1.146   2.037  -0.343
  1954  -1.641  -0.353   0.412  -0.832
  1955  -1.129   0.393   0.199  -0.654
  1956  -1.698   1.254  -0.685  -0.128
  1957  -1.342   0.885  -0.077   0.286
  1958  -1.190   1.491  -0.258  -0.402
  1959  -1.836   0.698  -0.075  -0.537
  1960  -1.252   1.135   0.161  -1.075
  1961  -0.824   1.447   0.270   0.171
  1962  -1.365   1.358   0.006  -0.577
  1963  -1.750   0.746  -0.633   0.265
  1964  -1.747  -0.393  -2.521  -0.086
  1965  -2.172   0.339  -0.913   1.527
  1966  -1.758  -1.922  -0.678   0.588
  1967  -0.292   0.894  -0.599  -0.562
  1968  -1.387   1.342   0.301   0.574
  1969   0.184   2.221   0.242   0.507
  1970  -0.539   1.283   0.668   0.315
  1971  -0.055  -0.356   0.595   0.550
  1972   0.448  -0.005   0.630  -0.232
  1973  -0.038  -0.521   1.417   0.510
  1974   0.879  -0.359   0.492   0.951
  1975   1.127  -0.553   0.167   0.868
  1976   1.984   0.053  -0.512   0.509
  1977   0.835  -0.980  -0.946  -0.280
  1978   2.129  -0.057   0.402   0.683
  1979   1.161  -0.125  -0.401  -0.127
  1980   3.444   0.863  -0.431  -0.326
  1981   2.674   0.947   0.175  -0.477
  1982   2.868   1.446  -0.382   0.600
  1983   1.722   0.192  -0.682  -0.008
  1984   0.391   0.975  -0.270   0.212
  1985   0.321   0.885  -0.874   0.318
  1986   0.136   0.238  -1.117   0.093
  1987   0.512  -0.656   0.113   0.892
  1988   0.952  -0.179   0.208   0.244
  1989   0.062   0.033   0.800   0.119
  1990   0.466  -0.546   0.092   0.553
  1991  -0.054  -1.787  -1.004   0.422
  1992  -0.924  -1.572   0.985   0.065
  1993  -0.590  -1.963  -0.748   0.583
  1994  -0.457  -1.624   0.175   0.808
  1995   0.188  -1.778   0.279  -0.223
  1996   1.357   0.085   0.548  -1.198
  1997   0.651  -0.551  -0.593  -1.873
  1998  -0.164  -0.875  -1.437  -0.632
  1999   0.849  -1.834  -0.574  -1.502
  2000   1.274  -0.417   0.180  -0.455
