fagr_drop_canopy.rwl -- no data title --                  1st itrdb line missing     
fagr_drop_canopy.rwl -- no data title --                  2nd itrdb line missing     
fagr_drop_canopy.rwl -- no data title --                  3rd itrdb line missing     
fagr_d19029990  09990  03797  13835  13508  12655  11129  11605  11527  11926  1  trn
fagr_d19103104  12025  11728  13011  13642  13224  13791  13521  12511  13354  1  trn
fagr_d19203142  13246  13860  13149  13733  13333  12293  13057  13460  13319  1  trn
fagr_d19302089  11379  11541  21969  22199  21787  21959  21766  22297  22040  2  trn
fagr_d19401700  31992  32172  32183  31420  32418  31892  31909  31606  32273  3  trn
fagr_d19502084  41723  41626  41510  42049  41774  61994  61921  62268  62456  6  trn
fagr_d19602484  62661  62561  62189  61599  61825  61452  62156  62393  72662  7  trn
fagr_d19702557  72015  72057  72098  72001  72176  72366  71845  72365  72342  7  trn
fagr_d19802285  72691  73056  72630  72844  72597  72397  71675  71847  72332  7  trn
fagr_d19901719  71612  71685  71963  71753  71292  72119  71945  71864  71426  7  trn
fagr_d20002247  72408  71897  72208  71967  72499  72453  72756  72135  72649  6  trn
fagr_d20109990  09990  09990  09990  09990  09990  09990  09990  09990  09990  0  trn
fagr_drop_canopy.rwl -- no data title --                  1st itrdb line missing     
fagr_drop_canopy.rwl -- no data title --                  2nd itrdb line missing     
fagr_drop_canopy.rwl -- no data title --                  3rd itrdb line missing     
fagr_d19029990  09990  01189  11204  11130  1 937  1 632  1 715  1 694  1 771  1  std
fagr_d19101050  1 784  1 712  11032  11225  11101  11291  11209  1 893  11166  1  std
fagr_d19201100  11143  11384  11125  11364  11218  1 843  11136  11330  11290  1  std
fagr_d1930 778  1 529  1 763  2 930  21001  2 808  2 882  2 746  21080  2 907  2  std
fagr_d1940 788  31113  3 884  3 905  3 760  31296  3 697  31112  3 643  31074  3  std
fagr_d19501616  41118  4 771  4 696  4 892  4 929  61038  61050  61157  61127  6  std
fagr_d19601210  61315  61198  61003  6 442  6 840  6 504  6 909  61108  71380  7  std
fagr_d19701165  7 816  7 964  7 798  7 861  7 869  71044  7 529  71057  7 957  7  std
fagr_d19801389  71158  71648  71135  71367  71041  7 977  71048  71076  7 983  7  std
fagr_d19901112  7 538  7 905  7 802  7 789  7 677  71073  7 744  7 724  7 466  7  std
fagr_d20001073  71163  7 796  71047  7 856  71186  71293  71313  7 926  71177  6  std
fagr_d20109990  09990  09990  09990  09990  09990  09990  09990  09990  09990  0  std
fagr_drop_canopy.rwl -- no data title --                  1st itrdb line missing     
fagr_drop_canopy.rwl -- no data title --                  2nd itrdb line missing     
fagr_drop_canopy.rwl -- no data title --                  3rd itrdb line missing     
fagr_d19029990  09990  01174  11112  11017  1 860  1 653  1 868  1 776  1 878  1  res
fagr_d19101192  1 717  1 794  11224  11203  1 969  11285  11066  1 781  11262  1  res
fagr_d1920 988  11077  11361  1 913  11346  11040  1 728  11257  11244  11098  1  res
fagr_d1930 688  1 671  1 956  21022  2 984  2 771  2 985  2 840  21166  2 857  2  res
fagr_d1940 878  31270  3 820  3 974  3 816  31346  3 645  3 789  3 888  31234  3  res
fagr_d19501407  4 807  4 806  4 816  4 937  41025  61061  6 938  61148  61016  6  res
fagr_d19601144  61352  61025  6 892  6 738  6 955  6 555  61130  61276  71051  7  res
fagr_d1970 953  7 761  71101  7 798  7 852  7 875  71083  7 588  71189  71070  7  res
fagr_d19801216  71137  71361  7 923  71359  71076  7 862  71076  71133  7 936  7  res
fagr_d19901084  7 607  71058  7 911  7 838  7 794  71090  7 763  7 731  7 669  7  res
fagr_d20001230  71123  7 650  71111  7 876  71123  71156  71163  7 889  71194  6  res
fagr_d20109990  09990  09990  09990  09990  09990  09990  09990  09990  09990  0  res
fagr_drop_canopy.rwl -- no data title --                  1st itrdb line missing     
fagr_drop_canopy.rwl -- no data title --                  2nd itrdb line missing     
fagr_drop_canopy.rwl -- no data title --                  3rd itrdb line missing     
fagr_d19029990  09990  01210  11194  11113  1 900  1 613  1 700  1 622  1 766  1  ars
fagr_d19101095  1 777  1 785  11092  11237  11109  11357  11165  1 890  11196  1  ars
fagr_d19201003  11141  11379  11068  11426  11127  1 845  11155  11246  11244  1  ars
fagr_d1930 792  1 611  1 741  2 897  2 973  2 793  2 932  2 784  21122  2 869  2  ars
fagr_d1940 901  31192  3 890  3 996  3 761  31290  3 699  3 793  3 708  31153  3  ars
fagr_d19501446  41042  4 883  4 707  4 810  4 927  61055  6 980  61170  61061  6  ars
fagr_d19601206  61409  61194  61002  6 707  6 824  6 448  6 964  61188  71215  7  ars
fagr_d19701072  7 797  71010  7 751  7 811  7 763  71015  7 588  71100  71019  7  ars
fagr_d19801326  71235  71510  71081  71451  71150  7 989  71022  71113  7 982  7  ars
fagr_d19901099  7 622  7 955  7 804  7 837  7 712  7 999  7 739  7 702  7 525  7  ars
fagr_d20001060  71105  7 791  71053  7 835  71120  71156  71275  7 991  71221  6  ars
fagr_d20109990  09990  09990  09990  09990  09990  09990  09990  09990  09990  0  ars
