  year  #   1       2       3       4       5       6       7       8       9      10      11      12      13      14      15      16      17      18      19      20      21      22      23      24
  1950  -0.881   1.658   0.028  -4.553  -0.665   0.252   0.181   0.675  -0.406  -0.201  -0.160   0.123   0.189   0.449  -1.390   0.573   0.175  -0.380  -0.197   0.381   0.311  -0.039   0.195   0.149
  1951  -0.855   2.023  -1.028  -4.689  -0.991  -0.973  -0.061  -0.033   1.174  -0.782   0.396   0.027   0.095  -0.026  -0.159   0.384   0.801   0.077   0.085  -0.266  -0.024  -0.044  -0.058  -0.022
  1952  -1.463   0.059  -0.446  -4.417  -0.105  -0.481  -0.228  -0.215   0.027   0.766   1.063   0.175  -0.227   0.597   0.720  -0.672   0.080   0.405   0.295  -0.192   0.165  -0.130  -0.318  -0.252
  1953   0.483   1.243   0.161  -4.607  -1.051  -0.150  -0.760   0.278   0.024   0.370  -0.342   0.103  -0.210  -1.174   0.504   0.158  -0.503  -0.178  -0.466  -0.178  -0.574   0.383   0.130  -0.108
  1954   0.387   0.644   2.461  -1.813  -1.140   1.038  -0.814  -1.151  -1.242   0.304   0.694  -0.409   0.311   0.324  -0.251  -0.206  -0.291   0.113   0.322  -0.071   0.004  -0.399   0.315   0.112
  1955   2.072   2.219   2.985   1.152  -1.798   0.571  -1.352   0.198   0.357   0.426   0.668   0.021   1.120   0.610   0.054  -0.216   0.148  -0.598   0.144  -0.565  -0.054   0.176  -0.090   0.188
  1956   2.592   2.893   2.715   1.367  -0.615  -1.282  -2.160  -0.548   0.794   0.655  -0.366  -0.245  -0.068  -0.298   0.466  -0.067  -0.098   0.526  -0.104  -0.216   0.229  -0.258  -0.209   0.222
  1957   2.399   3.507   2.471   0.518  -0.110  -0.273  -0.842  -0.331  -0.187   0.410   0.512  -0.360   0.265  -0.806  -0.261   0.959  -0.034   0.095  -0.284   0.874   0.314  -0.001  -0.171   0.061
  1958   3.662   4.770   2.628   0.196   1.156   0.541  -0.169  -0.754  -0.313  -0.160  -0.517   0.588  -0.188  -0.052   0.025  -0.235   0.109   0.281   0.594   0.090  -0.176   0.107   0.029  -0.256
  1959   1.833  -0.454   1.523   0.555  -0.759   0.504  -0.435  -0.266  -0.554   0.326   0.555   0.522  -1.715   0.005  -0.460  -0.705  -0.339   0.325  -0.659  -0.170   0.029   0.051  -0.017  -0.131
  1960   1.323   0.309   0.803   0.964  -0.536   0.108   0.106   0.070  -0.607  -0.075   0.015   1.189  -0.653   0.942  -0.578   0.122  -0.466  -0.236   0.014   0.134  -0.050   0.168  -0.106   0.157
  1961   1.970  -0.294   1.344   0.681  -0.845  -0.879   0.721   0.212  -0.588   0.156   0.357   0.483  -0.849  -0.317   0.210   0.325  -0.230   0.046   0.711  -0.280   0.158   0.168   0.590  -0.032
  1962   1.468  -1.817   1.709   0.299  -1.915  -0.634   1.555   0.582  -1.012   0.334  -0.292   1.213   0.307   0.400   0.100   0.252   0.527   0.219  -0.493   0.241   0.023  -0.098  -0.261  -0.066
  1963   1.032  -1.754   1.491   2.387  -2.355  -1.518   0.535  -0.047   0.540  -0.109   0.274  -0.683   0.690   0.609  -0.386   0.316   0.141   0.211  -0.448  -0.144  -0.053  -0.108  -0.124  -0.232
  1964   2.035  -0.364   1.920   1.278  -0.690  -0.129   0.906   1.818   0.068   0.324   0.250  -0.784  -0.301   0.060   0.619   0.971  -0.213  -0.063  -0.029  -0.370  -0.038  -0.126   0.029  -0.344
  1965   1.500  -1.593   1.750   0.577  -0.251  -0.007   0.379   0.612   0.143   0.174  -0.003  -0.542  -0.364   0.145   0.615  -0.331   1.321  -0.790   0.260   0.387   0.013  -0.178   0.276  -0.042
  1966   1.286  -2.090   1.088   0.595   0.141  -0.978   0.399  -0.140   0.775  -0.676  -0.353   0.082  -0.795  -0.192  -0.209  -0.287   0.376  -0.636   0.333   0.316  -0.541  -0.213  -0.151   0.085
  1967   2.555  -0.996   1.622  -0.640   0.457  -0.354   1.272  -1.025   1.060  -0.170   0.096   0.516   0.831  -0.533  -0.245  -0.365  -0.028  -0.098   0.427  -0.185  -0.290   0.362  -0.082   0.129
  1968   2.270  -0.822   0.281   0.230   1.430   1.279   1.561  -1.095   0.434   0.354   0.270   0.452   0.392  -0.215  -0.723  -0.433   0.605   0.178   0.123   0.199   0.279   0.158   0.173   0.063
  1969   2.932  -0.489  -1.930  -0.156   0.995   0.407   1.054  -0.655   1.208   0.374  -0.089  -0.318   0.198  -0.187  -0.088   0.181  -0.383   0.085  -0.418   0.206   0.235   0.052   0.048  -0.134
  1970   3.756   0.262  -2.266   0.512   1.141   0.382   0.492  -0.754   0.857  -0.494  -0.165  -0.259  -0.086   0.306   0.006  -0.227  -0.177  -0.541  -0.419  -0.570   0.199   0.009   0.149  -0.070
  1971   2.294  -1.089  -3.281   0.074   1.171  -0.737  -0.295  -0.969   0.339   0.837  -0.305  -1.099   0.194   0.219  -0.239   0.081  -0.031   0.024  -0.661  -0.262  -0.332  -0.330   0.181   0.356
  1972   2.140  -0.452  -4.004   0.195   1.334  -0.858  -0.506  -0.597  -1.662  -0.554   0.484   0.439   0.588   0.171   0.004   0.520   0.161  -0.466  -0.201  -0.498   0.169   0.464  -0.099  -0.229
  1973   2.651  -0.686  -3.510   0.541   1.117  -1.222  -1.508   0.526  -1.253   0.102   0.403  -0.607  -0.501   0.454   0.268  -0.253   0.117  -0.455   0.288   0.263  -0.006   0.386  -0.279   0.066
  1974   1.777  -0.874  -3.247   0.170   0.322  -0.583  -0.651   0.106  -0.148  -0.648   0.730   0.429   0.533  -0.046   0.505  -0.081   0.448   0.731   0.081   0.404  -0.153  -0.088  -0.062   0.164
  1975   2.603  -0.040  -2.548   0.046   0.526   0.452  -0.948   0.651   0.206  -1.087   0.103   1.315  -0.100   0.081   0.834  -0.095  -0.477  -0.154  -0.168   0.475   0.212  -0.464   0.199   0.102
  1976   2.208  -0.617  -1.546   0.281  -0.723   0.841   0.376   0.614  -0.842  -0.231  -0.178   0.068   1.191  -0.835  -0.116  -0.705  -0.438  -0.022   0.014   0.169  -0.260  -0.425  -0.039  -0.405
  1977   0.355  -4.313  -1.925  -0.233  -1.895  -0.036   0.404  -0.391   0.185  -0.257  -0.267   0.294  -0.321  -0.209  -0.114   0.310   0.029   0.573   0.485  -0.201  -0.012  -0.093  -0.328   0.159
  1978   3.209   0.398  -1.483  -0.754   0.088   1.593   0.983   1.957   0.322   0.453  -0.863  -1.092  -0.054   0.117  -0.169   0.065  -0.080   0.456   0.234  -0.190   0.104   0.137   0.076   0.081
  1979   1.663  -2.289  -1.617  -0.639  -0.256  -0.083   0.149   0.394  -0.061  -0.081  -0.724  -0.581  -0.970  -0.081  -0.379   0.176  -0.433   0.545   0.561   0.086   0.017  -0.064  -0.024   0.210
  1980  -1.402  -4.770   1.086  -1.218  -1.398   2.515  -1.006   1.129   0.650   0.581  -0.527  -0.237   0.457   0.256   0.745  -0.597  -0.302  -0.558  -0.164   0.309   0.416   0.267   0.004   0.087
  1981  -1.926  -4.113   1.967   0.216  -0.261   2.875  -0.966  -1.198  -0.631  -1.741   0.729  -1.055  -0.255  -0.269   0.049   0.008   0.422   0.524  -0.393  -0.107  -0.089   0.115   0.035  -0.014
  1982  -1.554  -1.718   2.823   0.144   1.719   1.221  -0.487   0.564  -0.244  -1.439  -1.339   0.805   0.309  -0.403  -0.207   0.307   0.022   0.139  -0.103  -0.535   0.279  -0.039  -0.290   0.065
  1983  -2.003  -0.666   2.156   0.517   4.479   0.622  -0.459   0.868  -0.035   0.504   0.459   0.379  -0.356  -0.270   0.357   0.691   0.373   0.038  -0.198  -0.138  -0.133   0.153   0.075   0.269
  1984  -2.229  -4.259   1.428  -0.208   2.789  -1.742  -1.468  -0.408   0.594   1.160  -0.325  -0.161   0.151  -0.131  -0.509  -0.059  -0.022   0.242   0.028   0.488   0.044   0.149   0.075  -0.584
  1985  -2.271  -2.250   1.907  -0.963   2.593  -1.441   0.258   0.823  -0.314   0.934  -0.466   0.598   0.598   0.445  -0.156  -0.043  -0.354  -0.076   0.167  -0.382  -0.107  -0.424  -0.049   0.097
  1986  -2.145   1.080   1.808   0.616   1.571  -0.613   0.339   0.993   0.440  -0.971   1.506  -0.309   0.064   0.144  -0.127  -0.507  -0.336   0.130  -0.275   0.032  -0.359  -0.070   0.186   0.151
  1987  -2.319   0.247   0.869  -0.146   0.629  -0.249   0.378  -0.656  -0.021  -1.543   0.561  -1.116  -0.147   0.298  -0.308   0.477  -0.838  -0.703   0.445   0.209   0.046  -0.296  -0.167  -0.203
  1988  -1.561   1.626   0.856   0.539  -1.008  -1.483  -0.173  -0.059  -0.826  -1.116  -1.818  -0.688   0.777   0.172   0.549  -0.100  -0.074   0.341   0.018   0.379  -0.260   0.475   0.244   0.078
  1989  -2.729   2.230  -0.009   0.385   0.515  -1.205  -0.275   0.084  -0.712  -0.278  -1.176  -0.651  -0.197   0.374  -0.482  -0.869   0.180  -0.014   0.143  -0.299   0.212  -0.010  -0.027  -0.040
  1990  -1.882   4.115  -0.434   0.464  -0.104  -0.867   0.499   0.661   0.598  -0.470  -0.552  -0.018  -0.767   0.043  -0.320  -0.790   0.187   0.017  -0.759   0.136   0.178   0.043  -0.105  -0.021
  1991  -3.214  -0.179  -1.047  -0.300  -0.898  -1.172   0.156  -0.854  -0.260   0.105  -0.619   0.237  -0.480   0.123   0.733   0.519   0.465  -0.161  -0.286  -0.105  -0.092  -0.310   0.164   0.026
  1992  -3.169   0.297  -0.194   0.618   0.195  -1.029   0.965  -1.664   0.626  -0.122  -0.029   0.273   0.491   0.598   0.966   0.082  -0.568   0.272   0.211   0.137   0.453   0.109   0.213   0.121
  1993  -2.359   1.990   0.130  -0.042   0.484   1.993   2.243  -1.620  -1.342   0.962  -0.496   0.067  -0.203  -0.180   0.730  -0.003  -0.046  -0.321  -0.359   0.062  -0.199  -0.147  -0.158   0.001
  1994  -2.080   1.897  -0.541   0.444   0.036   0.929   0.765  -0.706   0.493   0.535   0.143  -0.949  -0.620  -0.284   0.357   0.181   0.059  -0.242   0.385   0.049   0.144   0.191  -0.439   0.039
  1995  -2.253   3.913  -1.730   0.902   1.008   1.022   0.818   1.569   0.519  -0.253   0.581   0.209   0.425  -0.289   0.212  -0.090  -0.159   0.088   0.183   0.112  -0.113  -0.062  -0.244   0.029
  1996  -3.577  -0.232  -0.832   0.973  -0.900   0.142   0.992   0.686  -0.024   0.595   0.933  -0.011   0.127   0.925  -0.216   0.012  -0.217   0.571  -0.132   0.211  -0.323   0.453   0.086   0.066
  1997  -3.705  -1.980  -0.909   1.444  -1.919  -2.154   0.368   0.254  -0.690   0.536   0.735   0.053   0.168  -1.891  -0.449  -0.401  -0.205  -0.512   0.012  -0.127   0.311   0.057   0.010   0.305
  1998  -3.169   2.628  -2.988   2.008  -0.149   0.922  -0.452   0.709  -0.355   0.214   0.242  -0.074   0.152  -0.535  -0.203  -0.034   0.640   0.407   0.264  -0.357   0.256  -0.200   0.295  -0.239
  1999  -3.270   0.114  -1.663   1.728  -1.914   0.647  -1.169  -0.365   1.900  -0.279  -0.204   1.319  -0.441   0.037  -0.176   0.329  -0.088  -0.265   0.066  -0.082  -0.138   0.137   0.146  -0.238
  2000  -2.442   1.077  -2.833   1.763  -0.646   2.274  -1.670  -0.533  -0.004   1.246  -0.586   0.265   0.243   0.320  -0.708   0.368   0.039  -0.192   0.324   0.145  -0.422  -0.154  -0.026   0.024
