 eigenvalue  5.474   4.693   2.857   1.915   1.661   1.241   0.922   0.881   0.734   0.570   0.540   0.426   0.354   0.341   0.279   0.227   0.196   0.170   0.140   0.098   0.086   0.083   0.057   0.054
 eval sderr  1.084   0.929   0.566   0.379   0.329   0.246   0.183   0.174   0.145   0.113   0.107   0.084   0.070   0.068   0.055   0.045   0.039   0.034   0.028   0.019   0.017   0.016   0.011   0.011
 % variance  0.228   0.196   0.119   0.080   0.069   0.052   0.038   0.037   0.031   0.024   0.022   0.018   0.015   0.014   0.012   0.009   0.008   0.007   0.006   0.004   0.004   0.003   0.002   0.002
 cumulative  0.228   0.424   0.543   0.622   0.692   0.743   0.782   0.819   0.849   0.873   0.895   0.913   0.928   0.942   0.954   0.963   0.971   0.978   0.984   0.988   0.992   0.995   0.998   1.000
 brokn stck  3.776   2.776   2.276   1.943   1.693   1.493   1.326   1.183   1.058   0.947   0.847   0.756   0.673   0.596   0.524   0.458   0.395   0.336   0.281   0.228   0.178   0.131   0.085   0.042
 series_id   #  1       2       3       4       5       6       7       8       9      10      11      12      13      14      15      16      17      18      19      20      21      22      23      24
  60348      0.239   0.227  -0.222  -0.099   0.104  -0.128   0.108   0.032  -0.121   0.037   0.319  -0.219   0.509  -0.201  -0.220  -0.213   0.026   0.020  -0.091   0.028   0.414  -0.217  -0.057   0.037
  90653      0.192   0.279   0.037   0.239  -0.236   0.250  -0.142  -0.026   0.023  -0.017  -0.298   0.002   0.217   0.152  -0.284   0.104   0.054   0.199  -0.090   0.190  -0.059  -0.075   0.575  -0.098
  40538      0.259  -0.119   0.068   0.029   0.365  -0.044  -0.230  -0.098  -0.416   0.179  -0.224   0.315  -0.143   0.154   0.120  -0.130   0.191  -0.223  -0.107  -0.140   0.204  -0.312   0.147   0.087
  60333      0.232  -0.279   0.161  -0.142  -0.044   0.272  -0.236  -0.099   0.052   0.007   0.117  -0.087  -0.015  -0.061  -0.134  -0.225  -0.011  -0.072   0.212   0.207   0.121   0.385   0.112   0.562
  40529      0.280   0.097   0.008  -0.341  -0.028   0.107  -0.318  -0.113   0.185   0.027   0.439  -0.047  -0.151  -0.165   0.076   0.065   0.154  -0.254  -0.071  -0.149  -0.227   0.000   0.227  -0.402
  50323      0.201  -0.321   0.048   0.045   0.144   0.121  -0.149  -0.222   0.062  -0.194   0.053  -0.309  -0.055  -0.016   0.250   0.139  -0.235   0.496  -0.376   0.036   0.002  -0.263  -0.077   0.039
  60187      0.127   0.205  -0.028   0.260   0.389   0.116  -0.126   0.098   0.376  -0.299   0.028   0.499   0.041  -0.127   0.005  -0.121  -0.258   0.033  -0.089  -0.054   0.149   0.236  -0.086  -0.081
  60161      0.300  -0.022  -0.170   0.178  -0.051  -0.315   0.119  -0.021  -0.221  -0.296   0.143  -0.025   0.214   0.349   0.372  -0.173   0.086  -0.054  -0.060   0.098  -0.300   0.343   0.091  -0.001
  70334     -0.006   0.028   0.363   0.131   0.403  -0.227   0.297   0.025   0.343  -0.006   0.006  -0.265  -0.078  -0.019  -0.166  -0.161   0.358   0.063  -0.069  -0.211  -0.189  -0.028   0.231   0.168
  192070     0.151  -0.257   0.332   0.145  -0.069   0.096  -0.145  -0.010   0.021   0.232  -0.103   0.113   0.480  -0.113   0.010  -0.198   0.145   0.151   0.244  -0.103  -0.266  -0.045  -0.347  -0.279
  192068     0.201  -0.100  -0.172  -0.149   0.098  -0.194  -0.147   0.586   0.249   0.464   0.026   0.007   0.054   0.291   0.053   0.189  -0.169   0.173   0.029  -0.049  -0.036   0.030   0.075   0.108
  192130     0.167   0.199   0.433  -0.007  -0.049  -0.039   0.066   0.158   0.070   0.111   0.001  -0.056  -0.186   0.101   0.153   0.023   0.189  -0.065  -0.197   0.603   0.268   0.062  -0.263  -0.190
  162415     0.255  -0.068   0.242  -0.020  -0.398  -0.272   0.029  -0.006  -0.066  -0.133  -0.013   0.144  -0.071  -0.033  -0.163   0.279   0.117   0.166  -0.147  -0.482   0.342   0.261  -0.063   0.015
  202230     0.130  -0.273  -0.311   0.183  -0.037  -0.021   0.007   0.154   0.234  -0.246  -0.132  -0.072  -0.074  -0.223   0.226   0.151   0.412  -0.004   0.424   0.111   0.282  -0.150   0.106  -0.102
  10731      0.182   0.065  -0.287   0.047   0.124   0.473   0.274   0.179  -0.261   0.221  -0.123  -0.130  -0.211  -0.199   0.009  -0.074   0.220   0.193  -0.184  -0.149  -0.071   0.352  -0.114  -0.099
  142602     0.224  -0.136  -0.093  -0.105  -0.366   0.122   0.382  -0.043   0.386   0.084  -0.233   0.137   0.046  -0.039   0.167  -0.265  -0.123  -0.313  -0.307  -0.077  -0.032  -0.227   0.005   0.132
  111240     0.159   0.303   0.165  -0.162   0.009  -0.252   0.042  -0.075  -0.096   0.114  -0.307  -0.135  -0.086  -0.399   0.361  -0.149  -0.362   0.155   0.303  -0.041   0.024   0.087   0.216  -0.039
  32381      0.193   0.010  -0.188   0.427   0.066  -0.206  -0.184  -0.297   0.124   0.251  -0.193  -0.344  -0.056  -0.059  -0.198   0.211  -0.161  -0.386  -0.048  -0.001  -0.025   0.160  -0.218  -0.031
  22064     -0.005   0.039   0.199   0.528  -0.114   0.198   0.217   0.032  -0.101   0.270   0.500   0.078  -0.021  -0.087   0.268   0.194  -0.148  -0.080   0.119  -0.093   0.067  -0.122   0.178   0.145
  111196A    0.223   0.309  -0.072   0.071  -0.137   0.123  -0.023  -0.112   0.108  -0.057   0.090  -0.115  -0.340   0.458  -0.084  -0.305  -0.033   0.174   0.376  -0.203   0.047  -0.224  -0.263   0.003
  80458      0.298  -0.131   0.092   0.092  -0.051  -0.096   0.061   0.427  -0.261  -0.294   0.038   0.014  -0.243  -0.253  -0.375  -0.023  -0.235  -0.123   0.042   0.134  -0.320  -0.250  -0.062   0.008
  142583     0.173   0.369  -0.104  -0.101  -0.001  -0.049  -0.030  -0.161   0.042   0.017  -0.013   0.258   0.055  -0.191   0.081   0.362   0.279   0.126   0.021   0.111  -0.333  -0.149  -0.260   0.481
  10726      0.218   0.001   0.186  -0.262   0.291   0.296   0.344  -0.039  -0.040  -0.196  -0.128  -0.111   0.239   0.251   0.002   0.447  -0.166  -0.245   0.251  -0.091   0.041   0.018  -0.044  -0.071
  22031      0.161  -0.253  -0.143  -0.082   0.103  -0.185   0.377  -0.404   0.037   0.240   0.150   0.339  -0.152   0.021  -0.277   0.037  -0.073   0.255   0.145   0.285  -0.010   0.052   0.118  -0.211
