 % variance  0.210   0.192   0.166
 cumulative  0.210   0.402   0.568
 series_id   #  1       2       3
  60348     -0.449   0.765   0.237
  90653     -0.200   0.051   0.545
  40538      0.711  -0.005   0.391
  60333      0.802   0.158  -0.081
  40529     -0.096   0.704   0.311
  50323      0.772   0.045  -0.321
  60187      0.035   0.012   0.670
  60161      0.081   0.747   0.117
  70334      0.191  -0.411   0.062
  192070     0.851  -0.254   0.084
  192068     0.200   0.650   0.042
  192130     0.228  -0.296   0.631
  162415     0.655  -0.049   0.300
  202230     0.481   0.461  -0.271
  10731      0.358   0.006   0.531
  142602     0.237   0.601  -0.150
  111240    -0.414   0.351   0.632
  32381     -0.022   0.513   0.085
  22064      0.318  -0.510   0.373
  111196A    0.055   0.019   0.843
  80458      0.695   0.199   0.439
  142583    -0.662   0.591   0.197
  10726      0.340   0.293   0.502
  22031      0.182   0.698  -0.446
