  year  #   1       2       3       4       5       6       7       8       9      10      11      12      13      14      15      16      17      18      19      20      21      22      23      24
  1950  -0.723   1.662  -0.301  -4.647  -0.065   0.383   0.015   0.752  -0.628  -0.119  -0.223  -0.043   0.368   1.029   0.602  -0.992   0.434  -0.221  -0.390  -0.136  -0.144   0.115   0.419  -0.070
  1951  -0.742   1.976   0.870  -5.215  -0.550  -0.845   0.016  -0.004   1.330  -0.708  -0.151  -0.109   0.205   0.201  -0.353  -0.010   0.746  -0.148   0.188   0.316   0.100   0.011  -0.072   0.197
  1952  -1.146   0.012  -0.043  -4.440   0.259  -0.441  -0.199  -0.296   0.013  -0.260   1.171   0.303  -0.647   0.278  -0.385   0.884  -0.046   0.314   0.304  -0.091   0.035   0.327  -0.281  -0.045
  1953   0.714   1.336  -0.409  -4.832  -0.494  -0.135  -0.580   0.029   0.063   0.632   0.095  -0.141  -0.122  -1.510   0.066  -0.083  -0.583  -0.003  -0.176   0.227   0.264  -0.470  -0.137  -0.110
  1954   0.752   0.936  -2.498  -1.813  -0.764   0.981  -0.323  -1.348  -1.387  -0.380   0.682  -0.357   0.403   0.333   0.055   0.267  -0.468   0.051   0.079   0.024   0.201   0.048   0.249  -0.009
  1955   2.586   2.764  -2.553   1.094  -1.965   0.747  -1.025  -0.284   0.177  -0.298   0.661   0.795   0.839   0.548  -0.163   0.472  -0.324  -0.546  -0.255   0.612  -0.392  -0.077   0.058   0.136
  1956   2.986   3.377  -2.148   1.549  -1.046  -1.535  -1.572  -1.230   0.903   0.948   0.363   0.156  -0.126  -0.431  -0.245   0.030  -0.054   0.432   0.328   0.140   0.060   0.471   0.174   0.273
  1957   2.713   3.966  -1.990   0.815  -0.336  -0.370  -0.486  -0.346  -0.289  -0.060   0.681  -0.760   0.503  -0.505  -0.027  -1.248   0.359   0.536  -0.628  -0.431  -0.270   0.028   0.003  -0.042
  1958   4.113   5.405  -1.760   0.488   1.274   0.415   0.184  -0.751  -0.405  -0.065  -0.451   0.426  -0.098   0.010   0.031   0.287   0.287  -0.302   0.644  -0.503   0.051  -0.179  -0.252  -0.066
  1959   1.833  -0.323  -1.392   0.612  -0.839   0.477  -0.510  -0.448  -0.263  -0.246   0.471  -0.402  -1.625  -0.042   1.175   0.088  -0.171   0.438   0.361   0.093   0.084  -0.097  -0.159  -0.090
  1960   1.339   0.257  -0.615   0.870  -0.705   0.084   0.073   0.189  -0.666  -0.389  -0.188   0.622  -1.044   0.931   0.402  -0.514  -0.418  -0.166  -0.020  -0.200  -0.112  -0.118   0.013   0.142
  1961   1.971  -0.152  -1.165   0.598  -1.011  -0.785   0.524   0.599  -0.454  -0.195   0.373  -0.036  -0.888  -0.304  -0.352  -0.187  -0.077  -0.619   0.707  -0.065  -0.065   0.006   0.372  -0.425
  1962   1.526  -1.555  -1.652   0.103  -1.673  -0.122   1.407   1.247  -1.124  -0.079  -0.047   1.022  -0.353   0.202  -0.077  -0.322   0.440   0.628  -0.403   0.102   0.185   0.009  -0.223   0.170
  1963   1.122  -1.450  -1.339   1.890  -2.403  -1.200   0.744   0.382   0.450  -0.191   0.144  -0.305   0.680   0.750  -0.202  -0.120   0.324   0.324  -0.086   0.292   0.182   0.144  -0.223   0.028
  1964   2.125  -0.080  -1.751   1.198  -0.877   0.081   0.077   2.304   0.195   0.466   0.209  -0.784  -0.223  -0.018  -0.979  -0.311  -0.174  -0.186   0.003   0.427   0.221   0.085  -0.244  -0.235
  1965   1.681  -1.471  -1.601   0.612  -0.316   0.117   0.077   0.696   0.262   0.263  -0.027  -0.215  -0.370   0.039  -0.561   1.100   0.789  -0.495  -0.673  -0.241   0.286   0.014   0.268  -0.169
  1966   1.278  -1.992  -0.895   0.618   0.032  -0.890   0.377   0.005   0.800  -0.093  -0.578  -0.136  -0.376  -0.094   0.053   0.333   0.312  -0.572  -0.356  -0.591   0.425  -0.165  -0.015   0.206
  1967   2.653  -0.711  -1.294  -0.471   0.794  -0.199   1.546  -0.583   0.751  -0.311   0.162   0.780   1.000  -0.446   0.200   0.343   0.041  -0.324   0.058  -0.056  -0.220  -0.352  -0.121   0.053
  1968   2.417  -0.870   0.039   0.461   1.643   1.234   1.613  -0.576   0.314  -0.249   0.507   0.465   0.395   0.189   0.650   0.140   0.850  -0.124   0.134  -0.153  -0.131   0.029   0.191  -0.156
  1969   2.754  -0.735   2.370   0.132   1.164   0.379   1.400  -0.378   1.054   0.427   0.245  -0.168   0.263  -0.072   0.168  -0.371  -0.295   0.396  -0.157  -0.075  -0.112   0.113   0.023  -0.133
  1970   3.582   0.065   3.066   0.846   1.147   0.337   1.036  -0.701   0.811  -0.191  -0.546  -0.242  -0.024   0.211   0.301   0.211  -0.533  -0.188  -0.074   0.669   0.082   0.032   0.142  -0.053
  1971   1.958  -1.406   3.343   0.340   0.983  -0.852   0.198  -0.990   0.173   0.991   0.488  -0.605   0.408   0.365   0.116  -0.019  -0.266   0.404  -0.396   0.377   0.513  -0.071   0.288   0.155
  1972   1.583  -0.757   4.041   0.298   1.021  -1.127  -0.520  -0.446  -1.688  -1.047  -0.063   0.161   0.155   0.056  -0.151  -0.288   0.060  -0.300  -0.039   0.785  -0.338  -0.098  -0.273  -0.247
  1973   1.973  -0.876   3.593   0.564   0.616  -1.445  -1.702   0.210  -1.094  -0.113   0.238  -0.418  -0.458   0.194  -0.237   0.573  -0.089  -0.317  -0.471  -0.308  -0.465  -0.085  -0.197   0.261
  1974   1.323  -1.214   3.293   0.000   0.035  -0.708  -0.833  -0.037  -0.101  -1.017   0.051   0.490   0.183  -0.167  -0.506   0.212   0.551   0.659   0.035  -0.318  -0.010  -0.071   0.019   0.038
  1975   2.183  -0.330   2.858  -0.026   0.304   0.249  -1.151   0.202   0.277  -0.960  -0.920   1.076  -0.740  -0.410  -0.265  -0.285  -0.390   0.196  -0.290  -0.381   0.165   0.262   0.322  -0.081
  1976   1.892  -0.807   1.651   0.147  -0.657   0.978   0.062   0.609  -0.833  -0.167  -0.280   0.341   1.053  -0.740   0.513   0.267  -0.330  -0.042  -0.078  -0.307   0.418   0.256  -0.353  -0.157
  1977   0.119  -4.314   1.090  -0.568  -1.683   0.065   0.480  -0.316   0.157  -0.044  -0.285  -0.045  -0.116  -0.063  -0.195  -0.333   0.287  -0.047   0.574  -0.009  -0.170   0.064  -0.074   0.341
  1978   2.983   0.253   1.855  -0.773   0.248   1.754   0.109   2.093   0.388   1.275  -0.245  -0.899   0.310   0.225   0.109   0.063  -0.150   0.146   0.592   0.095  -0.155  -0.092   0.013   0.053
  1979   1.325  -2.457   1.358  -0.761  -0.236  -0.102  -0.101   0.305   0.031   0.707  -0.457  -0.848  -0.419   0.085   0.072  -0.321  -0.098  -0.120   0.767  -0.358  -0.204   0.009   0.179   0.236
  1980  -0.790  -4.512  -1.682  -1.129  -0.973   2.528  -1.221   0.388   0.527   0.871  -0.215   0.594   0.172  -0.151  -0.037   0.527  -0.559   0.074  -0.619  -0.121  -0.579   0.198   0.126  -0.173
  1981  -1.311  -3.809  -2.323   0.439  -0.156   2.498  -1.000  -1.357  -0.166  -1.452  -0.687  -1.439   0.115  -0.221   0.062   0.305   0.478   0.483   0.079   0.237  -0.006  -0.095  -0.016   0.050
  1982  -1.115  -1.454  -2.806   0.500   1.781   0.958  -0.815   0.301  -0.187  -0.112  -1.818   0.770   0.323  -0.447   0.122  -0.521   0.243   0.045   0.414   0.420   0.048   0.312  -0.109   0.159
  1983  -1.686  -0.363  -2.199   1.161   4.562   0.326  -1.025   0.595   0.259   0.023   0.616   0.057  -0.661  -0.276  -0.499  -0.437   0.366  -0.077  -0.184   0.443  -0.072  -0.349   0.200   0.160
  1984  -1.404  -3.819  -1.892   0.110   2.282  -1.902  -0.981  -0.723   0.288   1.328   0.687  -0.035   0.431   0.188   0.365  -0.284   0.239   0.174   0.073  -0.395  -0.180  -0.039  -0.319  -0.423
  1985  -1.710  -2.022  -2.189  -0.564   2.485  -1.432  -0.028   0.806  -0.518   0.775   0.382   1.021   0.273   0.413   0.163  -0.054  -0.429  -0.132   0.125   0.154   0.263   0.164  -0.046   0.164
  1986  -2.146   1.124  -1.924   0.872   1.556  -0.791  -0.319   1.002   0.805  -1.717   0.276  -0.463   0.074   0.169   0.508   0.442  -0.600   0.351   0.003  -0.040   0.329  -0.190   0.131   0.024
  1987  -2.152   0.037  -1.127  -0.056   0.839  -0.354   0.320  -0.518   0.163  -1.213  -0.614  -1.380   0.382   0.518  -0.379  -0.523  -0.732  -0.662  -0.190  -0.359   0.178   0.391  -0.213  -0.166
  1988  -1.676   1.529  -0.854   0.453  -0.980  -1.388   0.204   0.041  -0.929   0.606  -2.068  -0.234   0.925  -0.176  -0.591   0.263  -0.268   0.461   0.114  -0.263  -0.152  -0.592   0.194  -0.027
  1989  -3.073   2.057   0.000   0.419   0.328  -1.279  -0.241  -0.185  -0.753   0.943  -1.184  -0.272   0.082   0.513   0.698   0.799   0.163  -0.305   0.163   0.172  -0.033   0.176   0.037   0.051
  1990  -2.485   4.057   0.759   0.391  -0.337  -0.859   0.452   0.579   0.813   0.392  -1.108  -0.216  -0.799   0.067   1.147   0.459   0.269   0.429  -0.611   0.188  -0.312   0.173  -0.153  -0.157
  1991  -3.074  -0.604   0.500  -0.406  -1.003  -1.021   0.675  -0.840  -0.366   0.449  -0.347   0.178  -0.611  -0.160  -0.655  -0.163   0.249  -0.039  -0.296   0.313   0.186  -0.103   0.096  -0.163
  1992  -3.094  -0.036  -0.169   0.573   0.204  -0.994   1.539  -1.116   0.343  -0.236  -0.086   0.633   0.076   0.069  -0.948   0.112  -0.605   0.436   0.319  -0.173  -0.303   0.230   0.181  -0.124
  1993  -2.645   1.847  -0.102   0.347   0.974   2.220   2.500  -0.816  -1.493   0.629   0.204   0.040  -0.786  -0.599  -0.304   0.059  -0.082   0.105  -0.301   0.094   0.085   0.088  -0.044   0.159
  1994  -2.363   1.548   0.540   0.486   0.153   0.979   0.929  -0.591   0.510   0.421   0.507  -0.890  -0.362  -0.218  -0.586   0.006   0.063  -0.398  -0.204  -0.130  -0.453   0.099  -0.260   0.235
  1995  -3.087   3.642   2.223   0.985   1.060   1.133  -0.117   1.786   0.645  -0.672   0.397   0.386   0.376  -0.339  -0.194  -0.025  -0.231   0.032   0.051  -0.292  -0.020   0.078  -0.083   0.249
  1996  -3.530  -0.601   0.315   0.729  -1.008   0.297   0.601   0.915   0.020  -0.372   1.104   0.071   0.104   0.866   0.077   0.199  -0.341   0.530   0.261  -0.171  -0.117  -0.479   0.032  -0.016
  1997  -3.555  -2.118   0.198   1.073  -2.022  -1.906   0.535   0.466  -0.463  -0.438   1.101  -0.214   0.457  -1.529   1.140  -0.162  -0.014  -0.607   0.006   0.037  -0.121   0.132   0.246   0.245
  1998  -4.027   2.327   3.142   1.765  -0.528   0.969  -0.950   0.558  -0.367   0.133   0.690  -0.001   0.482  -0.315  -0.104   0.265   0.782   0.059   0.527   0.155   0.143   0.171   0.187  -0.382
  1999  -3.196  -0.122   1.049   0.897  -2.270   0.490  -0.611  -1.015   1.974  -0.060  -0.386   0.899  -0.499   0.104   0.213  -0.732  -0.073  -0.399   0.025   0.113   0.054  -0.352  -0.185  -0.199
  2000  -2.753   0.780   2.519   1.265  -0.851   2.005  -1.383  -1.161  -0.318   1.177   0.470   0.372   0.311   0.683  -0.012  -0.399   0.064  -0.366  -0.033  -0.320   0.578  -0.159  -0.111   0.130
