qupr_drop_canopy.rwl -- no data title --                  1st itrdb line missing     
qupr_drop_canopy.rwl -- no data title --                  2nd itrdb line missing     
qupr_drop_canopy.rwl -- no data title --                  3rd itrdb line missing     
qupr_d17779990  09990  09990  09990  09990  09990  09990  01215  1 958  1 845  1  trn
qupr_d17801075  1 845  1 680  1 555  1 709  1 317  1 539  1 694  1 845  1 694  1  trn
qupr_d1790 737  1 539  1 588  1 723  1 982  1 871  1 317  1 180  1 650  1 680  1  trn
qupr_d1800 619  1 358  1 100  1 522  1 377  1 522  1 588  1 522  1 694  1 488  1  trn
qupr_d1810 694  1 737  1 709  1 832  11108  11119  11063  1 934  1 765  1 970  1  trn
qupr_d1820 982  1 921  1 723  1 555  1 765  1 819  1 650  1 555  1 909  1 779  1  trn
qupr_d18301241  2 488  2 610  2 824  2 781  2 586  2 721  2 661  2 667  2 703  2  trn
qupr_d1840 802  2 967  21020  2 753  2 878  2 934  21007  2 826  21049  3 994  3  trn
qupr_d1850 776  3 963  31552  31677  31643  32104  31615  31929  31814  31725  3  trn
qupr_d18601766  31885  31744  31993  31600  31790  31718  31566  31520  31668  3  trn
qupr_d18701626  4 833  41637  41326  41264  41571  41724  41412  51939  51715  5  trn
qupr_d18801974  52068  62251  72063  72281  72240  72139  72088  71876  72083  7  trn
qupr_d18902571  82604  82454  82602  92493  92763  93022  92661  92398 102083 11  trn
qupr_d19002587 122782 121877 122882 132837 142716 142690 142402 142261 142268 14  trn
qupr_d19102219 141605 142015 142256 142014 142627 142849 152758 152033 152683 15  trn
qupr_d19202465 152519 152648 162268 162730 162221 172561 172839 172400 172299 17  trn
qupr_d19302191 192237 192141 192163 202296 212081 212211 212537 212472 222237 23  trn
qupr_d19402544 232410 232545 232325 242239 242249 242120 241621 241760 242188 24  trn
qupr_d19502249 242227 242061 252190 262337 262610 272467 272698 272898 272354 27  trn
qupr_d19602354 272358 272240 272187 272426 272226 272152 272329 272413 272345 27  trn
qupr_d19702481 272246 272268 272290 272270 272375 272329 271855 272469 272139 27  trn
qupr_d19801878 271993 272186 272283 271803 272000 272319 272160 272296 272314 27  trn
qupr_d19902522 272037 272141 272328 272311 272459 272008 271799 272303 272052 27  trn
qupr_d20002238 272747 272395 272377 272041 272232 271992 272102 272214 272312 27  trn
qupr_d2010 929  1 867  1 779  1 475  1 674  1 490  19990  09990  09990  09990  0  trn
qupr_drop_canopy.rwl -- no data title --                  1st itrdb line missing     
qupr_drop_canopy.rwl -- no data title --                  2nd itrdb line missing     
qupr_drop_canopy.rwl -- no data title --                  3rd itrdb line missing     
qupr_d17779990  09990  09990  09990  09990  09990  09990  01328  11197  11138  1  std
qupr_d17801261  11137  11045  1 974  11057  1 832  1 953  11041  11130  11035  1  std
qupr_d17901058  1 931  1 957  11039  11209  11131  1 762  1 668  1 969  1 985  1  std
qupr_d1800 938  1 756  1 580  1 854  1 749  1 842  1 881  1 828  1 945  1 790  1  std
qupr_d1810 932  1 958  1 930  11015  11219  11221  11171  11065  1 931  11078  1  std
qupr_d18201080  11026  1 873  1 746  1 889  1 922  1 794  1 723  1 965  1 865  1  std
qupr_d18301232  2 778  2 848  2 966  2 937  2 822  2 890  2 837  2 831  2 841  2  std
qupr_d1840 882  2 964  2 986  2 820  2 877  2 887  2 919  2 813  2 885  3 873  3  std
qupr_d1850 792  3 871  31023  3 985  31246  31543  31176  31182  31108  31160  3  std
qupr_d18601123  31062  31146  31374  31160  31163  31197  31030  3 976  31161  3  std
qupr_d18701123  4 710  4 952  4 890  4 729  4 876  41037  4 939  51237  51023  5  std
qupr_d1880 997  51072  61116  71059  71133  7 924  71065  7 965  7 907  71015  7  std
qupr_d18901042  81302  81281  81049  9 870  91046  91236  91106  91042 10 898 11  std
qupr_d1900 999 121147 12 972 121165 131093 141040 141017 14 878 14 754 14 797 14  std
qupr_d1910 767 14 444 14 716 14 814 14 708 141047 141190 151151 15 762 151066 15  std
qupr_d1920 975 15 996 151125 16 819 161114 16 885 171069 171300 171078 17 998 17  std
qupr_d1930 919 191018 19 935 19 988 201012 21 955 211039 211318 211241 221016 23  std
qupr_d19401296 231235 231239 231035 24 958 241091 24 937 24 534 24 576 24 916 24  std
qupr_d1950 926 24 937 24 825 25 933 26 987 261223 271210 271268 271465 27 965 27  std
qupr_d19601030 27 974 27 861 27 892 271053 27 925 27 845 27 987 271074 271020 27  std
qupr_d19701150 27 940 27 972 27 965 27 956 271038 271006 27 592 271124 27 853 27  std
qupr_d1980 660 27 761 27 967 271075 27 663 27 809 271094 27 924 271056 271102 27  std
qupr_d19901297 27 871 27 967 271065 271075 271254 27 884 27 718 271106 27 886 27  std
qupr_d20001058 271360 271145 271148 27 887 271029 27 838 27 831 27 996 271073 27  std
qupr_d20101218  11189  11129  1 827  11092  1 926  19990  09990  09990  09990  0  std
qupr_drop_canopy.rwl -- no data title --                  1st itrdb line missing     
qupr_drop_canopy.rwl -- no data title --                  2nd itrdb line missing     
qupr_drop_canopy.rwl -- no data title --                  3rd itrdb line missing     
qupr_d17779990  09990  09990  09990  09990  09990  09990  01258  11014  11018  1  res
qupr_d17801218  1 989  1 948  1 932  11084  1 769  11051  11091  11127  1 961  1  res
qupr_d17901037  1 891  1 993  11074  11199  11021  1 664  1 776  11176  11026  1  res
qupr_d1800 950  1 783  1 697  11108  1 849  1 989  1 985  1 901  11049  1 826  1  res
qupr_d18101054  11010  1 958  11060  11221  11108  11044  1 963  1 884  11119  1  res
qupr_d18201048  1 982  1 846  1 796  11040  1 999  1 828  1 819  11144  1 892  1  res
qupr_d18301180  2 606  2 952  21075  2 963  2 838  2 994  2 894  2 916  2 935  2  res
qupr_d1840 978  21049  21020  2 798  2 974  2 960  2 989  2 837  2 928  3 954  3  res
qupr_d1850 933  3 892  31085  31070  31430  31478  3 893  31057  31030  31110  3  res
qupr_d1860 989  31087  31051  31311  3 950  31044  31062  3 907  3 948  31125  3  res
qupr_d18701116  4 735  41116  4 832  4 852  41051  41068  4 892  51287  5 941  5  res
qupr_d1880 958  51046  61085  71028  71083  7 907  71123  7 959  71002  71034  7  res
qupr_d18901092  81251  81030  8 912  9 874  91059  91177  9 948  9 966 10 887 11  res
qupr_d19001005 121123 12 869 121171 131031 14 962 14 973 14 907 14 843 14 964 14  res
qupr_d1910 922 14 617 141019 14 999 14 868 141243 141161 151026 15 755 151170 15  res
qupr_d1920 959 151028 151150 16 787 161141 16 851 171086 171216 17 940 17 931 17  res
qupr_d1930 904 191025 19 938 191013 201004 21 905 211019 211236 211064 22 892 23  res
qupr_d19401193 231095 231121 23 936 24 942 241095 24 873 24 642 24 824 241124 24  res
qupr_d19501043 241012 24 922 251018 261040 261204 271153 271107 271239 27 781 27  res
qupr_d19601008 27 992 27 876 27 969 271081 27 927 27 916 271042 271094 271034 27  res
qupr_d19701120 27 899 27 974 27 993 27 961 271038 27 992 27 695 271256 27 875 27  res
qupr_d1980 803 27 966 271094 271098 27 753 27 970 271162 27 925 271077 271050 27  res
qupr_d19901172 27 803 271003 271074 271037 271133 27 827 27 831 271158 27 881 27  res
qupr_d20001047 271241 27 960 271046 27 859 271053 27 871 27 925 271037 271063 27  res
qupr_d20101171  11073  11030  1 826  11121  1 925  19990  09990  09990  09990  0  res
qupr_drop_canopy.rwl -- no data title --                  1st itrdb line missing     
qupr_drop_canopy.rwl -- no data title --                  2nd itrdb line missing     
qupr_drop_canopy.rwl -- no data title --                  3rd itrdb line missing     
qupr_d17779990  09990  09990  09990  09990  09990  09990  01290  11134  11074  1  ars
qupr_d17801241  11090  1 987  1 929  11058  1 788  1 972  11081  11158  11028  1  ars
qupr_d17901051  1 913  1 961  11060  11219  11112  1 697  1 642  11043  11045  1  ars
qupr_d1800 970  1 765  1 580  1 953  1 828  1 924  1 957  1 884  11006  1 826  1  ars
qupr_d1810 989  11008  1 964  11048  11234  11201  11127  11017  1 891  11078  1  ars
qupr_d18201080  11017  1 852  1 729  1 938  1 977  1 816  1 738  11046  1 912  1  ars
qupr_d18301144  2 647  2 816  21006  2 968  2 822  2 926  2 865  2 862  2 882  2  ars
qupr_d1840 933  21025  21033  2 807  2 901  2 922  2 960  2 819  2 856  3 899  3  ars
qupr_d1850 894  3 849  31029  31082  31437  31611  31158  31122  31082  31142  3  ars
qupr_d18601049  31107  31096  31335  31093  31083  31097  3 948  3 929  31098  3  ars
qupr_d18701155  4 794  41038  4 846  4 787  4 971  41058  4 917  51247  51046  5  ars
qupr_d1880 979  51040  61102  71071  71112  7 955  71106  71005  71006  71039  7  ars
qupr_d18901108  81285  81148  8 975  9 864  91008  91178  91024  9 978 10 878 11  ars
qupr_d1900 959 121107 12 913 121136 131087 141000 14 976 14 898 14 799 14 886 14  ars
qupr_d1910 877 14 535 14 846 14 941 14 843 141179 141229 151121 15 800 151094 15  ars
qupr_d1920 999 151030 151161 16 852 161084 16 885 171043 171227 171036 17 948 17  ars
qupr_d1930 884 19 982 19 932 19 988 201001 21 907 21 985 211224 211156 22 959 23  ars
qupr_d19401174 231164 231186 231015 24 950 241076 24 905 24 578 24 649 24 994 24  ars
qupr_d19501043 241032 24 937 25 995 261040 261215 271236 271201 271309 27 912 27  ars
qupr_d1960 975 27 985 27 870 27 920 271051 27 949 27 897 271004 271096 271075 27  ars
qupr_d19701149 27 962 27 962 27 981 27 955 271022 271003 27 682 271135 27 931 27  ars
qupr_d1980 770 27 877 271048 271118 27 797 27 892 271120 27 976 271069 271080 27  ars
qupr_d19901200 27 886 27 960 271060 271063 271157 27 893 27 784 271076 27 913 27  ars
qupr_d20001015 271241 271061 271072 27 889 271011 27 875 27 877 27 991 271061 27  ars
qupr_d20101193  11151  11092  1 863  11068  1 955  19990  09990  09990  09990  0  ars
