  year  #   1
  1950   0.266
  1951   0.219
  1952  -0.830
  1953   0.248
  1954  -0.066
  1955   1.275
  1956   0.898
  1957   0.622
  1958   1.760
  1959  -1.678
  1960   0.157
  1961  -0.086
  1962  -0.816
  1963  -0.337
  1964   0.435
  1965  -0.572
  1966  -0.578
  1967   0.305
  1968   0.362
  1969   0.228
  1970   0.635
  1971  -0.647
  1972  -0.050
  1973  -0.045
  1974  -0.332
  1975   0.317
  1976  -0.080
  1977  -2.012
  1978   2.008
  1979  -1.249
  1980  -2.123
  1981  -0.546
  1982   0.635
  1983   0.638
  1984  -1.927
  1985   0.107
  1986   1.238
  1987  -0.485
  1988   0.831
  1989   0.461
  1990   1.337
  1991  -1.708
  1992   0.116
  1993   1.056
  1994   0.344
  1995   1.303
  1996  -1.436
  1997  -1.218
  1998   1.776
  1999  -1.129
  2000   0.371
