 eigenvalue  5.344   2.377   2.304   1.662   1.603   1.523   1.297   1.246   1.171   1.048   0.908   0.808   0.760   0.695   0.682   0.609   0.520   0.456   0.404   0.344   0.270   0.234   0.202   0.180   0.153   0.111   0.088
 eval sderr  1.058   0.471   0.456   0.329   0.317   0.302   0.257   0.247   0.232   0.208   0.180   0.160   0.151   0.138   0.135   0.121   0.103   0.090   0.080   0.068   0.053   0.046   0.040   0.036   0.030   0.022   0.017
 % variance  0.198   0.088   0.085   0.062   0.059   0.056   0.048   0.046   0.043   0.039   0.034   0.030   0.028   0.026   0.025   0.023   0.019   0.017   0.015   0.013   0.010   0.009   0.007   0.007   0.006   0.004   0.003
 cumulative  0.198   0.286   0.371   0.433   0.492   0.549   0.597   0.643   0.686   0.725   0.759   0.789   0.817   0.842   0.868   0.890   0.910   0.926   0.941   0.954   0.964   0.973   0.980   0.987   0.993   0.997   1.000
 brokn stck  3.891   2.891   2.391   2.058   1.808   1.608   1.441   1.299   1.174   1.062   0.962   0.872   0.788   0.711   0.640   0.573   0.511   0.452   0.396   0.344   0.294   0.246   0.201   0.157   0.115   0.075   0.037
 series_id   #  1       2       3       4       5       6       7       8       9      10      11      12      13      14      15      16      17      18      19      20      21      22      23      24      25      26      27
  161024     0.234  -0.069  -0.242  -0.078  -0.302   0.009   0.052  -0.190   0.140  -0.188  -0.146  -0.343   0.233   0.037   0.294   0.050  -0.010   0.109   0.136   0.097   0.044  -0.016   0.430   0.216  -0.231  -0.122  -0.255
  192707     0.129   0.450  -0.209  -0.079  -0.081   0.169  -0.018   0.008  -0.022   0.170  -0.221   0.097   0.264   0.020   0.101   0.094  -0.117  -0.158  -0.134   0.128   0.065   0.415  -0.080   0.253   0.426   0.041   0.122
  171421     0.253  -0.184  -0.129   0.109   0.114  -0.095   0.241   0.100  -0.257  -0.023  -0.220   0.125  -0.104   0.182  -0.069  -0.099  -0.195   0.422  -0.495   0.066  -0.009   0.037   0.246  -0.047   0.015   0.246   0.064
  12303      0.133   0.076   0.236   0.276   0.275   0.342   0.158  -0.287   0.044  -0.181  -0.077   0.160  -0.033   0.095   0.032  -0.223  -0.031  -0.277   0.233   0.149  -0.021   0.070   0.320  -0.033  -0.146   0.058   0.360
  141124     0.094   0.230   0.152   0.293  -0.044  -0.336  -0.283  -0.196   0.037   0.056   0.357   0.194   0.176   0.083   0.269   0.149   0.041  -0.095  -0.231  -0.145   0.116  -0.015   0.113   0.008  -0.166   0.383  -0.089
  142703     0.203   0.002   0.090   0.443  -0.132   0.028  -0.060   0.247  -0.099  -0.072  -0.027   0.375   0.008  -0.255   0.097   0.164  -0.153   0.299   0.285   0.099   0.285   0.026  -0.091  -0.011  -0.004  -0.337  -0.077
  40934A     0.191  -0.141  -0.141  -0.082  -0.048   0.342  -0.160   0.175  -0.112   0.183   0.370  -0.082  -0.253   0.147   0.211  -0.411  -0.265  -0.060   0.093  -0.030   0.172   0.162  -0.170   0.132  -0.152   0.159  -0.141
  172565A    0.311   0.202  -0.034  -0.172   0.061  -0.107   0.082  -0.242  -0.020  -0.068   0.077  -0.108  -0.025   0.094  -0.232  -0.163   0.050  -0.061  -0.022  -0.077   0.617  -0.140   0.004  -0.371   0.217  -0.170  -0.106
  192666A    0.046   0.257   0.194   0.136  -0.156  -0.025   0.155   0.135   0.495   0.353   0.116  -0.289   0.005  -0.008  -0.156  -0.031  -0.303   0.164  -0.067   0.234  -0.127   0.093   0.025  -0.296  -0.148  -0.031   0.062
  12234A     0.139   0.095   0.203  -0.083   0.543   0.034  -0.036   0.312   0.237   0.073  -0.031  -0.049  -0.065  -0.117   0.033   0.078  -0.101  -0.060  -0.003   0.006   0.037  -0.317   0.243   0.331   0.210   0.047  -0.328
  41025A     0.138  -0.245  -0.090   0.311   0.094  -0.040  -0.351   0.201   0.188  -0.032   0.136  -0.168   0.118   0.432  -0.149  -0.059   0.382   0.005  -0.097   0.183  -0.013   0.088   0.011   0.101   0.188  -0.253   0.163
  101259A    0.073  -0.186   0.331  -0.106  -0.339  -0.046  -0.056  -0.100   0.112   0.213  -0.241   0.042  -0.382   0.160   0.417   0.048   0.102   0.001   0.047   0.151   0.064  -0.215   0.000  -0.048   0.352   0.097   0.149
  162470     0.311  -0.187   0.053   0.051   0.047  -0.129  -0.145  -0.146  -0.023  -0.209  -0.113   0.028   0.127  -0.012   0.092  -0.078  -0.381  -0.347  -0.151   0.130  -0.400  -0.057  -0.288  -0.233   0.103  -0.175  -0.259
  162591A    0.271   0.020  -0.155   0.039   0.138   0.061   0.085  -0.346  -0.172   0.178   0.253  -0.065  -0.034  -0.138  -0.131   0.180   0.229   0.242   0.251   0.431  -0.221  -0.115  -0.189   0.044   0.117   0.257  -0.107
  172493A    0.141  -0.113  -0.432   0.022  -0.076   0.112   0.026  -0.051   0.146   0.052   0.288   0.102  -0.298  -0.086  -0.068   0.442  -0.221  -0.226  -0.108  -0.187  -0.066  -0.182   0.210  -0.014   0.075  -0.156   0.294
  182455A    0.190   0.312   0.128  -0.128   0.183   0.168   0.161  -0.032   0.063  -0.259   0.137  -0.062  -0.217   0.112   0.375   0.131   0.230   0.269  -0.235  -0.187  -0.186   0.105  -0.257  -0.007  -0.128  -0.298   0.049
  192552A    0.155   0.239  -0.038   0.077  -0.392   0.208   0.024   0.193   0.157  -0.250  -0.092   0.256  -0.242   0.128  -0.336  -0.051   0.258  -0.121   0.013  -0.077  -0.203  -0.038   0.058  -0.038   0.013   0.229  -0.370
  192568A    0.287  -0.073  -0.120   0.102   0.002   0.259   0.000   0.088   0.158   0.187  -0.246  -0.042   0.399  -0.089   0.069  -0.087   0.125   0.078   0.039  -0.408  -0.018  -0.379  -0.262  -0.109  -0.075   0.208   0.219
  192583A    0.256   0.180  -0.040  -0.299  -0.052  -0.229  -0.275   0.168  -0.023  -0.078  -0.136   0.076  -0.124  -0.228  -0.105  -0.103   0.083  -0.115  -0.121   0.355   0.071  -0.173  -0.090   0.175  -0.423  -0.013   0.345
  201248A    0.214  -0.098   0.318  -0.035  -0.249  -0.143   0.080  -0.130   0.044  -0.178   0.269  -0.075   0.060  -0.289  -0.227  -0.275  -0.084   0.144  -0.016  -0.269  -0.126   0.074   0.029   0.406   0.283  -0.016   0.208
  202528A    0.193  -0.068   0.314  -0.010  -0.038   0.078  -0.023  -0.213  -0.214   0.408  -0.199  -0.012  -0.042   0.273  -0.329   0.282  -0.039  -0.091  -0.034  -0.196   0.020   0.074  -0.060   0.275  -0.303  -0.218  -0.130
  30062      0.073  -0.295   0.265  -0.220   0.005   0.283  -0.120   0.082   0.130  -0.354   0.033  -0.124   0.128  -0.056  -0.119   0.453  -0.078   0.025  -0.069   0.107   0.249   0.247  -0.100  -0.128  -0.028   0.337   0.052
  172542     0.125  -0.306   0.068  -0.230  -0.019   0.054   0.306   0.081   0.125   0.284   0.192   0.381   0.223  -0.230   0.102  -0.093   0.351  -0.176  -0.211   0.119   0.009   0.187   0.144  -0.110  -0.071  -0.160  -0.138
  202379     0.102  -0.082  -0.152  -0.308   0.198  -0.288  -0.115  -0.128   0.407   0.011  -0.084   0.394  -0.018   0.248  -0.052  -0.024  -0.127   0.250   0.380  -0.156  -0.080   0.243  -0.039  -0.010  -0.040   0.059   0.028
  140939A    0.088  -0.113  -0.100   0.236   0.035  -0.364   0.563   0.142   0.137  -0.093  -0.061  -0.143  -0.123   0.078   0.063   0.092   0.049  -0.312   0.107   0.006   0.185   0.108  -0.340   0.229  -0.081   0.163   0.015
  190735A    0.117   0.121   0.147  -0.256  -0.113  -0.104   0.209   0.381  -0.341  -0.051   0.263   0.044   0.303   0.396   0.040   0.133  -0.103  -0.063   0.284   0.036  -0.164  -0.198   0.119  -0.096   0.046  -0.004   0.159
  192683A    0.289   0.013   0.013   0.038   0.104  -0.196  -0.163   0.207  -0.228   0.125  -0.136  -0.288  -0.197  -0.271   0.063   0.059   0.192  -0.110   0.218  -0.256  -0.162   0.398   0.247  -0.300   0.039   0.081   0.035
