fram_drop_subcanopy.rwl -- no data title --               1st itrdb line missing     
fram_drop_subcanopy.rwl -- no data title --               2nd itrdb line missing     
fram_drop_subcanopy.rwl -- no data title --               3rd itrdb line missing     
fram_d18702016  22656  22627  22936  22845  22896  23047  22799  23029  23168  2  trn
fram_d18802725  23302  23132  22971  22984  23070  33599  33128  33089  33386  3  trn
fram_d18903395  32865  33473  32831  32983  32717  32836  43190  43251  43083  4  trn
fram_d19003143  43702  43216  43499  43163  42982  42842  42940  42737  42687  4  trn
fram_d19102626  52048  52603  52752  52544  51968  52787  53040  52548  62682  6  trn
fram_d19203039  62693  62049  71972  72498  72397  72392  72769  72498  82267 10  trn
fram_d19302013 102169 102196 102294 102176 132224 151948 161716 192084 191681 19  trn
fram_d19401822 191903 191986 221813 231803 231961 241692 251543 251748 261763 28  trn
fram_d19502040 282023 291899 292026 301893 332002 331890 351966 362154 371900 37  trn
fram_d19601764 381854 391495 391695 391482 391459 391430 391680 391786 391748 39  trn
fram_d19701743 391807 391851 391867 391726 401688 401629 401380 401502 401591 40  trn
fram_d19801697 401770 401849 401947 411942 411913 411718 411502 411551 411564 41  trn
fram_d19901484 411279 411433 411442 411475 411448 411265 411277 411259 411294 41  trn
fram_d20001319 401402 391408 391367 391093 391106 371049 371022 37 978 33 797 33  trn
fram_d2010 679 27 705 26 575 23 608 18 708 12 572 12 461  9 668  49990  09990  0  trn
fram_drop_subcanopy.rwl -- no data title --               1st itrdb line missing     
fram_drop_subcanopy.rwl -- no data title --               2nd itrdb line missing     
fram_drop_subcanopy.rwl -- no data title --               3rd itrdb line missing     
fram_d1870 750  2 922  2 895  21019  2 988  21012  21075  2 945  21038  21091  2  std
fram_d1880 886  21145  21088  21006  21003  21144  31122  31025  3 976  31009  3  std
fram_d18901156  31007  31158  3 964  3 951  3 862  3 925  4 924  4 928  4 872  4  std
fram_d19001062  41230  41059  41145  41055  4 986  4 929  4 971  4 888  4 889  4  std
fram_d1910 944  5 687  5 923  5 994  5 913  5 871  51005  51105  5 992  61040  6  std
fram_d19201003  6 961  6 810  7 778  71046  7 980  7 969  71153  71177  81017 10  std
fram_d1930 969 10 966 10 999 101101 101138 131130 15 926 16 897 191152 19 881 19  std
fram_d1940 975 191029 191102 221001 23 968 231105 24 889 25 780 25 916 26 900 28  std
fram_d19501080 281106 29 984 291032 30 983 331068 33 957 351057 361165 371008 37  std
fram_d1960 997 381032 39 827 39 922 39 820 39 822 39 852 391001 391054 39 990 39  std
fram_d19701047 391076 391117 391103 391005 401001 40 983 40 764 40 874 40 893 40  std
fram_d19801000 401058 401082 401176 411158 411165 411092 41 894 41 987 411030 41  std
fram_d1990 932 41 835 41 973 41 943 41 978 41 968 41 881 41 914 41 956 41 995 41  std
fram_d20001000 401127 391163 391174 39 913 39 975 37 940 37 967 37 946 33 845 33  std
fram_d2010 819 27 914 26 837 23 927 181009 12 980 12 961  91205  49990  09990  0  std
fram_drop_subcanopy.rwl -- no data title --               1st itrdb line missing     
fram_drop_subcanopy.rwl -- no data title --               2nd itrdb line missing     
fram_drop_subcanopy.rwl -- no data title --               3rd itrdb line missing     
fram_d1870 839  21051  2 938  21072  2 972  21010  21053  2 910  21060  21056  2  res
fram_d1880 866  21203  21000  2 958  2 996  21142  31171  3 892  3 953  31076  3  res
fram_d18901044  31073  31071  3 929  3 930  3 917  3 961  41024  4 964  4 960  4  res
fram_d19001081  41241  4 966  41070  41062  4 950  4 918  41009  4 880  4 954  4  res
fram_d19101019  5 794  51062  5 997  51041  5 857  51097  51089  5 907  61047  6  res
fram_d1920 952  61047  6 843  7 895  71166  7 994  7 986  71158  71065  8 954 10  res
fram_d1930 914 10 979 101007 101036 101070 131070 15 911 16 955 191218 19 843 19  res
fram_d19401027 191025 191063 22 971 23 958 231091 24 865 25 857 251024 26 953 28  res
fram_d19501103 281066 29 925 291024 30 976 331063 33 939 351090 361153 37 933 37  res
fram_d1960 995 381033 39 801 391011 39 867 39 909 39 917 391076 391076 39 965 39  res
fram_d19701069 391051 391099 391023 39 937 40 993 40 971 40 761 40 978 40 962 40  res
fram_d19801083 401031 401048 401201 411099 411095 411000 41 846 411047 411050 41  res
fram_d1990 920 41 859 411073 41 967 411019 41 995 41 871 41 954 41 984 411010 41  res
fram_d2000 993 401142 391127 391100 39 841 39 977 37 955 371046 37 926 33 864 33  res
fram_d2010 853 27 973 26 893 231007 181092 121005 121041  91126  49990  09990  0  res
fram_drop_subcanopy.rwl -- no data title --               1st itrdb line missing     
fram_drop_subcanopy.rwl -- no data title --               2nd itrdb line missing     
fram_drop_subcanopy.rwl -- no data title --               3rd itrdb line missing     
fram_d1870 784  2 936  2 902  21020  2 984  21002  21055  2 942  21028  21072  2  ars
fram_d1880 907  21150  21085  21007  21000  21140  31243  31032  3 972  31061  3  ars
fram_d18901078  31116  31134  31006  3 934  3 879  3 895  4 967  4 947  4 931  4  ars
fram_d19001043  41257  41113  41132  41135  41027  4 934  4 974  4 864  4 879  4  ars
fram_d1910 954  5 762  5 935  5 962  51020  5 868  51025  51103  5 966  61029  6  ars
fram_d1920 969  61031  6 858  7 815  71066  71031  71004  71158  71152  81041 10  ars
fram_d1930 938 10 945 10 978 101025 101084 131116 15 977 16 943 191183 19 948 19  ars
fram_d1940 999 191026 191078 221015 23 968 231074 24 906 25 801 25 917 26 908 28  ars
fram_d19501053 281096 29 980 291014 30 985 331055 33 971 351074 361190 371042 37  ars
fram_d19601019 381044 39 823 39 916 39 817 39 806 39 808 39 973 391062 391001 39  ars
fram_d19701070 391090 391148 391106 39 998 40 993 40 968 40 735 40 833 40 871 40  ars
fram_d19801014 401040 401070 401233 411227 411219 411124 41 916 411002 411052 41  ars
fram_d1990 949 41 828 41 980 41 957 41 996 41 994 41 867 41 880 41 919 41 966 41  ars
fram_d2000 975 401127 391195 391207 39 960 39 956 37 931 371008 37 931 33 823 33  ars
fram_d2010 749 27 836 26 800 23 899 181037 121027 121057  91156  49990  09990  0  ars
