 eigenvalue  6.201   3.179   2.720   1.966   1.832   1.614   1.505   1.030   0.963   0.886   0.772   0.678   0.536   0.479   0.437   0.358   0.308   0.255   0.228   0.209   0.191   0.157   0.140   0.130   0.097   0.081   0.048
 eval sderr  1.228   0.629   0.539   0.389   0.363   0.320   0.298   0.204   0.191   0.175   0.153   0.134   0.106   0.095   0.087   0.071   0.061   0.051   0.045   0.041   0.038   0.031   0.028   0.026   0.019   0.016   0.010
 % variance  0.230   0.118   0.101   0.073   0.068   0.060   0.056   0.038   0.036   0.033   0.029   0.025   0.020   0.018   0.016   0.013   0.011   0.009   0.008   0.008   0.007   0.006   0.005   0.005   0.004   0.003   0.002
 cumulative  0.230   0.347   0.448   0.521   0.589   0.649   0.704   0.742   0.778   0.811   0.840   0.865   0.884   0.902   0.918   0.932   0.943   0.953   0.961   0.969   0.976   0.982   0.987   0.992   0.995   0.998   1.000
 brokn stck  3.891   2.891   2.391   2.058   1.808   1.608   1.441   1.299   1.174   1.062   0.962   0.872   0.788   0.711   0.640   0.573   0.511   0.452   0.396   0.344   0.294   0.246   0.201   0.157   0.115   0.075   0.037
 series_id   #  1       2       3       4       5       6       7       8       9      10      11      12      13      14      15      16      17      18      19      20      21      22      23      24      25      26      27
  161024     0.254   0.077  -0.038   0.150  -0.198   0.221  -0.068   0.175  -0.346   0.230  -0.276  -0.028  -0.222  -0.083  -0.191   0.186   0.212   0.042  -0.021   0.022   0.240   0.053  -0.281   0.389   0.211   0.145   0.030
  192707     0.019   0.467  -0.030   0.052  -0.223   0.098  -0.034   0.062   0.054  -0.085   0.190  -0.019  -0.081   0.108   0.036   0.425   0.188   0.149   0.170   0.013  -0.126   0.093   0.498   0.187  -0.229  -0.141  -0.039
  171421     0.271  -0.125  -0.039  -0.245  -0.055   0.190  -0.274   0.077   0.221  -0.158   0.042   0.009   0.059   0.121  -0.219  -0.161   0.061   0.202   0.133   0.224  -0.340   0.326  -0.064  -0.010   0.078   0.326  -0.333
  12303      0.008   0.219  -0.348   0.021   0.176  -0.291  -0.019   0.093   0.249   0.153   0.027   0.414  -0.183  -0.261  -0.001   0.165  -0.238   0.138  -0.163  -0.120   0.164   0.287  -0.157  -0.030  -0.109   0.069  -0.226
  141124     0.144   0.208   0.224  -0.199   0.103  -0.004   0.311  -0.369  -0.001  -0.046  -0.311   0.027  -0.152  -0.013   0.378   0.196   0.018  -0.135  -0.207   0.269  -0.193  -0.054  -0.061   0.037  -0.064   0.316  -0.125
  142703     0.267   0.004  -0.229  -0.175   0.144  -0.077   0.149  -0.159   0.138   0.035   0.230   0.026  -0.011   0.165   0.174  -0.090   0.574   0.035   0.181   0.166   0.429  -0.011  -0.110  -0.132   0.071  -0.149  -0.006
  40934A     0.289  -0.068   0.040   0.324  -0.101  -0.113   0.064  -0.081   0.082  -0.190   0.043  -0.106  -0.029   0.000   0.223  -0.223   0.082   0.453  -0.168  -0.443   0.047  -0.075   0.111   0.048  -0.073   0.368   0.124
  172565A    0.212   0.269   0.284   0.065   0.072   0.069  -0.172  -0.051   0.051  -0.076  -0.146   0.036   0.143  -0.214  -0.288  -0.067  -0.127   0.212  -0.206   0.353   0.367  -0.101   0.268  -0.327   0.093  -0.043   0.094
  192666A   -0.040   0.223  -0.013   0.220   0.043   0.205   0.560  -0.009   0.138   0.214  -0.036  -0.153   0.175   0.234  -0.205  -0.019  -0.199   0.075   0.269  -0.002   0.011   0.303  -0.145  -0.183  -0.010   0.154   0.193
  12234A    -0.074  -0.035   0.451   0.051   0.018  -0.077   0.173   0.190   0.477   0.108   0.048   0.171   0.069   0.133  -0.028   0.047   0.079  -0.073  -0.079  -0.125   0.072  -0.083   0.099   0.301   0.473  -0.049  -0.216
  41025A     0.245  -0.160  -0.006  -0.111  -0.249  -0.116   0.222   0.272  -0.098  -0.125  -0.110   0.106  -0.215   0.307   0.211  -0.047  -0.437   0.293   0.107   0.231   0.074  -0.109  -0.027   0.027   0.002  -0.322  -0.058
  101259A    0.110  -0.161  -0.007   0.215   0.190   0.332   0.301   0.326  -0.263  -0.169   0.012   0.312   0.038  -0.320   0.192   0.002   0.183  -0.069   0.019  -0.037  -0.162   0.132   0.196  -0.263   0.131  -0.078  -0.149
  162470     0.283  -0.210   0.109  -0.274   0.097  -0.161  -0.040  -0.006   0.046   0.111  -0.048   0.111  -0.049   0.026  -0.086   0.319   0.064   0.060  -0.113  -0.150  -0.254   0.265   0.057  -0.113   0.147  -0.137   0.613
  162591A    0.312   0.101  -0.040   0.066  -0.027  -0.101  -0.211  -0.180   0.085  -0.005  -0.216  -0.043   0.119  -0.224   0.188   0.091  -0.222  -0.199   0.634  -0.228  -0.003  -0.101   0.038  -0.075   0.265  -0.017  -0.065
  172493A    0.126  -0.064  -0.051   0.277  -0.424  -0.060  -0.105  -0.226  -0.042   0.218  -0.118   0.325   0.528   0.184   0.143  -0.024   0.070  -0.112  -0.220   0.078  -0.064   0.184  -0.037  -0.020  -0.095  -0.161  -0.080
  182455A    0.094   0.417   0.073   0.129   0.122  -0.060  -0.117   0.269   0.146   0.039  -0.186   0.227  -0.110   0.056   0.002  -0.416   0.206  -0.062   0.081   0.030  -0.354  -0.225  -0.235   0.023  -0.180  -0.153   0.229
  192552A    0.159   0.282  -0.244  -0.118   0.063   0.023   0.060  -0.184  -0.326   0.091   0.374   0.215  -0.027   0.188  -0.099  -0.263  -0.228  -0.138  -0.142  -0.053  -0.121  -0.118   0.221   0.132   0.394   0.127   0.060
  192568A    0.305  -0.037  -0.130   0.168  -0.133   0.025   0.037   0.022   0.171   0.052  -0.047  -0.262  -0.347   0.198  -0.248   0.089   0.018  -0.370  -0.276  -0.190  -0.083  -0.129   0.054  -0.387  -0.037  -0.122  -0.257
  192583A    0.225   0.168   0.260  -0.019  -0.056  -0.081   0.027   0.137  -0.136  -0.057   0.532  -0.125   0.263  -0.149   0.008   0.282  -0.069   0.053  -0.065  -0.024  -0.118  -0.189  -0.496  -0.110  -0.043  -0.026  -0.097
  201248A    0.242  -0.121   0.128  -0.005   0.364   0.014   0.136  -0.291  -0.119   0.287  -0.039  -0.109   0.048  -0.131  -0.231  -0.126  -0.020   0.227   0.036  -0.113  -0.142   0.004   0.088   0.296  -0.251  -0.384  -0.290
  202528A    0.209  -0.129  -0.190   0.093   0.176   0.206   0.092  -0.070   0.205  -0.525  -0.019   0.207   0.183   0.069  -0.233   0.171  -0.127  -0.249  -0.033   0.009   0.129  -0.158  -0.087   0.349  -0.212  -0.002   0.174
  30062      0.069  -0.185  -0.007   0.262   0.384  -0.333  -0.123   0.235  -0.177   0.226  -0.010   0.050   0.116   0.328  -0.040   0.239   0.027  -0.022   0.141   0.217  -0.018  -0.215   0.187  -0.047  -0.128   0.356  -0.055
  172542     0.076  -0.177   0.073   0.424   0.066   0.220  -0.193  -0.151   0.226   0.191   0.367  -0.065  -0.326  -0.120   0.263  -0.035  -0.176  -0.087   0.010   0.368  -0.050   0.125  -0.029   0.122   0.017  -0.051   0.190
  202379    -0.012  -0.121   0.426  -0.046  -0.228  -0.019   0.034  -0.204  -0.137   0.008   0.173   0.466  -0.309   0.029  -0.245  -0.070   0.028  -0.131   0.293  -0.133   0.157   0.025  -0.007  -0.132  -0.291   0.172  -0.015
  140939A    0.014  -0.087  -0.107  -0.286  -0.029   0.545  -0.081   0.074   0.201   0.427  -0.005   0.165   0.097   0.016   0.154   0.106  -0.089   0.153  -0.028  -0.161   0.042  -0.426   0.036  -0.108  -0.158   0.117   0.042
  190735A   -0.034   0.166   0.232   0.021   0.363   0.268  -0.344  -0.026  -0.166  -0.140  -0.054   0.009  -0.033   0.461   0.241   0.049  -0.103   0.000  -0.078  -0.286   0.195   0.280  -0.143  -0.080   0.007  -0.133  -0.098
  192683A    0.275   0.043   0.128  -0.261  -0.032  -0.056   0.032   0.372   0.004   0.145   0.070  -0.210   0.144  -0.118   0.171  -0.252  -0.109  -0.405  -0.064  -0.040   0.237   0.272   0.206   0.174  -0.306   0.125   0.058
