  year  #   1       2       3       4       5       6       7       8       9      10      11      12      13      14      15      16      17      18      19      20      21      22      23      24      25      26      27
  1950   3.278   0.100  -0.881   5.378   0.777   0.626  -1.681   0.957  -0.095  -1.400   0.971   1.781   0.218  -0.229  -0.151  -0.265  -0.562   0.356   0.456   0.374  -0.199  -0.412   0.262  -0.610   0.095   0.266   0.101
  1951   1.959  -0.875   3.431  -0.942   1.703  -0.136  -0.662  -0.701  -0.750  -2.060   0.264   0.336  -0.636  -1.020  -1.074  -0.569  -0.016  -0.530   1.229   0.320   0.561   0.285   0.080  -0.359  -0.312   0.115  -0.016
  1952  -1.682  -3.328   1.315  -0.611  -2.916   0.577  -1.527   1.158  -0.347  -0.695  -1.531   0.351  -0.084   1.608  -0.210  -0.047  -0.227   0.911   0.297   0.300   0.620   0.267  -0.131  -0.050   0.196   0.282   0.323
  1953   1.977  -2.391  -0.986   0.926   0.261  -0.215  -1.547  -1.288  -1.498  -0.726   0.936  -1.352  -0.867  -0.837  -0.217   1.041   0.626  -0.627   0.005   0.220  -1.137  -0.435   0.561   0.440  -0.117  -0.156   0.423
  1954  -0.483   0.456  -2.450  -0.372   1.912   0.880  -0.211   0.174  -0.528   0.099  -1.728   0.185  -0.327   0.379  -0.448   0.259   1.276  -0.257  -0.148   0.186   0.563  -0.515   0.213   0.119   0.116   0.414   0.374
  1955   2.502  -1.004  -4.262  -0.594   0.167   0.302  -0.922  -0.099   1.148  -0.838  -1.995   0.669   0.585  -0.190   1.213   0.103  -0.036   0.868   0.074  -0.366  -0.051   0.975   0.546   0.121   0.104  -0.538   0.315
  1956  -2.489   3.275   0.836   2.699   0.912  -0.515   0.052   0.731  -0.625  -0.165   0.693  -1.230  -0.385   0.486  -0.150  -0.650   0.658   0.512  -1.181  -0.604   0.070   0.498   0.217   0.437   0.293  -0.195   0.074
  1957   0.802   3.708  -0.266   1.127  -2.383  -1.595  -1.051   0.594  -0.337   1.119  -0.595   0.529  -0.524   1.458   0.005  -1.243  -0.575  -0.741   0.556   0.970  -1.056   0.395  -0.603   0.027   0.259  -0.242   0.161
  1958   3.499   2.177   0.389  -0.386   0.494   0.371   0.439  -0.957   2.281  -0.367  -1.490   0.478  -1.803   0.063   0.363   1.059   0.315   0.624   0.362   0.103   0.466   0.075  -0.149   0.216   0.331   0.569   0.003
  1959  -1.914   0.643  -1.969  -0.022   0.043  -0.538   0.587   0.071  -0.159  -0.960   0.886  -0.513  -0.190   0.230  -0.868   0.396   0.557  -0.528   0.384   0.483  -0.146   0.424   0.155   0.964  -0.488  -0.358  -0.154
  1960  -0.385   0.241   0.885  -1.009  -0.664   0.638   1.425   1.075  -1.034  -0.028  -0.229   0.702   0.084  -0.055   2.199   0.772   0.146  -0.812  -0.278   0.953  -1.026   0.487   0.591   0.420  -0.305   0.455  -0.148
  1961  -0.261   1.334   1.129  -0.438   0.080  -0.529   2.175   1.035   0.727   1.111  -1.224  -0.158   1.572   0.049   0.020  -0.893   1.321  -0.101   0.417   0.119  -0.250  -0.750  -0.414   0.175  -0.363  -0.147   0.224
  1962  -7.189   0.308   2.084   0.250  -1.685  -0.939  -1.712  -0.212   1.220  -1.511  -0.122  -0.818  -0.315   1.002  -0.071   1.209   0.215  -0.661  -0.650  -0.457   0.115   0.189  -0.415  -0.282  -0.189   0.357   0.145
  1963   0.775   2.847  -0.140  -0.925   0.350   0.194   1.213  -0.305  -1.177   0.307  -0.854  -1.123  -0.345   0.790  -1.406   0.960  -1.386   0.334   0.453   0.273  -0.393   0.153   0.577  -0.956   0.633  -0.737   0.155
  1964  -4.764  -1.277   1.240   0.165   1.129   1.765   0.983   1.037   0.744  -0.856   1.023   0.312   0.010   0.468   0.050   0.181  -0.356   0.189   0.643   1.114   0.414   0.384   0.045  -0.231  -0.525  -0.606   0.448
  1965  -1.733   1.170   1.016   0.647   1.323   3.224  -0.159  -2.760   0.486   0.958  -0.763   0.636  -0.271  -0.665   0.706  -0.408  -1.444  -0.746  -0.419  -0.335   0.392   0.060  -0.167   0.476   0.237  -0.492  -0.193
  1966  -1.794  -0.519  -2.091  -0.432  -1.126   2.498   1.149   1.695   0.755   0.666   1.732  -0.176   0.000  -0.496   0.342  -0.751  -0.296   0.587   0.453   0.293   0.566   0.374  -0.289  -0.337   0.106  -0.051  -0.189
  1967   2.795  -0.233   0.426  -0.504   0.065   1.818  -0.841  -0.526   0.726   1.227   0.225  -0.339   1.303   0.250  -0.036   1.033   1.369  -0.699   0.224  -0.843  -0.280   0.772  -0.564  -0.158  -0.120  -0.275   0.359
  1968   1.970  -0.981   0.711  -0.343  -0.583   0.143  -1.532   0.214   2.410   0.398  -0.492  -0.598  -1.498  -0.125   0.343  -0.330  -0.508  -0.087  -0.750   0.577  -0.253  -0.728  -0.220   0.385  -0.200  -0.493   0.322
  1969  -2.096  -0.990  -0.583   0.347   0.692  -0.911  -1.241   1.406  -0.024   2.453   1.188  -0.538  -0.736  -0.689  -0.156   0.606   0.155   1.063  -0.943   0.990   0.603  -0.004   0.428   0.425  -0.242  -0.143  -0.008
  1970   1.246   0.057  -0.710  -1.238  -0.592  -0.938  -0.230   0.095   0.682   1.831   0.759  -0.295  -0.595  -1.239  -0.169   0.192  -0.686  -0.392  -0.022  -0.062   0.283  -0.349  -0.720  -0.418  -0.364  -0.164   0.138
  1971   2.869  -1.356   0.537  -0.891  -1.990  -1.444   0.181  -1.604   1.033  -1.425  -0.050  -1.509   1.646  -0.721  -0.551  -1.142  -0.893   1.013  -1.027  -0.114  -0.413  -0.367   0.012  -0.162  -0.344  -0.022   0.284
  1972   1.438  -0.212   2.258  -0.126  -0.332   0.093  -1.152   1.361   1.756   1.689   0.578  -0.650   0.679   0.306   0.563   0.478  -0.526   0.607   0.688  -0.597  -0.430  -0.524   1.071   0.542   0.416   0.294  -0.481
  1973   1.762  -2.908  -2.962   0.343   1.253  -1.610  -0.069  -0.211   0.858   0.648   0.836   0.380  -0.423   2.242   0.134   1.044  -0.461  -0.413  -0.116  -0.270  -0.136   0.298  -0.859  -0.535  -0.148   0.064  -0.586
  1974  -0.889  -0.377   1.940  -0.758  -0.546  -0.637  -0.509   0.847  -1.764   0.130   0.201   1.295  -0.488  -0.107   0.395  -0.625  -0.120   0.901   0.806  -1.145   0.290  -0.517  -0.463   0.804   0.705  -0.228   0.232
  1975   0.130  -0.785   0.138  -0.671   0.952  -2.065   1.038  -1.778  -0.408  -0.526  -0.475   1.174   1.021   0.892  -0.707  -0.876  -0.650   0.613  -0.669   0.512  -0.074   0.747  -0.054   0.753  -0.361   0.190  -0.429
  1976  -0.953  -1.119  -0.599  -0.314   0.652   0.202   0.223   0.834   0.576   0.231  -0.259   2.027   0.383  -0.636  -1.352   0.478  -0.312  -1.542   0.245  -0.243  -0.399  -0.451  -0.442   0.733   0.099   0.135   0.203
  1977  -6.199  -0.348  -1.844   0.306  -1.102  -0.540  -1.652  -2.018  -0.494   1.722  -1.403   1.152   0.303  -0.042  -0.809  -0.996   0.051  -0.411   0.514  -0.342   0.095  -0.422   1.121  -0.476  -0.415   0.063  -0.247
  1978   0.951  -2.902  -0.009   0.914   1.236  -0.800   1.912   1.484   0.053  -0.119  -0.602  -0.324  -0.270   1.173  -0.344  -0.406  -0.075  -0.028   0.489  -0.843   0.061  -0.904   0.259   0.083  -0.149  -0.355  -0.226
  1979  -0.174  -1.590  -0.544   2.057  -1.543  -0.272   2.080  -0.510  -0.238   0.448  -1.548  -0.275  -0.987  -1.366   0.099   0.161  -0.026   0.080  -0.460   0.603   0.052   0.298   0.071   0.105   0.286   0.258  -0.233
  1980   1.604  -2.650   1.283   1.527  -0.589   0.812   0.506   1.741  -2.222   0.063  -0.911  -0.770   0.352  -0.414  -0.425   0.094  -0.197  -0.703  -0.869  -0.777  -0.182   0.830  -0.463   0.021   0.551  -0.064  -0.188
  1981   0.279  -0.421  -0.646   0.895  -1.352   1.081   1.397   0.030  -1.083   0.651  -1.120  -1.776   0.348  -0.741  -1.012   0.267   0.065  -0.395   0.216   0.741   0.487  -0.450  -0.147  -0.334   0.080   0.413  -0.131
  1982   1.212  -1.140  -0.447  -0.020   0.363   1.244  -0.327  -3.032  -2.261   1.443   1.303  -0.376   0.328   1.337   1.402  -0.964   0.984   0.423  -0.245   0.476   0.466  -0.332  -0.474  -0.073   0.312   0.331   0.397
  1983   3.101   2.287  -0.081  -0.376  -0.794   2.765  -0.464   0.694  -1.018  -0.735   0.210   0.497   2.276   0.914  -0.609   0.813  -0.582   0.512  -0.468   0.552   0.194  -0.765  -0.155   0.352  -0.707   0.038  -0.277
  1984   2.139   1.418   1.007   1.070  -1.028  -1.154   2.124  -0.194  -0.268   0.413   0.220   1.624  -1.003   0.204   0.049   1.087   0.885   0.851  -0.999  -0.954   0.755  -0.093   0.315  -0.471  -0.720  -0.235   0.077
  1985   2.713   1.773  -1.488  -2.013  -1.659   1.425  -1.343   0.350  -0.479  -0.263   1.487  -0.161  -1.557  -0.066  -1.401  -1.327   0.749   0.375   0.321  -0.521  -0.122   0.620   0.128   0.226  -0.279   0.374  -0.404
  1986   0.053  -0.235   2.197  -0.037  -2.007   0.044  -0.454  -0.854   0.254  -0.869  -0.192   1.281   0.257  -1.275   0.596   0.752   2.001   0.480   0.312   0.562  -0.411   0.034  -0.060  -0.482   0.208  -0.635  -0.570
  1987  -3.736   1.085  -1.973   1.052   2.143  -0.302  -0.428   0.499   0.611  -1.360  -0.864  -1.610   0.688  -0.815   1.545  -0.714   0.554   1.093   0.888  -0.225  -0.677  -0.240  -0.806  -0.231  -0.115   0.188  -0.284
  1988   0.701   1.680  -1.207  -0.449  -0.784  -0.369   0.557   1.319   0.821  -0.585   0.671   0.141   0.952   0.011   0.660  -0.466  -0.093  -1.396  -0.515  -0.786   0.374   0.145   0.836  -0.437   0.016   0.506   0.629
  1989   0.396  -1.335   1.515  -1.125   0.491  -0.231   1.813  -0.790   1.039   0.770   1.150  -0.170  -0.636   1.060   0.118  -0.749   0.735  -0.222   0.652   0.345  -0.815  -0.098   0.520  -0.563   0.398   0.224  -0.036
  1990  -1.423   1.363  -0.340  -0.927  -0.068  -0.395   0.147  -0.946  -0.463  -0.374   0.421  -0.903   0.300  -0.208   0.269   2.205  -1.338   0.502   0.810  -0.087   0.169  -0.168  -0.149   0.226   0.253   0.550  -0.054
  1991  -3.531  -0.362  -1.428  -2.068   0.301   0.181   0.485   0.168   0.251  -0.508   1.476   1.833   0.671  -1.285  -0.568   0.096  -0.162   0.440  -1.495  -0.070  -0.825  -0.328  -0.178  -0.514   1.000   0.116  -0.001
  1992   0.761  -1.035  -0.015  -1.119   0.960   0.351   0.276   0.314   1.103  -0.747   0.001  -1.029   0.285  -0.088  -0.316  -1.074   0.091  -0.540   0.047  -0.088   0.713   0.671   0.548   0.238   0.441  -0.052  -0.107
  1993   1.171   0.758   0.327  -2.692   2.330  -2.187  -1.039   1.990  -2.299   0.363  -0.976   0.330  -0.805  -1.108   0.916  -0.313  -0.531   0.164  -0.205   0.324   0.046   0.151  -0.249  -0.461  -0.401   0.148   0.155
  1994   1.161   1.327   0.159  -0.952   1.281  -1.670  -1.938   0.355   0.066  -0.822  -0.041  -0.456   1.103   0.527  -0.174   0.260   1.011  -1.018  -0.680   0.676   1.047  -0.532   0.058  -0.157   0.781  -0.431  -0.590
  1995  -0.270  -0.026   2.041   0.297   1.763  -0.569   0.562  -1.019  -0.274  -0.299   0.790   0.235   0.402   0.810   0.974   0.068  -0.635   0.181  -0.195   0.182  -0.110   0.121   0.346   0.032   0.100   0.049   0.312
  1996  -1.923   0.558  -1.692  -1.086  -0.604   0.835   1.217  -0.623  -1.229  -1.716   0.308  -0.262  -1.420   0.522  -0.060   0.230   0.033   0.276   0.187  -1.136  -0.494  -0.681  -0.107   0.189  -0.190  -0.280  -0.019
  1997  -0.693   0.169   1.752   0.805   1.640  -0.324  -0.967  -0.431  -0.107   2.158  -0.160  -0.189   1.283  -0.830  -1.099   0.541   0.034   0.687   0.578  -0.858  -0.451   0.906  -0.069  -0.209  -0.480   0.202   0.061
  1998   0.225   0.250   1.634   0.099   0.753   2.044  -0.608   0.196   0.191  -0.384  -0.568  -0.439  -1.167   0.090   1.063  -1.039  -0.640  -0.839  -1.027  -0.527  -0.267  -0.285  -0.047  -0.515  -0.653   0.145  -0.499
  1999   0.334   1.004   0.340   1.541   0.555  -0.774   1.131  -0.689   1.861  -0.278   0.520   0.239  -0.403  -0.577  -1.448  -0.501   0.158   0.116  -0.035   0.374   0.085   0.133  -0.519   0.299   0.238   0.388   0.243
  2000   0.778   0.411  -0.976   0.994  -2.234  -2.452   0.591  -0.879  -0.471  -0.282   1.342  -0.147   0.685  -1.044   1.808  -0.033  -0.654  -1.073   1.090  -0.372   1.109   0.060  -0.042   0.213  -0.067  -0.237  -0.086
