 eigenvalue 11.114   3.813   2.831   1.633   1.288   1.061   0.865   0.704   0.603   0.506   0.468   0.428   0.250   0.230   0.194   0.170   0.142   0.123   0.119   0.088   0.083   0.079   0.065   0.050   0.043   0.032   0.018
 eval sderr  2.201   0.755   0.561   0.323   0.255   0.210   0.171   0.139   0.119   0.100   0.093   0.085   0.049   0.046   0.038   0.034   0.028   0.024   0.024   0.017   0.017   0.016   0.013   0.010   0.008   0.006   0.004
 % variance  0.412   0.141   0.105   0.060   0.048   0.039   0.032   0.026   0.022   0.019   0.017   0.016   0.009   0.009   0.007   0.006   0.005   0.005   0.004   0.003   0.003   0.003   0.002   0.002   0.002   0.001   0.001
 cumulative  0.412   0.553   0.658   0.718   0.766   0.805   0.837   0.863   0.886   0.904   0.922   0.938   0.947   0.955   0.962   0.969   0.974   0.979   0.983   0.986   0.989   0.992   0.995   0.997   0.998   0.999   1.000
 brokn stck  3.891   2.891   2.391   2.058   1.808   1.608   1.441   1.299   1.174   1.062   0.962   0.872   0.788   0.711   0.640   0.573   0.511   0.452   0.396   0.344   0.294   0.246   0.201   0.157   0.115   0.075   0.037
 series_id   #  1       2       3       4       5       6       7       8       9      10      11      12      13      14      15      16      17      18      19      20      21      22      23      24      25      26      27
  161024     0.231  -0.083   0.030   0.077   0.147   0.003  -0.252   0.021  -0.252   0.525   0.318  -0.273  -0.054   0.000   0.186  -0.043   0.034   0.015  -0.306   0.117  -0.085  -0.093   0.044  -0.072   0.199   0.286   0.203
  192707     0.189   0.004  -0.354   0.195   0.303   0.026   0.022   0.022   0.083  -0.049   0.052   0.037  -0.082   0.158   0.075   0.077   0.071  -0.007  -0.115   0.347   0.555   0.201  -0.053  -0.262   0.058  -0.203  -0.218
  171421     0.059  -0.151   0.421   0.324   0.103   0.152  -0.118   0.144   0.244  -0.110  -0.257  -0.163  -0.145   0.167  -0.118  -0.052   0.162   0.210  -0.405   0.051  -0.056  -0.234  -0.078   0.061  -0.266  -0.118  -0.069
  12303      0.108   0.255  -0.270   0.206  -0.219  -0.252  -0.144   0.257   0.330  -0.129   0.201  -0.041   0.039  -0.169   0.285  -0.374   0.148   0.096  -0.027  -0.034  -0.011  -0.075   0.228   0.288  -0.034   0.041  -0.120
  141124    -0.012   0.324   0.235   0.101   0.105  -0.033   0.457  -0.436   0.095   0.042   0.263  -0.147   0.282   0.023   0.242  -0.159  -0.114   0.199  -0.118  -0.115   0.013   0.022  -0.132  -0.150  -0.147  -0.109   0.011
  142703     0.249   0.091   0.123   0.086  -0.217   0.002   0.243  -0.104   0.126  -0.196   0.018   0.146  -0.145   0.317  -0.070   0.117  -0.108  -0.191  -0.213  -0.168   0.106  -0.137   0.034   0.086   0.482   0.394  -0.161
  40934A     0.218  -0.183   0.120  -0.237   0.046  -0.251  -0.047  -0.195   0.175  -0.006  -0.064   0.148   0.178  -0.029   0.102  -0.036   0.510  -0.477  -0.142  -0.173   0.123  -0.011   0.071  -0.111  -0.151  -0.058   0.215
  172565A    0.237   0.183   0.149   0.075   0.212  -0.083  -0.019   0.095  -0.142  -0.158  -0.103  -0.183   0.000  -0.180  -0.109  -0.023   0.224   0.150   0.349  -0.178  -0.055  -0.304   0.172  -0.374   0.392  -0.204  -0.041
  192666A    0.195  -0.057  -0.339  -0.066   0.018  -0.029   0.378  -0.012   0.096   0.253   0.024   0.077  -0.168   0.003  -0.266   0.222   0.178   0.368   0.072  -0.153   0.077  -0.268   0.171   0.031  -0.329   0.194   0.134
  12234A    -0.157   0.064   0.043  -0.417   0.263   0.195   0.182   0.201   0.546   0.011   0.242  -0.108  -0.063  -0.074  -0.028   0.115   0.020  -0.131  -0.024   0.312  -0.228  -0.120   0.048  -0.014   0.191  -0.042   0.021
  41025A     0.252  -0.076   0.058  -0.156  -0.036   0.226  -0.140  -0.176   0.174   0.165  -0.055  -0.048   0.303   0.128  -0.215  -0.248   0.286   0.270   0.297   0.100   0.037   0.225  -0.276   0.236   0.175   0.154  -0.170
  101259A    0.216  -0.194  -0.118  -0.150  -0.119   0.017   0.170   0.304  -0.079   0.164  -0.161  -0.154   0.536   0.244   0.038  -0.069  -0.316  -0.137  -0.050   0.007   0.021  -0.299   0.114   0.017  -0.041  -0.231  -0.168
  162470     0.260   0.144   0.118  -0.073  -0.201   0.172  -0.004   0.037  -0.010  -0.093   0.025  -0.005  -0.068  -0.029   0.003   0.056  -0.125   0.102   0.003   0.100   0.302   0.013   0.005   0.308   0.135  -0.361   0.657
  162591A    0.252   0.060   0.167   0.113   0.031  -0.175  -0.132  -0.143   0.021  -0.099   0.040   0.047   0.189  -0.428  -0.042   0.341  -0.193  -0.113   0.147   0.377   0.094  -0.304  -0.188   0.138  -0.195   0.215  -0.131
  172493A    0.262   0.001  -0.071  -0.096  -0.100   0.125  -0.254  -0.157   0.046  -0.056   0.158   0.168   0.136  -0.093   0.024   0.453  -0.018   0.238  -0.288  -0.177  -0.312   0.228   0.215  -0.016   0.038  -0.295  -0.236
  182455A    0.220   0.097  -0.232   0.158   0.229  -0.125  -0.021   0.171   0.132  -0.092   0.083  -0.301   0.042  -0.050  -0.393   0.025  -0.183  -0.245  -0.067  -0.353  -0.163   0.253  -0.374   0.038  -0.065   0.001   0.156
  192552A    0.241   0.163  -0.083   0.219   0.025  -0.021   0.180   0.011  -0.185  -0.155  -0.045   0.120   0.032   0.369   0.067   0.033   0.191  -0.123   0.156   0.423  -0.537   0.114   0.066   0.012  -0.128   0.012   0.178
  192568A    0.200  -0.238   0.174   0.054   0.048  -0.197  -0.107  -0.179   0.226   0.221   0.174  -0.036  -0.411   0.255   0.131  -0.026  -0.274  -0.112   0.436  -0.100  -0.055   0.002   0.082   0.092  -0.101  -0.257  -0.139
  192583A    0.175   0.140   0.089  -0.155   0.481  -0.002   0.053   0.285  -0.083   0.098  -0.209   0.479  -0.055  -0.040   0.364  -0.042  -0.090   0.120  -0.024  -0.207  -0.043   0.006  -0.240   0.211   0.017   0.051  -0.039
  201248A    0.201  -0.082   0.209  -0.158  -0.149  -0.150   0.428   0.155  -0.295   0.066   0.041  -0.148  -0.272  -0.329  -0.123  -0.121   0.145  -0.069  -0.154   0.144  -0.009   0.283  -0.002   0.181  -0.008  -0.156  -0.312
  202528A    0.167  -0.353   0.043  -0.022  -0.040  -0.105   0.129   0.066   0.233  -0.185  -0.323  -0.219   0.031  -0.161   0.314   0.055  -0.206   0.233   0.059   0.048  -0.040   0.356   0.136  -0.241   0.039   0.309   0.193
  30062      0.017   0.328   0.189  -0.263  -0.355  -0.193  -0.137   0.358   0.013   0.066   0.087  -0.122  -0.059   0.278   0.126   0.281   0.122   0.106   0.085  -0.025   0.110   0.073  -0.304  -0.294  -0.189   0.077  -0.053
  172542    -0.042  -0.361   0.173  -0.038   0.091  -0.328  -0.006   0.198  -0.085  -0.279   0.502   0.322   0.167   0.125  -0.249  -0.159  -0.074   0.270  -0.036   0.071   0.026   0.003  -0.018  -0.095   0.036   0.023   0.115
  202379     0.188  -0.065  -0.041  -0.271   0.123   0.451  -0.077  -0.023  -0.246  -0.471   0.263  -0.229  -0.114   0.060   0.168  -0.114   0.004  -0.074   0.084  -0.141   0.089  -0.087   0.075   0.032  -0.314   0.192  -0.096
  140939A   -0.043  -0.221   0.141   0.453  -0.142   0.408   0.203   0.308   0.064   0.138   0.268   0.144   0.151  -0.165   0.158   0.199   0.189  -0.172   0.237  -0.180   0.049   0.088  -0.070  -0.050   0.008  -0.002   0.012
  190735A   -0.226   0.088   0.193   0.053   0.325  -0.197   0.013   0.080  -0.093  -0.020   0.010  -0.273   0.213   0.208  -0.006   0.350   0.128   0.015   0.091  -0.075   0.197   0.212   0.381   0.431   0.012   0.097  -0.033
  192683A    0.144   0.328   0.261   0.009   0.037   0.183  -0.107   0.121   0.086   0.189  -0.035   0.228   0.046  -0.056  -0.321  -0.233  -0.232  -0.128   0.013   0.037   0.107   0.244   0.454  -0.236  -0.227   0.167  -0.002
