  year  #   1
  1950   1.304
  1951   1.143
  1952   0.431
  1953   1.254
  1954   0.458
  1955   1.135
  1956  -0.250
  1957   0.115
  1958   0.906
  1959  -0.185
  1960  -0.389
  1961  -0.609
  1962  -2.436
  1963  -1.401
  1964  -2.302
  1965  -1.867
  1966  -1.394
  1967   0.146
  1968   0.751
  1969  -0.081
  1970   0.352
  1971   1.174
  1972   0.998
  1973   1.160
  1974   0.463
  1975   0.194
  1976  -0.239
  1977  -1.761
  1978  -0.612
  1979  -0.097
  1980   0.654
  1981   0.626
  1982   1.033
  1983   1.522
  1984   1.428
  1985   1.660
  1986   1.057
  1987  -0.637
  1988  -0.271
  1989  -0.262
  1990  -0.668
  1991  -1.508
  1992  -0.734
  1993  -0.306
  1994  -0.016
  1995  -0.343
  1996  -0.764
  1997  -0.679
  1998  -0.342
  1999  -0.149
  2000   0.336
