  year  #   1
  1950   1.109
  1951   1.020
  1952   0.283
  1953   1.177
  1954   0.460
  1955   0.729
  1956  -1.124
  1957   0.109
  1958   0.933
  1959   0.060
  1960  -1.063
  1961  -1.091
  1962  -2.418
  1963  -1.437
  1964  -2.546
  1965  -2.266
  1966  -1.663
  1967   0.253
  1968   0.782
  1969   0.082
  1970   0.735
  1971   1.220
  1972   1.208
  1973   1.260
  1974   0.533
  1975   0.510
  1976   0.226
  1977  -1.439
  1978  -0.662
  1979  -0.206
  1980   0.504
  1981   0.627
  1982   0.687
  1983   0.938
  1984   0.855
  1985   1.627
  1986   1.188
  1987  -0.516
  1988  -0.081
  1989   0.246
  1990  -0.366
  1991  -1.099
  1992  -0.542
  1993  -0.270
  1994   0.285
  1995  -0.051
  1996  -0.622
  1997  -0.532
  1998  -0.126
  1999  -0.021
  2000   0.495
