 % variance  0.347   0.147   0.126
 cumulative  0.347   0.494   0.619
 series_id   #  1       2       3
  121455    -0.059   0.778   0.139
  40934      0.749   0.246   0.411
  40935      0.143   0.189   0.647
  102453     0.296   0.619  -0.029
  111290    -0.038   0.619  -0.456
  172565     0.840   0.116  -0.224
  192260    -0.245   0.092   0.468
  192666     0.642  -0.390   0.479
  12234     -0.600  -0.052   0.240
  20432      0.278  -0.002   0.833
  30039      0.138   0.632   0.346
  30109      0.097  -0.046   0.554
  41025      0.844   0.054   0.229
  101259     0.721  -0.014   0.451
  162470     0.906  -0.099  -0.079
  162591     0.890   0.180  -0.044
  172493     0.864  -0.194   0.261
  182455     0.734  -0.344   0.090
  192154    -0.144   0.789  -0.067
  192552     0.856  -0.156  -0.099
  192568     0.718   0.379   0.300
  192583     0.618   0.063  -0.030
  201248     0.691   0.319   0.255
  140939    -0.118   0.391  -0.074
  190735    -0.745   0.391  -0.242
  192683     0.441   0.145  -0.547
  41006      0.133   0.712   0.147
