 eigenvalue  9.742   3.976   3.006   1.951   1.514   1.013   0.965   0.728   0.606   0.586   0.498   0.372   0.333   0.286   0.250   0.217   0.184   0.148   0.133   0.099   0.086   0.083   0.069   0.058   0.047   0.030   0.023
 eval sderr  1.929   0.787   0.595   0.386   0.300   0.201   0.191   0.144   0.120   0.116   0.099   0.074   0.066   0.057   0.049   0.043   0.036   0.029   0.026   0.020   0.017   0.016   0.014   0.011   0.009   0.006   0.005
 % variance  0.361   0.147   0.111   0.072   0.056   0.038   0.036   0.027   0.022   0.022   0.018   0.014   0.012   0.011   0.009   0.008   0.007   0.005   0.005   0.004   0.003   0.003   0.003   0.002   0.002   0.001   0.001
 cumulative  0.361   0.508   0.619   0.692   0.748   0.785   0.821   0.848   0.870   0.892   0.911   0.924   0.937   0.947   0.956   0.964   0.971   0.977   0.982   0.985   0.989   0.992   0.994   0.996   0.998   0.999   1.000
 brokn stck  3.891   2.891   2.391   2.058   1.808   1.608   1.441   1.299   1.174   1.062   0.962   0.872   0.788   0.711   0.640   0.573   0.511   0.452   0.396   0.344   0.294   0.246   0.201   0.157   0.115   0.075   0.037
 series_id   #  1       2       3       4       5       6       7       8       9      10      11      12      13      14      15      16      17      18      19      20      21      22      23      24      25      26      27
  121455    -0.005   0.391   0.082  -0.211   0.282  -0.025  -0.076   0.028  -0.225  -0.058  -0.014   0.344  -0.065  -0.221  -0.104   0.022  -0.417  -0.378  -0.008  -0.194   0.116   0.050  -0.125   0.178   0.170   0.122   0.107
  40934      0.265   0.120   0.126   0.019   0.077  -0.259  -0.073  -0.102  -0.188  -0.102   0.015   0.092   0.207  -0.029   0.178  -0.149  -0.021   0.178   0.458   0.152   0.394  -0.217   0.088  -0.313  -0.090   0.206  -0.184
  40935      0.095   0.096   0.342   0.146  -0.196   0.173  -0.283   0.508  -0.179  -0.130  -0.165  -0.324  -0.171  -0.216   0.035   0.227   0.011   0.160  -0.119  -0.175   0.184  -0.059   0.060   0.014  -0.058   0.100   0.050
  102453     0.092   0.308  -0.060  -0.168  -0.025  -0.139   0.375   0.106   0.498  -0.363   0.323  -0.099  -0.018  -0.075  -0.070   0.233   0.000   0.079  -0.160  -0.050   0.253   0.049   0.022  -0.050  -0.004  -0.039  -0.168
  111290    -0.044   0.309  -0.254  -0.243   0.272   0.142  -0.077   0.226  -0.022   0.201  -0.073   0.008  -0.159   0.234   0.167   0.323  -0.011   0.304   0.294  -0.053  -0.292  -0.080  -0.162  -0.078  -0.075  -0.103  -0.219
  172565     0.245   0.052  -0.241   0.186   0.174   0.151  -0.098  -0.087   0.004   0.037  -0.082  -0.270   0.089  -0.049  -0.013  -0.008  -0.244  -0.024  -0.147  -0.038   0.018   0.102   0.105  -0.522   0.485  -0.258   0.063
  192260    -0.040   0.049   0.295   0.222   0.400  -0.211  -0.048   0.221   0.318   0.541   0.252  -0.056  -0.059  -0.140   0.072  -0.222  -0.046  -0.002  -0.170   0.056  -0.064  -0.106   0.048  -0.033  -0.051   0.074  -0.068
  192666     0.235  -0.198   0.183  -0.091  -0.007   0.236   0.065   0.031  -0.015   0.092  -0.045   0.244  -0.187   0.268  -0.210   0.238  -0.259   0.003  -0.182   0.427   0.026   0.053   0.316  -0.018   0.061   0.220  -0.295
  12234     -0.168  -0.021   0.217   0.436  -0.093   0.025   0.076  -0.094  -0.071   0.061   0.356   0.141   0.222   0.292   0.032   0.459  -0.251   0.080   0.108  -0.096   0.074  -0.138  -0.138   0.018   0.062  -0.134   0.227
  20432      0.150   0.000   0.429  -0.141   0.149  -0.060  -0.093   0.193  -0.018  -0.216   0.137   0.020   0.095   0.231  -0.017  -0.016   0.428  -0.141   0.127   0.186  -0.195   0.236  -0.233  -0.048   0.397  -0.074   0.077
  30039      0.071   0.317   0.172   0.226  -0.275   0.082   0.000   0.008   0.360   0.044  -0.350   0.175   0.168  -0.053  -0.467  -0.156  -0.106   0.121   0.236  -0.003  -0.240   0.074  -0.126  -0.089  -0.066   0.004  -0.005
  30109      0.072  -0.022   0.297   0.038   0.296   0.429   0.485  -0.235  -0.178  -0.121   0.108  -0.155  -0.286  -0.115  -0.083  -0.179   0.010   0.134   0.162  -0.135  -0.107  -0.004  -0.011  -0.095  -0.175  -0.017   0.114
  41025      0.280   0.023   0.012   0.066  -0.166  -0.183  -0.090  -0.123  -0.098   0.219   0.136   0.062  -0.308  -0.091   0.081   0.002  -0.086   0.179   0.081   0.050   0.169   0.642  -0.148   0.116  -0.148  -0.310  -0.019
  101259     0.259  -0.010   0.154  -0.106  -0.147   0.072   0.043  -0.157   0.230   0.140  -0.094   0.236   0.003  -0.337   0.405   0.337   0.172  -0.245   0.135  -0.098  -0.214  -0.079   0.318  -0.085  -0.018  -0.097   0.170
  162470     0.276  -0.056  -0.168   0.097  -0.138  -0.113   0.224  -0.002  -0.035   0.122   0.054  -0.078   0.010   0.013   0.142   0.050  -0.025   0.121  -0.025  -0.223  -0.218   0.161  -0.215   0.024   0.223   0.716   0.071
  162591     0.274   0.084  -0.148  -0.022   0.132  -0.079  -0.061   0.041  -0.118  -0.094   0.132  -0.278   0.257  -0.152  -0.129   0.174  -0.139  -0.105  -0.045   0.468  -0.277  -0.017  -0.064   0.062  -0.410   0.035   0.328
  172493     0.288  -0.102   0.029  -0.073  -0.099  -0.133   0.018   0.002   0.055  -0.002   0.077  -0.305  -0.056   0.028  -0.069  -0.126  -0.257   0.029   0.313  -0.073  -0.137  -0.302   0.164   0.533   0.310  -0.215  -0.113
  182455     0.234  -0.177  -0.048   0.034   0.207   0.274  -0.228  -0.154   0.036   0.127   0.131  -0.069   0.346  -0.103  -0.278   0.192   0.233  -0.161   0.039  -0.326   0.144   0.077  -0.122   0.141  -0.149   0.042  -0.400
  192154    -0.047   0.396  -0.022   0.238  -0.049  -0.184   0.215  -0.014  -0.232   0.151  -0.093  -0.266  -0.058   0.318  -0.087   0.069   0.212  -0.428   0.086  -0.076  -0.004   0.148   0.373   0.015  -0.095   0.031  -0.120
  192552     0.258  -0.084  -0.173  -0.106   0.113   0.154  -0.008   0.203   0.265   0.164  -0.084   0.050  -0.091   0.367  -0.099  -0.097   0.085  -0.074   0.153  -0.108   0.410  -0.041   0.037   0.052  -0.103   0.043   0.552
  192568     0.248   0.186   0.067  -0.151   0.001  -0.157  -0.154  -0.114  -0.201  -0.034   0.160   0.224   0.117   0.198  -0.152  -0.126   0.120   0.371  -0.395  -0.335  -0.211  -0.100   0.311  -0.014  -0.093  -0.088   0.131
  192583     0.190   0.028  -0.102   0.398   0.109   0.195  -0.124   0.149   0.148  -0.416   0.026   0.183   0.003   0.222   0.423  -0.260  -0.153  -0.158  -0.057  -0.069  -0.163   0.094   0.033   0.136  -0.204  -0.019  -0.170
  201248     0.236   0.157   0.046   0.054   0.020   0.082   0.411   0.055  -0.160   0.194  -0.358   0.072   0.283   0.003   0.214  -0.031   0.121   0.079  -0.328   0.152   0.188  -0.161  -0.283   0.244   0.067  -0.223  -0.080
  140939    -0.041   0.196  -0.027  -0.258  -0.444   0.426   0.020   0.190  -0.111   0.243   0.451  -0.033   0.220   0.003   0.120  -0.309  -0.077  -0.130   0.038   0.063   0.008   0.018   0.015  -0.107   0.002  -0.003  -0.051
  190735    -0.249   0.200  -0.035   0.057   0.209   0.233  -0.069  -0.103   0.079  -0.016  -0.026  -0.037   0.280  -0.119   0.118   0.011   0.083   0.346   0.100   0.177   0.104   0.331   0.393   0.365   0.205   0.161   0.143
  192683     0.096   0.068  -0.368   0.369  -0.018   0.069   0.039   0.199  -0.166  -0.021   0.251   0.340  -0.259  -0.289  -0.239   0.006   0.355   0.032   0.084   0.177  -0.002  -0.214   0.049   0.060   0.192  -0.038   0.010
  41006      0.055   0.357   0.060   0.045  -0.102   0.164  -0.345  -0.529   0.159   0.010   0.056  -0.164  -0.316   0.126   0.089   0.001   0.139  -0.041  -0.164   0.193   0.084  -0.259  -0.230   0.094   0.068   0.150   0.026
