 % variance  0.207
 cumulative  0.207
 series_id   #  1
  12490      0.490
  42544      0.613
  80719      0.290
  92493      0.515
  110950     0.325
  131017     0.692
  131080     0.408
  140735     0.720
  200168     0.371
  20804A     0.017
  42250A     0.584
  72345A     0.648
  82403A     0.540
  92360A     0.502
  102470A    0.315
  122554A    0.233
  42232A     0.648
  90285A     0.244
  092501A    0.587
  111166A    0.453
  131192A    0.229
  160962A    0.148
  80248      0.635
  92389      0.513
  110952     0.578
  120924     0.476
  82317      0.448
  190497     0.356
  131047     0.120
  91491      0.314
  60125      0.514
  52388      0.468
  92486A     0.565
  121423A    0.159
  52237A     0.180
  80641A     0.550
  110899A    0.334
  171403A    0.353
  052246A    0.300
