 eigenvalue  8.090   3.183   2.684   2.599   1.864   1.752   1.664   1.531   1.390   1.333   1.192   1.106   1.053   0.970   0.929   0.831   0.791   0.712   0.592   0.571   0.520   0.481   0.441   0.380   0.369   0.329   0.251   0.243   0.220   0.208   0.168   0.134   0.118   0.102   0.065   0.050   0.039   0.032   0.015
 eval sderr  1.602   0.630   0.532   0.515   0.369   0.347   0.329   0.303   0.275   0.264   0.236   0.219   0.208   0.192   0.184   0.165   0.157   0.141   0.117   0.113   0.103   0.095   0.087   0.075   0.073   0.065   0.050   0.048   0.044   0.041   0.033   0.026   0.023   0.020   0.013   0.010   0.008   0.006   0.003
 % variance  0.207   0.082   0.069   0.067   0.048   0.045   0.043   0.039   0.036   0.034   0.031   0.028   0.027   0.025   0.024   0.021   0.020   0.018   0.015   0.015   0.013   0.012   0.011   0.010   0.009   0.008   0.006   0.006   0.006   0.005   0.004   0.003   0.003   0.003   0.002   0.001   0.001   0.001   0.000
 cumulative  0.207   0.289   0.358   0.425   0.472   0.517   0.560   0.599   0.635   0.669   0.700   0.728   0.755   0.780   0.804   0.825   0.845   0.863   0.879   0.893   0.907   0.919   0.930   0.940   0.949   0.958   0.964   0.970   0.976   0.981   0.986   0.989   0.992   0.995   0.997   0.998   0.999   1.000   1.000
 brokn stck  4.254   3.254   2.754   2.420   2.170   1.970   1.804   1.661   1.536   1.425   1.325   1.234   1.150   1.073   1.002   0.935   0.873   0.814   0.758   0.706   0.656   0.608   0.563   0.519   0.478   0.438   0.399   0.362   0.326   0.292   0.259   0.226   0.195   0.165   0.135   0.107   0.079   0.052   0.026
 series_id   #  1       2       3       4       5       6       7       8       9      10      11      12      13      14      15      16      17      18      19      20      21      22      23      24      25      26      27      28      29      30      31      32      33      34      35      36      37      38      39
  12490      0.172   0.116  -0.008   0.090  -0.195   0.032  -0.196  -0.118   0.294   0.237   0.095   0.071   0.185   0.305  -0.141   0.184  -0.103   0.009   0.129   0.214   0.151   0.063  -0.067  -0.117  -0.233  -0.294   0.235  -0.153  -0.105  -0.204   0.076  -0.075   0.132   0.081  -0.153   0.204  -0.121  -0.114  -0.032
  42544      0.216  -0.112   0.150  -0.011  -0.004  -0.129   0.104   0.104  -0.212   0.060  -0.231   0.152   0.192   0.247  -0.012  -0.230  -0.055  -0.024  -0.136  -0.007   0.160   0.388  -0.005  -0.053  -0.011  -0.159  -0.235  -0.238   0.127  -0.023  -0.107  -0.290   0.018   0.091   0.233  -0.287  -0.059  -0.007  -0.074
  80719      0.102   0.266  -0.134  -0.165   0.074   0.272  -0.121  -0.033   0.111   0.338  -0.024   0.043   0.206   0.058  -0.006   0.113   0.026  -0.085  -0.182   0.027  -0.134   0.187  -0.060   0.040   0.353   0.358  -0.024   0.238   0.072  -0.070   0.130   0.063   0.029   0.296   0.221  -0.040  -0.091  -0.014  -0.050
  92493      0.181  -0.158   0.008   0.230  -0.012  -0.111  -0.065  -0.005   0.294   0.075  -0.113  -0.195  -0.104  -0.249   0.114  -0.062  -0.383  -0.065  -0.092   0.044  -0.122   0.170   0.093  -0.143  -0.001   0.244  -0.209  -0.029  -0.111   0.010   0.112  -0.157   0.359  -0.010  -0.202  -0.021   0.036   0.150   0.242
  110950     0.114   0.369  -0.002   0.145  -0.118  -0.194  -0.048  -0.128  -0.084   0.201   0.046  -0.055  -0.031  -0.107  -0.015  -0.138  -0.094   0.137   0.138  -0.202   0.041  -0.186   0.399  -0.010   0.031   0.087   0.243  -0.066   0.072  -0.210  -0.129  -0.168  -0.022   0.067   0.207  -0.093   0.390   0.108  -0.077
  131017     0.243  -0.035   0.152  -0.154  -0.107   0.211   0.067  -0.037   0.065   0.155  -0.236  -0.035  -0.092  -0.109  -0.072   0.107  -0.072  -0.170   0.131   0.037   0.019  -0.082  -0.309  -0.028   0.168  -0.111  -0.065   0.021   0.094   0.014  -0.363  -0.134  -0.335  -0.001  -0.083   0.158   0.326   0.003   0.314
  131080     0.143   0.175   0.269  -0.166  -0.184   0.134  -0.048  -0.040  -0.071  -0.020  -0.107   0.183  -0.090  -0.105   0.300  -0.231  -0.002  -0.086  -0.204  -0.028  -0.194  -0.284  -0.182  -0.098  -0.178  -0.110  -0.024   0.087  -0.310  -0.067  -0.013   0.043   0.310  -0.079   0.257   0.059  -0.017  -0.192  -0.075
  140735     0.253  -0.116  -0.091  -0.009   0.069   0.029  -0.173  -0.121  -0.099  -0.152  -0.180  -0.084   0.057   0.031  -0.174   0.021   0.020   0.003   0.137  -0.399   0.027   0.053  -0.031   0.010   0.086   0.118   0.372   0.041  -0.104   0.420  -0.263  -0.089   0.274   0.038  -0.048   0.034  -0.159  -0.197  -0.063
  200168     0.130   0.181   0.168  -0.116   0.017   0.106  -0.025   0.356  -0.109  -0.278  -0.066   0.056   0.323   0.103  -0.018   0.025  -0.129  -0.085   0.160   0.304  -0.039  -0.013   0.307   0.101  -0.110   0.274  -0.061  -0.070  -0.064   0.219   0.022  -0.026  -0.012  -0.066  -0.014   0.349   0.160   0.069  -0.059
  20804A     0.006  -0.038   0.078   0.163  -0.210  -0.267  -0.277  -0.269   0.141  -0.239  -0.325   0.003   0.122  -0.051   0.057  -0.029   0.268   0.116  -0.082   0.317  -0.128  -0.163  -0.019  -0.011   0.307  -0.059   0.040  -0.113   0.006   0.202   0.207  -0.056  -0.178   0.155   0.059  -0.038   0.017   0.017  -0.016
  42250A     0.205  -0.297   0.100  -0.159   0.123   0.048  -0.020  -0.100   0.057   0.040  -0.007   0.062   0.043   0.055  -0.173   0.079  -0.007  -0.029  -0.194   0.010   0.090  -0.116  -0.006   0.516  -0.053   0.034   0.250  -0.093   0.009  -0.082   0.325   0.038   0.118  -0.279   0.161  -0.161   0.228   0.102   0.188
  72345A     0.228  -0.227   0.052  -0.007   0.172  -0.132   0.016   0.031   0.016   0.092   0.285  -0.134  -0.166  -0.178   0.018   0.015   0.083   0.146  -0.038  -0.005  -0.252   0.230   0.018   0.100  -0.117  -0.115  -0.007   0.080  -0.068   0.070   0.161  -0.270  -0.223   0.178   0.225   0.381   0.093  -0.241  -0.190
  82403A     0.190   0.001   0.013   0.305   0.134   0.077  -0.009   0.067  -0.075  -0.003   0.030  -0.078   0.313  -0.155   0.277  -0.178  -0.137   0.126  -0.339  -0.050  -0.051   0.039  -0.080   0.162   0.116  -0.073   0.211  -0.197   0.119  -0.173  -0.206   0.322  -0.167  -0.063  -0.213   0.169  -0.090  -0.038  -0.059
  92360A     0.176   0.026  -0.231  -0.004   0.164  -0.163  -0.060  -0.215   0.072  -0.021  -0.221   0.136  -0.311   0.122   0.026  -0.082  -0.112   0.190   0.009   0.239   0.226  -0.116  -0.134   0.212  -0.267   0.366  -0.186   0.056   0.089  -0.092  -0.214   0.089  -0.084   0.018   0.011   0.084  -0.080  -0.106  -0.202
  102470A    0.111   0.134   0.040   0.148   0.362   0.041  -0.282   0.001   0.070  -0.237   0.349   0.118  -0.022  -0.028  -0.161  -0.124   0.004  -0.059   0.184   0.220  -0.106   0.151  -0.198  -0.111   0.133  -0.006  -0.034  -0.036  -0.216  -0.065  -0.143   0.076  -0.012  -0.121   0.035  -0.366   0.238  -0.142   0.004
  122554A    0.082   0.221   0.156   0.272  -0.225   0.069  -0.065   0.052  -0.026  -0.083  -0.143  -0.168  -0.026  -0.219   0.034   0.402   0.096  -0.022   0.015  -0.215   0.339   0.257  -0.134   0.111  -0.097   0.054  -0.197   0.018  -0.105   0.002   0.192   0.133  -0.079  -0.163   0.052  -0.094   0.121  -0.132  -0.233
  42232A     0.228  -0.146  -0.088  -0.037   0.045   0.137  -0.037   0.297  -0.071  -0.069  -0.007  -0.063  -0.102  -0.140   0.077   0.172   0.267   0.023  -0.196   0.227   0.099  -0.114  -0.074  -0.358  -0.199   0.047   0.266   0.057   0.295  -0.035  -0.008  -0.068   0.157   0.172  -0.102  -0.185   0.181   0.166  -0.205
  90285A     0.086   0.132   0.176   0.117   0.122  -0.335   0.010  -0.086  -0.313   0.386  -0.015  -0.080   0.003   0.064   0.080   0.033   0.321  -0.011   0.057   0.237  -0.023   0.194  -0.041  -0.034  -0.101   0.011   0.081   0.246  -0.037   0.184  -0.088   0.205   0.121  -0.212  -0.013   0.083  -0.040   0.179   0.256
  092501A    0.207   0.056  -0.158   0.114  -0.186  -0.058   0.113   0.276  -0.030  -0.003   0.005  -0.254  -0.128   0.072  -0.206  -0.098   0.050  -0.195  -0.156   0.215   0.036  -0.158   0.138   0.219   0.253  -0.123   0.014   0.312  -0.244  -0.138  -0.098  -0.215  -0.061  -0.173  -0.104  -0.114  -0.238  -0.056  -0.132
  111166A    0.159   0.113  -0.021  -0.150   0.145  -0.021   0.267  -0.204   0.344  -0.082  -0.133  -0.096   0.294  -0.019  -0.092  -0.104   0.242   0.038  -0.060  -0.088  -0.102   0.014   0.271  -0.048  -0.193  -0.175  -0.206   0.258   0.151   0.002  -0.018   0.123   0.054  -0.059  -0.227  -0.118   0.179  -0.264  -0.012
  131192A    0.080   0.193  -0.014   0.287   0.132   0.111   0.130  -0.320  -0.200  -0.137   0.151  -0.038  -0.051   0.116   0.031   0.284  -0.003  -0.286  -0.035   0.032  -0.258  -0.180  -0.054   0.134   0.018  -0.081  -0.194  -0.146   0.374   0.036  -0.007  -0.252   0.227  -0.050   0.008   0.069  -0.077   0.024  -0.062
  160962A    0.052   0.227   0.184  -0.039   0.286  -0.030   0.309   0.014   0.117  -0.075   0.043  -0.384   0.058   0.173   0.110   0.163  -0.128   0.239  -0.108   0.014   0.131  -0.235  -0.129  -0.154  -0.065   0.100   0.106  -0.117  -0.206   0.130   0.054  -0.124  -0.175   0.101   0.157  -0.180  -0.182  -0.031   0.212
  80248      0.223   0.002  -0.039  -0.125  -0.190  -0.078   0.010  -0.120  -0.048  -0.253   0.133   0.133   0.115  -0.347  -0.094   0.261  -0.239   0.089   0.050   0.093  -0.088   0.085   0.112   0.075  -0.169  -0.175  -0.001   0.205   0.033  -0.028  -0.187   0.163  -0.075   0.159   0.228  -0.163  -0.307   0.250   0.154
  92389      0.180   0.089  -0.286   0.089  -0.105  -0.071  -0.032   0.261  -0.299  -0.057  -0.017   0.131  -0.030   0.103  -0.123   0.115   0.128   0.319  -0.046  -0.129  -0.140  -0.116  -0.052   0.057   0.001  -0.003  -0.214  -0.101  -0.083  -0.119   0.135   0.070   0.107   0.229  -0.135   0.016   0.115  -0.241   0.452
  110952     0.203   0.027   0.150   0.050  -0.204   0.127   0.141  -0.138  -0.021   0.125   0.198   0.221  -0.004   0.027  -0.382  -0.107   0.051   0.273  -0.174  -0.127  -0.166  -0.066  -0.108  -0.179  -0.033   0.218  -0.118  -0.076  -0.091   0.191   0.080  -0.028  -0.177  -0.185  -0.230  -0.018  -0.069   0.297  -0.210
  120924     0.167   0.176  -0.130   0.062   0.136   0.269   0.107   0.055   0.042   0.172  -0.095   0.063  -0.255  -0.326  -0.149  -0.240   0.071  -0.074   0.141   0.144   0.184  -0.030   0.200  -0.048   0.041  -0.180   0.006  -0.322   0.104   0.260   0.221   0.183  -0.003  -0.004   0.136   0.024  -0.234  -0.090   0.102
  82317      0.157   0.093  -0.394   0.117   0.142  -0.008  -0.095   0.092   0.115  -0.063  -0.108  -0.068   0.061   0.210   0.098  -0.155  -0.027  -0.146   0.055  -0.244  -0.038  -0.060  -0.199   0.007  -0.142  -0.275  -0.097   0.124  -0.136   0.148   0.151   0.084  -0.111   0.043   0.151   0.089   0.146   0.504  -0.066
  190497     0.125   0.036  -0.171  -0.384   0.012  -0.210   0.043  -0.158  -0.038  -0.149   0.099  -0.149  -0.121   0.048  -0.060   0.172   0.027  -0.021  -0.249   0.009   0.154   0.108   0.098  -0.252   0.333  -0.078  -0.118  -0.286  -0.131  -0.103  -0.094   0.215   0.155  -0.158   0.084   0.273   0.113   0.099  -0.095
  131047     0.042   0.246   0.289  -0.218   0.109  -0.237  -0.010   0.134   0.118  -0.077  -0.111  -0.025  -0.227  -0.051  -0.104  -0.027   0.191  -0.236   0.057  -0.160  -0.203   0.106  -0.076   0.247  -0.082   0.039   0.096  -0.256  -0.038  -0.199   0.003   0.060  -0.004   0.320  -0.291  -0.043  -0.151   0.193  -0.070
  91491      0.110  -0.195   0.049   0.052  -0.111   0.190   0.402  -0.174  -0.199  -0.062  -0.116  -0.237  -0.024   0.116   0.021  -0.111  -0.073   0.147   0.428   0.169  -0.134   0.088  -0.100   0.031   0.148   0.008   0.067   0.022  -0.116  -0.190   0.149   0.255   0.163   0.201  -0.006  -0.047   0.110   0.062  -0.200
  60125      0.181  -0.275  -0.009   0.051   0.066   0.084  -0.092  -0.124  -0.034  -0.003   0.102  -0.058   0.263  -0.112   0.093  -0.053   0.411  -0.199   0.231  -0.128   0.159  -0.195   0.100  -0.120  -0.066   0.256  -0.195  -0.113  -0.172  -0.346  -0.031  -0.096  -0.105  -0.004   0.086   0.080  -0.234   0.084   0.115
  52388      0.164  -0.099   0.109  -0.236  -0.030  -0.040  -0.255   0.081  -0.002   0.287   0.255  -0.122   0.041   0.039   0.293   0.076  -0.065   0.136   0.189  -0.015   0.081  -0.262   0.069   0.207   0.140  -0.157  -0.313  -0.077   0.044   0.273  -0.050   0.095   0.085   0.092  -0.200  -0.230  -0.013   0.011  -0.193
  92486A     0.199  -0.147   0.066   0.080  -0.257  -0.216  -0.017   0.162   0.132   0.001   0.106  -0.107  -0.113   0.294  -0.023  -0.009  -0.101  -0.301   0.057  -0.115  -0.220  -0.080   0.033  -0.205  -0.057   0.187   0.055  -0.049   0.293   0.046   0.056   0.383  -0.184  -0.092   0.216  -0.084  -0.051  -0.228   0.041
  121423A    0.056   0.032   0.040  -0.056  -0.075   0.429  -0.278  -0.105   0.011  -0.128  -0.071  -0.165  -0.332   0.306   0.238   0.003   0.139   0.219  -0.049  -0.018  -0.177   0.268   0.332   0.027  -0.085  -0.046   0.025  -0.025   0.004  -0.066  -0.084  -0.043  -0.151  -0.154  -0.026  -0.078  -0.082   0.105   0.159
  52237A     0.063  -0.021   0.390   0.189   0.134   0.007  -0.036   0.208   0.254  -0.152   0.018   0.114  -0.119   0.111  -0.119  -0.033   0.068   0.289   0.085  -0.139   0.189  -0.092  -0.004  -0.018   0.284  -0.102  -0.102   0.264   0.254  -0.140  -0.032   0.051   0.241   0.007   0.169   0.251  -0.107   0.145   0.046
  80641A     0.193  -0.017   0.090  -0.062   0.300  -0.097  -0.045  -0.084  -0.243  -0.014  -0.192   0.316  -0.091   0.033   0.154   0.175  -0.253  -0.096   0.083  -0.108   0.028  -0.065   0.176  -0.250   0.162  -0.092   0.090   0.219  -0.042  -0.139   0.355  -0.035  -0.238  -0.089  -0.265  -0.034  -0.086  -0.067  -0.068
  110899A    0.117   0.191   0.005  -0.201  -0.217  -0.034  -0.068  -0.164  -0.136  -0.253   0.318  -0.145   0.003  -0.010   0.105  -0.401  -0.041  -0.067   0.009  -0.011   0.325   0.130  -0.206   0.027   0.010   0.077   0.063   0.176   0.260   0.029   0.277  -0.130  -0.019   0.051  -0.178   0.072  -0.012  -0.031   0.193
  171403A    0.124   0.121  -0.244  -0.140  -0.100  -0.138   0.227   0.179   0.241  -0.019  -0.006   0.201   0.056  -0.088   0.338   0.083   0.135   0.193   0.308  -0.020  -0.172   0.123  -0.185   0.050   0.143   0.075   0.140  -0.118   0.113  -0.044   0.027  -0.221   0.049  -0.415   0.032  -0.051  -0.113   0.007  -0.020
  052246A    0.105  -0.060   0.007   0.205  -0.107   0.021   0.337  -0.073   0.186  -0.074   0.232   0.400  -0.146   0.148   0.311   0.072   0.144  -0.189  -0.114  -0.012   0.217   0.085   0.179   0.110   0.099   0.064   0.096   0.024  -0.224   0.206  -0.118   0.055  -0.012   0.278  -0.073  -0.020   0.148   0.016   0.084
