 eigenvalue 14.826   5.216   3.811   2.855   2.394   1.563   1.272   1.098   1.032   0.670   0.607   0.571   0.417   0.338   0.312   0.278   0.235   0.222   0.206   0.150   0.143   0.139   0.120   0.090   0.082   0.075   0.062   0.048   0.037   0.027   0.025   0.023   0.017   0.014   0.009   0.007   0.004   0.003   0.001
 eval sderr  2.936   1.033   0.755   0.565   0.474   0.309   0.252   0.217   0.204   0.133   0.120   0.113   0.083   0.067   0.062   0.055   0.047   0.044   0.041   0.030   0.028   0.027   0.024   0.018   0.016   0.015   0.012   0.009   0.007   0.005   0.005   0.005   0.003   0.003   0.002   0.001   0.001   0.001   0.000
 % variance  0.380   0.134   0.098   0.073   0.061   0.040   0.033   0.028   0.026   0.017   0.016   0.015   0.011   0.009   0.008   0.007   0.006   0.006   0.005   0.004   0.004   0.004   0.003   0.002   0.002   0.002   0.002   0.001   0.001   0.001   0.001   0.001   0.000   0.000   0.000   0.000   0.000   0.000   0.000
 cumulative  0.380   0.514   0.612   0.685   0.746   0.786   0.819   0.847   0.874   0.891   0.906   0.921   0.932   0.940   0.948   0.955   0.961   0.967   0.972   0.976   0.980   0.983   0.986   0.989   0.991   0.993   0.994   0.996   0.997   0.997   0.998   0.999   0.999   0.999   1.000   1.000   1.000   1.000   1.000
 brokn stck  4.254   3.254   2.754   2.420   2.170   1.970   1.804   1.661   1.536   1.425   1.325   1.234   1.150   1.073   1.002   0.935   0.873   0.814   0.758   0.706   0.656   0.608   0.563   0.519   0.478   0.438   0.399   0.362   0.326   0.292   0.259   0.226   0.195   0.165   0.135   0.107   0.079   0.052   0.026
 series_id   #  1       2       3       4       5       6       7       8       9      10      11      12      13      14      15      16      17      18      19      20      21      22      23      24      25      26      27      28      29      30      31      32      33      34      35      36      37      38      39
  12490     -0.095   0.058   0.032   0.312   0.219   0.060   0.234   0.329   0.389  -0.132   0.028  -0.029  -0.267  -0.251   0.145   0.072   0.062  -0.050   0.046   0.340   0.031   0.056  -0.120  -0.174  -0.182   0.115   0.070   0.008   0.001  -0.063  -0.041  -0.112  -0.004  -0.089  -0.058   0.168  -0.074   0.206   0.120
  42544      0.212  -0.101   0.111  -0.040  -0.073   0.181   0.005  -0.128   0.111   0.176   0.118  -0.196   0.042  -0.144  -0.166  -0.050  -0.051  -0.297  -0.191   0.243   0.109   0.342   0.097  -0.219  -0.084   0.059  -0.156  -0.093   0.216   0.171   0.214  -0.083   0.131  -0.146  -0.054  -0.166  -0.111  -0.285  -0.144
  80719      0.113  -0.250   0.141  -0.028  -0.133  -0.080   0.281   0.098   0.158  -0.350  -0.332  -0.107   0.024  -0.161  -0.131   0.020   0.132  -0.026   0.245  -0.055  -0.146  -0.275   0.239  -0.025   0.241  -0.079  -0.155   0.230   0.146   0.133   0.003  -0.095   0.060   0.018  -0.034  -0.202  -0.019  -0.078  -0.022
  92493      0.130   0.261   0.086   0.180   0.170  -0.096  -0.098  -0.132   0.112   0.004  -0.171  -0.087   0.137   0.261   0.403  -0.021   0.192  -0.078  -0.210  -0.113  -0.069   0.119   0.352   0.053  -0.013   0.053   0.035   0.140  -0.062   0.282   0.028  -0.223   0.114  -0.154   0.100  -0.057   0.082   0.118   0.193
  110950     0.046  -0.225  -0.043   0.366  -0.065  -0.218   0.160  -0.092  -0.167   0.299  -0.078  -0.180   0.191  -0.197   0.157  -0.130   0.163   0.233   0.029   0.108  -0.027  -0.050  -0.298   0.050  -0.138  -0.013   0.124  -0.012   0.034   0.187   0.031  -0.104  -0.183   0.150   0.303  -0.135  -0.053  -0.091  -0.074
  131017     0.124  -0.135   0.298   0.148   0.171   0.164  -0.194   0.084  -0.050  -0.088  -0.227  -0.020   0.129  -0.025  -0.056  -0.019  -0.302  -0.150   0.099  -0.308  -0.089   0.127  -0.095   0.064  -0.163   0.138  -0.128  -0.309   0.187  -0.026  -0.262  -0.085  -0.131   0.172   0.058  -0.060  -0.180   0.127   0.211
  131080     0.027  -0.260   0.147   0.106   0.272   0.304   0.022   0.206   0.026   0.218  -0.004   0.270   0.170   0.078   0.005   0.192   0.278   0.091   0.020  -0.058   0.403  -0.101   0.147  -0.015   0.149   0.168  -0.032  -0.032  -0.247   0.109   0.062   0.204  -0.089   0.055  -0.084  -0.091  -0.046  -0.113  -0.012
  140735     0.167   0.269   0.119   0.118  -0.083   0.035   0.029  -0.051   0.006   0.077  -0.039   0.187  -0.088  -0.056  -0.237   0.060   0.092   0.134   0.121   0.069  -0.249  -0.053  -0.014   0.133  -0.369  -0.185  -0.173  -0.077  -0.270   0.364  -0.210   0.246   0.243  -0.063  -0.095   0.039  -0.143  -0.086  -0.030
  200168     0.210  -0.165  -0.030  -0.157   0.099   0.142   0.090  -0.101   0.052  -0.005  -0.022  -0.130  -0.172   0.076  -0.050   0.103  -0.035  -0.022  -0.129   0.117  -0.115  -0.044   0.073  -0.172   0.155   0.020   0.071  -0.250  -0.173   0.183  -0.119   0.032   0.150   0.334   0.365   0.140   0.202   0.353  -0.286
  20804A    -0.033   0.121  -0.170   0.423  -0.067   0.051   0.119   0.172  -0.176  -0.082   0.172  -0.406   0.114   0.084  -0.209   0.259   0.085  -0.147  -0.246  -0.142  -0.037   0.031   0.011   0.147   0.208  -0.071  -0.163  -0.017  -0.174  -0.158  -0.160  -0.064   0.002  -0.025  -0.097  -0.024  -0.146   0.048  -0.189
  42250A     0.194   0.110   0.105   0.020  -0.166   0.248  -0.269   0.016   0.070  -0.106  -0.095   0.110  -0.004  -0.182  -0.017  -0.124   0.005  -0.196  -0.066   0.178   0.174   0.008  -0.162   0.098   0.161  -0.273  -0.016   0.229  -0.304  -0.032  -0.204  -0.242  -0.277   0.026   0.209   0.108   0.177  -0.190   0.044
  72345A     0.217   0.184  -0.043  -0.021  -0.115   0.143  -0.088   0.020  -0.006  -0.070  -0.002  -0.008   0.058  -0.054   0.158  -0.155   0.069  -0.018   0.106  -0.195   0.081   0.045   0.001  -0.192  -0.032  -0.028   0.327   0.243   0.026   0.051   0.079  -0.006   0.012   0.350  -0.242   0.121  -0.480   0.126  -0.309
  82403A     0.204   0.179  -0.152   0.058  -0.023  -0.110  -0.091  -0.072  -0.020   0.105  -0.064  -0.061   0.136   0.022  -0.094   0.072   0.144   0.138  -0.002   0.129   0.319  -0.196   0.189  -0.296  -0.047  -0.133  -0.264  -0.020   0.436  -0.089  -0.268   0.135  -0.132   0.022   0.048   0.286   0.019   0.090   0.117
  92360A     0.080  -0.017   0.308   0.191  -0.246  -0.291  -0.019   0.094   0.111   0.088   0.061   0.286  -0.166   0.120   0.121  -0.088   0.235  -0.200  -0.158  -0.153  -0.174   0.110  -0.213  -0.266   0.298  -0.141  -0.053  -0.163   0.091  -0.078   0.005   0.261  -0.067  -0.007  -0.035  -0.060   0.042   0.054  -0.038
  102470A    0.196   0.077  -0.224   0.069  -0.193   0.038   0.147   0.037   0.038  -0.075   0.054   0.096  -0.097   0.114  -0.147   0.064  -0.049  -0.072  -0.020  -0.224  -0.075  -0.092   0.136  -0.324  -0.307   0.331   0.271   0.031  -0.097  -0.033  -0.158   0.006  -0.330  -0.121   0.108  -0.244   0.189  -0.179  -0.012
  122554A    0.135  -0.045  -0.163   0.205   0.351  -0.097  -0.010  -0.055  -0.025  -0.064  -0.189  -0.143  -0.216   0.318  -0.108  -0.387  -0.069   0.057   0.350   0.071   0.058   0.310   0.031  -0.086   0.068  -0.100  -0.131   0.074  -0.169  -0.140   0.047   0.184  -0.083  -0.037  -0.008  -0.047   0.034  -0.106  -0.128
  42232A     0.222   0.188  -0.043  -0.084  -0.009   0.003  -0.037   0.058  -0.002  -0.124   0.021   0.042   0.062  -0.039   0.072  -0.019   0.001  -0.015   0.132  -0.043   0.160  -0.257  -0.114   0.030  -0.101  -0.116  -0.228  -0.303  -0.108  -0.041   0.428  -0.110  -0.168  -0.317   0.129  -0.233  -0.083   0.353  -0.201
  90285A     0.202   0.086  -0.190  -0.017  -0.023   0.137   0.176   0.074  -0.144   0.288  -0.022  -0.063   0.020  -0.261   0.018  -0.207   0.077  -0.136   0.128  -0.253  -0.021   0.018  -0.163  -0.054   0.046   0.132  -0.201   0.056  -0.070   0.027   0.080  -0.073   0.177   0.112  -0.318   0.063   0.449   0.165   0.218
  092501A    0.197   0.102   0.088  -0.054   0.252  -0.054   0.198  -0.182  -0.068   0.008  -0.068  -0.194   0.111  -0.032   0.055   0.037  -0.161  -0.181  -0.101   0.173  -0.140  -0.303  -0.008  -0.064   0.141  -0.183   0.306  -0.244  -0.143  -0.022   0.108   0.174  -0.221   0.009  -0.296   0.074  -0.068  -0.183   0.270
  111166A    0.241  -0.083  -0.067  -0.034  -0.067   0.038   0.045  -0.127  -0.036  -0.099  -0.025  -0.055  -0.092  -0.023   0.053   0.086   0.022  -0.070  -0.168  -0.021   0.014  -0.042  -0.163   0.020  -0.056   0.199  -0.174   0.305  -0.134  -0.256   0.197   0.345   0.205   0.053   0.350  -0.003  -0.294   0.008   0.384
  131192A    0.179  -0.048  -0.254   0.041  -0.123  -0.260  -0.051   0.118  -0.065   0.020  -0.157   0.105  -0.150  -0.077  -0.051  -0.127  -0.096  -0.250   0.005   0.100   0.286  -0.037   0.012   0.366   0.229   0.292   0.238  -0.144   0.081   0.238  -0.177   0.111   0.121  -0.222  -0.017   0.066  -0.134   0.068  -0.016
  160962A    0.140  -0.073  -0.243   0.202  -0.191  -0.035   0.046  -0.136  -0.144  -0.238   0.098   0.298   0.015  -0.018   0.418   0.271  -0.245   0.089   0.157   0.174  -0.003   0.147   0.114  -0.078   0.111   0.027  -0.231  -0.199  -0.079   0.012   0.017  -0.138   0.064   0.202  -0.135  -0.011  -0.002  -0.180   0.041
  80248      0.173  -0.042   0.213   0.171  -0.057   0.136  -0.106   0.094  -0.072  -0.062   0.243  -0.179  -0.445   0.286   0.074  -0.158  -0.122   0.230  -0.137  -0.004   0.182  -0.382  -0.085   0.097  -0.047  -0.007   0.000   0.015   0.178   0.093   0.040  -0.132   0.149   0.110  -0.137  -0.112   0.099  -0.132   0.070
  92389      0.191   0.146   0.126  -0.066  -0.066  -0.079   0.262  -0.012   0.142   0.141   0.266   0.012  -0.044  -0.095  -0.223   0.001  -0.122   0.384   0.116  -0.156   0.155   0.289   0.137   0.025   0.284  -0.138   0.178  -0.076  -0.070  -0.041  -0.044  -0.187   0.012  -0.029   0.146  -0.102  -0.152   0.098   0.313
  110952     0.145  -0.201   0.087   0.266   0.077  -0.158  -0.184   0.018   0.023  -0.039   0.061   0.110   0.053  -0.403  -0.077  -0.148  -0.294   0.221  -0.311  -0.126  -0.097  -0.046   0.344   0.029  -0.062  -0.001   0.004   0.121  -0.091  -0.117   0.182   0.136  -0.025  -0.097  -0.064   0.204   0.141   0.086  -0.173
  120924     0.213  -0.103   0.089  -0.045   0.226  -0.131  -0.020  -0.163  -0.045   0.009  -0.110   0.051  -0.035  -0.049   0.025   0.189   0.154   0.054   0.055  -0.229   0.055  -0.081  -0.224  -0.139  -0.019   0.028   0.119  -0.080  -0.048  -0.296  -0.144  -0.329   0.369  -0.293   0.006   0.215  -0.021  -0.265  -0.204
  82317      0.123   0.129   0.268  -0.050   0.016  -0.309   0.322  -0.135   0.131   0.090  -0.077   0.170   0.132   0.201  -0.114   0.045  -0.157  -0.100  -0.124   0.180   0.192  -0.004  -0.067   0.229  -0.166   0.190  -0.131   0.191  -0.049  -0.213  -0.040  -0.131  -0.052   0.289  -0.163  -0.076   0.082   0.115  -0.211
  190497    -0.061   0.181   0.351   0.195  -0.101   0.031   0.085  -0.002  -0.205  -0.198   0.089  -0.136   0.189  -0.038   0.054   0.167  -0.152  -0.138   0.327  -0.019   0.256   0.087  -0.022  -0.033  -0.041  -0.027   0.245   0.073   0.085   0.041   0.099   0.310   0.203  -0.069   0.194   0.071   0.327   0.004  -0.079
  131047     0.093  -0.254   0.029   0.101  -0.161   0.321   0.084  -0.438  -0.033  -0.127  -0.003   0.033  -0.062  -0.012   0.037  -0.055   0.328   0.043   0.007   0.104   0.004   0.130   0.094   0.260  -0.120  -0.085   0.191  -0.083   0.111  -0.264  -0.130   0.081  -0.063  -0.152  -0.216  -0.107   0.081   0.291   0.025
  91491      0.184   0.005  -0.050  -0.127   0.331  -0.119  -0.197  -0.055  -0.081  -0.030   0.109  -0.034  -0.145  -0.195   0.064   0.397  -0.060   0.072  -0.033   0.006  -0.025   0.135  -0.235  -0.009   0.084  -0.072   0.003   0.328   0.142   0.194  -0.174   0.135  -0.148  -0.066  -0.151  -0.381   0.088   0.150  -0.074
  60125      0.139   0.278   0.099   0.062   0.008  -0.029  -0.339   0.044  -0.070  -0.091  -0.062  -0.031  -0.004  -0.061  -0.264   0.116   0.308   0.188   0.114   0.250  -0.252   0.063   0.010   0.097   0.172   0.420   0.095  -0.125   0.086  -0.132   0.266  -0.067  -0.052   0.184  -0.013   0.002   0.097  -0.079   0.025
  52388      0.183  -0.043  -0.005  -0.145  -0.181   0.103  -0.044   0.399   0.024   0.001  -0.203  -0.097   0.382   0.164   0.141  -0.103  -0.146   0.317  -0.143   0.267  -0.101   0.079  -0.134  -0.119   0.022   0.007   0.096  -0.008  -0.065  -0.157  -0.186   0.115   0.221  -0.180  -0.110  -0.187   0.062   0.061  -0.015
  92486A     0.129   0.258  -0.062  -0.030   0.222   0.239   0.204   0.106   0.098   0.154   0.167   0.118   0.007  -0.127   0.278  -0.140  -0.021  -0.051   0.052  -0.027  -0.232  -0.093   0.134   0.302   0.117   0.005  -0.053  -0.015   0.302  -0.227  -0.142   0.153   0.019   0.020   0.247  -0.096   0.001  -0.234  -0.239
  121423A    0.193  -0.061  -0.216  -0.074   0.023  -0.041   0.101   0.288   0.135  -0.150  -0.197   0.030  -0.036   0.084  -0.053   0.212   0.119   0.032  -0.194  -0.180   0.092   0.260  -0.066   0.265  -0.240  -0.341   0.134  -0.126   0.187   0.035   0.276   0.050  -0.029   0.188   0.014   0.132   0.175  -0.176   0.042
  52237A     0.025  -0.051  -0.247   0.279   0.035   0.136  -0.115  -0.249   0.532  -0.009   0.127   0.127   0.313   0.197  -0.203   0.030  -0.168  -0.002   0.093  -0.057  -0.095  -0.156  -0.298   0.029   0.162  -0.003   0.076   0.080   0.136   0.122   0.107   0.013   0.118  -0.028  -0.014   0.038   0.064   0.037   0.026
  80641A     0.145  -0.179   0.063   0.007  -0.244   0.001  -0.163   0.115   0.134   0.507  -0.060  -0.191  -0.162   0.155   0.126   0.351  -0.149  -0.109   0.338   0.034  -0.170  -0.034   0.161   0.131  -0.046  -0.061   0.028   0.134  -0.040  -0.134   0.102  -0.029  -0.132  -0.099  -0.027   0.166  -0.027   0.067  -0.026
  110899A    0.160  -0.137   0.009   0.059   0.153   0.091   0.162   0.184  -0.465   0.000   0.158   0.360   0.087   0.232  -0.200  -0.031  -0.008  -0.135   0.004   0.194  -0.235   0.006   0.003  -0.055   0.002  -0.112   0.081   0.237   0.185   0.084   0.113  -0.225  -0.015  -0.140   0.092   0.167  -0.075   0.157   0.081
  171403A    0.181  -0.134   0.133  -0.224  -0.038  -0.049   0.125   0.011   0.087  -0.234   0.331  -0.195   0.137   0.108   0.143  -0.083   0.110   0.129   0.061  -0.080  -0.078   0.125  -0.144   0.134   0.008   0.264  -0.194   0.016  -0.035   0.228  -0.076   0.079  -0.311  -0.176  -0.062   0.426   0.005  -0.076  -0.059
  052246A    0.128  -0.208  -0.063  -0.078   0.101  -0.309  -0.243   0.158   0.102  -0.082   0.472  -0.063   0.205  -0.029  -0.010  -0.121   0.212  -0.264   0.195   0.087   0.002  -0.080   0.155   0.042  -0.212  -0.128   0.075  -0.065  -0.134  -0.121  -0.136  -0.024   0.181   0.205   0.015  -0.172   0.038   0.004   0.131
