  year  #   1       2       3       4       5       6       7       8       9      10      11      12      13      14      15      16      17      18      19      20      21      22      23      24      25      26      27      28      29      30      31      32      33      34      35      36      37      38      39
  1950  -2.373  -2.563  -0.542  -1.413   0.990  -2.684  -0.329   0.815  -0.741  -1.222   2.383  -0.796  -0.797   1.515  -0.259   0.101   1.236   0.502   0.385  -0.593  -0.455   0.606   1.154  -0.977   0.021   0.482   0.043  -0.140   0.163   0.141   0.679   0.920  -0.077  -0.188  -0.059  -0.208   0.136   0.094   0.074
  1951   0.070  -3.020  -1.101   0.025   0.933   0.767   2.593   0.157   0.679   1.497   0.638  -1.661   0.652   0.999  -1.287   0.644  -0.659  -1.700   0.052   1.494   0.224  -0.266   0.303  -0.384   0.160  -0.800   1.023   0.483   0.669   0.189  -0.241   0.132   0.110   0.330  -0.324  -0.001   0.123   0.173   0.139
  1952  -0.537  -0.366  -0.866   3.371   0.302   3.154  -1.421   0.474   1.680  -0.372   0.336  -1.682   0.535  -1.763  -0.709  -0.784   1.270   0.462   0.639  -0.574   0.268   0.389   0.285   0.642  -0.310  -0.535  -0.539   0.362  -0.286   0.680  -0.335   0.560   0.430   0.388  -0.072  -0.142   0.123  -0.077  -0.137
  1953  -0.480  -2.435   0.401   3.524   0.695  -0.635   0.922   1.665   1.217   0.665  -1.954  -1.083  -1.473  -0.795   0.219   0.631  -1.011  -1.472  -0.075  -0.432   0.284  -0.307   0.994   0.260  -0.251   0.479  -0.827  -0.046  -0.573   0.025  -0.007  -0.098  -0.285   0.169   0.172   0.044   0.093   0.101  -0.025
  1954   2.157   1.057  -1.401  -1.702  -0.515   3.699   3.513  -2.040  -1.871   0.594  -0.574   0.059  -0.058  -1.171  -0.007  -0.470   0.337   0.896   1.163   0.115  -0.478  -0.606   1.024  -0.046  -0.398   0.231  -0.371  -0.442  -0.259  -0.701   0.443   0.387  -0.282  -0.123  -0.212  -0.137   0.016   0.138   0.060
  1955   4.173   0.115  -0.118   1.230  -3.455  -0.418   3.605   0.705   1.197  -0.338   1.352   2.146  -0.481  -0.166   2.057  -0.983   0.340  -0.119   0.429  -0.137   1.843   0.517  -0.291  -0.511  -0.153   0.351   0.467   0.386   0.094   0.052   0.243  -0.209   0.020   0.365   0.092  -0.064   0.173  -0.019  -0.110
  1956   0.793   3.036   2.070  -2.575  -0.363   0.620  -0.297  -1.448  -1.669  -0.361  -1.300   0.079  -1.706   0.997  -0.227  -1.565  -0.037  -1.913  -0.680   0.319   0.088  -0.004  -0.839   0.250   0.097  -0.039  -0.426   0.544  -0.721   0.939  -0.143   0.202   0.010   0.174  -0.157  -0.109   0.143   0.173   0.002
  1957   0.064   3.077   1.203  -3.124  -1.781  -0.331  -0.467   0.610   1.336   1.744  -0.554  -0.192   0.162  -0.827  -1.410  -0.195  -0.148  -1.059   0.088  -0.447  -0.493   0.291  -0.319   0.011  -0.883  -0.472   0.247   0.754   0.421  -0.276   0.679   0.212   0.045  -0.162   0.089   0.204  -0.034   0.151  -0.121
  1958   3.639   1.823   0.177  -0.124  -0.585  -2.301   0.227   0.807  -0.765   0.764  -1.208   0.304   0.967  -0.431  -1.330  -0.436  -0.358   0.012   0.504  -0.226  -0.768   0.988   1.194   0.752  -0.292   0.701   0.155   0.541   0.230  -0.111  -0.023  -0.609  -0.246   0.188   0.327  -0.237  -0.007  -0.116   0.188
  1959  -4.389  -3.219  -0.109  -1.863   0.729  -1.414   0.910   0.828   1.767  -1.171  -2.024   2.676   0.993   0.423  -0.701  -0.646  -0.016   0.735   0.377   0.373  -0.263   0.432  -0.893  -0.165  -0.233  -1.233  -0.199   0.008  -0.908  -0.565  -0.158   0.037   0.425   0.306  -0.062  -0.475  -0.043  -0.032   0.034
  1960   4.226   0.642  -0.309  -1.640   1.258   2.266   0.783   2.777   0.292   0.096   1.661   0.418  -0.311   2.148  -0.330   0.751  -1.521   0.917  -0.579  -0.238  -0.349   1.000   0.311   0.309   0.887   0.377  -0.331   0.507  -0.662  -0.223  -0.225  -0.150  -0.093  -0.089  -0.256   0.356   0.198  -0.256  -0.155
  1961  -1.967  -0.791  -1.026  -1.320   1.973   0.495   0.112  -1.542  -0.274   0.369  -0.661   2.131  -0.277   0.307   0.141   1.224   1.028   0.494   0.460   0.163   0.461   0.623  -0.239  -0.408   0.328   0.004  -1.222   0.290   0.423   0.335  -0.099   0.264  -0.417   0.588   0.186   0.435  -0.120  -0.032  -0.039
  1962   1.327   0.853  -2.017  -1.557   0.819   1.064  -0.642   1.172   1.445  -0.748   0.110   0.383  -1.232  -1.195   1.804   1.618   0.208  -0.183  -0.387   0.723  -0.494  -0.322   0.531  -0.279  -0.030   0.587   0.856   0.573   0.220   0.450  -0.638  -0.181   0.366   0.055   0.183  -0.343  -0.332  -0.031   0.101
  1963  -0.860  -1.599  -0.016  -0.364  -2.029   0.718   0.303   0.958  -0.415   0.629   0.830  -0.315   1.081   1.731   0.403  -0.167   0.630   0.508  -1.412  -0.153  -0.724  -1.303  -0.422   0.942   0.012   0.260  -0.676  -0.952   0.570   0.131   0.438  -0.832   0.150   0.409  -0.087  -0.280  -0.265   0.174  -0.090
  1964  -3.624   0.124  -0.939  -1.827   0.660   0.410  -1.416  -0.078   0.216  -1.651  -0.043  -2.117   0.423   0.610   2.233  -1.242  -0.989  -1.016   1.401  -0.807   0.497  -0.169  -0.782   0.302   0.186   0.082   0.221  -0.048   0.373   0.219   0.302  -0.254  -0.112  -0.147  -0.150  -0.209   0.214  -0.182  -0.020
  1965  -4.441   0.273  -0.419   0.721  -2.128  -1.271  -0.063  -0.920  -0.877   1.004   2.780  -0.049  -0.935  -0.836  -0.211   0.879   0.443  -0.247   0.349   0.222   0.080   0.090   0.055  -0.262   0.743  -0.237  -0.698   0.605  -0.313   0.556   0.267  -0.166   0.029   0.104   0.368  -0.206  -0.072   0.291  -0.007
  1966  -6.013  -0.257  -1.270   0.448   0.645   0.413  -0.540  -1.068  -0.228   1.856  -0.371   1.216   0.654  -1.001   0.697  -0.164  -0.464   0.085  -1.014  -0.148   0.363  -0.256  -1.202  -0.635  -0.125   1.527   0.680   0.232   0.323  -0.548  -0.026   0.390   0.145  -0.206  -0.077   0.073   0.348  -0.063  -0.006
  1967   1.131  -1.440   0.380   1.566  -1.393  -2.178   0.319  -2.403  -0.907  -0.027  -0.234  -0.209  -0.541   0.869  -0.871  -0.370  -0.002   0.746  -0.354   0.710  -0.213  -0.725   0.371   0.055  -1.026   0.013   0.167   0.577   0.298   0.483  -0.280   0.050  -0.139   0.054  -0.129  -0.140   0.004  -0.685  -0.159
  1968  -0.267   1.617   0.506  -0.515   2.029  -0.198  -0.463  -1.089  -0.152   0.835  -1.370   0.887   1.424   0.462   1.485   0.561  -1.312   0.254   0.341   0.434   1.246   0.186   1.562  -0.194   0.382  -0.754  -0.325  -0.107   0.451   0.520  -0.148  -0.140  -0.360  -0.724   0.017  -0.455  -0.105   0.117  -0.134
  1969   0.671   0.370   1.389   0.118  -0.805  -0.504  -1.741   1.095  -2.248   0.227   0.379   1.881  -0.629  -1.188   1.092   0.403  -0.750  -0.014   0.354   0.113  -1.646  -0.711   0.732  -0.189  -0.048  -0.543   0.439  -0.688  -0.099   0.228  -0.612   0.091   0.127   0.579  -0.612  -0.002   0.411   0.148  -0.017
  1970   0.510   0.395   1.106   1.606   0.506   0.217  -0.594   0.059   1.265   3.108  -0.995  -0.816   0.215   1.342   1.498  -1.529   0.754   1.858  -0.260   0.963   0.446   0.315  -0.096  -0.073  -0.261  -0.112   0.420  -0.600   0.030   0.522  -0.010   0.115  -0.182   0.228   0.020   0.344  -0.074   0.173   0.207
  1971  -1.500   2.072   1.082   3.932   1.102   0.390  -0.062  -1.742   1.219   0.012   0.303   1.096  -0.924   1.717  -1.109   0.887   1.786  -1.439  -0.323  -0.042  -0.268   1.206  -0.033  -0.023  -0.219  -0.091   0.015  -0.530   0.303  -0.555  -0.137  -0.677  -0.037  -0.425  -0.323  -0.156   0.324   0.107  -0.013
  1972   0.772   1.913   2.854   0.326  -0.186   0.636  -0.302  -0.400   0.477  -0.798   0.306  -0.991   1.165  -0.194  -0.824   2.847  -1.387   1.819   0.407  -0.004   0.748  -0.107  -0.943   0.334  -0.051  -0.019  -0.022   0.392   0.266  -0.300   0.507  -0.016   0.344   0.243  -0.040  -0.268   0.203   0.195   0.041
  1973   2.554  -0.067   0.443  -0.260  -1.546   0.812  -2.301  -2.843   0.925  -3.198   0.828   0.092   0.017   0.044   0.052  -0.349  -0.609   0.227  -1.387   0.499   0.448   0.377   0.479  -0.004  -0.196   0.449  -0.462   0.142   0.620  -0.592  -0.722   0.162  -0.054   0.239  -0.019   0.092  -0.109   0.158   0.118
  1974   0.905   3.650   0.609  -0.075   2.748  -0.861   1.967  -1.011   1.971  -1.421   1.079  -0.897  -0.300  -0.082  -1.243  -0.550  -0.687   0.307   0.238   0.868  -0.204  -1.195  -0.584  -0.936   0.034   0.586  -0.006  -0.653  -0.644   0.577   0.323  -0.165  -0.177   0.229  -0.142  -0.051  -0.191  -0.151  -0.013
  1975  -2.172   1.537   0.352  -0.153   1.165  -1.056   0.802  -0.330   0.077  -0.258  -0.872  -1.016  -2.280  -1.217  -0.674  -0.967  -0.541   1.365  -0.611  -2.435   0.318   1.136   0.426  -0.495   0.339  -0.149   0.702  -0.580   0.457  -0.254  -0.097  -0.298   0.139   0.460  -0.205  -0.001  -0.228   0.088  -0.051
  1976  -0.132   0.224   1.898   1.231   0.963   1.649   1.042   0.251  -0.234   0.761   0.669   0.773   1.270  -1.025  -0.359  -0.506   0.984  -0.439  -1.164  -1.011  -0.990  -0.113  -0.605   0.348   1.326   0.236   0.051   0.372   0.137   0.100  -0.096   0.384  -0.376  -0.175   0.084  -0.391  -0.121  -0.301   0.300
  1977  -0.678  -2.930  -0.290  -0.936   1.064  -0.011  -0.269  -0.730   0.330  -1.082  -1.429   0.493  -0.373   0.523  -0.381  -0.537   0.377  -0.608   0.563   0.567   0.088  -0.115   0.617   1.515   0.626   1.867   0.407   0.159  -0.341  -0.132   0.402  -0.096   0.480   0.072   0.009   0.128  -0.072   0.257  -0.019
  1978   1.950   0.692   1.199   2.187   1.888  -0.868   1.111   1.294  -4.058  -1.774  -0.385  -1.187   2.335  -0.265   0.959  -0.075   0.648  -1.135  -0.642   0.489   0.875   0.661  -0.089  -0.206  -0.459  -0.119  -0.120   0.070   0.077  -0.704   0.149   0.274   0.340   0.333  -0.023   0.093  -0.197  -0.032  -0.082
  1979  -2.314   1.449  -1.104  -0.449  -0.305  -1.189   1.116   1.169   1.056  -2.087   0.459   0.819   1.602  -1.045  -0.490  -0.417  -0.704   0.200  -1.215   0.684  -0.468   0.438   0.383   0.654  -1.084  -0.209  -0.185  -0.508   0.288   0.934   0.179   0.303   0.049  -0.398   0.098   0.472   0.164   0.130   0.137
  1980   6.300  -6.034   3.862  -3.253   1.083   0.382  -0.373  -0.408  -0.197   0.584  -0.184  -0.357  -0.710  -1.721  -0.659   0.145   0.425  -0.167  -0.510  -0.440   0.601  -0.196  -0.387  -0.784  -0.091  -0.279  -0.350  -0.179   0.579   0.327   0.121  -0.475   0.251  -0.329  -0.004   0.163   0.070  -0.076   0.014
  1981   6.474   0.325  -4.555  -1.511   2.012  -2.074  -0.490  -1.415   0.290   1.768   1.026  -1.085  -0.301  -1.307   1.093   0.584   0.879  -0.045  -0.415   0.628  -0.649   0.856  -0.996   0.863  -0.670  -0.148  -0.290  -0.569  -0.435  -0.394  -0.005  -0.096   0.205  -0.109   0.087  -0.174   0.169  -0.035  -0.111
  1982   6.313  -0.938  -5.070   2.362  -0.618   0.323  -2.380  -0.071  -0.612   0.092  -0.109   1.318   0.954   0.816  -1.776  -0.920  -1.047  -0.076   1.030  -1.339   0.562  -0.656  -0.372  -0.887  -0.230   0.100  -0.215   0.121  -0.033   0.291   0.170  -0.163   0.189  -0.264  -0.235   0.009  -0.092   0.133   0.162
  1983   0.734   1.117  -2.564   1.070   0.748  -0.405   0.560   1.758  -0.398   0.087  -0.239   0.374  -1.165   0.108  -0.420  -1.547  -0.696  -0.095  -1.391   0.285  -0.288  -0.664  -0.382  -0.200   1.172  -0.704  -0.355   0.194   0.854  -0.309  -0.098   0.369   0.236  -0.321   0.218  -0.058  -0.140   0.159  -0.219
  1984  -2.935   1.366  -2.281  -0.610  -1.156  -1.217   1.073  -0.700  -0.028   0.267  -1.735  -1.446   0.388   1.022   1.633   1.436   0.604   0.106  -0.318  -1.301  -0.726  -0.322   0.058  -0.356   0.082  -0.371  -0.667   0.957  -0.065   0.037   0.011  -0.316   0.412   0.085  -0.415   0.377  -0.060  -0.150   0.191
  1985  -1.945  -0.706   0.281   0.597  -1.880  -0.818  -0.517   0.675  -0.627   0.570  -0.773  -0.261   0.368  -1.146  -0.661  -0.074  -0.300   0.740   1.230   1.338  -0.277   1.416  -0.671   0.613   1.339   0.685  -0.149  -0.265   0.639   0.570   0.112   0.049  -0.099  -0.191  -0.474   0.055  -0.068  -0.149  -0.144
  1986   0.402   0.467   1.410  -1.621  -1.377  -1.164  -0.625   1.040   0.633   0.532  -0.299  -1.670   2.147   0.098  -0.294  -0.838   1.517   0.867  -0.437  -0.028   0.323  -0.508   0.451  -1.241   0.396   0.735  -0.198   0.261  -0.935  -0.271  -1.017  -0.164  -0.136  -0.345   0.076  -0.077   0.257   0.214  -0.111
  1987  -1.679   1.374  -0.139  -0.545   0.085  -0.412  -1.877   0.204   0.401  -0.034   1.385  -0.146   0.065  -0.946  -0.407  -1.071   0.882  -0.547   1.384   1.454   0.265  -0.536   0.443  -0.161   0.915  -0.722   0.136   0.172  -0.016  -1.170  -0.050  -0.548  -0.134   0.182  -0.113   0.377  -0.244  -0.138   0.062
  1988   0.323  -2.637  -1.747  -0.108  -2.643  -0.340   0.119  -1.726   0.001  -0.644  -0.212  -1.134   0.494  -0.384   0.027   0.821  -1.353  -0.585  -1.013  -0.356   0.191   0.838  -0.447   0.321   0.947  -0.748   0.680  -0.648  -0.964  -0.187  -0.088   0.195  -0.982   0.045   0.087   0.056  -0.080   0.025   0.039
  1989  -1.558   0.773   0.813   0.266  -0.546   0.265  -1.949   1.655  -0.098   1.288   0.326   0.907   0.240  -0.474  -0.227   1.432  -0.338  -1.320  -0.477   0.037   0.824   0.056  -0.121  -0.840  -0.862   0.730  -0.092  -0.678  -0.750   0.081   0.381   0.213  -0.097  -0.004  -0.337  -0.011  -0.514  -0.157  -0.025
  1990   0.095  -0.462   1.207   0.279  -1.764   1.856   0.242   0.961  -0.447  -0.103  -0.390  -1.138  -1.232   1.488   0.515  -0.210  -0.844  -0.215   1.452   0.619  -1.348   1.421  -0.957  -0.952  -0.815   0.217  -0.375  -0.532   0.285  -0.293  -0.591   0.219   0.249  -0.264   0.495  -0.104  -0.211  -0.042   0.104
  1991  -2.661  -1.578  -0.282   1.518  -1.066   1.958  -0.330  -0.089  -0.286  -1.213  -1.099  -0.305  -1.180  -0.267   0.125   0.213   0.536   1.167  -0.897   0.854  -0.766  -0.236   0.422  -0.308  -0.631  -0.394   0.653   0.763  -0.438  -0.233   0.682  -0.241  -0.158  -0.661  -0.135   0.054  -0.154   0.033  -0.178
  1992   2.542  -0.899   2.685   0.784   0.785  -0.864  -1.248  -1.224   2.209   1.124   0.964   0.549   0.822   1.039   1.372  -0.507  -0.906  -0.449   0.476  -0.957  -1.308  -0.621   0.346   0.537  -0.304  -0.136   0.077   0.439   0.138  -0.593   0.312   0.753  -0.308   0.292   0.080   0.050  -0.176   0.041  -0.171
  1993   3.369   1.296   0.950  -0.129  -0.305  -0.502  -1.062   0.477  -1.135   0.297  -0.180   0.351  -1.371   1.316  -0.122   0.623   1.255   0.816   0.050  -0.208   1.410  -0.178  -0.139   1.279   0.303  -0.711   0.953  -0.042  -0.546   0.139   0.109   0.559   0.401  -0.301   0.052   0.010  -0.154  -0.035   0.128
  1994  -1.438   1.005  -1.940  -1.729  -0.155   2.154  -2.104   1.267  -0.447  -0.349  -1.190   0.012   0.076   0.798  -0.914   0.361   0.874  -0.233  -0.509   0.138   0.384  -0.236   0.535  -0.410  -0.121  -0.255   0.451  -0.533   0.343   0.025   0.598  -0.155  -0.482   0.681   0.656  -0.088   0.402  -0.269  -0.053
  1995  -2.222   0.262   1.178   1.141  -0.623  -0.242  -0.098  -1.283  -0.160   0.947   0.442   0.063  -0.576  -0.201   0.276  -0.327  -1.718   0.015  -0.314   0.404   0.269  -0.599   0.890  -0.073   0.750  -0.268  -0.499  -0.613  -0.438  -0.407   0.367  -0.004   1.074  -0.216   0.500   0.151   0.267  -0.324   0.142
  1996   0.977  -0.157   1.142  -0.349  -0.485   0.914   0.569   0.120   1.252  -1.491   0.548   0.869   0.934  -0.545   1.217  -0.121   1.292  -0.957   0.494  -0.896  -0.414   0.196   0.372   0.116   0.225  -0.571   0.104  -0.467  -0.003   0.371   0.297  -0.306   0.076  -0.473  -0.062   0.228  -0.008  -0.140   0.023
  1997   1.209  -0.632   1.053   2.491   1.965  -0.864  -0.676   1.356  -1.155  -1.269  -0.007   0.212  -1.147  -0.656   0.863  -0.111  -0.197   0.988   0.459   0.336  -0.468  -0.739  -1.311   0.029  -0.247  -0.199  -0.076   0.692  -0.117  -0.076   0.322  -0.452  -0.805  -0.140   0.212   0.127   0.198   0.174   0.155
  1998  -0.413   0.870  -0.246  -0.680  -1.325  -1.307   1.180   1.577   0.888  -0.656  -0.876  -0.183  -1.258  -0.002  -0.619   1.258   0.819  -0.202   0.798  -0.358   0.935  -1.783  -0.403   0.902  -0.130   0.150  -0.428  -0.669   0.662  -0.553  -0.805   0.591  -0.387  -0.327  -0.077   0.049   0.066  -0.082   0.021
  1999  -6.994  -1.197  -0.073  -1.402   1.323   0.978   0.576   0.199  -1.610   1.102   2.719   0.244  -0.135   0.068  -0.549  -0.867  -0.817   0.271   0.183  -0.743   0.964   0.041   0.081   1.206  -1.507  -0.141   0.084   0.268  -0.204  -0.043  -0.807  -0.486  -0.178  -0.166   0.070   0.058  -0.127   0.000   0.015
  2000  -0.084   0.154   0.170   1.039   0.563  -0.015   0.995  -1.567  -1.185  -0.552  -0.256   0.384   1.411   0.412  -0.691   1.127   0.286  -0.126   1.076  -0.957  -0.951  -0.602  -0.495  -0.241   0.355   0.109   1.072  -0.374  -0.166   0.569  -0.632  -0.133   0.300  -0.050   0.621   0.381  -0.103   0.126  -0.245
