  year  #   1       2       3       4       5       6       7       8       9      10      11      12      13      14      15      16      17      18      19      20
  1950   1.341  -2.559  -0.470   0.794   0.185   0.211  -0.682   0.018  -0.173   1.257  -1.008   0.121  -0.730   0.235  -0.290  -0.099   0.572  -0.239   0.039  -0.473
  1951   2.962  -1.158  -0.443  -0.652  -0.088   1.020  -0.561   0.606  -0.006  -0.621  -2.124  -0.540   0.347   0.293  -0.023  -0.726   0.061  -0.638   0.562  -0.028
  1952  -4.072  -1.207   0.227   0.895   0.467  -0.408  -0.431   0.919   0.526   0.612   0.090   0.438  -0.547   0.666  -0.557  -0.488  -0.863  -0.267  -0.223   0.279
  1953  -1.219  -1.469  -0.758  -0.065   1.371   0.555  -1.855  -0.052  -0.464  -0.353   0.676   0.041   0.876   1.423   1.034   0.499  -0.181  -0.076   0.433   0.059
  1954  -2.535  -0.739  -0.555  -1.385   0.892   0.914   0.991   0.991  -1.688  -1.481   0.016  -0.097  -0.361  -0.235  -1.105  -0.464  -0.708  -0.507   0.091   0.062
  1955  -1.203   0.468  -1.108  -2.524   1.714   0.511  -0.709   0.065   0.347   0.620  -0.070   0.454   0.140  -0.486   0.311   0.090   0.543   0.044   0.332   0.422
  1956   1.434   0.873  -2.914  -2.170   0.984  -0.556   1.377  -1.103   1.180  -0.925  -0.594  -0.427  -0.888  -0.165   0.790  -0.575  -0.270   0.492  -0.365   0.116
  1957   3.220   1.686   2.925   1.599   0.175  -0.564  -1.480  -1.251  -2.400  -1.846   0.357   0.549   0.854  -0.098   0.791  -0.390  -0.409  -0.107  -0.369   0.071
  1958   4.912   0.383   0.437  -0.613  -1.405   0.739   0.255  -0.078   0.294   0.901  -1.678   0.593  -0.467  -1.076  -0.370   0.554  -1.007  -0.214   0.116   0.234
  1959  -1.889   1.523   0.859   1.777  -0.626  -0.776   0.417  -0.916  -0.115  -0.537  -0.369  -1.528   0.362  -1.007   0.050   0.131   0.372   0.714   0.471   0.310
  1960   1.255  -0.394   1.202  -0.288  -0.140   0.827   1.709  -0.790   1.309   0.331   0.745  -0.148   0.325   0.760  -0.575   0.014  -0.368   0.568  -0.245   0.197
  1961   1.994   0.901  -2.747   0.260  -0.744   1.227   0.320   0.286  -1.078   0.287   2.182  -0.168   0.625  -0.660  -0.647   0.370  -0.074   0.406   0.507  -0.458
  1962   0.077  -0.564  -0.534   0.150  -1.391   1.123  -0.362   1.547  -1.197   0.323  -0.067   0.719   0.836   0.273   0.552  -0.311  -0.413   0.474   0.100  -0.409
  1963   1.236   0.511   0.022  -0.172  -0.732   0.566   0.778   0.880  -0.268  -0.865   0.085   0.271  -0.268   0.053   0.031   0.824   0.147  -0.342   0.613   0.152
  1964  -0.413   0.187   0.856   0.577  -0.719   0.255   0.709   0.292   0.141  -1.118   0.078   0.219  -0.144  -0.917  -0.127   0.968  -0.481  -0.416   0.179   0.276
  1965  -0.445   1.208   0.477   0.398  -0.419  -0.150  -0.813  -0.777  -0.060  -0.077   0.101  -0.534  -0.538   0.175  -0.362  -0.381   0.620  -0.354  -0.552  -0.208
  1966  -2.673   1.788   0.903   1.252   0.133  -0.449  -0.515  -0.417   1.028  -0.488  -0.181   0.487   0.108  -0.079  -0.632   0.609   0.191  -0.122   0.044  -0.581
  1967  -0.178  -0.089   1.348  -0.821  -1.425   0.992   1.005  -0.067  -1.678   1.082  -0.001   0.019   0.661   0.784  -0.828  -0.721   0.079   0.185  -0.196   0.107
  1968   6.055   1.594  -1.027  -0.237  -0.393  -2.776  -0.203  -0.972   0.192   0.962   0.362  -0.512   1.072   0.064  -0.508   0.213  -0.284  -0.640   0.141  -0.059
  1969   0.194   0.733  -0.526  -0.039   0.070   0.317  -1.728  -0.369  -0.306   0.972   0.685   0.947  -0.399  -0.721  -1.100   0.051   0.887  -0.591  -0.095   0.006
  1970   4.118  -0.068   0.751   1.653   1.424   0.443   0.129   0.772   2.057  -0.212   0.774   0.390   0.125  -0.051  -0.456  -0.062   0.066   0.190  -0.353  -0.103
  1971  -2.468  -0.263   0.677   1.098  -0.413   1.330  -0.383   0.071   1.120   0.000   0.417  -0.096  -0.890  -0.619   0.304  -0.285  -0.489  -0.267  -0.145   0.096
  1972  -1.562  -0.362   0.835   1.040  -0.861  -1.954   0.738   0.911   0.822   1.973   0.740   0.020   0.292  -0.095   0.651  -1.130   0.325   0.299   0.503   0.297
  1973  -3.181  -0.554   0.264  -0.322  -1.181  -1.744  -0.357  -0.029   0.137  -0.550  -0.426  -0.385   0.281   1.155  -1.158  -0.305  -0.340  -0.071   0.016   0.097
  1974  -1.508  -1.951  -1.539   0.445   0.155  -1.414  -0.381   0.153  -0.251   0.682   0.199   1.359  -0.055   0.859   0.269   0.955  -0.424   0.148  -0.698   0.053
  1975   2.156  -1.107  -0.877   0.979   1.373  -0.881   1.739   1.372  -0.828  -0.110   0.382   1.122   0.408  -0.743   0.421  -0.265   1.029   0.106  -0.074   0.526
  1976   0.378  -1.100  -1.153  -0.169  -0.450  -0.627   0.143   0.960   0.121  -1.001   0.050  -0.112   0.700  -0.285  -0.870   0.463   0.669   0.500  -0.674   0.033
  1977  -6.066  -1.184  -0.577  -1.198   0.877  -0.213   0.062   0.680   0.330  -0.539   0.800  -1.809   1.139  -0.825  -0.172   0.132   0.141  -0.477  -0.351  -0.157
  1978   2.666  -0.404   2.970  -0.722   1.996  -1.515   0.959   2.003   0.057   0.726   0.324  -0.631  -0.702  -0.299   0.516   0.213  -0.943  -0.407  -0.091  -0.349
  1979  -1.046   1.712  -1.311  -0.373  -1.469  -1.748  -1.022   1.217   0.582  -0.631   0.036  -0.776  -0.590   0.296   0.466   0.108  -0.710   1.084   0.448  -0.447
  1980  -4.837   2.498  -0.053   1.262   1.877  -0.069   1.383  -0.879  -0.437   1.100  -1.381   0.343   0.280   0.047  -0.765   0.303  -0.201   0.624   0.360  -0.039
  1981  -0.154   4.011  -2.297   1.850   1.320   2.003   0.122   0.523   0.459   0.585  -0.931  -0.382   0.816   1.155   0.590   0.196  -0.284  -0.642  -0.362   0.217
  1982   1.899   2.793   1.697  -0.952   0.699   1.080   0.860   1.095  -1.032   0.657  -0.110  -0.655  -0.317   0.891   0.001   0.156   0.479   0.523   0.042  -0.022
  1983   0.119   1.478  -0.255   0.003  -0.937   0.174  -1.955   0.775   0.262   0.835  -0.329  -0.124  -0.614  -0.971   0.382   0.479  -0.103   0.209  -0.902   0.055
  1984  -1.192   0.928   0.434  -1.232   0.570  -0.332  -0.021   0.278  -1.102  -0.206   0.879   0.574  -0.266  -0.411   0.227  -0.525  -0.556   0.171  -0.511   0.190
  1985  -0.069   1.976   1.838  -2.529  -0.723   0.683  -0.227   0.907   0.605  -0.480   0.449   0.008  -1.150   0.798   0.300   0.069   1.404  -0.033  -0.106  -0.250
  1986   4.415  -0.792   0.265  -0.404   2.244   1.447  -2.125  -0.913   1.624  -0.366   0.821  -0.222   0.532  -0.162  -0.664  -1.071  -0.485   0.619   0.268   0.143
  1987  -0.524  -0.143  -0.618   0.889  -2.088   0.018  -1.517   0.943   0.183  -0.366   0.302  -0.016  -0.543   0.137   0.149  -0.059   0.170   0.299   0.592   0.676
  1988  -2.668  -1.732   1.458  -1.132  -0.830   2.102   0.953  -2.191   0.550   0.976   0.949   0.147   0.682  -0.197   0.908   0.822  -0.267   0.385   0.019  -0.172
  1989   1.288  -1.691   1.245   0.047   0.036  -0.062   0.188   0.300   1.068  -1.368  -1.387   0.894   0.819   0.340  -0.068   0.724   0.833   0.801  -0.125   0.067
  1990   3.381  -2.085   0.195  -0.201  -0.860  -0.668   0.189  -1.374  -0.358  -0.213   0.106  -1.226  -0.780   0.924  -0.286   0.287  -0.042   0.323  -0.159   0.239
  1991  -2.808  -0.293  -0.734   1.206  -0.551   1.346   0.384  -0.930  -0.128  -0.856  -0.014   0.280  -1.472   0.024   0.075  -0.187  -0.224   0.019  -0.137   0.054
  1992   1.224   0.362  -0.710  -0.895   0.710  -0.919   0.877  -0.735   0.435  -0.731   0.105   1.267  -0.076  -0.022   0.207  -0.393  -0.085  -0.464   0.515  -0.501
  1993   1.208  -0.678  -0.430  -1.183  -3.163   0.568   0.311  -0.445   0.356   0.537  -0.021   0.094   0.448  -0.197   0.351  -0.196  -0.068  -0.781  -0.065   0.021
  1994   0.534   1.032  -1.292   0.444  -0.191  -1.180   1.232  -1.664  -0.380  -0.351   1.044   0.417  -1.028   0.767   0.321  -0.021   0.426  -0.763  -0.029   0.131
  1995   0.178  -2.152   0.607   2.375   1.102   0.470   0.354   0.004   0.067  -0.079   0.506  -0.599  -1.145   0.119   0.173   0.316   0.332  -0.596   0.716  -0.206
  1996  -0.056  -0.917  -0.650   1.879  -0.984   0.645   1.030   0.012   0.212  -0.168  -0.682  -0.892   0.687  -0.502   0.744  -1.303   0.489  -0.253  -0.566  -0.393
  1997  -3.200   0.007   1.160  -1.444   1.220  -0.662  -1.514  -1.085  -0.634   0.867  -0.508  -0.624   0.015  -0.423   0.212   0.007   0.416  -0.347   0.267   0.243
  1998   2.214  -2.378  -1.084   0.316   1.421  -0.231  -0.332  -0.696  -2.172   0.712  -0.884  -1.001  -0.817  -0.450   0.200   0.537   0.090   0.794  -0.202  -0.185
  1999  -3.063   0.045   0.428  -0.653  -0.159  -0.837  -0.212  -0.854   0.023  -0.206  -0.861   1.894   0.032  -0.507   0.135  -0.822  -0.032   0.547   0.267  -0.389
  2000  -1.430  -0.664   0.585  -0.813  -0.071  -0.829   0.168   0.009   0.667  -0.252  -0.635  -0.164   1.322  -0.036   0.405   0.688  -0.028  -0.908  -0.046   0.000
