  year  #   1
  1950   1.658
  1951   2.011
  1952   0.751
  1953   0.727
  1954   0.431
  1955   0.626
  1956   1.217
  1957   1.858
  1958   2.206
  1959   1.054
  1960   1.170
  1961   1.268
  1962   0.935
  1963   0.964
  1964   0.620
  1965   0.461
  1966   0.014
  1967   0.129
  1968   1.361
  1969   0.783
  1970   1.225
  1971   0.125
  1972  -0.190
  1973  -0.604
  1974  -0.559
  1975  -0.055
  1976  -0.133
  1977  -1.105
  1978  -0.366
  1979  -0.545
  1980  -1.165
  1981  -0.807
  1982  -0.363
  1983  -0.492
  1984  -0.712
  1985  -0.629
  1986   0.050
  1987  -0.546
  1988  -1.009
  1989  -0.744
  1990  -0.326
  1991  -1.047
  1992  -0.851
  1993  -0.801
  1994  -0.829
  1995  -0.971
  1996  -1.091
  1997  -1.560
  1998  -1.056
  1999  -1.500
  2000  -1.587
