  year  #   1
  1950  -1.517
  1951  -1.811
  1952  -2.046
  1953  -2.092
  1954  -1.237
  1955  -1.096
  1956  -1.369
  1957  -1.185
  1958  -1.158
  1959  -1.104
  1960  -0.792
  1961  -0.823
  1962  -1.313
  1963  -0.279
  1964  -0.829
  1965  -1.024
  1966  -0.771
  1967  -0.729
  1968  -0.454
  1969  -0.010
  1970   0.456
  1971  -0.082
  1972   0.054
  1973  -0.054
  1974   0.003
  1975   0.389
  1976   0.124
  1977   0.090
  1978   0.723
  1979   0.835
  1980   0.898
  1981   0.865
  1982   0.934
  1983   0.629
  1984   0.828
  1985   0.848
  1986   0.998
  1987   1.082
  1988   1.393
  1989   0.953
  1990   0.936
  1991   0.126
  1992   0.432
  1993   0.590
  1994   1.060
  1995   1.321
  1996   0.953
  1997   1.258
  1998   1.539
  1999   0.858
  2000   0.600
