  year  #   1
  1950  -1.901
  1951  -2.225
  1952  -1.867
  1953  -1.804
  1954  -1.437
  1955  -1.141
  1956  -1.346
  1957  -1.145
  1958  -0.984
  1959  -1.047
  1960  -0.800
  1961  -0.567
  1962  -1.202
  1963  -0.203
  1964  -0.737
  1965  -1.071
  1966  -1.001
  1967  -0.849
  1968  -0.574
  1969   0.005
  1970   0.447
  1971  -0.092
  1972   0.169
  1973   0.056
  1974   0.136
  1975   0.461
  1976   0.189
  1977   0.150
  1978   0.830
  1979   0.862
  1980   0.879
  1981   0.889
  1982   0.886
  1983   0.668
  1984   0.778
  1985   0.764
  1986   1.091
  1987   1.107
  1988   1.252
  1989   0.880
  1990   0.914
  1991   0.222
  1992   0.533
  1993   0.620
  1994   1.044
  1995   1.211
  1996   1.067
  1997   1.152
  1998   1.258
  1999   0.816
  2000   0.653
