 eigenvalue  7.273   2.888   1.820   1.746   1.724   1.329   1.230   1.108   0.973   0.939   0.803   0.734   0.657   0.635   0.488   0.403   0.329   0.324   0.303   0.278   0.229   0.208   0.163   0.140   0.113   0.093   0.066
 eval sderr  1.440   0.572   0.360   0.346   0.341   0.263   0.244   0.219   0.193   0.186   0.159   0.145   0.130   0.126   0.097   0.080   0.065   0.064   0.060   0.055   0.045   0.041   0.032   0.028   0.022   0.019   0.013
 % variance  0.269   0.107   0.067   0.065   0.064   0.049   0.046   0.041   0.036   0.035   0.030   0.027   0.024   0.024   0.018   0.015   0.012   0.012   0.011   0.010   0.008   0.008   0.006   0.005   0.004   0.003   0.002
 cumulative  0.269   0.376   0.444   0.508   0.572   0.621   0.667   0.708   0.744   0.779   0.809   0.836   0.860   0.884   0.902   0.917   0.929   0.941   0.952   0.962   0.971   0.979   0.985   0.990   0.994   0.998   1.000
 brokn stck  3.891   2.891   2.391   2.058   1.808   1.608   1.441   1.299   1.174   1.062   0.962   0.872   0.788   0.711   0.640   0.573   0.511   0.452   0.396   0.344   0.294   0.246   0.201   0.157   0.115   0.075   0.037
 series_id   #  1       2       3       4       5       6       7       8       9      10      11      12      13      14      15      16      17      18      19      20      21      22      23      24      25      26      27
  132241     0.214  -0.214   0.351  -0.034  -0.111  -0.036  -0.102  -0.036   0.116   0.189  -0.309  -0.106  -0.012  -0.197   0.046  -0.028  -0.279  -0.097   0.197   0.364   0.085  -0.064  -0.035   0.218  -0.425  -0.242  -0.055
  182058     0.218  -0.126   0.008   0.258  -0.030   0.288   0.021  -0.252   0.063  -0.040   0.206  -0.100   0.094  -0.396  -0.164   0.193   0.342   0.448  -0.142   0.117  -0.102  -0.180  -0.176   0.013  -0.044  -0.072   0.045
  132236     0.208  -0.189   0.030   0.057  -0.077   0.053   0.015   0.406   0.396   0.079   0.288   0.079   0.199   0.126  -0.192  -0.106  -0.251   0.268   0.007   0.170   0.298   0.084   0.243  -0.039   0.197   0.154   0.065
  112170     0.126   0.173   0.050   0.097  -0.344  -0.155   0.320  -0.153  -0.223   0.456   0.238  -0.097   0.016   0.095   0.029   0.069  -0.074   0.112   0.468  -0.085  -0.104   0.008  -0.085  -0.040  -0.025   0.250   0.087
  192213     0.151   0.049  -0.117   0.162   0.258  -0.444  -0.174  -0.247   0.252   0.200   0.004   0.148  -0.292   0.006  -0.021  -0.247   0.311   0.011   0.040   0.336  -0.094   0.154   0.099  -0.111   0.037   0.149  -0.133
  122187     0.188  -0.008   0.095  -0.219  -0.021   0.116  -0.370   0.401   0.043   0.370   0.024   0.020  -0.038   0.141  -0.081   0.300   0.438  -0.128   0.005  -0.172  -0.024   0.178  -0.240   0.035  -0.085   0.001  -0.051
  72458      0.129  -0.208   0.390   0.127  -0.113  -0.004   0.371  -0.060   0.066  -0.297   0.060  -0.053  -0.152   0.170  -0.279  -0.057   0.199  -0.351   0.030   0.040  -0.079   0.273  -0.162   0.178   0.269  -0.086   0.046
  112215     0.186   0.294   0.157  -0.080   0.011   0.095  -0.048   0.049  -0.286  -0.203   0.490   0.145  -0.224   0.109  -0.107  -0.145  -0.063   0.011  -0.032   0.112   0.078   0.047   0.066  -0.283  -0.359  -0.303  -0.157
  142484     0.276  -0.133  -0.235  -0.021   0.087  -0.017  -0.099   0.012   0.028  -0.180   0.251  -0.003   0.101  -0.229   0.145  -0.156  -0.048  -0.055   0.193  -0.354  -0.298   0.300   0.246   0.433  -0.184   0.007  -0.015
  122180     0.286  -0.230  -0.098  -0.105  -0.003  -0.036  -0.049  -0.092  -0.167   0.180   0.056   0.113   0.083  -0.085  -0.169   0.057  -0.127  -0.254   0.024  -0.088  -0.116  -0.395   0.141  -0.105   0.414  -0.203  -0.456
  102279     0.095  -0.150   0.250  -0.062   0.475  -0.040   0.147  -0.329  -0.075   0.139   0.021   0.262   0.100  -0.035   0.112   0.372  -0.148   0.070  -0.062  -0.207   0.310   0.325   0.039  -0.102   0.001  -0.008   0.044
  122150     0.305  -0.177  -0.067  -0.046  -0.018  -0.007   0.047  -0.128   0.132  -0.171   0.019  -0.154  -0.072   0.080   0.029  -0.126  -0.017  -0.210  -0.162  -0.248   0.275  -0.265  -0.239  -0.156  -0.319   0.525  -0.119
  122128     0.298  -0.246  -0.115  -0.087   0.022   0.005  -0.035   0.004  -0.085  -0.009  -0.104   0.077   0.165   0.085   0.129  -0.168   0.042  -0.115   0.038   0.049  -0.226  -0.035  -0.034  -0.450   0.005  -0.176   0.647
  122165     0.152  -0.128   0.332   0.081  -0.179  -0.228  -0.273  -0.073  -0.244  -0.169  -0.164  -0.066   0.199   0.399   0.226  -0.120   0.053   0.437  -0.160  -0.112  -0.117   0.036   0.033   0.043   0.082   0.020  -0.197
  122184     0.175   0.160   0.044   0.163  -0.149   0.372  -0.074  -0.128  -0.025   0.127  -0.173   0.603  -0.269   0.109   0.042  -0.171  -0.041   0.009  -0.091  -0.109   0.061  -0.166   0.045   0.320   0.075   0.091   0.188
  122166     0.221   0.277   0.012   0.082  -0.123  -0.211  -0.207   0.015   0.008  -0.063   0.226  -0.157  -0.035  -0.244   0.446   0.049  -0.088  -0.166  -0.129   0.065   0.317   0.004  -0.263   0.124   0.375  -0.130   0.156
  142046     0.212  -0.108  -0.204   0.018  -0.002  -0.132   0.304   0.212  -0.413   0.152  -0.131  -0.231  -0.244  -0.006  -0.012   0.084   0.165   0.037  -0.366   0.108   0.198   0.008   0.379   0.197  -0.073  -0.011   0.118
  122256A    0.159   0.259   0.309   0.081   0.238  -0.018   0.085   0.328  -0.181  -0.083  -0.076   0.133   0.190  -0.268   0.019   0.085  -0.118  -0.120  -0.149   0.220  -0.389  -0.046  -0.007  -0.040   0.023   0.447  -0.029
  132194     0.084   0.145   0.178  -0.423  -0.028   0.385   0.102  -0.231   0.261   0.039   0.059  -0.261  -0.062   0.119   0.369   0.050   0.140  -0.042  -0.035   0.159  -0.139  -0.022   0.391  -0.047   0.122   0.098  -0.051
  122164     0.158   0.292   0.003  -0.063  -0.321  -0.036  -0.128  -0.122  -0.049  -0.229  -0.337   0.050   0.234  -0.274  -0.281   0.049   0.213  -0.069   0.198  -0.080   0.301   0.198   0.312  -0.194   0.029   0.084  -0.002
  112145     0.170   0.256  -0.255  -0.282  -0.085  -0.001   0.050  -0.257   0.055   0.159  -0.066  -0.064   0.248   0.137  -0.311  -0.085  -0.266   0.022  -0.420   0.123  -0.149   0.289  -0.267   0.144  -0.016  -0.047  -0.018
  102273     0.196   0.012  -0.139   0.020   0.306   0.379  -0.081   0.077  -0.228  -0.052  -0.256  -0.295  -0.268  -0.004  -0.042  -0.184  -0.164   0.209   0.331   0.051   0.081   0.220  -0.217  -0.083   0.254   0.078  -0.119
  132233     0.102   0.163  -0.072   0.474   0.138   0.071  -0.298  -0.140   0.068  -0.066   0.016  -0.274   0.011   0.370  -0.175   0.410  -0.192  -0.216   0.034   0.021  -0.090  -0.090   0.227   0.037  -0.069  -0.007   0.149
  122229     0.202   0.096  -0.141   0.237  -0.215  -0.025   0.292   0.191   0.340  -0.051  -0.253   0.092  -0.227  -0.033   0.234   0.232  -0.137   0.103  -0.106  -0.199  -0.201   0.171  -0.035  -0.303  -0.064  -0.217  -0.243
  122149     0.204   0.089  -0.282  -0.204   0.129  -0.110   0.211   0.060   0.015  -0.330  -0.061   0.244   0.169   0.287   0.118   0.291   0.158   0.105   0.318   0.303   0.093  -0.204  -0.159   0.240  -0.045  -0.045  -0.066
  112136     0.132   0.242   0.229  -0.300   0.207  -0.305   0.027   0.054   0.212  -0.064  -0.080  -0.139  -0.272  -0.059  -0.293   0.000  -0.081   0.271   0.054  -0.343  -0.089  -0.320   0.030   0.091   0.072  -0.115   0.256
  112258     0.080   0.289   0.081   0.275   0.304   0.095   0.254   0.089   0.103   0.219  -0.092  -0.132   0.420   0.100   0.078  -0.385   0.243  -0.096   0.013  -0.184   0.153  -0.129   0.003   0.042  -0.072  -0.261  -0.106
