 % variance  0.269
 cumulative  0.269
 series_id   #  1
  132241     0.577
  182058     0.588
  132236     0.560
  112170     0.340
  192213     0.408
  122187     0.507
  72458      0.349
  112215     0.501
  142484     0.744
  122180     0.773
  102279     0.256
  122150     0.823
  122128     0.804
  122165     0.411
  122184     0.472
  122166     0.596
  142046     0.572
  122256A    0.428
  132194     0.227
  122164     0.427
  112145     0.459
  102273     0.528
  132233     0.275
  122229     0.544
  122149     0.551
  112136     0.356
  112258     0.216
