fagr_drop.rwl -- no data title --                         1st itrdb line missing     
fagr_drop.rwl -- no data title --                         2nd itrdb line missing     
fagr_drop.rwl -- no data title --                         3rd itrdb line missing     
60086   1954   186  1796  2314  2258  1579  1266
60086   1960  1205  1038   907  1141  1258   998  1255  1135  1176  1418  trn
60086   1970  2144  1913  1889  1992  1997  1798  1282  1480  1759  2143  trn
60086   1980  2761  2862  2625  2191  2174  2145  1788  1482  1418  1416  trn
60086   1990  1629  1426  1734  1955  2058  1726  1826  2068  1987  1495  trn
60086   2000  1883  1969  1697  1862  1955  1879  1536  2106  1853  2100  trn
60086   2010 -9999
101100  1944   246   278   652   385  1039  1122
101100  1950  1164   714   819   807  1000  1021  1361  1030  1277  1091  trn
101100  1960  1122  1347  1032   937  1053  1096   876  1120  1222  1424  trn
101100  1970   862   842   809   871   802   903  1314  1731  1351  1477  trn
101100  1980  2670  2386  2349  2319  2292  2289  2425  2059  2049  1586  trn
101100  1990  1918  1889  1813  1537  1949  1343  1676  1729  1162   673  trn
101100  2000   854   993   922  1116   837   842   753  1575 -9999
60111   1940  1070  1679  1236  1247  1264  1941  1268  2021  1693  1444  trn
60111   1950  1684  1389  1340  1004  2270  2587  3422  2977  3248  2979  trn
60111   1960  2935  2961  3123  3223  3488  3276  2103  2959  3030  3099  trn
60111   1970  2675  1860  1870  1363  1690  1695  2099  2057  1580  2139  trn
60111   1980  2087  2014  2484  2289  2746  2970  2835  1815  1880  1906  trn
60111   1990  1888  1921  1240  1842  1529  1208  1715  2085  2528  1402  trn
60111   2000  1684  2117  2543  2338  2124  2227  1762  2682  2590  3365  trn
60111   2010 -9999
40479   1969  1677
40479   1970   696  1266  1650  1657  1784   862  1568   733  1092  1150  trn
40479   1980  2143  1744  1820  1317  1048  1207  1462  1467  2033  2312  trn
40479   1990  2859  1995  2302  2171  2507  2768  3020  2242  2422  2143  trn
40479   2000  3540  3174  2658  2727  1937  1818  1605  1080  1784  2185  trn
40479   2010 -9999
90658   1933  1284  1492  1699  1021   966  1280  1437
90658   1940  1577  1336  1764   957   627   938  1586  1499  1460  1580  trn
90658   1950  1284  1008   742   392  2885  1919  1900  3240  2931  2196  trn
90658   1960  1769  2184  2845  3134  2607  2637  2074  2863  2728  2823  trn
90658   1970  2478  2554  2773  2685  2279  1674  2259  2200  2013  1991  trn
90658   1980  2758  2851  2634  2813  3341  2921  3400  3048  3031  3336  trn
90658   1990  3146  2678  2957  2874  3216  3014  2579  2255  2844  2326  trn
90658   2000  2257  2313  2524  2651  2742  2342  2253  2284  2061  2381  trn
90658   2010 -9999
40485   1973  1249   850   526  1622  1272  1162   602
40485   1980  2297  2093  2618  2241  2093  2009  1373  1263  1247   833  trn
40485   1990  1542  1256  1351  1989  2053  2189  2075  2075  1570  1513  trn
40485   2000  2436  1997  2271  1814  1360  2277  2210  2047  1775  2144  trn
40485   2010 -9999
90062   1948  1490  2018
90062   1950  1916  1032   760  1015  1070  1240  1447  1627  1507  1281  trn
90062   1960  2164  1281  1378  1636  1454  1580   808  1879  1555  2086  trn
90062   1970  1654  1574  1980  2233  2035  1542  2168  2062  2796  2838  trn
90062   1980  3700  3420  3549  3087  3247  2700  2010  2150  2079  1911  trn
90062   1990  2587  1871  1746  2020  1325  1939  1895  2374  2470  1780  trn
90062   2000  3001  2186  2432  3000  1934  2676  2184  2189  2721  3399  trn
90062   2010 -9999
111208  1940  1675  1850  2556  2377  2346  2383  2548  1678  2039  2071  trn
111208  1950  1993  2451  2724  2437  2326  3472  3839  4168  3454  3163  trn
111208  1960  2841  2949  2694  2332  2082  2158  2312  3295  2591  2363  trn
111208  1970  1595  1515  1346  1451  1718  1708  2266  2903  2118  2007  trn
111208  1980  3317  3641  3394  3443  2638  2422  2792  2156  2314  1831  trn
111208  1990  1954  1423  2368  2562  2482  1567  2287  2694  2496  2317  trn
111208  2000  2280  1870  2466  2188   996   258   561   370  1295  1146  trn
111208  2010 -9999
70182   1951   593   313   258  1782  2066  2094  1797  1977  1703
70182   1960  2300  2045  1627  1597  1624  1831  1630  2299  2089  1776  trn
70182   1970  1894  1632  1775  1529   958  1477  1183  1216  1339  1503  trn
70182   1980  1924  1316  1837  1814  1867  2017  1547  1333  1522  1448  trn
70182   1990  1707  1218  1642  1656  1628  1101  1162  1335  1477  1521  trn
70182   2000  2292  2119  1561  1494  1281   783  1003  1554  1357  1632  trn
70182   2010 -9999
100956  1971  1397  1802  1722  1566  1418  1837  2484  1583  1513
100956  1980  2838  2766  2466  2111  1402  1856  1268  1199  1684  1158  trn
100956  1990  1298   883  1211  1331  1916  1262  1804  1973  1704  1366  trn
100956  2000  2437  1888  1804  1876   838  1239  1381  1245 -9999
90616   1921  2317  1965  1256  1463  1497  1233  1708  1869  1857
90616   1930  1394  1480  1389  1716  1219  1366  2230  1641  1311  1295  trn
90616   1940  1216   802   711   350   631  1912  1868  1614  1977  1637  trn
90616   1950  2066  1928  1644  1442  1894  1178  1656  1205  1629  1377  trn
90616   1960  1784  1972  1693  1805   777   908   923  2034  1811  1471  trn
90616   1970  1635  1833  1838  1955  1520  1917  2082  1869  1837  1609  trn
90616   1980  2800  2390  2694  2088  1487  1627  1631  2015  1799  1588  trn
90616   1990  1466  1089  1434  1289  1588   923  1471  1579  1461  1330  trn
90616   2000  1743  1108  2025  1980  1250  1563  2466 -9999
40549   1951  1183  1440  1231  1700  1579  2251  1942  2350  1748
40549   1960  1980  2106  1898  1834  1470  1447   952   923  1111  1891  trn
40549   1970  1566   593   704   410   518   797  1982  2258  2516  1804  trn
40549   1980  2368  2018  2508  2219  1841  2009  1875  1939  1771  1454  trn
40549   1990  1793  1649  1929  1900  1982  1461  2089  2293  1827  1695  trn
40549   2000  2042  1865  1615  1591  1445  1593  1645  1581  1713  1440  trn
40549   2010 -9999
90278   1946   562   192   584   525
90278   1950   300   389   345  1237  1185  1122  1497  1264  1813  1858  trn
90278   1960  1705  1986  1990  2357  2004  2184  1710  2258  2411  2711  trn
90278   1970  2242  2188  2201  2203  1874  1863  2572  2694  2684  2502  trn
90278   1980  3198  2845  2931  2432  2802  2735  2673  2699  2528  2338  trn
90278   1990  2280  1870  2575  2594  2488  2201  1660  2348  2127  2150  trn
90278   2000  3001  2479  1674  2043  2041  2635 -9999
50340   1944  1802  2387  1907  2024  1782  1548
50340   1950  1310  1588  1300  1662  1359  1037  1582  1138  1640  1593  trn
50340   1960  1093  1181   844   844   945  1175  1016  1389  1622  1560  trn
50340   1970   980  1523  1230   813   512   272   837  1617  1462  1197  trn
50340   1980  2409  2262  2622  2339  1765  1981  2354  2264  2024  1692  trn
50340   1990  2000  1248  1477  1464  1447  1107   992  1432   998  1022  trn
50340   2000  1378  1191  1261  1436  1389   989   989   743  1007   780  trn
50340   2010 -9999
110795  1966  1047  1581  1724  2194
110795  1970  1785  2058  1890  1771  1889  1387  1798  1839  1569  1346  trn
110795  1980  2182  1932  1889  1371  1288  1053  1569  1385  1160  1030  trn
110795  1990  1431   936  1109   918  1101   812  1420  1092  1217   720  trn
110795  2000  2022  1149  1485  1189  1070  1222   879   836   774  1743  trn
110795  2010 -9999
60339   1964  1006   665   886  1382  1436   262
60339   1970   556   492  1675   970   841   744   913  1150  1237  1165  trn
60339   1980  2861  2210  2299  1890  1831  1876  1815  1711  1750  1547  trn
60339   1990  2137  2050  2159  2259  2480  2096  2240  2803  2353  2413  trn
60339   2000  2966  3084  2894  3021  2678  2389  2713  2567  1905  2150  trn
60339   2010 -9999
110797  1954   978   600   991  1109  1344  1309
110797  1960  1449  1083  1272  1869  1775  1927  1703  2076  2495  2822  trn
110797  1970  1846  1940  1899  2297  2025  1818  1960  2716  2773  1942  trn
110797  1980  2224  2553  2488  2034  2179  1977  2013  1550  1869  1672  trn
110797  1990  1995  1785  2280  2289  2639  2387  2524  2256  2584  2185  trn
110797  2000  2581  2365  2046  2381  2221  1931  1920  2359  2586  2478  trn
110797  2010 -9999
90121   1954  1424  2168  1929  2441  2292  2510
90121   1960  2695  2150  1660  1471  1178   538  1758  2586  2621  2672  trn
90121   1970  2304  1895  2426  2577  2531  1515  2409  2479  2865  1856  trn
90121   1980  2705  2865  3229  2713  2683  3062  2602  2401  2266  2362  trn
90121   1990  3866  1723  3322  3266  3085  2951  3220  2375  2784  2263  trn
90121   2000  3928  2674  2983  2146  2612  2343  2426  1856  5662  2847  trn
90121   2010 -9999
40554   1928  2668  3118
40554   1930  1894  2858  2540  3560  3476  2644  2684  2906  2914  2222  trn
40554   1940  2584  2612  3400  2630  2600  3362  2694  2752  3002  3230  trn
40554   1950  3530  3024  2736  2542  2136  2230  2502  2848  2560  1924  trn
40554   1960  2270  2222  1752  1638  1418  2084  1052  1996  2562  3050  trn
40554   1970  2530  2436  2898  2278  2324  2296  3094  2518   750  1704  trn
40554   1980  3282  2758  2418  2054  1212  2306  2276  2376  2102  2418  trn
40554   1990  3164  1364  2214  2850  1844  2016  2016  2296  1234  1876  trn
40554   2000  1204  2442  1492  1336  1748  2086  2430  2484  1856  2698  trn
40554   2010 -9999
50299   1964  1861  1866  1203  1845  1565  1046
50299   1970   745   711   808   623   886   530  1322   707  1687  1544  trn
50299   1980  2828  2064  2052  1712  1113  1024  1535  1614  1484  1027  trn
50299   1990  1589  1467  1771  2538  2302  2005  2391  2218  2316  1962  trn
50299   2000  2619  2266  2204  2547  1479  1857  2156  2383  2130  2278  trn
50299   2010 -9999
60145   1971  3445  2814  2280  1925  1674  2047  1459  2136  1846
60145   1980  2926  3477   848  4934  3277  2879  2991  2220  2572  2115  trn
60145   1990  2797  1927  2565  2524  2377  1478  2427  3054  1542  1326  trn
60145   2000  1971  1763  2245  1763  2084  2179  2434  2350  2358  2070  trn
60145   2010 -9999
90276   1960  2729  2297  2200  2290  1623  1600  1136  2650  2636  3339  trn
90276   1970  2483  3391  3873  3818  3739  3345  4193  3497  4345  3274  trn
90276   1980  4616  4695  5244  4661  5005  3919  3618  3246  2636  3012  trn
90276   1990  3629  2212  3224  3316  3331  2330  3040  2584  2509  1666  trn
90276   2000  3670  2545  2682  2906  2231  2634  2434  2381  3329  3127  trn
90276   2010 -9999
40480   1963   543   246   560   335   486   719  1334
40480   1970  1378  1620  1749  1460  1411  1347  1642  1375  1814  1638  trn
40480   1980  2897  2545  2566  2234  2203  2182  2429  2319  2631  2580  trn
40480   1990  2904  2099  2329  2631  2655  2405  2886  2526  2377  2383  trn
40480   2000  3412  3234  2827  3022  2505  2728  2275  2432  2522  2435  trn
40480   2010 -9999
90567   1950  1531  1221  1152  1553  1495   620   947  2010  2481  1628  trn
90567   1960  1591  1333  1177  1521   814  1056   861  1339  1152  1179  trn
90567   1970   685   563   772   826   505   560  1203  1052   808   374  trn
90567   1980  1555  1614  2642  2693  2806  2398  1995  1577  1305  1084  trn
90567   1990  1622  1262  1212  1466  1379  1154  1541  1920  1320   940  trn
90567   2000  1515  1075  1715  1848  1749  1647  2031  2129  1949 -9999  trn
182695  1963  1271  1310  1907  1150  2303  2344  2459
182695  1970  1980   870  1757  1385  1381  1264  1740  1479  1492  1536  trn
182695  1980  2150  2307  1999  1523  2472  1614  1228  1473  1779  2066  trn
182695  1990  1560  1320  1958  2098  1065  2098  2720  2537  2240  2168  trn
182695  2000  3546  2856  1695  3056  2619  2611  2506  2472  2693  3431  trn
182695  2010 -9999
10194   1983  4329  4066  4605  3217  5395  5963  3785
10194   1990  3590  2387  5055  6478  5617  4054  4690  2424  3324  2170  trn
10194   2000  4520  4664  3188  4381  3842  2727  3498  3145  3184  2192  trn
10194   2010 -9999
171306  1969  1812
171306  1970  2026  3036  3050  2678  2426  2322  2166  2126  2702  2032  trn
171306  1980  2638  2856  2744  2642  2596  1984  2080  1970  2428  2648  trn
171306  1990  2344  1316  2288  2028  1900  1454  1248  1844  2136  2140  trn
171306  2000  2664  2692  1848  2310  2524  2250  1808  1364  2198  2822  trn
171306  2010 -9999
12032   1975  1429  1534  1460  1770  1192
12032   1980  1739  2032  2127  1440  1633  1596  2396  2053  3150  1518  trn
12032   1990  2234  2044  2755  2883  2984  2704  3847  3275  3001  3936  trn
12032   2000  3948  3640  3475  3304  2785  3526 -9999
190635  1969  2504
190635  1970  1871  2101  2050  1496  1784  1506  2840  2567  2766  2390  trn
190635  1980  3228  2450  1558   876   608  1841  2095  1798  1581  1427  trn
190635  1990  1687  1128  1675  2648  1997  2099  2478  2219  1231  1347  trn
190635  2000  2138  2494  2489  3544  1967  1638  2311  2923  2226  1875  trn
190635  2010 -9999
150911  1959  1637
150911  1960  1783  1257  1619  1295  1238  1549  1131  1338  1460  1807  trn
150911  1970  1886  1788  2296  1793  1502  1289  1674  2122  1870  1044  trn
150911  1980  2794  2537  2097  1911  1940  1437  1332  1936  1814  1372  trn
150911  1990  1971  1451  1995  2126  2610  2278  3046  2374  2700  2273  trn
150911  2000  3041  2189  2656  2791  2296  2252  2521  2422  2073  1761  trn
150911  2010 -9999
151140  1963  1350  1108  1380  1150  1769  1595  2923
151140  1970  1525  1378  1050   514   814   583  1038  1326  1432   701  trn
151140  1980  2074  1711  1370  1177  1242   872  1493  1449  1036  1092  trn
151140  1990   845  1090  1508  1406  1947  1291  2258  2673  2642  1875  trn
151140  2000  2762  2940  1982  2809  3071  3102  2699  2893  2589  2791  trn
151140  2010 -9999
160760  1974  3076  2045  1743  1442  1327  1608
160760  1980  2785  2995  2562  2709  2253  3156  2646  1590  1563  1380  trn
160760  1990  2164  2129  1436  2510  2706  1130  1429   938  2162  1611  trn
160760  2000  2498  3568  3824  3352  2689  2490  2762  2982  2829 -9999  trn
151123  1961   927   636   777   661  1440  1272  1950  1714  2231
151123  1970  1745  1492  1620  2064  1533  1279  2238  2204  2521  1634  trn
151123  1980  3276  2740  2675  2175  1790  2304  2419  1667  1542  1802  trn
151123  1990  1782  1559  1680  1358  1387  1474  1916  2769  3005  2610  trn
151123  2000  2782  2354  2253  2294  2112  2035  2037  2114  2064  2140  trn
151123  2010 -9999
152529  1955   848   941  1027  2042  3085
152529  1960  4178  4094  3450  3302  2733  2201  1558  2274  2874  3503  trn
152529  1970  3556  3492  4086  3176  2143  2675  3952  2478  3938  4272  trn
152529  1980  4958  4106  5228  4107  5069  4368  4162  4222  3858  3860  trn
152529  1990  4435  2509  4789  3182  3304  3979  4104  2840  2692  1991  trn
152529  2000  3013  4028  3131  3265  3357  2987  3711  3804  3938  4587  trn
152529  2010 -9999
10619   1959   713
10619   1960  1146   737   510  1602  1833   917   707  1413  1094  2203  trn
10619   1970  1827  2003  1703  1577  1472  1606  2036  2330  2463  2000  trn
10619   1980  3261  3140  2872  2586  2243  2344  2270  2394  2378  1852  trn
10619   1990  1385  1425  2152  2570  2604  2226  2211  2616  2614  2931  trn
10619   2000  3934  3934  3987  3552  3110  4005  3626  4096  3239  2872  trn
10619   2010 -9999
20820   1971  1969  2692  3391  2771  2359  2677  2435  3277  2408
20820   1980  4746  4420  4134  3450  2972  2334  2519  1965  2221  2408  trn
20820   1990  2197  1978  2537  2675  2570  2177  2950  2292  2303  1290  trn
20820   2000  1828  2197  2670  2701  2171  1777  1323  2440  3133  2378  trn
20820   2010 -9999
60426   1954  4878  4351  3710  3620  4552  3519
60426   1960  4192  3172  2833  3097  2965  3146  2382  3255  3462  3773  trn
60426   1970  4196  4073  4020  3782  2694  2260  3553  2676  1409  1994  trn
60426   1980  4294  4320  3704  3191  4096  3612  3265  3209  3319  2390  trn
60426   1990  2562  1881  2652  3238  3359  1991  3426  2490  1785  1344  trn
60426   2000  2208  1676  1852  1333   894   867   680  1228  1406  1476  trn
60426   2010 -9999
70018   1958  1428  1072
70018   1960  2294  1755  1128  1490  1900  1519   730   926  1572  2035  trn
70018   1970   880  1461  1544  1497  2090  1645  1949  1439  2816  2400  trn
70018   1980  3353  3517  4155  3329  3718  3309  3146  2708  2672  2756  trn
70018   1990  3340  2840  3316  3366  3337  3763  4862  4152  3901  2908  trn
70018   2000  5020  4614  4026  4265  3694  3528  3782  3943  2938  2796  trn
70018   2010 -9999
10675   1960   701   459   452  1029   467  1026   521  1149  1007  2142  trn
10675   1970  1579  2067  2303  2358  2248  2127  2150  1388  2125  1917  trn
10675   1980  2655  2975  2548  1959  2163  2417  2281  2011  2443  2148  trn
10675   1990  2240  1486  2111  2832  2484  2555  2343  2109  2310  1844  trn
10675   2000  2238  2374  2290  2410  2367  1597  2053  2636  2835  3548  trn
10675   2010 -9999
50559   1955   848   657   689  1035   853
50559   1960   583   577   657   695   468   742   919  1189  2113  1783  trn
50559   1970  2346  2520  3357  1934  2072  2529  2336  1623  2488  2093  trn
50559   1980  2451  2563  2931  2729  3210  2722  3185  3226  2902  2873  trn
50559   1990  3159  2408  2857  2928  3147  3047  3067  2701  2338  2029  trn
50559   2000  3374  2782  2515  3013  2385  2291  2509  2456  2608  2864  trn
50559   2010 -9999
52130   1959  1376
52130   1960  1653  1310  1048   976  1058  1151   674  1506  1668  1734  trn
52130   1970   614  1363  1475  1151  1127  1293  1780  1170  1545  1148  trn
52130   1980  2655  2324  2405  2152  2355  1832  2698  1878  1738   606  trn
52130   1990  1491  1035   701  2129  2852  1843  2403  2448  1968  1741  trn
52130   2000  2702  2172  2512  2962  2478  2848  2807  3254  3426  2778  trn
52130   2010 -9999
102157  1951  1873  1332  1418  1003   980  1512  1933  2171  1799
102157  1960  2208  1709  1599  1585  1805  1805  1329  2062  2698  2450  trn
102157  1970  2731  2306  2503  2222  1855  2068  1640  1149  1311  1573  trn
102157  1980  1541  1632  1885  1688  1602  1797  1771  1841  1883  1107  trn
102157  1990  1899  1142  1406  2255  2007  1949  2068  2687  2796  1682  trn
102157  2000  2596  2454  1545  2331  2226  2842  2563  2771  2783  2846  trn
102157  2010 -9999
50652   1967  1950  1604  1790
50652   1970   888  1238  2022  1656  2334  2364  2127  1189  2028  2080  trn
50652   1980  2733  3047  3790  2960  2726  3049  2733  2245  2715  2177  trn
50652   1990  2549  2075  2607  2053  1641  1415  1647  2078  1723  1699  trn
50652   2000  2559  2290  1944  3433  2512  2030  1388  2658  2645  3002  trn
50652   2010 -9999
40873   1920   989   843  1307   554   774   545   384  1126   923  1170  trn
40873   1930   674   850   670  1591   805  1185  1321  1412  1523  1312  trn
40873   1940  1402  1766  2087  1284  1298  2203  1836  1820  2168  1630  trn
40873   1950  1860  2171  1809  1344  1476  1727  1301   879  1098  1298  trn
40873   1960  1380  1739  1727  1820  1543  1743  1254  1924  2791  3516  trn
40873   1970  2860  2446  2871  2432  2516  2694  3007  2027  3033  2852  trn
40873   1980  3446  3301  3295  2714  2913  2759  2880  2676  2456  2379  trn
40873   1990  2934  2255  2563  2904  3289  2491  2769  2524  2458  1966  trn
40873   2000  2561  2762  2431  2362  2864  2607  2679  3009  2715  3039  trn
40873   2010 -9999
52010   1956   661   586  1780   762
52010   1960  1890  2152  1458  1489   748  1403   683   762   939   414  trn
52010   1970   352  1012  1347  1408  1283  1399  2412  1845  2322  2347  trn
52010   1980  2023  2848  2525  2149  1444  1389  1791  1841  2516  2167  trn
52010   1990  2625  2201  2496  3098  3157  2620  3344  3043  2908  2342  trn
52010   2000  3239  3371  3051  3147  3220  3690  3830  4320  3846  3884  trn
52010   2010 -9999
30483   1968  1923  1923
30483   1970  1403  1189  2058  1618  1886  2592  2301  1373  2784  2859  trn
30483   1980  2778  1991  2101  1791  1838  1468  2144  1725  1600  1105  trn
30483   1990  1497   957  1718  2290  1884  1228  1583  1295  1422   838  trn
30483   2000  1921  1798  1267  1655  1538  3462  2444  2812  2525  2206  trn
30483   2010 -9999
50557   1955  1991  2583  2256  2054  2486
50557   1960  1944  2748  2217  1940  1162  1698  2621  2079  2968  2952  trn
50557   1970  4017  2707  2405  3021  2980  2791  2635  2519  2153  1961  trn
50557   1980  2405  6822  4407  4580  4822  3910  3070  4302  4555  4191  trn
50557   1990  4755  2741  3944  3630  2504  1476  2536  2453  2390  1790  trn
50557   2000  3508  3732  2181  2977  1870  2937  3292  3085  1944  2579  trn
50557   2010 -9999
60486   1948   591  1264
60486   1950  1072   910   587   931   158   421   928  1047  1203   729  trn
60486   1960  1001  1214  1318  1668  1288  1362  1158   975  2028  2558  trn
60486   1970  2651  2390  2425  2907  2695  2235  2354  1645  3094  3051  trn
60486   1980  4588  4107  3260  2727  2219  2183  2656  2522  2024  2140  trn
60486   1990  2573  1555  1610  2571  2745  2513  2651  2205  1947   834  trn
60486   2000  3043  3084  2283  2367  1967  2007  1937  3289  3080 -9999  trn
60467   1962  1674  1655  1295  1438  1542  1012  1594  1615
60467   1970  1984  2104  1718  2343  1841  2018  2948  1385  2525  1878  trn
60467   1980  1934  2166  1609  1540  1093  1110  1604   960  1103   468  trn
60467   1990  1516  1436  1728  1922  1753  1594  1676  2110  2125  1962  trn
60467   2000  2576  2699  2754  2983  2135  2955  2978  2490  3318  3628  trn
60467   2010 -9999
50563   1954  2305  2295  2058  1822  1272  2268
50563   1960  2642  4777  3096  2962  2666  3843  4570  4490  4852  8126  trn
50563   1970  6071  2712  2859  1861   924  1750  1312  1105   428  1562  trn
50563   1980  3822  3470  4350  2268   358  2212  2600  2251  3410  2116  trn
50563   1990  4407  5655  4018  5566  4771  3782  4333  4560  5390  4701  trn
50563   2000  4991  4771  3723  4096  3128  4343  5049  6496  6704  6808  trn
50563   2010 -9999
40563   1932   870  1407  2532  1553  1809  1926  2285  1816
40563   1940  1819  2133  3006  2859  2215  2562  3167  2508  1681  2508  trn
40563   1950  3124  2710  2541  2153  2353  2725  2406  2298  2911  2436  trn
40563   1960  3138  2825  2903  2004  1472   902   716  3099  2350  3347  trn
40563   1970  2869  2353  3085  2428  2532  2569  3228  2725  3283  3153  trn
40563   1980  4454  4329  4020  3397  3072  2889  2659  2242  2945  2788  trn
40563   1990  2438  1645  1799  1277  1475  2285  3922  3610  2443  3079  trn
40563   2000  3333  3063  2274  2578  2855  3070  3118  3041  2076  2416  trn
40563   2010 -9999
20693   1967   698  2674  1845
20693   1970  1880  1556  2065  1508  1458  1621  2317  4678  3353  2024  trn
20693   1980  3814  3065  2838  3017  3646  3577  3143  2779  2559  2366  trn
20693   1990  1667  1914  3385  3696  3333  2042  3408  2865  2661  2100  trn
20693   2000  2721  2952  2699  3848  4374  4268  4285  4372  3161  4137  trn
20693   2010 -9999
30333   1930  2172  2656  2142  2810  2149  2382  3030  2821  1986  1455  trn
30333   1940  2573  2125  2081  1853  2853  3706  3106  3035  2543  1853  trn
30333   1950  2085  1710  1217  1546  1279   877  1282  1294  1883   939  trn
30333   1960  2346  1760  1583  1462   891  1000  1348  1955  1698  1840  trn
30333   1970  1704  1549  1146  1048   710   332  1297  1355  1979  1911  trn
30333   1980  3326  2686  2596  1577  1279  2568  2570  2159  2314  1724  trn
30333   1990  2051  1760  2485  2535  2210  1271  1962  2074  2262  1784  trn
30333   2000  3112  3062  1972  2962  2125  2613  2686  2878  2573  3189  trn
30333   2010 -9999
92562   1953  1444   921   718   667   455   657   322
92562   1960   777   628  1004   837   787   898  1158  1457  1481  1754  trn
92562   1970  1246  1047  1483  1545  1320  1008  1256  1322  1242   853  trn
92562   1980  1932  1776  1628  1304  1608  1705  1246  1662  1856  1597  trn
92562   1990  1754  1428  1666  1836  2141  2034  2144  1776  1703  1483  trn
92562   2000  2310  1187  2229  1872  1943  1774  1981  1947  1828  2130  trn
92562   2010 -9999
20627   1977  4011  1998  1220
20627   1980  3716  3289  3247  2476  2687  2218  2733  2137  2111  1607  trn
20627   1990  2463  2511  4376  3997  4360  3108  3214  2723  2953  1715  trn
20627   2000  3693  4574  1409  4772  3374  3755  2991  3404  2167  3478  trn
20627   2010 -9999
10664   1974  1326  1610  1235  1001  1323  1485
10664   1980  3234  2824  2722  2457  2626  2275  2633  2465  2106  2418  trn
10664   1990  1933   814  1247  2176  2406  2139  2510  1924  1472   588  trn
10664   2000  1879  1273   724   948   941   558  1230  1409  1146  2102  trn
10664   2010 -9999
40585   1979  1981
40585   1980  3718  2718  2873  2280  3060  2509  2075  1628  1580  1784  trn
40585   1990  1803  1209  1909  1958  2170  1717  1753  2162  1509   724  trn
40585   2000  2213  2914  1658  3152  2925  4120  4080  4023  3228  3671  trn
40585   2010 -9999
101150  1975  1571  1915  1538  1699  1130
101150  1980  2428  1975  1924  1530  1901  2472  2028  1821  1819  1134  trn
101150  1990  1136   753  1128   895  1228  1345  1743  2011  1257  1031  trn
101150  2000  1522  1630  1236  1470  1367  1120   612  1285  1084   962  trn
101150  2010 -9999
150941  1954  1382   537   437   845  1084  1025
150941  1960   923   960   913  1124   429   902   635  1368  1333  1322  trn
150941  1970   834   730  1199  1409  1119   840   859  1221   929   667  trn
150941  1980  1276  1469  1094   690   867   881   771   540   599   292  trn
150941  1990   533   490   774   965  1324  1084  1414  1219  1137  1214  trn
150941  2000  1572  1649  1794  2110  2284  2077  1751  1576  1701  2283  trn
150941  2010 -9999
20847   1968   697  1086
20847   1970   955  1061   923   653   578   762  1250  1025  1124  1100  trn
20847   1980  1732  1448  1188   996  1790  1129   880   632   528   730  trn
20847   1990   882   831  1047  1139  1233   877   808  1194   563   802  trn
20847   2000  1281  1389  1161  1494  1653  1201   799   670   733  1182  trn
20847   2010 -9999
30233   1902  3805  3837  3539  2741  1200  1696  1618  2023
30233   1910  3167  2122  1822  3079  3664  3278  3799  3555  2596  3401  trn
30233   1920  3200  3298  3862  3210  3746  3376  2388  3121  3497  3362  trn
30233   1930  2182  1455  2333  2714  2105  2211  2327  1835  2544  2468  trn
30233   1940  1986  2545  2263  2281  1496  3053  1984  1788  1883  2363  trn
30233   1950  2657  2203  2056  2430  2045  2052  2118  2218  2201  2205  trn
30233   1960  2224  2365  2301  2056   935  2050  1344  1685  2514  2353  trn
30233   1970  2425  1874  1780  2140  1637  1384  1027   738  1354  1157  trn
30233   1980   825  1288  1262  1005  1747  1496  1243  1493  1484  1982  trn
30233   1990  1484   780  1854  1005  1476  1214  1458   900   788   518  trn
30233   2000  1262  1256   738  1316  1243  1024  1547  1269  1632 -9999  trn
40536   1964   929   837   208   489   639  1000
40536   1970   802   659   806   844  1038   747  1263  1080  1371  1249  trn
40536   1980  2462  1676  1488  1511  1625  1695  2013  1849  1611  1474  trn
40536   1990  1420  1579  1928  2198  1929  1676  1956  2238  1432  1338  trn
40536   2000  1813  1901  1596  1308  1296  1062   496   611  1273  1304  trn
40536   2010 -9999
40493   1953   566   856  1311  1616  1128  1187   917
40493   1960   800   892   698   741   327   400   262   430   397   887  trn
40493   1970  1017   924   979  1092   475   671  1415   767  1469  1476  trn
40493   1980  2433  2698  2664  1689  1217  1262  1451   335  1301  1214  trn
40493   1990  1597  1250  1521  1512  1790  1421  1673  1655  1786  1171  trn
40493   2000  2107  1809  1721  1629  1867  1772  1539  1723  1139  1856  trn
40493   2010 -9999
60129   1952   740   494   403   696   142   559  1316   553
60129   1960   570   679   467   576   300   400   827  1419  2007  2356  trn
60129   1970  1679  1791  1567  1787  1285   925  1234  1226  1273  1167  trn
60129   1980  1978  1747  1598   958   990  1055  1172   930  1196  1172  trn
60129   1990  1384  1269  1033  1218  1475  1043  1465  1504  1427  1180  trn
60129   2000  1481  1249  1339  1324  1515  1192  1353  1273  1512  1759  trn
60129   2010 -9999
50330   1958  1219   735
50330   1960   812   857   710   806   574  1122   344   881   850  1338  trn
50330   1970   872   776   769   714   731   828  1344  1191  1512  1524  trn
50330   1980  2114  1727  2074  1943  1883  1940  2129  1761  1503  1317  trn
50330   1990  1569  1497  1700  1862  2183  1693  1709  1808  1793  1612  trn
50330   2000  2011  2066  1913  1948  1762  1673  1931  1993  2149  2202  trn
50330   2010 -9999
30214   1950  1088  1273   504   514   324   652   773   995   874   504  trn
30214   1960   559  1176   733   831   544  1094   593   998  1136  1658  trn
30214   1970  1288  1295  1232  1278  1681  1697  1877  1184  1959  1436  trn
30214   1980  2086  1864  2268  1666  1472  1472  1266  1527  1495  1244  trn
30214   1990  1424  1070   725   943  1111   926  1178   625   781   652  trn
30214   2000  1336  1377  1405  1678  1288  1715  1629  1840  1181  1602  trn
30214   2010 -9999
132532  1952  1758  1308  1115  1308  1554  1437  1161   941
132532  1960  1558  1370  1189   969  1240  1192   921  1002   804  1004  trn
132532  1970   837  1753  1083   720   550   138   142   326   748   298  trn
132532  1980   844   824   909  1172   913   992   811   672   710   777  trn
132532  1990   837   634   951   921  1110  1168  1113   967  1192  1049  trn
132532  2000  1362  1359  1398  1357  1545  1517  1505  1651 -9999
50301   1958   887   814
50301   1960   664   747   449   743   444   655   454   486   843  1112  trn
50301   1970   968  1173  1102  1318  1219  1073  1491   928  1279  1102  trn
50301   1980  2256  1799  2051  1812  1661  1316  1300   772   968   632  trn
50301   1990  1025  1036   657  1036  1175   461   814  1141   426   326  trn
50301   2000   834  1322  1139  1340  1102  1019  1137  1185 -9999
152661  1970   434   768   994   904   940   788  1080  1252  1602  1508  trn
152661  1980  1859  1373  1536   946  1122  1152  1436  1363  1344   984  trn
152661  1990  1169   731  1552  1889  1923  1677  1777  1824  1654  1564  trn
152661  2000  2409  2139  1616  1293  1682  1848  1901  1550  1353  2448  trn
152661  2010 -9999
111171  1950   956   901  1152   994   780   726  1591  1768  1861  1642  trn
111171  1960  1506  1428  1359  1399  1160  1009   651   826   707   797  trn
111171  1970  1032  1267   861   809   677   540   527  1082   946  1150  trn
111171  1980  1980  1315  1269  1026   834   842   677   589   784   414  trn
111171  1990   275    96   740   776   872   814   767  1209   801   922  trn
111171  2000  1126  1041  1309  1386  1060  1489  1775  1768  1126  1402  trn
111171  2010 -9999
10743   1964  1181  1045   872  1529  1471  1621
10743   1970  1261  1427  1363  1304  1355  1176  1539  1246  1259   878  trn
10743   1980  1976  1660  1547  1238   993  1400  1073   766   615   645  trn
10743   1990   482   550   847   887  1048   922   995  1192   786   887  trn
10743   2000  1265  1068   890   664   973   591   464   884   934  1391  trn
10743   2010 -9999
40889   1962   565   762   895  1362   988  1122  1221  1424
40889   1970  1663  1863  1690  1394  1371  1081  1555   911  1311  1236  trn
40889   1980  2392  2261  2048  1580  2047  1531  1236  1193   832   997  trn
40889   1990   970   492   994   964   711   531   818   704   920   666  trn
40889   2000  1314  1311  1178  1448  1224  1834  1930  1943  1435  1141  trn
40889   2010 -9999
60295   1962   547   597   205   259   205   503   736   649
60295   1970   358   452   413   174   253   609   923  1104   809   394  trn
60295   1980  1052   703  1480   625   840  1052  1069  1203  1147  1611  trn
60295   1990  1605  1840  1709  2256  2726  2109  2416  2526  2413  2202  trn
60295   2000  2699  2270  2086  2257  2120  2109  2117  2168  2351  2652  trn
60295   2010 -9999
30534   1979   496
30534   1980   166   206   303   835   114   839  1062  1169  1867  2607  trn
30534   1990  2892  1675  2131  2781  2977  3066  2717  2999  2826  2902  trn
30534   2000  2672  2765  2114  2509  2758  1706  1292   956   878 -9999  trn
50433   1960  1149  1353  1033  1062   818   514  1016  1037  1707  1727  trn
50433   1970  2026  2015  1621  1321  1154   778   356  1238   582   886  trn
50433   1980  1718   984  1187   656   618   551   646   554   514   538  trn
50433   1990   888  1087  1416  1598  1549  1113  1451  1633  1440  1225  trn
50433   2000  1516  1403  1834  1730  1571  1412   820 -9999
10647   1942   795   771  1307   835  1559  1946   124  1122
10647   1950   756   558   372  1195  1144   900   789   623  1103  1179  trn
10647   1960  1066  1008  1141  1071   768   861   809  1134   938  1686  trn
10647   1970  1139  1250  1186   924   732   858   759   815  1365   967  trn
10647   1980  2071  1946  1907  1939  1544  1902  1880  1980  1643  1491  trn
10647   1990  2425  2454  2880  2655  1688  1952  1885  1567  1120  1214  trn
10647   2000  1878  1532  1426  1820  2195  2626  2371  2603  2160  1827  trn
10647   2010 -9999
171150  1961  1148  1460   519  1327  1349  1376  2721  2775  2975
171150  1970  2442  3260  1947  2002  1272  1386  1142  1277  1204   668  trn
171150  1980   723   692  1161   981  1863  1849  1609  1762  1441  1274  trn
171150  1990  1490  1533  1904  1831  2347  1829  1659  2034  1970   350  trn
171150  2000   468 -9999
70180   1977  1392  1285  1043
70180   1980  2385  1886  1783  1280  2254  1849  2085  1498  1554  1635  trn
70180   1990  1793  1513  1731  2424  2263  2123  1572  1203  1014   738  trn
70180   2000   386  1105  1093  1152  1037   767  1637  1741 -9999
10730   1936  1286   576  1260  1576
10730   1940  1097  1492  1097   719   920  1101  1365   676   877  1024  trn
10730   1950   926   875   818   840   873   634   713   682  1014   561  trn
10730   1960   938   703   926   703   396   767   624  1081  1510  1936  trn
10730   1970  1226   803  1149  1157  1204   932  1586  1224  1014   494  trn
10730   1980  1855  1982  1844  1477  1592  1453  1406  1424  1214  1435  trn
10730   1990  1012   605   777   834   966   840  1105   861   719   432  trn
10730   2000  1109   893   703 -9999
30472   1954   592   800  1314   922   670   934
30472   1960  1152  1144   666  1026   842   424   124  1032  1082   832  trn
30472   1970   752   706   936   976   748  1376  1058  1160   876  1890  trn
30472   1980  1904  1758  1376  1548  1000   854   814   552   678   786  trn
30472   1990  1114  1106   874   874   874  1016   828  1834  1088  1016  trn
30472   2000  1232   870 -9999
30421r  1887  1126   987  1538
30421r  1890  1221  1208  1588  1035  1315  1404  1335  1375  1162  1371  trn
30421r  1900  1414  1707  1367  1480  1659  1929  1744  1615  1176  1799  trn
30421r  1910  1403   816   867   660  1071   855  1334  1213   911  1125  trn
30421r  1920   984  1501  1688  1503  2459  1928  1431  2193  2828  2877  trn
30421r  1930   896  1289  1126  1059  1114  1544  1688  1727  1814  1706  trn
30421r  1940  1949  1800  1822   991   757  1259  1472   931  1183  1063  trn
30421r  1950  2326  2566  1547  1772  1374  1865  1401  1445  1359  1101  trn
30421r  1960  1415  1688  1634  1508   840  1092   731   904  1953   694  trn
30421r  1970   884   492   726   847   949   786   571    98   522   690  trn
30421r  1980   983  1035   956  1304   920   716   805   769   500   757  trn
30421r  1990   631   315   521   693   980   641   913   922   702   748  trn
30421r  2000   517   359   598   666   666 -9999
