  year  #   1
  1950  -0.735
  1951  -0.939
  1952  -1.209
  1953  -1.121
  1954  -0.955
  1955  -1.287
  1956  -0.916
  1957  -0.860
  1958  -0.385
  1959  -0.974
  1960  -0.606
  1961  -0.676
  1962  -0.797
  1963  -0.701
  1964  -1.179
  1965  -0.988
  1966  -1.283
  1967  -0.220
  1968  -0.231
  1969   0.692
  1970  -0.278
  1971  -0.318
  1972  -0.109
  1973  -0.266
  1974  -0.417
  1975  -0.494
  1976   0.468
  1977   0.116
  1978   0.642
  1979   0.135
  1980   3.358
  1981   2.412
  1982   2.685
  1983   1.342
  1984   1.006
  1985   1.035
  1986   1.082
  1987   0.888
  1988   0.602
  1989   0.144
  1990   0.688
  1991  -0.264
  1992   0.163
  1993   0.364
  1994   0.286
  1995  -0.237
  1996   0.198
  1997   0.238
  1998  -0.244
  1999  -0.698
  2000   0.844
