 eigenvalue  7.560   3.431   2.313   1.415   1.203   0.705   0.602   0.445   0.379   0.363   0.305   0.266   0.227   0.182   0.174   0.138   0.113   0.078   0.065   0.037
 eval sderr  1.497   0.680   0.458   0.280   0.238   0.140   0.119   0.088   0.075   0.072   0.060   0.053   0.045   0.036   0.034   0.027   0.022   0.015   0.013   0.007
 % variance  0.378   0.172   0.116   0.071   0.060   0.035   0.030   0.022   0.019   0.018   0.015   0.013   0.011   0.009   0.009   0.007   0.006   0.004   0.003   0.002
 cumulative  0.378   0.550   0.665   0.736   0.796   0.831   0.861   0.884   0.903   0.921   0.936   0.949   0.961   0.970   0.978   0.985   0.991   0.995   0.998   1.000
 brokn stck  3.598   2.598   2.098   1.764   1.514   1.314   1.148   1.005   0.880   0.769   0.669   0.578   0.495   0.418   0.346   0.280   0.217   0.158   0.103   0.050
 series_id   #  1       2       3       4       5       6       7       8       9      10      11      12      13      14      15      16      17      18      19      20
  101100     0.301   0.062   0.192  -0.188   0.044  -0.206   0.132  -0.151   0.074   0.138   0.074   0.047  -0.405  -0.039   0.220  -0.468   0.440   0.157   0.255  -0.028
  60111     -0.036   0.222   0.355   0.418   0.345   0.001  -0.003  -0.059  -0.191   0.403  -0.223  -0.341  -0.133   0.060   0.211  -0.014  -0.102  -0.170  -0.216   0.096
  90658      0.179  -0.115   0.351   0.116   0.418   0.153   0.017   0.344  -0.074  -0.163   0.514   0.057  -0.147  -0.152  -0.379   0.013  -0.067   0.041   0.008  -0.088
  90062      0.319   0.014  -0.009   0.170  -0.171  -0.109  -0.141   0.170   0.219   0.081  -0.154  -0.241  -0.103   0.179  -0.250   0.460   0.465   0.192  -0.169  -0.209
  111208     0.038   0.411   0.258   0.063  -0.164  -0.153   0.292  -0.100  -0.059   0.222   0.194   0.520   0.286   0.279  -0.148   0.096   0.014   0.151  -0.153   0.123
  90616      0.202   0.263  -0.301   0.090  -0.084   0.028  -0.072  -0.120  -0.413  -0.363   0.453  -0.200  -0.098   0.184   0.319   0.057   0.092  -0.002  -0.232   0.081
  90278      0.287  -0.158   0.166   0.264   0.070   0.185   0.024  -0.161  -0.120  -0.136  -0.105   0.084   0.243   0.008   0.276   0.355   0.028   0.129   0.613   0.160
  50340      0.246   0.212   0.131  -0.315   0.014  -0.060   0.115  -0.442  -0.085  -0.209  -0.235  -0.020  -0.313  -0.332  -0.255   0.315  -0.263  -0.030  -0.105   0.074
  40554      0.041   0.247  -0.316  -0.255   0.282   0.226   0.648   0.312   0.073   0.080  -0.085  -0.245   0.063   0.059   0.027   0.104   0.035   0.081   0.107   0.088
  90567      0.161   0.273   0.296  -0.224   0.026  -0.332  -0.250   0.291   0.288  -0.288  -0.047  -0.265   0.338   0.001   0.184  -0.112  -0.214   0.149  -0.007   0.192
  40873      0.295  -0.162  -0.218  -0.010   0.124   0.030  -0.071  -0.041   0.063   0.342   0.082   0.132   0.075  -0.249   0.300   0.036  -0.330   0.518  -0.277  -0.241
  60486      0.308  -0.115  -0.158   0.162  -0.005   0.197  -0.017  -0.099   0.417   0.085   0.108   0.068   0.072  -0.197  -0.048  -0.096   0.129  -0.261  -0.240   0.629
  40563      0.208   0.236  -0.232   0.184  -0.235  -0.095  -0.155   0.526  -0.244   0.100  -0.225   0.279  -0.325  -0.135  -0.045  -0.058  -0.210  -0.057   0.204   0.179
  30333      0.246   0.095   0.096  -0.247  -0.259   0.480  -0.223  -0.061  -0.313   0.273  -0.025  -0.273   0.280   0.023  -0.304  -0.283   0.009   0.063   0.079  -0.015
  30233     -0.171   0.260  -0.131  -0.056   0.457   0.312  -0.406  -0.095   0.080  -0.168  -0.244   0.282  -0.122   0.240  -0.081  -0.065   0.151   0.321  -0.041   0.133
  30214      0.280  -0.007  -0.266   0.195   0.134  -0.195   0.013  -0.250   0.225   0.019   0.055  -0.120  -0.049   0.492  -0.290  -0.203  -0.411  -0.097   0.243  -0.137
  111171    -0.017   0.369   0.122   0.334  -0.281   0.434   0.133  -0.032   0.388  -0.246  -0.024   0.026  -0.076  -0.167   0.135  -0.157  -0.094  -0.025   0.001  -0.390
  10647      0.248  -0.145   0.200  -0.389  -0.004   0.257  -0.078   0.164   0.091   0.057  -0.039   0.238  -0.159   0.414   0.321   0.173  -0.121  -0.418  -0.136  -0.144
  10730      0.283   0.136  -0.171   0.038   0.324  -0.169  -0.031  -0.011  -0.157  -0.108  -0.210   0.209   0.419  -0.233  -0.027  -0.129   0.253  -0.396  -0.082  -0.372
  30421r    -0.166   0.377  -0.132  -0.158   0.086  -0.037  -0.328  -0.088   0.210   0.375   0.400  -0.045  -0.014  -0.202   0.052   0.312   0.031  -0.226   0.342  -0.086
