  year  #   1       2       3       4       5       6       7       8       9      10      11      12      13      14      15      16      17      18      19      20
  1950   1.379   3.173  -1.507   1.795   0.501  -0.676   0.022   1.118  -0.366  -0.114   0.246  -1.628   0.027   0.136  -0.088  -0.195  -0.585  -0.527  -0.374  -0.106
  1951  -0.499   2.545  -2.445   0.510   0.737   0.212   1.086   0.350   0.208  -0.898   0.025   0.573  -0.475  -1.017   0.342  -0.449   0.529   0.041   0.240   0.476
  1952  -2.149  -0.330  -2.051   0.154  -0.208   0.248  -0.498  -0.718   0.482  -0.026  -0.459   0.203   0.744   1.253  -0.340   0.839   0.117   0.113   0.509   0.212
  1953  -0.045   0.638  -0.578  -2.674   1.491  -0.183  -0.302   1.496  -1.115  -0.070  -1.623  -0.018   0.040   0.128  -0.255   0.003   0.068   0.337  -0.265  -0.661
  1954  -0.555  -1.446   2.636   2.071   0.221   0.904  -0.666  -0.753  -0.773  -1.042   1.492  -0.238  -0.495  -0.671  -0.866   0.340  -0.548   0.362  -0.081  -0.105
  1955  -1.542   0.580  -1.094   1.510  -0.324  -0.284   1.701  -0.300  -1.139   2.164  -0.568   0.887   0.335  -1.083   0.330  -0.026  -0.521   0.224  -0.428  -0.066
  1956   1.727  -2.698  -0.458   0.484   0.216  -1.343   1.013  -0.373   1.138   0.175  -0.319  -0.673   1.175   0.037   0.537  -0.242  -0.506   0.946   0.473   0.076
  1957   0.175  -1.306   0.798   1.869   1.039  -0.671  -1.594   1.941   2.203   1.172   1.035   1.389   0.403   0.048   0.975  -0.473   0.441  -0.498  -0.130  -0.166
  1958   2.657  -1.595   0.948  -0.083   0.605  -0.319  -0.725   0.444   0.006  -0.629  -0.200  -0.708   0.422   0.310  -0.368  -0.961   0.766   0.305   0.113  -0.348
  1959  -1.940  -1.250   0.318  -0.961   0.416  -0.267   0.251  -0.529  -0.435   0.384  -0.767  -0.190   0.840  -1.023  -0.414   0.296  -0.220   0.351   0.400  -0.120
  1960   1.231   0.282  -0.245   0.027  -1.070  -1.519  -1.229   0.593  -1.293   0.449  -0.082  -1.389  -0.760   1.191   0.479   0.130  -0.289  -0.181  -0.452   0.293
  1961   0.670   0.398  -0.170   0.488   1.156  -0.643   1.080  -0.337  -0.188  -0.627   0.582  -0.111   1.103  -0.745   0.248  -0.288   0.046   0.269  -0.669  -0.653
  1962  -0.526  -0.040   1.615   0.471   0.219  -0.939  -0.524  -0.311  -0.567   0.649   0.625  -0.080  -0.317  -0.128  -0.435  -0.281   0.476   0.710  -0.187   0.319
  1963   0.030  -0.636   2.019  -0.355   0.252  -1.240   0.412   0.751   0.742  -0.557   0.730  -0.226  -0.272  -0.564  -0.382   0.639   0.468   0.390  -0.320  -0.169
  1964  -3.989  -2.672   0.771  -0.288  -1.820   0.681   1.893   0.206   0.374   0.337  -0.308  -0.138  -0.312   0.064  -0.617  -0.671  -0.040  -0.188  -0.065  -0.061
  1965  -0.626   0.211   1.595  -0.200   1.299  -0.047   0.880   0.636   0.623  -0.001  -0.879   0.163   0.697  -0.025   1.073  -0.006  -0.431  -0.425   0.024   0.058
  1966  -4.796  -1.289  -0.805  -1.464   0.006   0.217  -0.073   0.646  -1.186  -1.015   0.503   1.582  -0.675   1.354   0.360  -0.114   0.270  -0.009   0.164  -0.068
  1967   3.065  -1.317   0.178   1.948  -0.659  -0.438  -1.300  -0.710  -1.683  -0.215   0.206   0.079  -0.193  -1.165   0.692   0.324   0.102  -0.039   0.597  -0.204
  1968   1.263   2.729   1.113   0.537   2.361  -0.153   1.767  -0.471  -0.047  -0.136  -1.098  -0.569  -0.806   0.430  -0.487  -0.223   0.239  -0.077   0.309   0.469
  1969   3.593   1.103   1.745  -1.054  -1.476   2.762  -0.376  -1.859   0.334   0.959  -0.772   0.237   0.801   0.154   0.338  -0.139   0.463  -0.022  -0.318   0.190
  1970  -1.720   1.840   0.258  -0.873   0.130  -0.879  -0.631  -0.962   1.081   0.272   0.544  -1.250  -0.179   0.513   0.298  -0.216   0.552   0.511   0.206   0.162
  1971  -1.105  -0.596  -0.884  -2.111   0.407   0.430  -0.630  -0.512   1.121  -0.793   1.005  -0.301   0.156  -0.541   0.087  -0.303  -0.274  -0.375   0.832   0.155
  1972  -0.401   1.738   0.289   0.329  -0.453   1.260  -1.175  -0.404   0.431   0.220  -0.005  -0.487  -0.662  -0.353  -0.763   0.457   0.151  -0.238   0.388  -0.297
  1973  -1.350   1.674   0.140  -0.595   0.356  -0.870  -1.045   0.282   1.045   0.012   0.424   0.496  -0.029   0.780  -0.198   0.858  -1.018   0.183  -0.059  -0.196
  1974  -2.504   1.930  -0.851   0.924  -1.202   0.508   0.177   0.115   0.996   0.409  -0.030   0.426   0.264   0.095   0.427  -0.297  -0.049   0.468  -0.189   0.439
  1975  -3.008   1.712  -1.596   0.503  -0.903   0.855  -0.147  -0.078   0.316  -0.900   0.257  -0.387   1.188  -0.198   0.056   1.110   0.407   0.838  -0.240  -0.282
  1976   1.946   0.191  -0.632   1.231  -1.332   1.408  -0.370  -0.513   0.919  -0.962  -0.871   0.379  -0.783   0.122   0.519   0.491   0.302  -0.229  -0.779  -0.481
  1977  -0.986  -4.021  -1.713  -0.372   0.065   0.058  -0.262  -0.924   0.611  -0.594  -1.013   0.038   0.040   0.199   0.183   0.052  -0.643  -0.132  -0.166   0.147
  1978   0.258   2.852   0.523  -2.612  -2.537  -1.642   0.506  -0.011  -0.661  -0.403   0.887   0.784   0.556  -0.905  -0.194  -0.302   0.279  -0.619   0.388   0.138
  1979  -1.799  -0.282  -0.774  -0.243  -1.796  -1.618   1.238  -0.473   0.633   0.944   0.596  -1.432  -0.104  -0.147  -0.196   0.193  -0.088  -0.734   0.120  -0.434
  1980  10.306  -1.401  -2.287  -0.912  -0.545   0.207   0.365   0.000   0.574   0.358   1.329   0.358  -0.254   0.305  -1.180  -0.254  -0.416   0.131  -0.561   0.456
  1981   2.903   1.041  -0.253   0.283  -0.302   0.643  -0.273  -0.112  -0.508   0.585  -0.344   1.115  -0.764   0.118   0.075   0.028  -0.658   0.415   0.161  -0.079
  1982   4.582  -0.158  -0.012   0.271  -0.855   0.169  -0.185   1.307   0.111  -1.956  -0.808  -0.147   0.551  -0.726   0.522   0.271   0.345  -0.026   0.401   0.383
  1983   0.222  -0.695  -0.405   1.048   0.420   0.466   0.084   1.968  -0.534   0.034  -0.159   0.618   0.279  -0.325  -0.952   0.038  -0.190   0.255   0.261   0.527
  1984   0.115   0.000   3.382   1.114  -0.622  -0.660  -0.205   0.232  -0.059  -0.226  -1.396   0.406   1.115   0.335  -0.698   0.585   0.163  -0.854  -0.220   0.489
  1985   1.343  -0.927   0.454  -0.352  -0.108   0.622   0.394  -0.159  -0.683  -0.336  -0.137  -1.283  -0.266   0.647   1.095  -0.574   0.380  -0.158  -0.166   0.117
  1986   1.034  -1.071   0.317   0.366   1.018   1.046   1.429  -0.700  -0.544  -0.228   0.493   0.484  -0.802   0.492  -0.137  -0.619   0.083  -0.102   0.436  -0.416
  1987   0.015   1.025   0.022  -1.437   0.977   0.540  -0.574  -0.167   0.220  -1.215  -0.048  -0.105  -0.266  -0.421   0.055  -0.191  -1.018   0.197  -0.364   0.217
  1988  -0.249  -0.708  -0.343   0.332  -0.199  -0.268  -0.520  -1.087  -0.085  -0.334   0.097  -0.031   0.500   0.091   0.634  -0.821  -0.212  -0.555  -0.290  -0.071
  1989  -1.674   1.674   1.268   0.850   1.170   0.362  -0.936  -0.735   0.336   0.020  -0.602  -0.136  -0.593   0.275   0.172  -0.721  -0.570   0.343   0.313  -0.167
  1990   1.445   0.138   0.246  -0.799   0.162   2.699   0.418   1.509  -0.149   0.767   0.498  -0.694   0.091  -0.268   0.258   0.437  -0.592  -0.904   0.620  -0.449
  1991  -4.619  -1.105   0.641  -0.617  -0.871   1.432   0.431   1.131  -1.558  -0.509   1.014  -0.580   0.901   0.628   0.101  -0.136  -0.119   0.204  -0.628   0.367
  1992   0.531  -0.995  -0.110  -1.953   2.933  -0.206  -0.895  -1.111  -1.251   1.601   0.860   0.069   0.408  -0.317   0.754   1.064   0.293  -0.394  -0.162   0.493
  1993   0.301  -0.538   0.179  -0.836   0.246   1.335   1.324   0.960   0.778   1.171   0.527  -0.380  -1.414  -0.181   0.564   0.750   0.896   0.582  -0.111   0.013
  1994  -0.155   0.783  -0.035   0.512   1.807  -0.507   1.560  -1.325   0.450  -0.870   0.752   1.061   0.468   0.911  -0.946   0.369   0.310  -0.787  -0.405  -0.204
  1995  -3.025   0.481   0.616  -0.895  -0.434   0.641  -1.469   0.518   0.785   1.295  -0.344   0.003   0.068  -0.367  -1.280  -0.934  -0.159   0.108  -0.086   0.025
  1996   0.881   1.188  -1.448   2.151  -0.430   0.097  -0.516  -0.077  -1.423   0.721   0.486   0.423   1.104   1.340  -0.235  -0.434   0.485   0.166   0.741  -0.306
  1997   0.550  -2.336  -1.392   0.771   0.061  -0.936   0.071   0.319   0.208   0.468  -1.264  -0.514  -0.715   0.157  -0.914   0.695   0.505  -0.286   0.277  -0.023
  1998  -2.769  -0.265   1.149   1.304  -1.206  -1.059   0.761  -0.229   0.063  -0.399   0.249   0.494  -1.610   0.137   0.828   0.387  -0.476  -0.013   0.290   0.334
  1999  -4.013  -0.876  -2.318   0.083   0.457  -0.439  -1.724  -0.542  -0.322  -0.166  -0.704   0.191  -0.959  -1.377  -0.346  -0.528   0.601  -0.524  -0.570   0.074
  2000   3.821   0.625   1.188  -2.252  -1.375  -1.995  -0.019  -0.041  -0.220   0.054  -0.662   1.237  -0.573   0.301   0.291   0.042  -0.112   0.445   0.021  -0.502
