 % variance  0.319
 cumulative  0.319
 series_id   #  1
  50274      0.631
  80233      0.488
  100771     0.646
  151021     0.741
  110811     0.690
  101136     0.344
  121305     0.695
  60353      0.589
  60116      0.635
  80235      0.602
  100540     0.407
  60143      0.492
  121310     0.403
  60345      0.310
  90529      0.516
  121186     0.414
  70126      0.647
  131087     0.549
  70096      0.667
  80316      0.385
  80491      0.557
  80330      0.688
  70502      0.629
  70407      0.751
  70421      0.785
  182060     0.325
  60550      0.714
  121329     0.652
  180952     0.402
  161576     0.634
  32516      0.374
  172202     0.364
  92250      0.499
  50046      0.494
  202496     0.297
  122060     0.657
  111314     0.395
  62281      0.482
  72396      0.612
  40649      0.598
  42092      0.704
  60522      0.537
  111252     0.501
  72140      0.651
  50499      0.623
  82115      0.222
  10636      0.416
  22336      0.640
  62372      0.793
  121026     0.771
  112082     0.468
  52287      0.561
  121434     0.291
