  year  #   1
  1950   0.605
  1951  -0.030
  1952  -0.031
  1953   0.115
  1954   0.921
  1955   1.547
  1956   1.108
  1957   0.940
  1958   1.528
  1959   1.187
  1960   1.397
  1961   1.226
  1962   1.357
  1963   1.181
  1964   0.668
  1965   0.708
  1966   0.730
  1967   0.798
  1968   1.360
  1969   0.746
  1970   1.449
  1971   0.590
  1972   0.781
  1973   0.808
  1974   0.445
  1975   0.319
  1976  -0.121
  1977  -0.702
  1978  -0.192
  1979  -0.461
  1980  -0.401
  1981  -0.080
  1982  -0.173
  1983  -0.370
  1984  -0.955
  1985  -0.792
  1986  -0.793
  1987  -0.997
  1988  -1.239
  1989  -1.170
  1990  -1.338
  1991  -1.255
  1992  -1.200
  1993  -1.046
  1994  -1.197
  1995  -1.490
  1996  -1.576
  1997  -1.104
  1998  -1.284
  1999  -1.450
  2000  -1.068
