 eigenvalue  2.846   1.909   1.362   1.083   1.037   0.861   0.710   0.577   0.542   0.417   0.345   0.311
 eval sderr  0.564   0.378   0.270   0.214   0.205   0.170   0.141   0.114   0.107   0.082   0.068   0.062
 % variance  0.237   0.159   0.113   0.090   0.086   0.072   0.059   0.048   0.045   0.035   0.029   0.026
 cumulative  0.237   0.396   0.510   0.600   0.686   0.758   0.817   0.865   0.911   0.945   0.974   1.000
 brokn stck  3.103   2.103   1.603   1.270   1.020   0.820   0.653   0.510   0.385   0.274   0.174   0.083
 series_id   #  1       2       3       4       5       6       7       8       9      10      11      12
  12080A     0.402  -0.146   0.388   0.041  -0.191  -0.158  -0.178   0.196  -0.174  -0.200   0.575  -0.363
  90639A     0.200   0.401  -0.215  -0.290   0.025  -0.229   0.627  -0.116  -0.337   0.059   0.037  -0.299
  62100A     0.262   0.401  -0.138  -0.301   0.274   0.337  -0.220  -0.223   0.113  -0.334   0.362   0.345
  152057A    0.382  -0.059  -0.273   0.462   0.057  -0.020  -0.099  -0.387   0.085  -0.407  -0.341  -0.331
  130992A    0.401  -0.197  -0.200   0.038  -0.388  -0.069  -0.085  -0.066  -0.500   0.139  -0.099   0.559
  62369A     0.162   0.026   0.669  -0.284   0.086   0.173  -0.108  -0.427  -0.155   0.177  -0.389  -0.086
  131183A    0.189   0.275   0.160   0.159   0.515  -0.603  -0.193   0.290  -0.025   0.048  -0.182   0.228
  171194A    0.238   0.321   0.267   0.043  -0.519  -0.038   0.280   0.184   0.524  -0.167  -0.195   0.210
  131179A    0.322  -0.394  -0.028   0.008   0.220  -0.159   0.273  -0.315   0.470   0.422   0.280   0.122
  152464A    0.344  -0.025  -0.336  -0.445  -0.061   0.096  -0.364   0.357   0.210   0.296  -0.252  -0.319
  080479A    0.202  -0.425   0.094  -0.121   0.354   0.312   0.410   0.419  -0.094  -0.357  -0.199   0.112
  111227A    0.203   0.314   0.054   0.536   0.120   0.526   0.087   0.204  -0.114   0.452   0.086  -0.066
