 eigenvalue  5.599   1.910   1.481   0.866   0.688   0.574   0.308   0.206   0.142   0.090   0.076   0.061
 eval sderr  1.109   0.378   0.293   0.171   0.136   0.114   0.061   0.041   0.028   0.018   0.015   0.012
 % variance  0.467   0.159   0.123   0.072   0.057   0.048   0.026   0.017   0.012   0.008   0.006   0.005
 cumulative  0.467   0.626   0.749   0.821   0.879   0.926   0.952   0.969   0.981   0.989   0.995   1.000
 brokn stck  3.103   2.103   1.603   1.270   1.020   0.820   0.653   0.510   0.385   0.274   0.174   0.083
 series_id   #  1       2       3       4       5       6       7       8       9      10      11      12
  12080A     0.388   0.145  -0.103   0.151  -0.060  -0.001   0.112  -0.253   0.413   0.026   0.680   0.287
  90639A     0.015   0.502   0.252   0.370   0.610  -0.048  -0.365  -0.101  -0.123  -0.116  -0.012   0.018
  62100A    -0.297   0.345   0.016   0.123   0.065   0.523   0.526   0.014  -0.086   0.450  -0.015   0.109
  152057A    0.357  -0.051   0.352  -0.118  -0.033   0.075   0.095   0.403  -0.380  -0.136  -0.010   0.626
  130992A    0.208  -0.288   0.563   0.011   0.257   0.184   0.144   0.203   0.548   0.076  -0.121  -0.271
  62369A     0.133  -0.290  -0.130   0.874  -0.242   0.126   0.004   0.103  -0.091  -0.058  -0.142  -0.026
  131183A    0.186   0.536  -0.309  -0.005  -0.129  -0.110   0.133   0.591   0.286  -0.218  -0.177  -0.159
  171194A    0.386   0.167  -0.010  -0.027  -0.135  -0.163   0.008  -0.436   0.167   0.300  -0.641   0.242
  131179A    0.381  -0.069  -0.203  -0.067   0.126  -0.001  -0.312   0.284  -0.231   0.688   0.165  -0.238
  152464A    0.305   0.019  -0.209  -0.206  -0.001   0.768  -0.248  -0.183  -0.052  -0.326  -0.090  -0.134
  080479A    0.172  -0.291  -0.459  -0.024   0.644  -0.125   0.449  -0.041  -0.083  -0.143  -0.101   0.057
  111227A    0.349   0.179   0.275  -0.001  -0.168  -0.156   0.412  -0.236  -0.427  -0.135   0.120  -0.527
