 eigenvalue  5.398   2.068   1.412   0.921   0.650   0.571   0.303   0.239   0.179   0.108   0.088   0.063
 eval sderr  1.069   0.409   0.280   0.182   0.129   0.113   0.060   0.047   0.035   0.021   0.017   0.012
 % variance  0.450   0.172   0.118   0.077   0.054   0.048   0.025   0.020   0.015   0.009   0.007   0.005
 cumulative  0.450   0.622   0.740   0.817   0.871   0.918   0.944   0.964   0.978   0.987   0.995   1.000
 brokn stck  3.103   2.103   1.603   1.270   1.020   0.820   0.653   0.510   0.385   0.274   0.174   0.083
 series_id   #  1       2       3       4       5       6       7       8       9      10      11      12
  12080A     0.392   0.079   0.107   0.205  -0.136  -0.007   0.234  -0.138  -0.024   0.649  -0.506  -0.125
  90639A    -0.001   0.516  -0.053   0.488   0.403   0.307  -0.420  -0.208   0.013  -0.080  -0.072  -0.059
  62100A    -0.289   0.341   0.127   0.195   0.351  -0.308   0.494   0.270  -0.250   0.235   0.288   0.104
  152057A    0.367   0.119  -0.262  -0.164   0.149  -0.032  -0.006   0.496  -0.337  -0.222  -0.129  -0.553
  130992A    0.212  -0.204  -0.590   0.098   0.382  -0.061   0.180   0.090   0.576   0.111   0.091   0.115
  62369A     0.149  -0.322   0.059   0.763  -0.259  -0.346  -0.029   0.112  -0.060  -0.280   0.069  -0.040
  131183A    0.217   0.397   0.459  -0.050  -0.166  -0.011   0.081   0.367   0.604  -0.217  -0.027   0.037
  171194A    0.388   0.173  -0.022  -0.024  -0.218   0.081   0.112  -0.363  -0.003   0.104   0.726  -0.287
  131179A    0.370  -0.140   0.189  -0.081   0.160  -0.076  -0.530   0.334  -0.167   0.351   0.252   0.405
  152464A    0.300  -0.068   0.299  -0.199   0.468  -0.491   0.041  -0.460  -0.023  -0.287  -0.140   0.007
  080479A    0.141  -0.408   0.369   0.116   0.320   0.644   0.340   0.073  -0.085  -0.124   0.060  -0.005
  111227A    0.341   0.270  -0.280  -0.011  -0.195   0.134   0.273  -0.060  -0.295  -0.312  -0.107   0.634
