  year  #   1
  1950   0.232
  1951  -1.042
  1952  -2.076
  1953  -0.392
  1954   1.886
  1955   1.762
  1956  -0.283
  1957  -0.205
  1958   2.155
  1959  -0.495
  1960   0.841
  1961   0.085
  1962   0.952
  1963   0.302
  1964  -1.122
  1965  -0.186
  1966  -0.415
  1967   0.504
  1968   1.422
  1969  -0.873
  1970   1.977
  1971  -1.046
  1972   0.951
  1973   0.553
  1974  -0.506
  1975  -0.056
  1976  -1.444
  1977  -2.168
  1978   0.268
  1979  -1.113
  1980  -0.521
  1981   0.940
  1982   0.492
  1983  -0.761
  1984  -1.592
  1985   0.286
  1986   0.445
  1987  -0.739
  1988  -1.223
  1989   0.364
  1990  -0.512
  1991   0.053
  1992   0.936
  1993   0.658
  1994   0.187
  1995  -0.556
  1996  -0.813
  1997   0.955
  1998  -0.091
  1999  -0.179
  2000   1.204
