 eigenvalue  3.449   2.157   1.654   1.199   0.966   0.703   0.440   0.384   0.370   0.290   0.219   0.170
 eval sderr  0.683   0.427   0.328   0.237   0.191   0.139   0.087   0.076   0.073   0.057   0.043   0.034
 % variance  0.287   0.180   0.138   0.100   0.081   0.059   0.037   0.032   0.031   0.024   0.018   0.014
 cumulative  0.287   0.467   0.605   0.705   0.785   0.844   0.881   0.913   0.943   0.968   0.986   1.000
 brokn stck  3.103   2.103   1.603   1.270   1.020   0.820   0.653   0.510   0.385   0.274   0.174   0.083
 series_id   #  1       2       3       4       5       6       7       8       9      10      11      12
  12080A     0.370   0.220   0.219  -0.309  -0.148   0.024  -0.187  -0.206   0.483  -0.511  -0.147  -0.234
  90639A     0.334  -0.257   0.259   0.046   0.385   0.260   0.182  -0.503  -0.093   0.067   0.479  -0.090
  62100A     0.260  -0.267   0.325   0.332  -0.297  -0.356   0.386  -0.120  -0.167   0.047  -0.448  -0.190
  152057A    0.407   0.104  -0.284   0.194   0.097  -0.320  -0.207   0.350  -0.111   0.054   0.314  -0.561
  130992A    0.357   0.280  -0.318   0.066  -0.074  -0.033   0.111  -0.234   0.429   0.606  -0.103   0.230
  62369A    -0.001   0.174   0.510  -0.463  -0.343  -0.255  -0.128   0.069  -0.180   0.399   0.315   0.041
  131183A    0.222  -0.340   0.360  -0.005   0.445  -0.051  -0.184   0.503   0.321   0.142  -0.173   0.254
  171194A    0.360  -0.026  -0.077  -0.254  -0.195   0.685   0.110   0.304  -0.312   0.127  -0.238  -0.127
  131179A    0.134   0.504   0.154   0.100   0.405  -0.056  -0.333  -0.207  -0.470   0.007  -0.369   0.129
  152464A    0.119   0.199   0.261   0.646  -0.375   0.276  -0.201   0.142   0.051  -0.134   0.281   0.290
  080479A   -0.071   0.527   0.194   0.008   0.252   0.003   0.696   0.307   0.101  -0.115   0.108  -0.044
  111227A    0.418  -0.088  -0.270  -0.209  -0.071  -0.293   0.173   0.068  -0.257  -0.368   0.161   0.590
