  year  #   1
  1950  -1.194
  1951  -1.236
  1952  -2.228
  1953  -1.645
  1954   0.154
  1955   1.332
  1956   1.123
  1957   0.931
  1958   2.317
  1959   1.501
  1960   1.815
  1961   1.065
  1962   1.421
  1963   1.358
  1964   0.313
  1965   0.237
  1966  -0.021
  1967   0.453
  1968   0.973
  1969  -0.410
  1970   0.839
  1971  -0.714
  1972   0.203
  1973   0.178
  1974  -0.637
  1975  -0.603
  1976  -1.438
  1977  -1.760
  1978  -1.267
  1979  -1.383
  1980  -1.049
  1981  -0.078
  1982   0.634
  1983  -0.238
  1984  -1.119
  1985  -0.542
  1986  -0.027
  1987  -0.595
  1988  -1.098
  1989  -0.219
  1990  -0.312
  1991   0.017
  1992   0.792
  1993   0.907
  1994   0.730
  1995   0.154
  1996  -0.365
  1997   0.223
  1998   0.098
  1999  -0.136
  2000   0.540
