  year  #   1       2       3       4       5       6       7       8       9      10      11      12
  1950   1.730  -1.908   3.938   1.414  -1.236   0.097   1.232  -0.145  -0.003  -0.003  -0.490  -0.162
  1951  -0.246   0.527   2.463  -0.809  -0.494  -0.312   0.209  -0.404   0.135  -0.173   0.440  -0.015
  1952  -0.137  -0.097   2.270  -1.044  -2.090  -0.067  -0.589   0.575   0.763   0.250  -0.088  -0.037
  1953   0.308   0.179   2.712  -0.658  -0.570  -0.800  -0.455  -0.678   0.076  -0.399   0.460   0.346
  1954   2.140   0.133   2.773  -1.645   1.660  -0.989   0.049  -0.749   0.204  -0.062  -0.229  -0.081
  1955   4.455   0.679   1.278  -2.288   0.981  -1.223  -0.707   1.504  -0.305   0.287   0.097  -0.001
  1956   2.841   1.632  -0.996  -1.046  -0.538   0.098   0.064   0.577  -0.375  -0.615   0.174  -0.375
  1957   2.192   1.388  -0.964  -1.249  -0.378   0.629   0.696   0.028   0.328   0.050  -0.014   0.186
  1958   4.179   2.123  -0.968  -0.419   1.313   0.002   0.551   0.043   0.296   0.155  -0.139   0.106
  1959   3.135   2.263  -0.902  -1.077   0.233   1.461   0.467  -0.500  -0.087  -0.278   0.726   0.084
  1960   3.844   2.063  -0.857   0.045  -0.360   0.540   0.223   0.640  -0.331   0.462  -0.462  -0.592
  1961   2.776   1.195  -0.409   0.918   0.137   0.355   0.144  -0.431  -0.136  -0.672  -0.551   0.430
  1962   3.265   1.150   0.404   1.123  -0.016   1.109   0.754   0.046   0.393  -0.131  -0.250  -0.034
  1963   2.845   0.914  -0.667   1.596  -1.060  -0.463   0.097  -0.360   0.803   0.546   0.743  -0.250
  1964   1.291   1.137  -0.630   0.120  -1.424   0.185  -0.056  -0.033  -0.170  -0.138   0.003   0.134
  1965   1.309   0.396  -1.225   0.004  -0.707   0.157  -0.240  -0.865  -0.456   0.725  -0.049   0.019
  1966   1.254   0.330  -0.731  -0.738  -0.573  -0.190  -0.326  -1.283  -0.271   0.401  -0.190   0.352
  1967   1.543   0.466  -0.586   0.735  -0.692  -0.636  -0.584  -0.256  -0.301  -0.676   0.283   0.309
  1968   3.223  -1.052   0.021   1.715  -0.517  -0.573  -0.588   0.574  -0.282   0.718  -0.199   0.628
  1969   1.270  -1.796  -0.825   0.493  -0.004  -0.212  -0.232   0.218  -0.070   0.049  -0.520   0.516
  1970   3.442  -2.370  -0.214   1.822   0.545  -1.181  -0.060  -0.429  -0.338  -0.041   0.008  -0.566
  1971   1.134  -2.165   0.584   0.289   0.721   0.558  -0.971   0.414  -1.070   0.061   0.365  -0.104
  1972   1.354  -1.503   0.273   0.187   0.622   0.413   0.228  -0.350  -0.289   0.009  -0.036  -0.405
  1973   1.477  -1.666   0.146   1.145   0.738   0.046  -0.814  -0.050   0.121  -0.179   0.405  -0.039
  1974   0.627  -2.166  -0.097  -0.459   1.687   1.127  -0.287  -0.199   0.594   0.041   0.105   0.318
  1975   0.447  -2.588  -0.704   1.249   0.711   0.504  -0.049   0.200   1.085  -0.180   0.322  -0.024
  1976  -0.677  -2.073  -0.409  -0.714   0.213   0.993   0.047  -0.062   0.277  -0.016  -0.100  -0.179
  1977  -1.677  -0.587  -0.916  -0.731  -1.438  -0.183  -0.590  -0.668   0.535   0.030  -0.215  -0.529
  1978  -0.822  -1.790   0.095  -0.737  -0.026   1.406  -0.101   0.633   0.092  -0.121  -0.213   0.006
  1979  -1.392  -0.937  -0.423  -0.979  -0.685   0.195  -0.625   0.208   0.246  -0.202  -0.191  -0.038
  1980  -1.291  -0.959  -0.686  -1.121  -0.667   0.533  -0.601   0.265  -0.116   0.133   0.032   0.040
  1981  -0.393  -0.992  -1.228  -0.845   0.865  -1.041  -0.354  -0.175   0.238  -0.410  -0.317  -0.361
  1982  -0.602  -0.534  -1.748   1.093  -0.545  -1.007   0.259   0.539  -0.234  -0.700  -0.004   0.135
  1983  -1.179  -1.127  -1.249  -0.312  -0.296   0.291   0.452   0.135   0.301  -0.049  -0.135   0.038
  1984  -2.192  -0.637  -0.393  -0.602  -0.994  -0.692   0.583   0.139  -0.740  -0.656  -0.034   0.055
  1985  -1.919  -0.688  -0.473  -0.767   0.381  -0.847   0.770  -0.299  -0.087   0.040  -0.345   0.017
  1986  -1.932  -0.688  -1.249  -0.203   0.542  -1.201   1.092   0.448   0.106   0.092   0.257  -0.034
  1987  -2.178  -0.846  -1.377  -0.757   0.299  -1.115   0.853   0.247   0.733   0.373   0.152   0.336
  1988  -2.596  -0.760  -0.550  -0.015  -0.935  -0.844   0.422   0.096  -0.216   0.174   0.315  -0.127
  1989  -2.676   0.882  -0.350   0.196   0.541  -0.095  -0.268  -0.158  -0.163   0.138   0.201  -0.135
  1990  -2.835   1.010  -0.388  -0.294   0.649  -0.719  -0.193  -0.527  -0.165   0.286  -0.157   0.063
  1991  -2.726   1.685  -0.221   0.490   0.797  -0.098  -0.750  -0.646  -0.024   0.080  -0.298  -0.140
  1992  -2.879   2.367   0.788   1.408   0.766  -0.869   0.435   0.404  -0.211   0.189   0.221  -0.033
  1993  -2.354   3.116   1.261   1.420   0.783  -0.059  -0.531   0.530   0.837  -0.405  -0.203   0.015
  1994  -2.774   1.894   0.563   0.738   0.163  -0.535   0.126   0.502   0.003   0.254  -0.087   0.049
  1995  -3.145   1.864  -0.221   1.194   0.493   0.761  -0.860  -0.142  -0.180  -0.042  -0.119  -0.151
  1996  -3.094   1.358   0.389   0.005  -0.428   0.591  -0.625   0.183   0.138  -0.048  -0.294  -0.028
  1997  -2.402  -0.362   0.854   0.609   0.077   1.395   0.639   0.386  -0.270   0.011   0.169   0.037
  1998  -2.691   0.046   0.355   0.295  -0.137   0.973   0.025   0.200  -0.366   0.271   0.428   0.080
  1999  -2.931  -0.019   0.178  -0.512   0.178   0.788   0.048  -0.030  -0.252   0.208  -0.001   0.087
  2000  -2.339  -0.490   1.314  -0.281   0.714   0.744   0.992  -0.295  -0.794   0.160   0.028   0.058
