  year  #   1       2       3       4       5       6       7       8       9      10      11      12      13      14      15      16      17      18      19      20      21      22      23      24      25      26      27      28      29      30      31      32      33      34      35      36      37      38      39      40      41      42      43      44      45      46      47      48      49      50      51
  1950   1.146  -2.733  -0.055  -2.597  -5.729   0.841  -0.250   1.147   2.013   0.337   0.256  -1.349  -1.981   1.314   0.222   0.028  -0.691   1.349   0.162  -0.578   0.101  -1.020   0.178  -0.556  -0.460  -0.349  -0.385   0.251   0.116   0.804   0.251  -0.253  -0.154  -0.424   0.231  -0.190  -0.420   0.299   0.028  -0.143  -0.096  -0.293  -0.094  -0.100  -0.229  -0.043   0.149   0.004   0.044  -0.004   0.000
  1951   2.899  -1.770   0.706  -3.815   1.267   2.502  -1.488   1.463   0.373  -0.875  -3.098   0.561  -0.440  -0.050   0.909   1.227  -0.730  -2.304   0.309   0.709   0.710  -0.279  -0.025  -0.490   1.544   0.074   0.252  -0.703  -0.399   0.272   0.288   0.366  -0.111   0.433  -0.249  -0.036  -0.444   0.112   0.050   0.178  -0.046  -0.007  -0.097   0.127  -0.080   0.078  -0.064  -0.079  -0.118   0.000   0.000
  1952  -0.796  -0.162   1.770  -2.218   0.831  -0.321   1.068  -0.529  -0.684  -0.838  -3.158   1.349   0.750   0.515   0.331  -0.699   0.288   1.111  -0.767  -0.663  -0.314  -0.916  -0.342  -0.166  -0.663  -0.663  -0.495   0.581  -0.339   0.018  -0.447  -0.163   0.151   0.754   0.116   0.313   0.336  -0.144  -0.193  -0.146  -0.168  -0.224  -0.464  -0.514   0.286  -0.135  -0.009   0.048  -0.064   0.000   0.000
  1953  -2.654   1.358  -0.660  -1.727  -1.936  -2.744   3.359   0.740  -2.130  -1.423   0.154   1.888   1.261  -1.560   0.274  -1.654   0.356  -0.123  -1.783   0.583   0.531  -0.637   1.037   0.368   0.197   0.241  -0.375  -0.009   0.052   0.454   0.360   0.954  -0.180   0.036   0.199  -0.141  -0.303   0.086  -0.203   0.070  -0.011  -0.083   0.080   0.324  -0.226  -0.043   0.016   0.062   0.016  -0.001   0.000
  1954  -1.281   3.003  -0.101  -0.826   4.663   1.077   3.752  -0.622   2.172   0.124  -0.526  -0.922  -2.166   0.599  -0.415  -0.578   0.437  -0.085  -0.366   0.016  -1.308   0.147   0.701   0.094   0.709  -0.307  -0.554   0.338   0.213   0.176   0.692  -0.510  -0.129  -0.339  -0.134   0.186   0.472   0.598  -0.260   0.068  -0.066  -0.086   0.048   0.037  -0.256   0.128  -0.022   0.039   0.007   0.001   0.000
  1955   1.447   2.899   0.768  -2.253   2.441   0.869   0.387  -0.563  -0.795  -0.520   1.926   0.304  -1.628   0.908  -1.457   1.291  -1.440  -1.068  -1.393  -0.693   0.542   0.188   0.193   0.171  -1.311  -0.701   0.247  -0.356   0.202  -0.787  -0.767   0.033  -0.168  -0.004   0.420  -0.736  -0.533   0.106  -0.213  -0.016  -0.186   0.111   0.070   0.034   0.157  -0.176   0.049   0.018  -0.005  -0.005   0.000
  1956   3.039  -0.013  -3.791   3.187   1.129  -0.855   0.915  -1.932  -0.238  -0.270  -0.719  -0.739  -0.525   0.560  -0.027   1.374  -1.475   1.365   1.561   1.299   0.102  -0.277   0.391   1.184   0.431   0.979   0.293   0.339  -0.306   0.176  -0.156   0.674  -0.366   0.595   0.095  -0.215  -0.121   0.056  -0.465  -0.210   0.073  -0.076  -0.302  -0.021  -0.105  -0.187   0.106  -0.117   0.001  -0.004   0.000
  1957  -0.314   0.660   0.889   4.340   1.811   0.558  -0.318   1.140  -1.156  -0.185   0.697  -0.085  -0.458  -0.383  -1.141   0.885   0.601  -0.365  -0.338   0.882   1.330  -0.779  -0.009  -0.276   0.066  -0.162   0.277  -0.231   0.960   1.090   0.448  -0.265   0.181  -0.145   0.411   0.198  -0.503  -0.299  -0.005   0.060   0.176  -0.385   0.031  -0.473  -0.118   0.026  -0.138   0.184  -0.062   0.001   0.000
  1958   4.636   0.015   1.630   0.620   0.719  -2.477   0.532   0.378   0.005  -0.015   1.771  -0.781   0.091   0.163   0.668   0.159   0.748  -0.040   0.303   1.257   1.221   0.408  -1.151  -1.280   0.698  -0.076  -0.313  -0.132  -1.806  -0.635   0.035  -0.264  -0.194  -0.226   0.505   0.405   0.173   0.114  -0.025  -0.253  -0.418  -0.321   0.096   0.115   0.055  -0.026   0.133   0.119  -0.067  -0.003   0.000
  1959  -4.545  -1.259  -2.350  -0.966   0.278  -0.794  -1.596  -1.996   0.744   0.324   0.827   0.132   0.514  -0.432  -0.759   0.074  -1.047  -0.909  -1.024  -0.230   1.384  -0.237  -0.420   0.366   0.262   0.841  -1.127  -0.769   0.686  -0.613   0.596  -0.736  -0.378   0.381  -0.059   0.058   0.263   0.093   0.329  -0.168   0.041  -0.363  -0.466   0.075   0.042   0.036   0.104   0.013   0.125   0.008   0.000
  1960   4.301   1.653   0.417   0.806  -1.271  -0.204   2.896   0.311   1.805   1.813   0.628  -0.573   1.519   2.502  -0.897  -1.273  -0.073  -1.306  -0.072   0.297  -0.037  -0.473  -0.473  -0.904   0.009   0.801  -0.207   0.305   0.474  -0.245  -0.264   0.264  -0.001   0.757  -0.209  -0.148  -0.198  -0.456  -0.041   0.554  -0.011  -0.059   0.254  -0.135   0.069   0.120   0.135  -0.157  -0.044   0.005   0.000
  1961   0.536  -2.288  -1.167   0.070   0.227  -0.266  -0.735  -2.556   1.051   2.064  -0.669   0.578   0.982  -0.447  -0.684  -0.861   1.187  -0.995   0.082  -1.600  -0.108   0.067   0.993   0.318   1.410   0.749  -0.204   0.144   0.087   0.426  -0.310  -0.221  -0.151  -0.876   0.966  -0.128  -0.088  -0.001   0.086   0.119   0.069   0.087   0.039  -0.029   0.238  -0.163   0.036  -0.019  -0.159  -0.008   0.000
  1962  -1.171   1.637   0.180   3.208  -0.216  -1.069  -1.296   0.560   0.752   1.734  -2.421   0.500  -0.052  -0.529   0.064  -0.801   0.062  -0.024  -0.624   0.483  -0.046  -0.101   0.271   0.147  -1.308   0.573   0.297  -0.041  -0.674  -0.263   0.182  -0.607   0.771  -0.280  -0.019  -1.099  -0.123   0.168   0.137  -0.058  -0.658  -0.043  -0.159   0.101  -0.211   0.062  -0.133  -0.096  -0.066   0.003   0.000
  1963  -3.518   1.849  -0.766   0.005  -0.567   1.748  -0.521  -0.529  -0.012  -1.366   1.858  -0.839   0.683   1.420  -0.885  -0.462   0.169  -0.149   1.545  -0.852   0.275  -0.181   0.129   0.063  -0.561  -0.413   0.011  -0.234   0.202   0.228   0.306   0.821   0.548   0.115  -0.135   0.194   0.563  -0.326   0.228   0.249  -0.384  -0.203  -0.452   0.374  -0.070  -0.001  -0.154   0.063  -0.183  -0.007   0.000
  1964  -5.401   0.247  -1.002   0.525  -2.183  -0.919   0.910  -0.057   0.074  -0.354  -1.277   1.878   0.043  -0.698  -1.391   0.533  -1.206  -0.645   1.350   0.353  -0.898   0.606  -1.351  -0.050   0.163  -0.321   0.897   0.084   0.139  -0.466   0.288  -0.213  -0.065  -0.210   0.496   0.226  -0.107   0.121  -0.224   0.528  -0.235  -0.022  -0.069  -0.082   0.166   0.350   0.015   0.080   0.167  -0.009   0.000
  1965  -5.980  -0.254   0.810   1.206  -0.321   2.626  -0.765   0.431   0.191   0.579   1.859  -0.582  -0.387  -0.873   0.405   0.400   0.051  -0.943  -0.772  -1.031  -0.534   0.415   0.015   0.383   0.235   0.074   0.172   0.635  -1.292   0.719   0.372   0.703   0.860   0.421   0.495   0.287  -0.104   0.237  -0.411   0.111  -0.049  -0.097  -0.021  -0.003   0.236  -0.077   0.041  -0.123   0.131   0.010   0.000
  1966  -8.848  -1.349   0.218   0.127  -0.304   0.712   0.553  -0.099  -0.759   0.566  -0.434   0.127  -0.153   0.958  -0.060   0.706   1.104   0.804   0.091   0.389   0.516   0.808   1.281  -0.743  -0.155   0.248   1.295   0.332  -0.287  -0.204  -0.744  -0.149  -0.093   0.124  -0.413  -0.331  -0.017   0.388   0.170   0.184   0.517  -0.064  -0.157   0.149   0.081   0.130   0.262   0.234  -0.123   0.006   0.000
  1967  -2.275   1.753   0.674  -0.958   0.495   1.185  -0.215   1.749  -0.648   0.235   2.789   0.259   0.587  -1.177   1.206   0.019  -1.541   1.117  -0.271   0.728  -0.742  -0.258  -0.248   0.116   1.134   0.785  -0.672   0.214  -0.081  -0.052   0.182  -0.075   0.132  -0.341  -0.316  -0.435   0.041  -0.105   0.257   0.213  -0.182   0.622  -0.354  -0.435  -0.016   0.068   0.133   0.048  -0.099  -0.003   0.000
  1968   1.756  -1.084   0.079   1.099   0.165   1.703   0.424  -0.015   0.064   1.048  -0.936   0.152   0.749  -0.302  -0.324  -1.678  -0.606   0.472  -0.416   0.101  -0.292   2.860  -1.482  -0.897   0.546  -1.128   0.448  -0.684   0.537   0.376   0.141   0.583  -0.247  -0.269  -0.190  -0.421   0.132  -0.167  -0.059  -0.106  -0.015  -0.027  -0.185  -0.006  -0.164  -0.365   0.089   0.054   0.065   0.003   0.000
  1969  -1.022   0.748   1.121   2.156   1.645  -1.481  -1.423   3.562  -0.559  -0.906   0.252  -0.168  -0.805  -0.395  -0.220  -1.912  -0.997   1.210   0.546  -0.363  -0.462  -0.285   1.249  -0.545   0.630  -0.272  -0.182  -0.921   0.180   0.072  -1.041  -0.221  -0.367  -0.040  -0.052   0.231  -0.006   0.267   0.185   0.343   0.091  -0.331  -0.080   0.130   0.253  -0.021  -0.013  -0.249   0.068  -0.001   0.000
  1970   3.519  -1.538   0.183   0.661  -0.093   3.382  -0.074  -0.937  -2.969  -0.539  -0.124   0.866   0.913  -0.175  -0.086  -0.345   0.267  -0.069   1.933   0.622  -0.167   0.853   0.445  -0.157  -0.590  -0.241  -2.064   0.510   0.500   0.066  -0.167   0.109   0.041   0.067   0.180  -0.370  -0.126   0.546   0.140  -0.325  -0.186  -0.087   0.319   0.019   0.131   0.219   0.041  -0.005   0.012   0.003   0.000
  1971  -0.334  -2.499   1.081  -0.939  -0.518  -0.818   0.926  -1.232  -2.479  -1.113  -0.049  -2.167   0.791  -0.264  -0.326   1.980   1.527   0.244  -0.959  -0.166   0.676   0.850  -0.028  -0.628   0.425   0.762   0.372   0.200   0.742   0.364  -0.285  -0.623   0.519  -0.158  -0.728   0.086   0.185   0.179  -0.170   0.248  -0.479   0.018   0.032  -0.045  -0.040  -0.068  -0.015  -0.226   0.093  -0.006   0.000
  1972   5.259  -1.942  -0.338   0.100   2.028   0.922  -1.820   1.857   0.949   0.861  -0.047   0.593   1.282  -0.556  -1.114  -0.608   0.994  -0.275  -0.138  -0.185  -0.033  -1.174  -0.799   1.039  -0.371   0.183   0.141   0.241   0.226  -0.541  -0.798   0.384   0.899   0.065  -0.291   0.591  -0.055   0.534   0.045   0.045   0.089   0.033  -0.006   0.045  -0.375  -0.059   0.221   0.130   0.105  -0.006   0.000
  1973   2.563   0.084  -0.173  -1.146   1.276  -2.345  -1.879   2.635   0.797   2.140  -0.314  -0.309   0.659   0.918  -0.500   1.480   0.780   1.408  -0.809   0.169   0.826   0.691   0.282  -0.069   0.318  -0.921  -0.520   0.586   0.470   0.301   0.591   0.454   0.220   0.393   0.436  -0.507   0.379  -0.204  -0.210  -0.182   0.302   0.224  -0.103   0.215   0.191   0.281  -0.050  -0.031   0.065  -0.005   0.000
  1974   3.336  -2.158   0.269   1.390  -0.067   0.425   0.724  -0.655  -1.015   0.816  -0.435  -0.728  -0.853   0.837   2.153   0.358  -0.377   0.261  -1.216   1.302  -1.736  -0.595  -0.895   0.801  -0.214  -0.130  -0.256  -0.007   0.585   0.342  -0.013  -0.663   0.275   0.064   0.135   0.375  -0.317  -0.249   0.274   0.328  -0.024   0.089  -0.097   0.555   0.338  -0.107  -0.016   0.152  -0.005   0.000   0.000
  1975   2.442  -4.200  -0.267   0.186   0.591  -1.420   1.300  -1.929  -1.028   2.119   0.916   0.776  -1.851  -1.968   1.182   1.033  -0.364   0.242  -0.203  -0.954  -0.602  -0.732  -0.981  -0.985  -0.802  -0.238  -0.126  -0.551   0.023  -0.360  -0.177   1.016   0.165  -0.226  -0.138  -0.107   0.324   0.087   0.072   0.225   0.399  -0.228  -0.020  -0.090  -0.139   0.197  -0.100  -0.121  -0.106   0.001   0.000
  1976  -0.347  -1.394  -1.853  -0.177   2.971  -0.554   1.748  -0.336   0.159   0.233   0.694   1.901   0.538   1.972   1.625   0.173   0.961  -0.057   1.191  -1.099   0.462  -0.390   0.511  -0.493  -0.179  -0.124   0.132  -0.040  -0.756   0.339   0.188   0.043   0.010  -0.455  -0.503  -0.162  -0.561  -0.410   0.509  -0.099  -0.067   0.111  -0.138  -0.057   0.018  -0.017  -0.095   0.021   0.278  -0.001   0.000
  1977  -4.853   1.344  -1.166  -1.376   0.266  -1.360  -0.774   0.065   1.385  -0.933  -0.773   0.467  -0.907  -0.265  -0.553   0.513   1.605   0.109   1.364   1.734   0.555  -0.919  -0.707  -0.608  -1.141  -0.087  -0.650  -0.508   0.320   0.149   0.351   0.357   0.213  -0.602   0.099   0.096   0.210   0.155  -0.079   0.348   0.116   0.477   0.171  -0.023   0.207  -0.347   0.091  -0.096  -0.010   0.007   0.000
  1978   4.620  -2.151   0.854  -1.057  -0.647  -2.577  -1.742  -2.094   2.205  -2.186   1.260   2.110  -2.018   0.162  -0.516  -1.090  -0.972  -0.320  -0.174   1.129   0.299   1.708   0.699   0.487   0.234   0.066  -0.130   0.775  -0.107   0.530  -0.603  -0.114   0.848   0.006  -0.458   0.064   0.094  -0.261  -0.005   0.126   0.117  -0.033   0.076  -0.083   0.000   0.059  -0.098   0.054  -0.012   0.002   0.000
  1979  -2.076  -1.690  -0.123   1.666  -0.071  -1.628   0.152   1.207   1.164  -0.238   0.001  -1.728   0.714   0.231   2.104  -0.628  -0.541  -1.522  -0.193  -0.380   1.416   0.830  -0.606   1.317  -0.984  -0.495   0.063   0.949   0.218   0.051   0.046   0.380  -1.029  -0.077  -0.362   0.140   0.001   0.746   0.185   0.172  -0.015   0.145   0.043  -0.196   0.133  -0.018  -0.161   0.016  -0.067  -0.002   0.000
  1980   2.168   7.802  -6.374   0.207  -1.634   0.260  -2.537  -0.733  -1.088   0.260  -0.355  -0.269  -1.043  -0.774   1.730  -0.264   1.029  -0.515  -0.543  -0.461  -0.146   0.471   0.021  -1.190   0.274  -0.577  -0.209   0.672   0.042  -0.328  -0.202  -0.289   0.079   0.345  -0.238   0.299  -0.201  -0.036   0.027   0.114   0.167  -0.056   0.055  -0.078  -0.074  -0.027   0.001   0.010  -0.001  -0.003   0.000
  1981   2.052   4.919   2.688   0.921  -2.053   1.005   1.389  -0.942   0.984   1.764  -1.201   0.188  -1.049  -1.397  -1.155   0.983   0.148   0.476  -0.329  -0.138   0.702   0.515   0.441   0.972  -0.335   0.331  -0.264  -1.042  -0.549   0.647   0.004   0.462  -0.197   0.252  -0.653   0.476   0.115  -0.068   0.637  -0.245  -0.038   0.090   0.190  -0.040   0.233   0.056   0.079   0.028   0.042  -0.006   0.000
  1982   1.334   5.501   5.869  -2.424  -0.291  -0.239  -1.499  -2.037  -0.666   0.302   0.042  -0.640   0.876   0.414   1.755  -0.434   0.583   0.669   1.316  -0.054   0.170   0.001  -0.714   1.124   0.247   0.535   0.341  -0.068   0.196  -0.337   0.159  -0.069   0.019  -0.307   0.217  -0.419  -0.112   0.083  -0.186   0.286   0.512  -0.342  -0.042   0.003  -0.123  -0.026  -0.088  -0.005   0.093   0.001   0.000
  1983  -1.260  -0.250   2.264   0.385  -0.733  -1.201   0.059  -1.281  -1.884   0.844  -1.006  -1.670  -1.492   0.067  -0.072  -0.756  -0.992  -0.894   0.591   0.154   0.677  -1.064   1.062  -0.213   1.025  -1.017   0.702   0.715   0.520  -0.664  -0.204   0.451   0.224   0.104   0.575   0.266   0.327  -0.209   0.541  -0.250  -0.254   0.449   0.022  -0.042  -0.197  -0.025   0.030   0.008   0.099   0.006   0.000
  1984  -2.847  -1.730   1.286   0.581  -1.588  -0.713   0.281  -0.447   0.225   1.709   1.122   0.538   1.686  -0.104  -0.460   0.955  -0.542  -0.451   0.746   0.392  -0.762   0.073   1.214  -0.277  -0.039  -1.156  -0.669  -0.629  -0.609  -0.192   0.184  -1.048   0.021   1.024  -0.105   0.101   0.002   0.239  -0.151   0.189   0.312   0.240   0.131  -0.034  -0.298  -0.277  -0.209   0.026  -0.008  -0.004   0.000
  1985  -0.858  -0.187  -0.653  -1.315  -0.792   1.431   0.973   0.538   0.315   0.092   0.374  -1.718  -0.491  -0.563  -0.596  -1.274   0.894  -0.791   0.033   0.952  -0.200   0.049  -0.695  -0.748  -0.537   1.378   0.018  -0.372  -0.231   0.373  -1.308  -0.087  -0.321   0.121   0.417   0.024   0.080  -0.057  -0.212  -0.507   0.286   0.366  -0.362   0.034  -0.026   0.132  -0.329   0.057   0.094  -0.001   0.000
  1986   3.679  -0.650  -0.184   0.104  -1.489  -1.793  -1.151  -0.315  -0.034  -1.079   0.573  -0.631   0.038   1.110  -1.577   0.374   2.088   0.731  -0.519  -0.181  -2.134   0.303   0.333   0.459   0.738  -0.112   0.245  -0.696   0.065  -0.967   0.533   0.757  -0.305  -0.005  -0.207   0.173  -0.652   0.400   0.104  -0.193  -0.198   0.099  -0.191  -0.199   0.106   0.052  -0.153   0.042  -0.051   0.007   0.000
  1987  -1.586  -0.021   0.477   1.371  -1.120   1.859   1.696   1.225   0.755  -1.556  -0.549   0.630   0.250  -0.268  -0.547   1.549   0.845   0.243  -0.545   0.016   0.306   0.794  -0.358   1.070   0.054  -0.769  -0.782   0.731  -0.385  -0.855  -0.527  -0.347  -0.302  -0.690   0.318   0.356  -0.188  -0.670   0.249   0.034   0.330  -0.009  -0.236   0.112  -0.297   0.031   0.007  -0.245  -0.058   0.003   0.000
  1988  -0.839   1.049  -0.921  -2.032  -0.656   0.241  -0.364   1.058   0.501   2.880   0.843   1.222   1.105  -0.296   1.078   1.166  -0.491  -0.191   0.595   0.657  -0.203  -0.207   1.024   0.587  -0.015  -0.324   0.520  -0.121   0.700  -0.027  -0.776   0.008  -0.357  -0.735  -0.429   0.577   0.196  -0.297  -0.669  -0.372  -0.520  -0.251   0.099   0.012   0.062   0.009  -0.066   0.026  -0.033   0.008   0.000
  1989   0.486  -1.481   0.143   1.885  -0.436   0.816  -2.900  -1.290  -2.201  -0.469  -0.567  -0.273  -0.392   1.763  -0.530  -0.939   0.257  -0.482  -1.034  -0.218   0.026  -0.984   0.004   0.592  -0.194  -0.462  -0.422  -0.650  -1.015   0.405   0.033  -0.046  -0.884  -0.457  -0.442  -0.107   0.466  -0.393  -0.637   0.326   0.012   0.273   0.143  -0.040  -0.131   0.201   0.117   0.040   0.047   0.000   0.000
  1990   5.652  -0.154  -3.494  -2.180  -0.195   1.195   1.095  -0.029  -0.716  -0.810   0.075  -1.746   2.270  -0.190  -0.734  -0.551  -1.264  -0.092  -0.523   1.237  -0.216  -0.459   0.676   0.475  -0.493  -0.729   1.211  -0.319  -0.709  -0.021   0.502  -0.342   0.566  -0.656   0.088  -0.121   0.396   0.097   0.366  -0.083   0.444  -0.195   0.154  -0.179   0.218   0.044  -0.027  -0.083   0.007   0.001   0.000
  1991  -5.450  -1.190   0.770  -1.680   2.131  -0.214  -2.148   0.052  -0.191   0.485  -1.035  -1.652   0.472  -0.820  -1.584   0.043  -1.371   0.640  -0.208   0.237  -1.203   0.178   0.168  -0.883  -0.724   1.077  -0.423   1.274  -0.377  -0.369   0.454   0.495  -0.532  -0.202  -0.342   0.245  -0.317  -0.567   0.198  -0.002   0.043  -0.262   0.408   0.075  -0.045  -0.122  -0.090   0.074   0.015  -0.003   0.000
  1992   1.297   1.453  -0.345  -0.339  -0.895  -0.693   0.001   2.136  -2.789   0.501   0.409   2.726  -0.983   2.004  -1.385   0.398  -0.632  -0.195   0.176  -1.031  -0.315  -0.162  -1.588   0.225   0.424   1.028   0.621   0.687  -0.093   0.494   0.325  -0.508  -0.226  -0.007  -0.088   0.110   0.499   0.360   0.270  -0.360   0.191   0.063   0.207   0.113  -0.050  -0.168  -0.102  -0.067  -0.074   0.003   0.000
  1993   7.837  -0.001  -0.048   0.817  -0.186   1.648   0.695  -0.628   1.206  -1.021  -0.149   0.092   0.686  -2.068  -0.791  -0.069  -0.859   2.219   0.350  -1.730   1.627  -0.840  -0.021  -0.734   0.172   0.085   0.428   0.488  -0.050  -0.248   0.249  -0.441  -0.292   0.045  -0.153   0.072  -0.128   0.094  -0.330   0.350  -0.088   0.356   0.038   0.256   0.117   0.007  -0.149   0.125  -0.005   0.008   0.000
  1994  -2.877   0.919   2.530   3.523  -0.694   0.755  -0.464  -1.331   1.683  -1.775  -0.155   1.023   1.155   0.958   1.161  -0.027  -1.103  -0.486  -0.899  -0.021  -0.198  -0.794   0.133  -1.417   0.102   0.156   0.187  -0.043   0.576  -0.476   0.435   0.180   0.426  -0.439  -0.333   0.258  -0.076   0.193  -0.334  -0.830   0.353   0.155   0.036   0.116   0.129   0.043   0.041  -0.088  -0.025  -0.007   0.000
  1995   2.717  -3.258   0.630  -0.309  -0.176   2.117   0.125   1.482  -0.508   0.286   0.908   0.987  -2.073  -0.940   0.857  -1.669   1.703  -0.184   0.475   0.358   0.326   0.554   1.073   0.413  -0.867   0.700   0.924   0.030   0.392  -1.028   1.288  -0.393  -0.325   0.519   0.042   0.106   0.182  -0.433  -0.214  -0.077   0.008  -0.003  -0.022  -0.069   0.104  -0.074   0.074  -0.087  -0.002  -0.006   0.000
  1996   1.927   0.112  -0.804   0.229   0.119  -0.624  -0.085   1.339   0.327  -1.684  -1.186  -0.255   0.639   1.177   1.891   1.225  -1.003   0.425  -0.236  -1.324  -0.390   1.532   0.964  -0.163  -0.905   1.415  -0.164  -1.118   0.214  -0.122  -0.046   0.156   0.281   0.056   0.929   0.429   0.386  -0.116   0.064   0.173  -0.055   0.153   0.292  -0.142  -0.235   0.028   0.048   0.123   0.011   0.003   0.000
  1997  -2.807   0.072  -0.302  -1.710   1.720  -2.664   0.275  -0.347  -0.915   0.104   0.018  -1.470   0.186  -0.742  -0.204  -1.311  -0.417   0.168   1.227  -1.205  -0.024   0.654  -0.882   0.586  -0.630  -0.511   0.230  -0.519   0.011   0.668   0.257  -0.701   0.398   0.257  -0.121   0.449  -0.758  -0.268  -0.231  -0.460   0.078   0.276   0.042   0.081  -0.082   0.208   0.205  -0.098  -0.153   0.002   0.000
  1998   1.387  -0.222   0.150   1.173  -1.076  -1.742   1.097   2.193   0.619  -1.932  -0.431  -1.423  -0.374  -1.728   0.078   1.066   0.543  -1.980   1.146  -1.332  -1.164  -0.647  -0.134   0.411   0.546  -0.107  -0.383   0.052   0.094  -0.114  -0.183  -0.186   0.177   0.051  -0.487  -1.014   0.371  -0.448  -0.138  -0.272   0.144  -0.184   0.102   0.025   0.152  -0.107   0.095   0.183   0.028   0.001   0.000
  1999  -8.491  -1.857  -2.238  -0.304  -0.013   1.625   0.335  -0.249   0.958  -0.413   0.013  -0.105  -0.597   0.638   0.728  -0.788   0.425   1.978  -0.408   0.034   0.842  -0.464  -1.235   0.996   1.339  -0.221   0.056  -0.642   0.064  -0.600  -0.459   0.055   0.402   0.476   0.028  -0.401   0.002  -0.146   0.046  -0.167  -0.142  -0.095   0.758  -0.072   0.032   0.023  -0.155   0.011  -0.023  -0.002   0.000
  2000   0.398   0.403   0.719  -0.199   1.176   0.211  -1.622  -1.557   1.986  -1.723   1.352   0.975   1.280  -1.229   0.567   0.678   1.081   0.220  -0.329   0.401  -1.383  -0.684  -0.346  -0.295  -0.452  -0.466   1.197   0.272   0.261   0.973  -0.261  -0.172  -1.050   0.708   0.458  -0.303   0.264  -0.029   0.470  -0.119  -0.280  -0.008   0.179   0.062  -0.166   0.093   0.118  -0.101   0.008   0.001   0.000
