caovl_drop.rwl -- no data title --                        1st itrdb line missing     
caovl_drop.rwl -- no data title --                        2nd itrdb line missing     
caovl_drop.rwl -- no data title --                        3rd itrdb line missing     
80640A  1915  1294  1194   814   720   728
80640A  1920   540   602   979  1416  1087  1398  1231  1465  1281  1190  ind
80640A  1930   946  1003   852   732   648   661  1227  1136  1357  1051  ind
80640A  1940  1137  1265  1132   888  1006  1010   629   521   770   495  ind
80640A  1950   522   484   291   328  1052  1349  1251  1337  1394  1268  ind
80640A  1960  1254  1249   949  1269  1144  1039   803   859  1150  1368  ind
80640A  1970  1092  1081  1317  1326  1349  1395  1494   895  1153  1086  ind
80640A  1980   400   432   498   424   596   723  1067  1002  1251  1177  ind
80640A  1990  1506   726   976  1260   784   726   806   784  1179  1428  ind
80640A  2000  1472   920   920   928   732   834  1154 -9999
91385   1884   472   669   708   883   845   807
91385   1890   663   770   935  1403  1202  1407  1369  1961  1958  1372  ind
91385   1900  1303  1188  1267  1023  1030   911   712   830   889   413  ind
91385   1910   519   541   173   335   441   305   595  1709  1713   984  ind
91385   1920  1037  1225  1250   934   761   864  1613  1399  1222  1864  ind
91385   1930  1059   684   829  1023  1231  1030  1176   982  1208   994  ind
91385   1940   953  1030   875  1090   992   974   699   767  1132  1259  ind
91385   1950  1088  1125   865   861   956   840   980   892  1109   842  ind
91385   1960  1152   996   943  1047   665   752   705   842  1100  1052  ind
91385   1970  1058   817   857  1053  1055  1360  1387  1072  1168  1256  ind
91385   1980   773   815  1027   839   729   961  1079   984   976   938  ind
91385   1990  1372   900   721  1263  1082   835  1144   984  1098   965  ind
91385   2000  1030  1011  1194  1066   764   836   696   867  1256  1017  ind
91385   2010 -9999
121162  1895  1066  1062  1188  1062   970
121162  1900  1132   917   936   977   939  1073  1079   946   721   421  ind
121162  1910   536   649    76   547   292  1255  1180  1105   856  1119  ind
121162  1920  1457  1468  1616  1125  1477  1370  1203  1326  1408  1223  ind
121162  1930  1139  1198  1021   996  1144   872  1072  1197  1331  1000  ind
121162  1940   838  1130  1004   877   810   931   936   560   762   736  ind
121162  1950   584   576   567   706   747   908  1026  1140  1449  1151  ind
121162  1960  1430  1414  1116  1156  1021  1028   878   959  1053  1027  ind
121162  1970  1083  1031   909   954   808   817  1080   882  1002   998  ind
121162  1980  1017  1124  1000   634   757   711  1258   994  1154   883  ind
121162  1990  1084   816   663   806   934   985   792  1216   995  1023  ind
121162  2000  1220  1218  1269   936  1102 -9999
70162   1892  1248  1096  1351  1552  1284  1241  1269  1210
70162   1900  1147  1001   846   865   524   477   295   606   451   323  ind
70162   1910   169   160    40   151    12   555   921  1316   960  1194  ind
70162   1920  1253  1486  1674  1702  1781  1718  1788  1910  1891  1736  ind
70162   1930  1228  1400  1205  1134   994   897  1126  1098  1163  1150  ind
70162   1940   983  1000   846   889   767  1000   572   426   998   605  ind
70162   1950   802   575   509   707  1002   971  1359   932  1402   832  ind
70162   1960   986  1246   826  1020   848  1032   732  1162   866  1013  ind
70162   1970   946   996  1023  1005   914  1159   931   774   841  1036  ind
70162   1980   754   868   958   981   833   904   894  1248  1111   897  ind
70162   1990  1274   944  1002  1091   990   867   822   906  1371  1326  ind
70162   2000  1266  1115   898  1166   895   947   923   932   744 -9999  ind
91302   1896  1307  1280  1118   950
91302   1900   934   940   960  1048  1177  1049  1028   889   798   493  ind
91302   1910   588   702   667   400   140   333  1186  1129   765  1000  ind
91302   1920  1002  1132  1373  1205  1420  1298  1444  1453  1398  1311  ind
91302   1930  1160  1309  1237  1238  1056   791   862  1045  1239  1294  ind
91302   1940  1133  1131   994   800   807   809   750  1035  1002   924  ind
91302   1950   877   968   846   870   914   881  1144  1075  1357  1164  ind
91302   1960  1233  1057   837   813   746   917   711  1070  1087  1022  ind
91302   1970  1106  1024  1123  1126  1110  1219  1073   867  1305  1149  ind
91302   1980   746   596   712   699   742   733   872   949   964  1071  ind
91302   1990  1010   716  1055  1195  1254  1066   928   879  1044   891  ind
91302   2000  1105   979  1034   979  1045  1065  1042  1064  1091   988  ind
91302   2010 -9999
91332   1921   730  1495  1479  1351   959  1134   801   892  1071
91332   1930   720   892   858   708   727   723   891   825   829   667  ind
91332   1940  1020  1257  1107   903   907   799  1144   901  1283  1211  ind
91332   1950  1120  1119   991   789  1030  1067  1375  1249  1693  1293  ind
91332   1960  1155  1127   536  1048   767   978   841  1170  1004  1062  ind
91332   1970   835   908   876  1071   737  1029   747   692  1148   773  ind
91332   1980   646   922  1086   814  1039  1181  1049  1181  1308  1090  ind
91332   1990  1264   612   822  1228  1251   979   886   805   837   880  ind
91332   2000  1019  1512  1269   833  1255   831  1000  1081   833   769  ind
91332   2010 -9999
50336   1893  1452  1254  1450  1424  1325  1305  1288
50336   1900   949   833   766   997   687   711   727   661   685   677  ind
50336   1910   563   466    91   533   366   350   637   673   436   793  ind
50336   1920  1041  1071  1314  1442  1411  1220  1617  1653  1447  1622  ind
50336   1930  1444  1745  1381  1348   963   891  1098  1109   970   896  ind
50336   1940   994  1080  1078   971   908  1071   987  1046  1016  1054  ind
50336   1950   937   980   955   924   886   968   904  1009  1089   989  ind
50336   1960  1196  1008  1060   824   644   782   677   719   735   573  ind
50336   1970   843   777   856   838   941   969  1212   932  1056  1119  ind
50336   1980   930  1073   966   940   869   953  1006  1041  1039  1138  ind
50336   1990  1196   909   951  1267  1458  1305  1216  1173  1423  1321  ind
50336   2000  1235  1003   844   741   762   779   886   845   678   745  ind
50336   2010 -9999
80554   1943  1171   935   955  1000   520   931   908
80554   1950  1005   900   693   606  1049  1175  1472  1202  1336  1073  ind
80554   1960  1181  1123   941  1000   899   912   788  1128  1186  1252  ind
80554   1970  1230  1140  1153  1168  1029  1254  1135   499  1226   985  ind
80554   1980   407   507   562   578   490   441  1199   906  1298  1168  ind
80554   1990  1437  1078  1244  1273  1299   707   917   677   668   604  ind
80554   2000  1058  1454  1527   787  1328   937   909   831  1004 -9999  ind
50356   1928   924  1167
50356   1930   779  1192   848   919   912  1052   918   887  1004   898  ind
50356   1940   953  1032   953   940   911  1392  1127  1162  1229  1258  ind
50356   1950  1278  1260   936  1020   880  1101   845   729   985   802  ind
50356   1960  1165  1065   989  1014   886   777   613   784  1012   987  ind
50356   1970  1126   855   943  1038   891  1116  1036   559   946   791  ind
50356   1980  1212  1189  1241  1023  1136  1393   937   891   978   831  ind
50356   1990  1493   776  1147  1138  1086   753   831   927  1011   898  ind
50356   2000   917  1256  1222   840  1154   573  1320   933   917   955  ind
50356   2010 -9999
140810  1923  1005   944   650  1051  1328  1000  1699
140810  1930  1318  1290  1318  1059   879   473   573   953  1169   955  ind
140810  1940   946  1129  1117   819   504   701   913   527   775   602  ind
140810  1950   497   634   630   424  1025  1347  1253   917  1114   817  ind
140810  1960   938  1138   989  1312   957  1134   890  1146  1353  1164  ind
140810  1970  1239  1035  1127  1302  1119  1213  1171   977  1156   763  ind
140810  1980  1382  1259   935  1036   880   981  1103   664   764   792  ind
140810  1990  1129   857   731  1224  1182   947  1205  1194   518   906  ind
140810  2000  1168  1328   666   773   954   741   898   900   904  1042  ind
140810  2010 -9999
131061  1925   770  1585  1314  1265  1095
131061  1930   726   574   538   879   989   757   935   979  1160   883  ind
131061  1940  1139  1214  1152  1037  1167   977   833   550  1197   855  ind
131061  1950   518   964   160   499  1219  1352  1428  1437  1407  1205  ind
131061  1960  1383  1209   960  1065  1121  1037   801   754  1127   819  ind
131061  1970  1448   799   699   698  1223  1162   928   775   962   692  ind
131061  1980  1017   959  1283  1074   766  1353  1243   825  1235  1193  ind
131061  1990  1399   895   831  1111   856   894   578   821   793   948  ind
131061  2000  1027   968  1450  1115   898   785   988   964 -9999
80503   1900  1049  1070   915  1144  1106  1123  1006   688   686   779  ind
80503   1910   849   515   590   672   725   888  1121  1135   954  1024  ind
80503   1920   972  1302  1476  1203  1357  1494  1439  1392  1427  1307  ind
80503   1930  1189  1218   922  1018   955   980  1109   991  1066   948  ind
80503   1940   928   720   870   712   629   818   657   593   772   729  ind
80503   1950   654   538   636   602   896  1289  1375  1311  1583  1309  ind
80503   1960  1532  1478   909  1023  1007   930   976   937  1312   962  ind
80503   1970   839   919  1010   806   852   863  1000   775   822   861  ind
80503   1980   956  1237  1025  1086  1119  1034  1080  1136  1105  1054  ind
80503   1990  1010   970   793  1097  1193  1001   989  1009   620   766  ind
80503   2000  1020   947   928   974   751  1032  1201  1235  1032 -9999  ind
100963  1951  1291  1085   590   731   356   145    -4   273  1505
100963  1960  2153  1856  1569  1313  1572  1337  1434  1022  1063  1013  ind
100963  1970  1273   914   789   996  1071   835   677   248   530   458  ind
100963  1980   328   492   733  1209  1224  1138  1236   948   845  1338  ind
100963  1990  1482  1354  1049  1160  1164  1174   955   666   695   613  ind
100963  2000   850   650   861   595   907  1285  1333  1458   830 -9999  ind
131091  1918   620   853
131091  1920   611   709  1472  1472  1518  1432  1439  1212  1001   809  ind
131091  1930   770   911   976   854   889   877  1014  1043  1182   979  ind
131091  1940  1257  1388  1132   872   623   756   593   217   429   513  ind
131091  1950   213   169    71   836  1583  1594  1622  1516  1464  1311  ind
131091  1960  1188  1363  1130  1136  1177  1312  1035  1205  1468  1347  ind
131091  1970  1324  1163   968   733   655   581   613   624   545   447  ind
131091  1980   682  1139  1270  1221   881  1302  1175  1082   981  1121  ind
131091  1990  1135   987   940  1142  1105   956   966   850   979   910  ind
131091  2000   877   996   986   996   760  1096   935  1009  1046  1088  ind
131091  2010 -9999
50262   1940   919  1089   981  1186  1003   805  1271  1078  1003   965  ind
50262   1950   559   833   980   654  1014  1150  1017   786  1405  1133  ind
50262   1960  1203  1064  1259  1319   869   700   662  1009  1332  1391  ind
50262   1970   966  1133   631   959   506   739   964   876   965   840  ind
50262   1980  1267  1439  1232  1105  1071   946   994   715   934   939  ind
50262   1990  1301  1019   785  1003  1077   913   815   971   892  1165  ind
50262   2000  1084   901  1107   757  1082  1994   989   462   472  1597  ind
50262   2010   726 -9999
90552   1920   484  1069   834   577  1159  1216  1293  1201  1133  1198  ind
90552   1930   845  1150   890   954   845  1072  1101  1034  1073   824  ind
90552   1940   960  1068  1015   970   806  1299   783  1173  1102   861  ind
90552   1950  1057  1238  1041  1005   930   905  1098  1019  1216   830  ind
90552   1960  1128  1119  1081   848   632   740   679   794  1148  1023  ind
90552   1970  1112   928  1293  1268  1336  1470  1125   809  1142  1067  ind
90552   1980   710   881   961   795   557   692   673   786   857  1071  ind
90552   1990  1343   828  1076  1100  1076   857   991   996  1092  1056  ind
90552   2000   983  1264  1160   845  1014  1069  1084   958  1016   981  ind
90552   2010 -9999
131138  1926  1156  1325  1252   914
131138  1930  1475  1261   949   935   961   780   678  1176  1210  1224  ind
131138  1940   871  1089   834   717   459   761   375   643   324   854  ind
131138  1950   478   421   464   686  1022  1664  1763  1425  1626   987  ind
131138  1960   840   737   876   985   803   908   651   952  1270  1380  ind
131138  1970  1406  1100  1114  1011   740  1059  1203   741   979  1082  ind
131138  1980  1084   968   882   870   644  1330  1507  1327  1205  1104  ind
131138  1990  1627   762   994  1143  1464   640   730   673   876   625  ind
131138  2000   607  1212   928   878   911   738   952   931  1017  1009  ind
131138  2010 -9999
121301  1931   708   929   784   876  1166  1340  1030  1186   876
121301  1940  1265  1652  1220  1095  1077  1230  1160   407   620   451  ind
121301  1950   477   140   371   846  1134  1409  1709  1625  1670  1288  ind
121301  1960  1394   835  1065   748   798   877   792   619  1051   927  ind
121301  1970  1142  1030   834   939   781   695   424   458   849   835  ind
121301  1980  1606  1712  1421  1325  1004  1197  1225   875  1079   873  ind
121301  1990  1085   876  1005  1243  1096   888   928   787   920  1009  ind
121301  2000  1249  1106   701  1163   778   887   913   819  1107  1103  ind
121301  2010 -9999
60124   1899  1196
60124   1900  1155  1148  1166  1133  1134  1317  1300  1440  1483  1247  ind
60124   1910  1437  1137   511   726  1014   915   851   705   595   730  ind
60124   1920   426   393   623   800   503   253   312   214   276   358  ind
60124   1930   422   754   647   375   358   625   714  1572  1886  2009  ind
60124   1940  1876  1721  1571  1742  1371  1494  1071  1083   920  1008  ind
60124   1950  1061  1002   913   845   804   961  1187   805  1238  1368  ind
60124   1960  1136  1343  1129   927   417   467   229   976  1245   788  ind
60124   1970   837   704   744  1206  1468  1238  1001   801   860   951  ind
60124   1980   916   886  1070  1201  1146  1276  1201  1253  1386  1456  ind
60124   1990  1370  1105  1159  1185   785   728   612   536   351   778  ind
60124   2000   847   565   674   831  1036   964   921  1002  1134  1058  ind
60124   2010 -9999
190929A 1930  1469  1178  1477  1361   842   884   765   665  1175   838  ind
190929A 1940  1000  1177  1338   713   738   656   712   470   824   687  ind
190929A 1950   734   591   895   557   339    46   564  1127  1170  1357  ind
190929A 1960  1759  1378  1860  1391  1287  1484   990  1047  1009  1119  ind
190929A 1970  1617  1288  1267   995  1024   998  1067   651   984   730  ind
190929A 1980   757   753  1333  1436  1194  1095   860   808  1036   793  ind
190929A 1990   777   951   690  1194  1004   909   844   665   968   797  ind
190929A 2000  1056   901   749   687   707  1095   989  1081  1204  1297  ind
190929A 2010  1108  1217  1119  1019   929   777 -9999
50442   1907   863   765   878
50442   1910   674   740   275   257   212   818  1070  1037   586   844  ind
50442   1920  1509  1588  1778  1561  1581  1534  1142  1323  1294  1359  ind
50442   1930  1004   969   977  1321  1075   958   782   968  1000  1071  ind
50442   1940   946   997  1107   935   866   793   793   964  1044  1014  ind
50442   1950  1124   949   719   673   776   687   844   881  1133   914  ind
50442   1960  1187   928  1015   777   748   797   864   957  1037   883  ind
50442   1970  1228  1121  1187  1050   954  1109  1094   659   991  1089  ind
50442   1980   902   903   897  1030   931   972  1047   823   829   903  ind
50442   1990   917   973  1041  1172  1153  1302  1181  1229   907   917  ind
50442   2000   730   842  1040   808   923   917  1078   961   896 -9999  ind
130788  1917   656  1157   839
130788  1920  1169  1295  1072   831  1159  1148  1359  1105  1026   982  ind
130788  1930  1015  1140  1223  1190  1068   968   854   782   803   185  ind
130788  1940   956  1025   840   816   480   897   702   245   685   372  ind
130788  1950   686   575   593   483   916  1226  1611  1509  1770  1574  ind
130788  1960  2009  1601  1184  1388  1057  1094   959  1001  1186  1031  ind
130788  1970  1089  1077  1205   985   989   778   897   855   800   500  ind
130788  1980  1086   982  1110   689   696   911   975   883  1067   895  ind
130788  1990  1203  1075   921  1010  1040   809   879   794   953  1202  ind
130788  2000  1216  1025   843  1154   870   876  1015 -9999
111081r 1892   788   638   661   589   784  1063  1051  1165
111081r 1900   964  1087   903  1330  1468  1257  1169   985  1011   879  ind
111081r 1910   753   282   644   571   442  1282  1494  1358  1106  1239  ind
111081r 1920  1345  1339  1155   930  1210  1249  1389  1402  1222  1273  ind
111081r 1930   958  1420  1040  1163   895  1014  1209  1103  1188   734  ind
111081r 1940   712   704   560   801   647   934   878   680   977   637  ind
111081r 1950   837   757   723   582  1207   853  1084   822  1407   887  ind
111081r 1960   893  1094   908  1009   970  1097   705  1248  1201  1474  ind
111081r 1970   961  1142  1000  1034  1148   987  1238   798   944  1251  ind
111081r 1980   516   906   986   912   846  1011  1000   974   996  1062  ind
111081r 1990  1483   855  1072  1115  1085  1009   923   751   774   725  ind
111081r 2000   880  1057  1119  1046  1136   917   933  1191   924  1053  ind
111081r 2010 -9999
60358r  1890   541  1006   652   729  1214   957  1338  1397  1198  1092  ind
60358r  1900  1447  1395  1609  1357  1257  1208  1177   854   741   632  ind
60358r  1910   526   394   438   234   360   406   435   524   387   544  ind
60358r  1920   873  1366  1578  1242  1569  1501  1382  1366  1462  1436  ind
60358r  1930  1393  1307  1507   826  1158   931   971   769  1027   695  ind
60358r  1940  1095   812   986  1292  1224  1127   932   827   866  1039  ind
60358r  1950   924   935  1436   819   904  1424  1286   876   882   932  ind
60358r  1960   745   572   507   785   568   309   355   622   888   658  ind
60358r  1970   437   987   901   655  1249  1798  1773   621  1401  1053  ind
60358r  1980   883  1284  1567  1473  1541  1370  1689   694  1111  1254  ind
60358r  1990   925   747   916   570   757   453 -9999
