  year  #   1       2       3       4       5       6       7       8       9      10      11      12      13      14      15      16      17      18      19      20      21      22
  1950  -2.207  -2.495   0.245  -0.026   0.766   0.807  -0.735   1.636   0.450   0.958   1.052   1.670  -1.055   0.268  -0.040  -0.089   0.764   0.457  -0.807  -0.677   0.044   0.315
  1951  -1.531  -2.106   0.178   0.988   1.195   0.105  -0.405   1.200   1.637  -0.628  -0.984   0.853   0.434  -1.144   0.033   0.851  -0.222  -0.387   0.250   0.506   0.414   0.243
  1952  -3.976  -0.551   0.069  -0.448   0.752   0.015   0.410   1.724  -1.084   1.042  -0.904  -1.004  -0.632   0.675  -0.315   0.610   0.163   0.326   0.093  -0.438  -0.333  -0.136
  1953  -2.082   0.127  -0.873   1.869  -3.088  -1.047  -0.693   0.182  -0.780   0.200   0.450  -0.294   0.245  -0.887   0.938   0.953  -0.058   1.098  -0.424   0.273  -0.526  -0.194
  1954   3.311   1.623  -2.648   0.483  -1.088  -0.627  -0.215  -2.140   0.357  -0.429   0.651   0.194  -1.034   0.154   0.455  -0.106  -0.117  -0.560  -0.150  -0.137   0.403   0.694
  1955   2.719   2.996  -1.707  -0.736  -0.028  -1.149  -1.850   0.578   0.690   1.082  -0.405   0.614   0.499   1.293  -0.588  -0.456  -0.446  -0.150   0.445   0.394  -0.069  -0.235
  1956   4.293   0.963  -0.517  -0.962  -1.794   1.091   0.478   0.193   0.193   1.635   0.766  -0.006  -0.524  -0.492  -0.862   0.355   0.810  -0.264   0.184   0.195  -0.038  -0.089
  1957  -0.189   0.445   1.706  -1.824  -1.777  -1.045   1.660  -0.361   1.136  -0.461  -0.525   0.010  -0.130   0.424   0.090   0.384   0.484  -0.105   0.600  -0.542  -0.928  -0.053
  1958   6.289   0.494  -0.376  -1.081   0.088   1.856   0.921   0.861  -1.566  -0.296   0.313   0.153   0.181  -0.010   0.495   0.749   0.465  -0.734   0.438  -0.181   0.140  -0.489
  1959  -2.540   0.614   0.161  -0.530  -0.137   1.308   1.489   0.099   1.331  -0.375  -1.103   0.296   0.515   0.956   0.193   0.174  -0.030   0.155  -0.458   0.282  -0.526   0.170
  1960   2.973   1.012   3.427  -1.482  -0.160  -0.132   0.826   1.349   0.606  -1.026   0.833  -0.010  -0.958  -0.273   0.372   0.136  -0.421  -0.089  -0.717   0.624   0.560  -0.280
  1961   0.684   0.250  -2.383   0.845   0.910   0.900   0.351   0.347   0.173  -1.649   0.663  -0.219   0.105  -0.723  -1.068   0.481  -0.996   0.833   0.363  -0.121  -0.745   0.376
  1962  -2.930  -0.528   3.414   1.526   1.266  -0.264   0.738  -1.866  -0.465   0.830   0.315  -1.090   0.857   0.807  -0.288   0.332   0.083  -0.222   0.145   0.230  -0.192  -0.004
  1963   0.354   1.482  -2.098   0.021   1.709  -0.326   1.233  -0.517   1.116  -0.162  -0.557  -0.207  -0.288  -0.886   0.026  -0.927  -0.296  -0.240  -0.287   0.385  -0.243  -0.458
  1964  -3.275   1.172  -0.785  -0.344  -0.414  -0.909   0.985  -1.810   0.216  -0.067   0.178   1.464  -0.549  -0.280   0.024   0.064  -0.383   0.631   0.448  -0.473   0.363  -0.144
  1965  -0.024  -0.415  -0.119  -0.161  -1.377   0.421   0.603  -0.869  -0.552  -0.204  -0.619  -0.754  -0.020  -0.369  -0.711  -0.625   0.146  -0.063  -0.112  -0.823   0.264   0.283
  1966  -4.314   0.101  -0.259  -1.679  -0.359  -0.893  -0.917  -0.212   0.218  -0.020  -0.004   0.503  -0.613  -0.159   0.339  -0.393   0.893  -0.441   0.240   0.404  -0.370   0.213
  1967   2.011  -1.373  -2.176   0.024  -0.424   2.640   0.061  -0.669  -1.493   0.012  -0.426  -0.488   0.639  -0.407  -0.778  -0.189  -0.209  -0.197  -1.061   0.026   0.051   0.037
  1968   3.453   1.613   0.229   0.055   0.724   0.053  -1.146  -0.845   0.272  -0.338  -0.131  -0.722  -0.689   0.511   0.471   1.320   0.002   0.326  -0.089   0.301  -0.237  -0.747
  1969   0.048  -0.317  -0.903   0.653   2.196  -1.439   2.381  -1.430  -0.092   1.230   0.294   0.097  -0.171  -0.246  -0.054   0.549  -0.024  -0.302  -0.080  -0.576  -0.188  -0.169
  1970   1.504   0.006   3.758   0.439  -1.106   0.566  -0.464  -0.899   0.130  -0.123   0.359   0.309   1.020  -0.512  -1.010  -0.457  -0.394  -0.019  -0.077   0.130  -0.224   0.090
  1971  -1.311   0.322  -0.635  -0.796   0.662  -0.243   0.790  -0.087  -0.904   0.414   0.355   0.005  -0.474   0.490   0.211   0.210  -0.725  -0.460  -0.137   0.089  -0.054   0.276
  1972   0.330  -2.042   0.015  -0.975  -0.247  -0.117  -1.357   0.274   0.794   0.290   0.380  -0.406  -1.142   0.184  -0.577  -0.044  -0.709  -0.467  -0.358  -0.812  -0.489  -0.617
  1973   0.560  -1.244  -0.577   0.547   1.586   1.062  -1.007   0.538   0.439   0.941  -0.053  -1.101   1.254  -0.063   0.516  -0.070   0.272   0.267   0.017  -0.161  -0.369   0.465
  1974  -0.599  -2.076  -0.062   0.183  -0.811   0.526  -1.574  -0.338   1.965  -1.396   0.017  -0.525   0.114   0.905  -0.739   0.370   0.100   0.363   0.583  -0.627   0.844  -0.042
  1975   1.759  -2.654   0.668   0.241   0.650  -0.817  -1.088  -0.199   0.555   0.397   0.189   0.123  -0.491  -1.535  -0.026  -0.718  -0.001   0.099   0.839   0.341  -0.361  -0.275
  1976   0.705  -0.884   0.473  -0.582   1.016  -2.150  -0.277  -0.017  -0.606  -1.976  -0.502  -0.281   0.308   0.859  -0.861  -0.242  -0.181   0.152  -0.973  -0.197   0.105  -0.407
  1977  -5.721   1.094  -1.764  -0.190  -0.500  -0.287   0.198   0.347   0.768  -0.061  -0.548  -1.346   0.781  -0.708  -0.007   0.160   0.912  -0.864   0.187   0.244   0.733  -0.299
  1978   2.552  -1.992   1.272  -1.628  -0.072   0.690  -0.246  -0.635   0.029   1.542  -0.364   0.010   0.530  -0.768   1.040  -0.324  -0.324   0.172   0.210  -0.090   0.094  -0.056
  1979  -0.526  -2.423  -0.510   0.440   0.268  -0.945  -0.880  -0.332  -2.048  -0.575   1.046  -0.094   0.122   0.984   0.075   0.158   1.108   0.313   0.540   0.290   0.431  -0.243
  1980  -2.705   6.571   1.454   1.179  -0.007   0.341  -1.352   1.032   0.117   1.273   0.271  -0.329   0.526  -0.370  -0.395  -0.197  -0.041  -0.025   0.013  -0.673   0.347  -0.015
  1981   0.675   2.917   0.487   1.109   0.306  -0.316  -0.305   0.923  -1.363  -0.910  -0.275  -0.194  -0.661   0.139   1.039   0.524  -0.377   0.307   0.207  -0.001  -0.123   0.566
  1982   0.655  -0.076   0.955   1.821   0.351   1.661   1.969   0.371   0.388  -0.554   0.138   0.358  -0.209  -0.297  -0.273   0.210   0.694   0.069   0.204   0.150   0.293  -0.345
  1983  -2.053   0.282   1.033   1.221   0.311   1.734  -0.399  -1.416  -1.285   0.226  -0.356   0.214  -0.969   0.575  -0.326  -0.981  -0.517   0.164   0.963   0.494   0.096  -0.170
  1984  -2.713   0.340  -0.572  -0.451   1.262   0.519   0.603   0.783  -0.671  -0.214  -0.855   1.089   0.224   0.300   0.910  -1.095  -0.292   0.475  -0.037  -0.026   0.348  -0.473
  1985   1.713   1.703   0.092   3.080  -1.027   0.036  -0.470  -0.074   0.136  -0.582  -1.157   1.377   0.357  -0.056   0.138  -0.496   0.949  -0.165  -0.658  -0.401  -0.317  -0.509
  1986   2.156   0.421  -0.449  -2.187   0.240  -1.545  -0.077  -0.617  -0.492   0.177   0.575   0.464   2.030   0.187  -0.280  -0.291   0.567   0.610  -0.620   0.536   0.078   0.163
  1987  -1.072  -1.583  -2.209  -0.034  -1.436  -0.017   0.522   1.405  -0.881  -0.094  -0.309   0.157  -0.290   0.268  -0.653  -0.454   0.102   0.154   0.583   0.550  -0.212  -0.257
  1988   1.425   0.003  -0.091  -0.669  -0.359   0.594   0.934   0.135   0.971   0.216   0.001   0.630   0.605   0.843   0.119  -0.177   0.549   0.698   0.242   0.211  -0.419   0.541
  1989  -0.264  -1.331  -0.118   0.150  -0.633   0.472  -0.990  -0.866   0.475  -0.514  -1.245   0.208   0.151   0.430   0.353   1.114  -0.376  -0.727  -0.080   0.534  -0.031   0.218
  1990   5.211  -0.268  -0.235   2.257   2.123  -1.446   0.065   0.288   0.643   0.332   0.685   0.457  -0.030   0.225  -0.187   0.241   0.705  -0.170   0.144  -0.086   0.181   0.375
  1991  -5.382   1.215   0.812  -0.683   0.218   0.932  -0.054  -0.529  -0.236  -0.024   1.133   0.525  -1.011  -0.253  -0.996   0.363   0.019   0.217  -0.563   0.850   0.161   0.301
  1992  -0.636  -2.018  -0.331   0.531  -0.711   0.554  -0.832  -0.809   0.225   1.740  -0.088   0.937   0.394   0.554   0.902   0.489  -1.169  -0.063  -0.414  -0.098   0.341  -0.281
  1993   4.383  -0.452   1.620   0.321  -0.179  -0.176  -0.324   0.128  -0.470  -0.669  -1.408  -0.752  -0.979  -0.073   0.595  -1.182   0.197   0.485   0.045  -0.096   0.034   0.516
  1994   0.989  -0.014   0.900  -0.988   0.051  -1.614  -0.339   0.939  -1.752   0.527  -1.776   0.838  -0.079  -0.614  -0.971   0.731  -0.409  -0.795   0.173  -0.142   0.218   0.653
  1995  -3.327  -0.353   0.339  -0.981  -0.119   0.800  -0.099  -0.560  -0.703  -1.673   0.835   0.349   0.691  -0.314   1.182  -0.179   0.282  -0.810   0.110  -0.698   0.000   0.201
  1996  -1.392  -0.469  -0.184  -0.113   0.501  -0.630  -1.006  -0.576   0.296   0.366  -0.248  -1.601  -1.220  -0.704   0.373  -0.446   0.758  -0.056  -0.753   0.274  -0.195   0.141
  1997  -1.160   0.449   0.218  -0.954   0.556  -0.688  -0.858   0.588  -0.652  -1.028   1.295   0.170   1.152  -1.259   0.144  -0.092  -0.580  -0.083   0.380  -0.334  -0.331  -0.273
  1998  -0.066  -2.288   0.121   2.319  -2.341  -2.089   2.241   1.719   0.254   0.587   0.879  -0.718   0.315   0.429   0.166  -0.719  -0.927  -0.447  -0.092   0.197   0.349   0.098
  1999  -0.128   0.913  -0.587  -0.034   0.332   1.142  -0.353   0.974   0.769  -0.396   1.438  -0.780   0.118   1.196   0.533  -0.775  -0.485  -0.931   0.112   0.117  -0.334   0.228
  2000   1.372   0.825  -0.483  -1.765   0.155   0.090   0.856   0.062   0.745   0.430  -0.270  -1.154   0.050  -0.251   0.275   0.198  -0.315   1.464   0.192  -0.214   0.962   0.096
