caovl_drop.rwl -- no data title --                        1st itrdb line missing     
caovl_drop.rwl -- no data title --                        2nd itrdb line missing     
caovl_drop.rwl -- no data title --                        3rd itrdb line missing     
caovl_18849990  09990  09990  09990  0   0  1   0  1   0  1   0  1   0  1   0  1  err
caovl_1890 425  2 516  2 299  4 308  5 145  5 309  6  72  7 209  7 289  7 273  8  err
caovl_1900 196  9 188  9 140  9  96  9 170  9 240  9 274  9 233 10 156 10 175 10  err
caovl_1910 240 10 164 10 227 10 196 10 206 10 294 11 361 11 378 12 319 13 326 13  err
caovl_1920 347 14 305 15 359 15 322 16 360 16 327 17 295 18 270 18 233 19 279 19  err
caovl_1930 218 20 270 21 221 21 241 21 205 21 202 21 219 21 221 21 215 21 181 21  err
caovl_1940 208 22 219 22 201 22 197 23 187 23 208 23 188 23 213 23 238 23 219 23  err
caovl_1950 253 23 222 24 183 24 173 24 209 24 197 24 230 24 211 24 236 24 185 24  err
caovl_1960 201 24 209 24 158 24 157 24 156 24 176 24 152 24 191 24 152 24 159 24  err
caovl_1970 147 24 129 24 150 24 171 24 165 24 193 24 161 24 118 24 147 24 165 24  err
caovl_1980 149 24 123 24 128 24 127 24 132 24 148 24 127 24 148 24 139 24 140 24  err
caovl_1990 189 24 104 24 157 24 161 24 146 24 111 24 153 23 152 23 193 23 175 23  err
caovl_2000 138 23 145 23 179 23 135 23 173 23 164 22 196 22 217 20 145 19 153 14  err
caovl_2010 138  2   0  1   0  1   0  1   0  1   0  19990  09990  09990  09990  0  err
caovl_drop.rwl -- no data title --                        1st itrdb line missing     
caovl_drop.rwl -- no data title --                        2nd itrdb line missing     
caovl_drop.rwl -- no data title --                        3rd itrdb line missing     
caovl_18849990  09990  09990  09990  0   0  1   0  1   0  1   0  1   0  1   0  1  err
caovl_1890  65  2 125  2 106  4 239  5  27  5 162  6  44  7  48  7  46  7  56  8  err
caovl_1900  58  9  57  9  62  9  60  9 101  9  93  9 101  9  54 10  47 10  91 10  err
caovl_1910  52 10  84 10  83 10  66 10  81 10 125 11 111 11 105 12  90 13  60 13  err
caovl_1920 102 14 102 15  88 15  83 16  81 16  88 17  56 18  37 18  60 19  79 19  err
caovl_1930  68 20  65 21  62 21  52 21  35 21  36 21  47 21  33 21  33 21  41 21  err
caovl_1940  28 22  39 22  39 22  35 23  52 23  45 23  49 23  66 23  50 23  57 23  err
caovl_1950  60 23  69 24  66 24  39 24  30 24  69 24  71 24  64 24  55 24  51 24  err
caovl_1960  50 24  54 24  36 24  43 24  50 24  50 24  36 24  38 24  34 24  50 24  err
caovl_1970  47 24  30 24  42 24  39 24  50 24  57 24  51 24  36 24  42 24  50 24  err
caovl_1980  65 24  62 24  54 24  56 24  51 24  53 24  38 24  38 24  36 24  36 24  err
caovl_1990  47 24  30 24  34 24  18 24  39 24  38 24  35 23  42 23  51 23  49 23  err
caovl_2000  41 23  48 23  52 23  36 23  38 23  34 22  27 22  34 20  42 19  29 14  err
caovl_2010 202  2   0  1   0  1   0  1   0  1   0  19990  09990  09990  09990  0  err
caovl_drop.rwl -- no data title --                        1st itrdb line missing     
caovl_drop.rwl -- no data title --                        2nd itrdb line missing     
caovl_drop.rwl -- no data title --                        3rd itrdb line missing     
caovl_18849990  09990  09990  09990  0   0  1   0  1   0  1   0  1   0  1   0  1  err
caovl_1890  32  2 174  2  88  4 107  5  75  5  94  6  55  7  72  7  46  7  41  8  err
caovl_1900  58  9  53  9  55  9  55  9  68  9  44  9  33  9  59 10  35 10  64 10  err
caovl_1910  44 10  57 10  79 10  72 10  48 10 110 11  80 11  54 12  39 13  36 13  err
caovl_1920 100 14  49 15  61 15  62 16  47 16  52 17  51 18  43 18  27 19  31 19  err
caovl_1930  47 20  38 21  39 21  35 21  33 21  31 21  38 21  35 21  30 21  37 21  err
caovl_1940  42 22  30 22  28 22  37 23  30 23  34 23  42 23  56 23  31 23  40 23  err
caovl_1950  43 23  35 24  23 24  40 24  47 24  58 24  41 24  46 24  34 24  33 24  err
caovl_1960  46 24  37 24  43 24  36 24  26 24  26 24  22 24  41 24  27 24  40 24  err
caovl_1970  43 24  25 24  29 24  35 24  39 24  42 24  36 24  31 24  34 24  38 24  err
caovl_1980  73 24  40 24  37 24  38 24  30 24  40 24  37 24  37 24  27 24  32 24  err
caovl_1990  45 24  36 24  32 24  26 24  30 24  25 24  22 23  26 23  49 23  36 23  err
caovl_2000  30 23  57 23  51 23  41 23  42 23  42 22  29 22  26 20  48 19  27 14  err
caovl_2010 203  2   0  1   0  1   0  1   0  1   0  19990  09990  09990  09990  0  err
caovl_drop.rwl -- no data title --                        1st itrdb line missing     
caovl_drop.rwl -- no data title --                        2nd itrdb line missing     
caovl_drop.rwl -- no data title --                        3rd itrdb line missing     
caovl_18849990  09990  09990  09990  0   0  1   0  1   0  1   0  1   0  1   0  1  err
caovl_1890  24  2 131  2  66  4  80  5  56  5  71  6  42  7  55  7  35  7  31  8  err
caovl_1900  44  9  40  9  42  9  42  9  51  9  33  9  25  9  45 10  27 10  48 10  err
caovl_1910  33 10  43 10  59 10  54 10  36 10  83 11  61 11  40 12  30 13  27 13  err
caovl_1920  75 14  37 15  46 15  47 16  35 16  39 17  38 18  33 18  21 19  23 19  err
caovl_1930  35 20  29 21  29 21  26 21  25 21  23 21  28 21  26 21  23 21  28 21  err
caovl_1940  32 22  22 22  21 22  28 23  23 23  26 23  32 23  42 23  24 23  30 23  err
caovl_1950  32 23  26 24  18 24  30 24  35 24  44 24  31 24  35 24  26 24  25 24  err
caovl_1960  34 24  28 24  33 24  27 24  20 24  20 24  17 24  31 24  20 24  30 24  err
caovl_1970  32 24  18 24  22 24  26 24  29 24  32 24  27 24  23 24  26 24  29 24  err
caovl_1980  55 24  30 24  28 24  29 24  23 24  30 24  28 24  28 24  21 24  24 24  err
caovl_1990  34 24  27 24  24 24  19 24  23 24  19 24  17 23  20 23  37 23  27 23  err
caovl_2000  23 23  43 23  38 23  31 23  31 23  31 22  22 22  20 20  36 19  21 14  err
caovl_2010 153  2   0  1   0  1   0  1   0  1   0  19990  09990  09990  09990  0  err
