  year  #   1       2       3       4       5
  1950   4.585  -0.169   0.258  -0.518   0.136
  1951   3.826  -0.648   0.056   0.018   0.275
  1952   4.363  -0.006   0.132  -0.053   0.417
  1953   4.084  -0.840  -0.214  -0.360   0.227
  1954   4.374  -0.436   0.277   0.168  -0.232
  1955   3.055   0.450   0.262   0.321   0.341
  1956   2.556   0.502  -0.865   0.323   0.015
  1957   1.353   0.638  -0.385  -0.300  -0.181
  1958   0.111   0.497  -1.877   0.536  -0.539
  1959   0.115   1.307  -1.376  -0.176  -0.384
  1960  -0.333   1.265  -1.714   0.301  -0.089
  1961  -0.762   1.261  -1.099   0.382   0.493
  1962  -0.644   0.884  -1.320   0.229   0.279
  1963  -1.332   0.826  -1.130  -0.774   0.387
  1964  -1.916   0.111  -1.381  -0.722   0.970
  1965  -0.254   1.259  -0.090  -0.973  -0.220
  1966  -1.193   1.286   0.459  -0.350  -0.116
  1967  -0.416   0.165   0.387  -1.287   0.481
  1968  -0.233   0.444   0.850  -0.964   0.204
  1969   0.150   0.681   0.735   0.248  -0.427
  1970  -0.003  -0.278   0.240  -0.099  -0.579
  1971  -1.906  -0.326   0.012  -0.617  -0.259
  1972  -0.933  -0.730  -0.214  -0.604  -0.533
  1973  -1.522  -0.882  -0.159  -0.531  -0.417
  1974  -1.456  -1.361  -0.269  -0.454  -0.518
  1975  -1.057  -1.144  -0.423  -0.299  -0.507
  1976   0.019  -1.632  -0.225   0.248  -0.819
  1977  -0.824  -1.662  -1.432   0.990  -0.346
  1978   0.231  -1.049  -0.024   0.449   0.484
  1979  -1.261  -0.843   0.205   0.306   0.560
  1980   0.013  -1.589  -0.218   0.124   1.332
  1981   0.071  -0.843  -0.529   0.050   0.482
  1982   0.460  -0.177   0.131   0.266  -0.190
  1983   0.406  -0.262   0.453   0.090  -0.408
  1984  -0.271  -0.606  -0.033  -0.348  -0.435
  1985   0.202  -0.029   0.512  -0.420  -0.929
  1986   1.577   0.761   0.691   0.783  -0.452
  1987  -0.569  -0.108   0.557   0.147  -0.561
  1988  -0.463   0.527   0.671   0.049  -1.091
  1989   0.570   0.658   0.951  -0.681   0.193
  1990  -0.141   0.733   0.830  -0.064   0.744
  1991  -1.895  -0.055   0.560  -0.078   0.106
  1992  -1.226  -0.036   0.576   0.039   0.340
  1993   0.131   0.578   0.586   0.519   0.171
  1994  -0.712   1.121   0.596   0.844   0.082
  1995  -1.409   0.506   0.637   0.344  -0.103
  1996  -1.834   0.329   1.386  -0.068   0.306
  1997  -2.339  -0.710   0.476  -0.188   0.519
  1998  -1.583  -0.735   0.550   0.813   0.624
  1999  -2.673  -0.234   0.287   0.416   0.066
  2000  -1.094   0.601   0.654   1.929   0.099
