 eigenvalue  2.240   0.936   0.781   0.691   0.352
 eval sderr  0.444   0.185   0.155   0.137   0.070
 % variance  0.448   0.187   0.156   0.138   0.070
 cumulative  0.448   0.635   0.791   0.930   1.000
 brokn stck  2.283   1.283   0.783   0.450   0.200
 series_id   #  1       2       3       4       5
  12354      0.530  -0.059  -0.380  -0.399   0.642
  200577     0.236   0.961  -0.065   0.048  -0.115
  192588     0.471  -0.103   0.530  -0.552  -0.427
  40024A     0.485  -0.238  -0.551   0.344  -0.535
  131360     0.454  -0.070   0.517   0.645   0.325
