  year  #   1
  1950   2.563
  1951   2.139
  1952   2.439
  1953   2.282
  1954   2.445
  1955   1.708
  1956   1.429
  1957   0.756
  1958   0.062
  1959   0.065
  1960  -0.186
  1961  -0.426
  1962  -0.360
  1963  -0.745
  1964  -1.071
  1965  -0.142
  1966  -0.667
  1967  -0.232
  1968  -0.130
  1969   0.084
  1970  -0.002
  1971  -1.065
  1972  -0.521
  1973  -0.851
  1974  -0.814
  1975  -0.591
  1976   0.011
  1977  -0.461
  1978   0.129
  1979  -0.705
  1980   0.007
  1981   0.040
  1982   0.257
  1983   0.227
  1984  -0.151
  1985   0.113
  1986   0.882
  1987  -0.318
  1988  -0.259
  1989   0.319
  1990  -0.079
  1991  -1.059
  1992  -0.685
  1993   0.073
  1994  -0.398
  1995  -0.787
  1996  -1.025
  1997  -1.307
  1998  -0.885
  1999  -1.494
  2000  -0.611
