  year  #   1
  1950   0.677
  1951   0.145
  1952   1.484
  1953   1.076
  1954   1.516
  1955  -0.009
  1956   0.187
  1957  -0.457
  1958  -1.761
  1959  -0.296
  1960  -0.836
  1961  -0.691
  1962  -0.366
  1963  -0.947
  1964  -1.186
  1965   1.140
  1966  -0.944
  1967   1.005
  1968   0.418
  1969   0.379
  1970   0.176
  1971  -2.028
  1972   0.250
  1973  -1.059
  1974  -0.686
  1975  -0.355
  1976   0.675
  1977  -1.380
  1978   1.228
  1979  -1.414
  1980   1.261
  1981   0.130
  1982   0.715
  1983   0.549
  1984  -0.294
  1985   0.687
  1986   2.016
  1987  -1.174
  1988   0.020
  1989   1.932
  1990   0.241
  1991  -1.590
  1992   0.340
  1993   1.480
  1994  -0.317
  1995  -0.380
  1996  -0.238
  1997  -0.819
  1998   0.221
  1999  -1.621
  2000   0.901
