 eigenvalue 10.918   6.174   4.172   3.870   2.187   1.839   1.412   1.179   1.106   0.895   0.841   0.716   0.599   0.571   0.499   0.476   0.455   0.408   0.371   0.336   0.305   0.283   0.254   0.219   0.207   0.195   0.150   0.147   0.137   0.125   0.122   0.107   0.093   0.087   0.075   0.070   0.058   0.049   0.041   0.035   0.030   0.027   0.024   0.020   0.020   0.014   0.012   0.010   0.007   0.004   0.000
 eval sderr  2.162   1.223   0.826   0.766   0.433   0.364   0.280   0.233   0.219   0.177   0.167   0.142   0.119   0.113   0.099   0.094   0.090   0.081   0.073   0.067   0.060   0.056   0.050   0.043   0.041   0.039   0.030   0.029   0.027   0.025   0.024   0.021   0.018   0.017   0.015   0.014   0.011   0.010   0.008   0.007   0.006   0.005   0.005   0.004   0.004   0.003   0.002   0.002   0.001   0.001   0.000
 % variance  0.260   0.147   0.099   0.092   0.052   0.044   0.034   0.028   0.026   0.021   0.020   0.017   0.014   0.014   0.012   0.011   0.011   0.010   0.009   0.008   0.007   0.007   0.006   0.005   0.005   0.005   0.004   0.004   0.003   0.003   0.003   0.003   0.002   0.002   0.002   0.002   0.001   0.001   0.001   0.001   0.001   0.001   0.001   0.000   0.000   0.000   0.000   0.000   0.000   0.000   0.000
 cumulative  0.260   0.407   0.507   0.599   0.651   0.695   0.729   0.757   0.783   0.805   0.825   0.842   0.856   0.870   0.881   0.893   0.904   0.913   0.922   0.930   0.937   0.944   0.950   0.955   0.960   0.965   0.969   0.972   0.975   0.978   0.981   0.984   0.986   0.988   0.990   0.992   0.993   0.994   0.995   0.996   0.997   0.997   0.998   0.998   0.999   0.999   0.999   1.000   1.000   1.000   1.000
 brokn stck  4.519   3.519   3.019   2.685   2.435   2.235   2.069   1.926   1.801   1.690   1.590   1.499   1.416   1.339   1.267   1.201   1.138   1.079   1.024   0.971   0.921   0.873   0.828   0.785   0.743   0.703   0.664   0.627   0.592   0.557   0.524   0.492   0.460   0.430   0.401   0.372   0.344   0.317   0.291   0.265   0.240   0.216   0.192   0.169   0.146   0.124   0.102   0.081   0.060   0.040   0.020
 series_id   #  1       2       3       4       5       6       7       8       9      10      11      12      13      14      15      16      17      18      19      20      21      22      23      24      25      26      27      28      29      30      31      32      33      34      35      36      37      38      39      40      41      42      43      44      45      46      47      48      49      50      51
  100990     0.155   0.158  -0.108  -0.047   0.038  -0.025  -0.114   0.076  -0.031  -0.118   0.072   0.098  -0.180   0.007  -0.127   0.258  -0.096   0.138   0.126   0.289  -0.149   0.013  -0.009   0.015  -0.007   0.166  -0.128   0.214  -0.049   0.008   0.335   0.079  -0.047  -0.182   0.000   0.091  -0.128   0.031  -0.089  -0.022   0.007  -0.145  -0.135  -0.130   0.106  -0.111   0.042   0.085   0.153  -0.094  -0.039
  90546      0.132  -0.001  -0.051   0.163  -0.066   0.195   0.195  -0.047   0.012   0.264  -0.114  -0.025   0.105  -0.162  -0.065  -0.329   0.141   0.142   0.003  -0.037  -0.147   0.215   0.109  -0.049   0.189   0.177  -0.173   0.102   0.277  -0.159   0.161   0.264   0.043  -0.086   0.049  -0.104   0.011   0.139  -0.144   0.002  -0.086   0.028  -0.077   0.056  -0.033  -0.022  -0.048  -0.200  -0.192  -0.028  -0.018
  60315      0.049   0.046  -0.088   0.236  -0.020   0.168   0.095  -0.274  -0.212   0.072   0.284   0.016   0.003   0.008  -0.021   0.030   0.178   0.163   0.400  -0.055  -0.077   0.014  -0.129   0.065  -0.195  -0.066  -0.060  -0.059  -0.041   0.174  -0.046  -0.043  -0.057   0.132   0.020  -0.018   0.104  -0.174  -0.003  -0.115  -0.030   0.046   0.193   0.080  -0.046   0.014  -0.066   0.050   0.020  -0.098   0.154
  80371      0.196  -0.024  -0.038  -0.196  -0.073  -0.098   0.082   0.041   0.021  -0.046  -0.033   0.060  -0.087  -0.124   0.036  -0.050  -0.088   0.020   0.011   0.085  -0.081  -0.096  -0.015   0.016  -0.079  -0.129   0.182   0.061   0.105  -0.160  -0.077   0.036   0.067   0.139  -0.232  -0.016   0.023   0.141   0.094   0.110   0.043  -0.157   0.021   0.327   0.023   0.109  -0.137  -0.275   0.054  -0.059  -0.246
  80745      0.171   0.145  -0.014  -0.059   0.026  -0.125  -0.140  -0.062  -0.044  -0.221  -0.017  -0.104   0.072   0.194   0.125  -0.117   0.012   0.044   0.005  -0.018  -0.033   0.260  -0.126  -0.020  -0.223  -0.139  -0.048   0.064  -0.124  -0.155   0.054   0.119   0.113  -0.007  -0.220  -0.020  -0.074  -0.160  -0.117  -0.109  -0.146   0.182   0.232   0.162  -0.158   0.014   0.087   0.026  -0.098   0.021  -0.045
  70471      0.164   0.007   0.041  -0.197   0.162   0.197  -0.020  -0.001   0.131  -0.062   0.231  -0.064   0.010  -0.067   0.100   0.012   0.014  -0.072   0.002  -0.048  -0.074  -0.023   0.010   0.005   0.072   0.072  -0.009  -0.090  -0.023  -0.154  -0.099   0.044  -0.015  -0.041   0.035  -0.112   0.015   0.107  -0.068   0.018   0.061   0.332   0.098  -0.137  -0.008   0.037   0.166   0.101  -0.020  -0.019  -0.011
  80451      0.172  -0.030   0.091   0.049   0.043  -0.070   0.043  -0.147  -0.199  -0.083  -0.060   0.042  -0.352  -0.049  -0.181   0.235   0.245   0.096  -0.125  -0.217  -0.120   0.166  -0.064   0.013  -0.080   0.076   0.240   0.057   0.001   0.096  -0.033   0.013   0.218  -0.116   0.129  -0.068   0.189   0.047  -0.079   0.000   0.118  -0.091  -0.064  -0.068   0.069   0.264  -0.052   0.001  -0.027  -0.166   0.073
  50455      0.025  -0.173  -0.216  -0.059   0.123   0.269  -0.059   0.025   0.138   0.057   0.161   0.057   0.017   0.107   0.055   0.085  -0.015  -0.104   0.128  -0.010   0.013   0.217  -0.072  -0.081   0.032   0.025   0.142   0.157   0.059   0.093  -0.128   0.021  -0.055  -0.041  -0.149  -0.160   0.116   0.072   0.050   0.135   0.046   0.112  -0.072   0.083   0.150  -0.165  -0.031  -0.012   0.163   0.102   0.075
  50322      0.177  -0.043  -0.066   0.135   0.069   0.104  -0.205  -0.065   0.071   0.094  -0.131   0.015   0.140   0.070   0.173   0.248  -0.006  -0.069  -0.077  -0.078   0.225  -0.108   0.105   0.123   0.069   0.016  -0.002  -0.216  -0.013   0.159  -0.058   0.131   0.023  -0.264   0.005   0.100  -0.042  -0.157  -0.034   0.028  -0.121  -0.051  -0.093   0.048   0.013  -0.003  -0.248  -0.152  -0.043  -0.223  -0.100
  101212     0.089   0.032  -0.262  -0.156   0.201   0.088   0.073  -0.120  -0.052   0.011   0.063   0.214  -0.011  -0.015   0.016   0.013  -0.021  -0.001  -0.032   0.040  -0.054  -0.128   0.078   0.141   0.030  -0.006   0.175   0.084  -0.197   0.063  -0.031   0.001  -0.103   0.173   0.216   0.147   0.036   0.122  -0.036  -0.084  -0.171  -0.065  -0.169   0.269  -0.141  -0.052   0.149  -0.056  -0.137   0.071   0.055
  80540      0.010   0.079  -0.089   0.053  -0.293  -0.053   0.230   0.084   0.271   0.043   0.027   0.104   0.003   0.155   0.280   0.332   0.322   0.181  -0.064  -0.029  -0.049   0.107   0.367  -0.053  -0.207  -0.025  -0.093   0.094   0.051  -0.019   0.015  -0.017  -0.238   0.030  -0.056   0.075  -0.136   0.014  -0.035   0.042  -0.058  -0.024   0.017   0.021   0.029   0.070  -0.006   0.082   0.035   0.117  -0.006
  70519      0.204   0.041  -0.014  -0.124   0.037   0.080   0.184  -0.059  -0.030  -0.022  -0.014  -0.103   0.206  -0.068   0.073   0.095  -0.075   0.090  -0.002  -0.055   0.054  -0.141   0.088   0.051   0.124  -0.182   0.147   0.005   0.008  -0.009   0.093  -0.038  -0.020   0.155   0.012  -0.061  -0.097   0.164   0.039  -0.209  -0.144  -0.015  -0.162   0.183  -0.003   0.182   0.100   0.177   0.104  -0.214   0.071
  90130      0.051   0.245   0.019   0.027  -0.019  -0.099  -0.185   0.138  -0.017   0.040   0.224   0.203  -0.027  -0.026   0.080  -0.106  -0.013   0.200   0.306  -0.035   0.090  -0.093   0.100  -0.131   0.018  -0.021  -0.072  -0.002   0.037  -0.319  -0.327  -0.152   0.070  -0.072   0.201  -0.117   0.110  -0.005   0.039  -0.031   0.008  -0.196  -0.102   0.026   0.067   0.021  -0.018  -0.187   0.000   0.027   0.146
  70536      0.148   0.002   0.044  -0.084  -0.107   0.232   0.094   0.199   0.089  -0.194  -0.088  -0.330  -0.032   0.046  -0.177   0.094  -0.147   0.094   0.004  -0.051  -0.139  -0.206  -0.092   0.245  -0.194  -0.121  -0.031   0.088   0.065  -0.079   0.001   0.182  -0.045  -0.004   0.175   0.011   0.007  -0.058   0.213   0.021   0.020  -0.079   0.093  -0.105   0.073   0.001  -0.057  -0.147  -0.126   0.269   0.257
  60078      0.201  -0.034   0.047  -0.031  -0.129   0.028  -0.119   0.044  -0.099   0.041   0.087  -0.125  -0.229  -0.084   0.123  -0.001  -0.085  -0.130  -0.175  -0.065   0.096   0.222   0.128   0.181   0.090   0.057  -0.311   0.042  -0.053   0.022  -0.061  -0.040   0.091   0.186  -0.046   0.036   0.075  -0.007   0.050  -0.397  -0.030  -0.184   0.203   0.091   0.273  -0.098   0.115  -0.027   0.068  -0.067  -0.152
  70371      0.179  -0.021  -0.084   0.162   0.109  -0.079  -0.148  -0.028  -0.024  -0.102  -0.117  -0.018  -0.121   0.122   0.264   0.114  -0.141  -0.076  -0.071   0.067  -0.047   0.098  -0.066   0.010   0.044   0.114   0.018  -0.253   0.059  -0.127  -0.005   0.050  -0.123  -0.163   0.044  -0.087   0.053  -0.065   0.082  -0.154  -0.010   0.026  -0.182   0.089  -0.254   0.131  -0.121  -0.085  -0.054   0.220   0.178
  60121      0.183  -0.032  -0.091   0.136  -0.040   0.111   0.009  -0.119  -0.042   0.188  -0.131   0.081  -0.030  -0.115  -0.044   0.075  -0.168   0.081  -0.162   0.008  -0.237  -0.153  -0.105  -0.133  -0.063   0.157   0.068  -0.250   0.052   0.030  -0.111  -0.094   0.024   0.279  -0.158   0.040  -0.208  -0.056  -0.192   0.081   0.115  -0.154   0.090  -0.156  -0.039  -0.080   0.127  -0.083   0.162   0.106  -0.008
  80089      0.124  -0.093  -0.163   0.162  -0.045   0.064  -0.005  -0.060  -0.241   0.030  -0.193   0.191  -0.045  -0.088   0.274  -0.141  -0.118   0.060   0.010  -0.013  -0.136  -0.175   0.069  -0.054   0.116  -0.009  -0.051   0.195  -0.083  -0.058   0.243   0.033  -0.050  -0.010  -0.034  -0.046   0.101  -0.241   0.373   0.093   0.063   0.086   0.176   0.009  -0.004  -0.035  -0.043   0.127   0.155   0.034   0.077
  60377      0.018  -0.247  -0.116   0.118   0.103  -0.054  -0.025   0.034  -0.109  -0.235  -0.119  -0.005   0.044   0.117   0.004  -0.135  -0.019  -0.102   0.026  -0.044  -0.004  -0.019   0.228   0.134  -0.063  -0.118  -0.229  -0.081   0.289  -0.063   0.008  -0.170   0.038   0.234   0.246   0.048  -0.001  -0.022  -0.049   0.176  -0.086   0.093  -0.151  -0.108   0.222   0.206   0.052   0.149   0.093  -0.131   0.070
  90558      0.037   0.292   0.005   0.066  -0.054   0.031   0.027  -0.077   0.044   0.001  -0.018   0.003   0.118   0.025  -0.046   0.179  -0.066  -0.146   0.154  -0.040  -0.083   0.061  -0.212  -0.061   0.267  -0.030  -0.058  -0.248  -0.059  -0.008   0.155  -0.096  -0.197   0.070   0.123   0.070   0.148   0.193   0.037   0.139  -0.123  -0.091   0.194  -0.041   0.118   0.120   0.077   0.067  -0.039   0.185  -0.214
  70559      0.162   0.135   0.140  -0.125  -0.071   0.088  -0.056   0.096   0.190   0.043  -0.007   0.041   0.032   0.021   0.095  -0.034  -0.073   0.028   0.115  -0.026  -0.062   0.083  -0.089  -0.027   0.001   0.055   0.071  -0.180   0.168  -0.056  -0.174   0.308   0.050   0.229  -0.029   0.063  -0.133  -0.135  -0.036   0.087   0.145  -0.080   0.008  -0.027  -0.062   0.070  -0.131   0.336   0.077  -0.280   0.137
  90283      0.036   0.160   0.150   0.060   0.285   0.119   0.134   0.174  -0.057   0.113  -0.112   0.147  -0.143   0.029   0.166  -0.140  -0.144   0.018  -0.096  -0.098   0.046   0.123   0.121  -0.030  -0.103  -0.264   0.093   0.018  -0.034   0.106  -0.045  -0.031  -0.028  -0.204   0.082   0.071   0.052  -0.035  -0.032   0.275   0.172  -0.217   0.161   0.126   0.099  -0.122   0.101   0.238  -0.178   0.011  -0.060
  50314      0.118   0.023  -0.224  -0.080  -0.009   0.194  -0.039  -0.065  -0.046  -0.213  -0.125   0.001   0.264   0.258  -0.075  -0.122   0.165  -0.049  -0.115  -0.110   0.161  -0.017   0.012  -0.137  -0.046   0.170   0.197   0.200   0.122  -0.089  -0.085  -0.061   0.011  -0.095  -0.051  -0.082   0.175   0.061   0.030  -0.146   0.091  -0.246   0.076  -0.178  -0.056  -0.029   0.030   0.152   0.242   0.062  -0.113
  162397    -0.031  -0.177   0.182   0.189   0.002   0.021   0.223   0.185   0.047  -0.174   0.053   0.057  -0.024   0.022   0.127  -0.066   0.061   0.114   0.006   0.065   0.009  -0.004  -0.054  -0.093   0.127   0.091   0.130   0.024  -0.102   0.223  -0.111   0.035   0.154  -0.057  -0.082   0.063  -0.256  -0.050   0.205  -0.082   0.000   0.081  -0.061   0.005  -0.030   0.073   0.393  -0.162   0.059  -0.028   0.101
  162295     0.092  -0.145   0.081   0.155   0.139  -0.257   0.143   0.091   0.085  -0.207  -0.086  -0.015   0.040  -0.064   0.198  -0.092   0.132  -0.071   0.115   0.110   0.039   0.043  -0.146  -0.105   0.137   0.068  -0.025  -0.036  -0.214   0.004   0.007   0.001  -0.146   0.163  -0.083  -0.101   0.056   0.266  -0.020  -0.030  -0.055  -0.251   0.095  -0.143   0.066  -0.117  -0.222  -0.008   0.029  -0.120   0.237
  172168     0.135  -0.011   0.245   0.037  -0.006   0.154   0.113  -0.056   0.007   0.030   0.103  -0.229  -0.055  -0.024  -0.100  -0.023  -0.257   0.164  -0.064  -0.177  -0.065   0.181   0.164  -0.119   0.021  -0.055  -0.101  -0.050  -0.157  -0.012   0.001  -0.305  -0.172  -0.110  -0.109  -0.132  -0.003   0.105   0.173  -0.068   0.013  -0.018  -0.288  -0.059  -0.224  -0.077  -0.129   0.155   0.070  -0.026  -0.010
  112142     0.109  -0.205   0.059  -0.001   0.034  -0.149  -0.030  -0.063  -0.199   0.068   0.120   0.013   0.237   0.125  -0.156   0.161   0.011   0.296  -0.019   0.042   0.205   0.085  -0.113  -0.042   0.116  -0.283  -0.006  -0.141   0.263  -0.024   0.175  -0.055  -0.065  -0.040  -0.203  -0.072  -0.037  -0.019   0.101   0.073   0.165  -0.047   0.029   0.092   0.095   0.069   0.089  -0.073  -0.052   0.078  -0.039
  180996     0.156   0.105   0.095  -0.063   0.106  -0.007   0.005   0.114  -0.196  -0.068  -0.161   0.207   0.072  -0.278  -0.186  -0.057   0.062   0.102   0.125  -0.219   0.278   0.018   0.057   0.017  -0.203   0.013  -0.073  -0.161  -0.078   0.083  -0.054   0.288  -0.108  -0.063  -0.032   0.104  -0.071   0.092   0.071  -0.012  -0.258   0.167  -0.039  -0.128  -0.006  -0.125   0.030  -0.018   0.266   0.119  -0.096
  142539     0.026   0.134  -0.071   0.235   0.193  -0.007   0.223   0.047   0.140  -0.046   0.149  -0.099  -0.020  -0.279  -0.115   0.045   0.065  -0.057  -0.245   0.120   0.178  -0.091   0.054  -0.009  -0.117   0.166   0.143  -0.027  -0.014  -0.153   0.009  -0.085  -0.090  -0.038   0.062  -0.206  -0.016  -0.126   0.128   0.043  -0.095   0.110   0.309   0.061   0.054   0.224  -0.152   0.015   0.020  -0.065  -0.120
  162398     0.129   0.104  -0.175   0.070   0.021   0.083   0.046   0.198   0.152  -0.169  -0.009   0.118  -0.218   0.159  -0.144  -0.190   0.074   0.087  -0.110  -0.207   0.100  -0.302  -0.067  -0.116   0.091  -0.189  -0.100  -0.125   0.009   0.083   0.158  -0.160  -0.051  -0.020  -0.180  -0.125  -0.045  -0.074  -0.361  -0.145  -0.049  -0.019   0.024  -0.004   0.004  -0.083  -0.006  -0.063  -0.129  -0.017   0.108
  70602      0.183  -0.152   0.079   0.012   0.043   0.119  -0.043  -0.010  -0.077   0.017  -0.070   0.016  -0.057   0.126  -0.119   0.149   0.179  -0.054   0.043  -0.016   0.012  -0.100   0.038  -0.079   0.098   0.081  -0.214   0.125   0.061  -0.013  -0.307  -0.248   0.165   0.030  -0.024   0.255  -0.177   0.176   0.169   0.127  -0.154   0.010   0.235   0.037  -0.265  -0.087  -0.139   0.022  -0.183   0.083  -0.037
  122404     0.167   0.035   0.019   0.103   0.046  -0.250   0.002  -0.052   0.245   0.030  -0.138  -0.157  -0.139   0.082  -0.132  -0.107   0.057   0.216   0.029   0.111   0.026  -0.048  -0.181  -0.068   0.182   0.010   0.110   0.119   0.192  -0.027  -0.051  -0.040  -0.123  -0.031   0.220   0.332   0.125  -0.083   0.070  -0.096  -0.002   0.185   0.002   0.143  -0.068  -0.205   0.053   0.196   0.061  -0.137  -0.129
  72232      0.083   0.081  -0.196   0.090   0.095  -0.024  -0.048   0.331  -0.024   0.233   0.095  -0.100  -0.127   0.029  -0.120  -0.060   0.344  -0.215  -0.062   0.126  -0.194   0.041  -0.070   0.303  -0.014  -0.198  -0.059  -0.165   0.023  -0.008   0.007  -0.044   0.030  -0.022  -0.182  -0.077   0.079   0.051   0.159   0.145  -0.049   0.000  -0.136   0.027  -0.191  -0.094   0.087   0.045   0.235  -0.091   0.019
  60210      0.133  -0.061   0.010   0.084  -0.020   0.049  -0.339   0.134  -0.030   0.242  -0.079  -0.304  -0.152   0.026  -0.090  -0.041   0.096  -0.035   0.238  -0.021   0.235  -0.082   0.230  -0.190   0.040   0.005   0.215   0.158  -0.300  -0.074   0.168   0.058  -0.100   0.202  -0.119   0.084  -0.031   0.006  -0.061   0.140   0.064   0.046  -0.024  -0.054   0.016   0.267   0.044  -0.022  -0.079   0.028   0.036
  92046      0.061   0.040   0.171   0.253  -0.165   0.042   0.004  -0.037  -0.222  -0.230   0.095  -0.028   0.054   0.155   0.012  -0.099  -0.050   0.053  -0.112   0.089  -0.211   0.082   0.074   0.121   0.103  -0.045   0.239   0.030  -0.172  -0.202  -0.162  -0.020  -0.033   0.009  -0.044   0.088   0.030  -0.055  -0.271   0.270  -0.268   0.077  -0.117  -0.036   0.089  -0.053  -0.038  -0.051   0.112   0.062  -0.157
  52111     -0.014   0.255   0.061   0.179  -0.027   0.156  -0.069  -0.031   0.016  -0.094  -0.042  -0.127   0.039  -0.013  -0.033  -0.060   0.055  -0.199   0.021  -0.104   0.011   0.031  -0.062  -0.066  -0.018   0.260   0.007  -0.028   0.173   0.078  -0.052  -0.067  -0.166  -0.029  -0.177   0.171   0.022  -0.111   0.122   0.002  -0.011  -0.088  -0.174   0.275   0.253   0.090   0.310  -0.068  -0.060   0.012   0.145
  60016      0.014   0.280   0.015   0.055   0.143   0.038   0.088   0.057   0.029   0.002   0.225   0.045   0.010   0.032   0.107   0.101  -0.072   0.041  -0.084   0.037   0.058  -0.086   0.133  -0.073   0.276  -0.094  -0.075   0.053   0.095  -0.008   0.070   0.055   0.361   0.061  -0.080   0.217   0.208  -0.069   0.026  -0.049   0.072   0.103   0.010  -0.256  -0.144   0.188   0.029  -0.126   0.169   0.087  -0.020
  132206     0.164   0.064  -0.086   0.114  -0.123  -0.235   0.088   0.036  -0.069  -0.105   0.177  -0.084   0.135  -0.006  -0.113   0.007   0.008  -0.079  -0.025   0.048  -0.031  -0.206   0.172  -0.203  -0.118   0.149  -0.052  -0.140  -0.079   0.155  -0.029   0.161   0.270   0.113  -0.066  -0.078   0.157  -0.028   0.115   0.035   0.141   0.065  -0.259   0.142   0.124  -0.241  -0.113   0.261  -0.238   0.178  -0.123
  112336     0.023  -0.226   0.054   0.158   0.026   0.067  -0.045   0.129   0.256   0.020  -0.027   0.159   0.294   0.018  -0.108   0.033  -0.047   0.046  -0.039  -0.110  -0.203  -0.034  -0.120  -0.034  -0.150  -0.031  -0.208   0.013  -0.296  -0.077   0.070   0.093   0.167  -0.124  -0.078   0.219   0.332   0.157  -0.007  -0.006  -0.005  -0.093   0.024   0.126   0.006   0.243   0.073   0.048  -0.007  -0.107   0.026
  142565     0.089  -0.001  -0.178   0.092   0.198  -0.174  -0.155  -0.270   0.180  -0.096   0.040   0.068   0.023  -0.205  -0.233  -0.042  -0.209  -0.023  -0.051   0.114  -0.055   0.124   0.262   0.037   0.007  -0.055  -0.117   0.124   0.032   0.089  -0.168   0.014  -0.053  -0.064  -0.181   0.030  -0.105   0.093  -0.121   0.061   0.089   0.055   0.117   0.020  -0.013   0.120   0.066   0.093  -0.049   0.093   0.254
  122211     0.120  -0.155   0.117   0.171   0.046  -0.102  -0.081  -0.067  -0.005  -0.049   0.220   0.092   0.008  -0.065   0.077   0.213   0.066  -0.208  -0.054  -0.296  -0.030  -0.107   0.046  -0.008  -0.057  -0.062   0.119   0.031   0.108  -0.338   0.152   0.136  -0.138   0.048   0.075   0.022  -0.021   0.099   0.017   0.001   0.159   0.054   0.041  -0.107  -0.048  -0.361   0.264  -0.095  -0.149  -0.139   0.006
  82058      0.193  -0.066  -0.003  -0.113   0.004   0.080   0.057   0.136   0.021  -0.123   0.078   0.017   0.150  -0.181  -0.039  -0.003   0.056  -0.185   0.204   0.092  -0.128   0.229   0.165  -0.036   0.145  -0.117   0.305  -0.071   0.109   0.119   0.191  -0.155   0.170  -0.106  -0.011   0.192  -0.071  -0.177  -0.007  -0.096  -0.126  -0.058   0.102  -0.099   0.126  -0.121  -0.190  -0.034  -0.162   0.055   0.120
  192029     0.083  -0.209  -0.119  -0.056   0.173  -0.111   0.193   0.005   0.077  -0.083   0.055  -0.139  -0.121  -0.017  -0.004  -0.068  -0.004  -0.168   0.247  -0.134  -0.095   0.114   0.023  -0.268  -0.124  -0.037  -0.121  -0.115  -0.004  -0.022   0.027   0.026  -0.034  -0.082   0.202   0.119  -0.122  -0.151  -0.077  -0.004   0.139  -0.113  -0.047   0.104  -0.080   0.131   0.038  -0.157   0.276   0.176  -0.277
  32138A     0.129   0.007   0.162  -0.031   0.161  -0.140   0.057   0.004   0.128   0.280  -0.175   0.138   0.086   0.320  -0.070  -0.053  -0.110  -0.050   0.233   0.037  -0.191  -0.069   0.180   0.149  -0.201   0.222   0.140  -0.079  -0.014  -0.026   0.094  -0.216   0.113  -0.018  -0.027  -0.223  -0.009  -0.068   0.069  -0.196  -0.099   0.071   0.062  -0.134   0.075   0.021   0.138  -0.044  -0.088  -0.041  -0.137
  60507      0.202   0.067   0.005  -0.105  -0.087  -0.166  -0.087   0.011  -0.059   0.016  -0.064  -0.073   0.162  -0.161   0.044   0.058   0.133   0.035  -0.017   0.117   0.040  -0.017  -0.079   0.009   0.056   0.058  -0.096   0.032  -0.037  -0.033  -0.039  -0.092   0.138  -0.226   0.118  -0.255  -0.157  -0.043   0.015   0.234  -0.121  -0.180   0.039   0.020  -0.034   0.032   0.320   0.116   0.006   0.038   0.130
  70601A     0.119  -0.134  -0.099  -0.235   0.009   0.032  -0.012   0.192  -0.067  -0.033  -0.083  -0.026  -0.124   0.089   0.051   0.128  -0.050   0.242  -0.070   0.111  -0.054   0.085   0.054  -0.245   0.075   0.113  -0.058  -0.175  -0.004   0.176  -0.110   0.053  -0.104   0.081   0.079  -0.150   0.311   0.029  -0.030   0.131  -0.120   0.265   0.127   0.016   0.146  -0.018   0.131  -0.113  -0.088  -0.085   0.005
  90273      0.093  -0.011   0.253  -0.091   0.019  -0.215  -0.020   0.064  -0.072   0.134   0.211   0.210  -0.024   0.129  -0.121  -0.081  -0.065  -0.221  -0.171  -0.038  -0.091  -0.028  -0.019  -0.140  -0.025  -0.004   0.000   0.211   0.232   0.204  -0.026   0.176  -0.310   0.092  -0.069  -0.013   0.120  -0.109   0.087  -0.029  -0.301  -0.104  -0.001  -0.109  -0.098   0.191  -0.056  -0.007  -0.014   0.072   0.091
  132177A    0.166  -0.015  -0.010   0.058  -0.217   0.066  -0.089  -0.205   0.151  -0.070   0.116   0.165  -0.275   0.072   0.170  -0.265   0.046  -0.024   0.047   0.011   0.126  -0.002  -0.122   0.116  -0.044  -0.045   0.065  -0.098   0.063   0.172   0.145   0.063   0.128  -0.036   0.055  -0.057  -0.130   0.348   0.160   0.071  -0.004   0.044  -0.050  -0.120   0.019   0.193   0.014   0.130  -0.121   0.193  -0.151
  102371     0.076  -0.095  -0.217   0.050   0.010  -0.173   0.265   0.042  -0.013   0.224   0.130  -0.007  -0.019   0.253  -0.125   0.027  -0.143  -0.012   0.017  -0.255   0.090   0.032  -0.135   0.197   0.306   0.062  -0.001   0.102  -0.199  -0.109  -0.191   0.207   0.028  -0.080   0.017  -0.041  -0.226  -0.100  -0.024   0.007  -0.029  -0.017   0.019  -0.020   0.244   0.050  -0.055   0.114   0.009   0.104   0.028
  172036     0.091   0.085   0.273   0.048   0.164  -0.077  -0.167   0.027   0.041   0.102  -0.152  -0.001   0.125  -0.060   0.106   0.019   0.240   0.068  -0.072  -0.056  -0.183  -0.094  -0.011   0.114   0.072  -0.098   0.035   0.092   0.011   0.116  -0.051  -0.056  -0.009   0.040   0.064  -0.050  -0.031   0.123  -0.134  -0.190   0.224   0.220   0.006   0.147   0.253  -0.016  -0.167  -0.009   0.238   0.377   0.067
  60060      0.194  -0.015   0.046  -0.148  -0.081  -0.031  -0.001   0.108  -0.060  -0.046   0.231   0.072   0.078  -0.037   0.114  -0.117  -0.089  -0.009   0.010  -0.115   0.004  -0.158  -0.178   0.133  -0.088   0.286  -0.108   0.126   0.026   0.073   0.102  -0.288  -0.139  -0.179  -0.083   0.156  -0.076   0.027  -0.080   0.185   0.144   0.214  -0.017   0.080   0.098   0.083  -0.185  -0.089   0.034  -0.179  -0.027
  60331      0.110  -0.064   0.201   0.158  -0.040   0.097   0.202  -0.153   0.007  -0.019  -0.013  -0.094  -0.079   0.133  -0.009   0.023  -0.116  -0.110   0.220   0.373   0.197  -0.203   0.142   0.147  -0.061  -0.078  -0.050   0.016   0.106   0.073  -0.119   0.167  -0.073  -0.184  -0.097  -0.060   0.183   0.136  -0.175  -0.009   0.075  -0.048   0.100   0.012   0.002  -0.072   0.091  -0.073   0.130  -0.051  -0.013
  70535      0.183  -0.013   0.115  -0.185  -0.001  -0.020   0.128  -0.031  -0.044  -0.051   0.022  -0.016   0.159   0.002   0.038  -0.101   0.194  -0.037  -0.024   0.041   0.089   0.028   0.074   0.256   0.146   0.139  -0.120   0.017  -0.161   0.153   0.035   0.003  -0.155   0.124   0.095  -0.020   0.147  -0.244  -0.165   0.128   0.324  -0.116  -0.033  -0.034  -0.288   0.057   0.078  -0.060  -0.102   0.088  -0.040
  70069      0.140  -0.065  -0.053   0.146  -0.184  -0.007   0.079   0.120   0.172   0.016  -0.210   0.158  -0.004  -0.314   0.030   0.185  -0.126  -0.094   0.149  -0.024   0.174   0.123  -0.240   0.100  -0.042  -0.149   0.003   0.259   0.052  -0.007  -0.153  -0.188   0.012   0.115  -0.084  -0.108   0.192  -0.201  -0.113  -0.041  -0.033   0.136  -0.227  -0.157  -0.071   0.022   0.084   0.055  -0.134   0.093  -0.153
  50234      0.144  -0.014   0.131  -0.140  -0.162  -0.014   0.150  -0.247   0.147   0.207   0.000   0.017  -0.071   0.065  -0.021  -0.017  -0.023  -0.176  -0.161   0.025   0.245   0.040  -0.069  -0.160  -0.132  -0.029  -0.021  -0.042  -0.092  -0.111   0.204  -0.112   0.234   0.019   0.134   0.070   0.111  -0.074  -0.081   0.173  -0.162   0.073  -0.031   0.123   0.057  -0.154  -0.001  -0.069   0.260   0.080   0.386
  110870     0.080  -0.086   0.164   0.129   0.086   0.229  -0.268  -0.061   0.259  -0.085   0.155   0.108   0.076   0.040  -0.126  -0.019   0.057   0.058  -0.112   0.128  -0.026   0.003  -0.055  -0.093   0.033  -0.114  -0.095   0.126  -0.098   0.125   0.046   0.065   0.013   0.165   0.271  -0.272  -0.164  -0.219   0.077   0.054  -0.082  -0.116  -0.061   0.082   0.048  -0.060  -0.051  -0.082   0.066  -0.059  -0.218
  62148     -0.086  -0.034   0.123   0.090   0.394   0.101   0.061   0.148  -0.078  -0.026   0.051  -0.018  -0.056   0.063   0.095   0.133  -0.063   0.146   0.044   0.036   0.216   0.094  -0.131   0.113  -0.112   0.291  -0.051   0.093   0.166  -0.111   0.214  -0.008   0.161   0.263  -0.079  -0.006  -0.020   0.049  -0.123   0.094  -0.113  -0.090  -0.081   0.136  -0.058  -0.041  -0.059   0.127  -0.052   0.194  -0.001
  90752      0.042   0.197   0.032   0.102  -0.144   0.095   0.101   0.175  -0.171  -0.101  -0.173   0.300   0.034   0.197  -0.267   0.111  -0.072  -0.262   0.004   0.131   0.087   0.203   0.020  -0.087   0.055  -0.017  -0.060   0.019  -0.078  -0.073   0.030   0.003  -0.017   0.112   0.152  -0.096  -0.180   0.120   0.055  -0.066   0.308   0.226   0.033   0.190  -0.086   0.049  -0.074  -0.088   0.018  -0.128   0.085
  102271     0.097   0.213  -0.137   0.021   0.148  -0.113   0.034  -0.155   0.170  -0.024  -0.048  -0.031   0.091   0.119  -0.013  -0.105  -0.009   0.177  -0.089  -0.019   0.100   0.239  -0.006   0.142  -0.128  -0.010   0.004  -0.002  -0.109   0.055  -0.016  -0.055  -0.024   0.202  -0.030   0.135   0.018   0.036   0.284   0.153   0.117   0.001  -0.081  -0.259   0.113  -0.118  -0.021  -0.339  -0.055  -0.110   0.036
  50517r    -0.026  -0.095  -0.090   0.196  -0.256  -0.121  -0.177   0.273   0.081   0.008   0.156  -0.013   0.097  -0.023  -0.075  -0.060  -0.231   0.149  -0.017  -0.130   0.096   0.139   0.134   0.190  -0.022   0.157   0.240  -0.087   0.087   0.192   0.092  -0.054   0.031   0.034   0.213   0.005   0.084   0.133  -0.079  -0.001   0.010  -0.052   0.243   0.133  -0.250  -0.064   0.044  -0.012   0.176   0.068   0.066
  20835r     0.048   0.225  -0.098   0.127   0.054  -0.120   0.024   0.035  -0.105   0.066  -0.037  -0.302   0.142   0.055   0.201   0.081  -0.163  -0.133   0.042  -0.176  -0.094  -0.048  -0.089  -0.167  -0.092  -0.114  -0.045   0.287   0.092   0.330  -0.005   0.028   0.128   0.018   0.137  -0.153  -0.092   0.185  -0.111   0.102  -0.064   0.035   0.016  -0.041  -0.100  -0.035   0.000  -0.151   0.016  -0.148  -0.030
  122474r    0.152  -0.082  -0.115   0.085   0.006   0.090   0.006   0.154  -0.208   0.252   0.147  -0.047   0.151  -0.011   0.099  -0.116  -0.006   0.004  -0.220   0.353   0.081   0.058  -0.184  -0.151  -0.273  -0.089   0.032  -0.018  -0.040  -0.054  -0.094  -0.035  -0.098  -0.053   0.192   0.217  -0.079   0.089  -0.084  -0.239   0.076   0.005  -0.067  -0.192   0.093   0.088   0.003   0.055  -0.127   0.035   0.002
