  year  #   1       2       3       4
  1950  -2.191   0.395   2.505  -1.589
  1951  -2.244   0.439   2.322  -1.951
  1952  -2.030   0.104   1.048  -2.050
  1953  -2.059   0.438   1.119  -2.446
  1954   0.216  -0.485   0.857  -2.145
  1955   1.894   0.078   1.764  -1.683
  1956   2.484   0.348   1.637  -1.111
  1957   3.054   0.054   0.827  -0.577
  1958   3.103   0.613   2.258  -0.005
  1959   1.837  -0.088  -0.549  -0.796
  1960   1.914   0.228  -0.087   0.328
  1961   1.615   0.160  -0.018  -0.309
  1962   1.165   0.036  -1.222  -0.738
  1963   1.300   0.146  -1.881  -1.140
  1964   1.039   0.234  -1.382  -0.939
  1965   0.873   0.365  -1.752  -0.473
  1966   0.339  -0.022  -2.613  -0.721
  1967   0.923   0.602  -0.145   1.060
  1968   0.722   1.124   0.473   1.486
  1969   0.270   1.533   0.845   1.309
  1970   0.057   1.872   1.149   1.334
  1971  -0.177   1.777  -0.246   0.721
  1972  -0.640   1.724   0.197   0.995
  1973  -0.878   1.721  -0.474   0.436
  1974  -1.151   1.689  -0.707   0.628
  1975  -1.239   2.113  -0.421   0.889
  1976  -0.910   1.760  -0.191   0.958
  1977  -0.962   0.999  -2.664  -0.276
  1978  -0.349   2.416   0.204   1.434
  1979  -0.381   1.461  -1.425   1.453
  1980  -0.555  -1.457  -0.834   1.739
  1981  -0.377  -1.975   0.302   2.027
  1982  -0.440  -2.142   0.977   1.519
  1983  -0.045  -2.122   0.916   1.411
  1984  -0.328  -1.427   0.729   1.633
  1985  -0.381  -1.857   0.804   1.848
  1986  -0.354  -0.929   0.308   1.058
  1987  -0.511  -1.717  -1.293   0.319
  1988  -0.185  -1.264  -0.084   0.999
  1989  -0.551  -1.188   0.302   0.792
  1990  -0.291  -1.120   1.665   0.764
  1991  -0.628  -1.671  -1.356  -0.649
  1992  -0.077  -1.514  -0.809  -0.430
  1993   0.017  -0.801  -0.382  -0.938
  1994   0.213  -0.390  -0.159  -0.667
  1995  -0.062  -0.350   0.679  -0.435
  1996  -1.240  -0.684  -1.159  -1.630
  1997  -0.116  -0.952  -1.362  -0.841
  1998  -0.611   0.122   0.539  -0.822
  1999  -0.323  -0.522  -1.652  -1.396
  2000  -0.749   0.127   0.440  -0.384
