 % variance  0.153   0.128   0.138
 cumulative  0.153   0.280   0.419
 series_id   #  1       2       3
  100990     0.376   0.174   0.204
  90546      0.402   0.133   0.412
  60315      0.030  -0.003   0.187
  80371      0.545  -0.053   0.379
  80745      0.546   0.410   0.161
  70471      0.416  -0.204  -0.019
  80451      0.509   0.435   0.300
  50455     -0.151  -0.690   0.124
  50322      0.542   0.217   0.370
  101212     0.076  -0.049   0.715
  80540      0.159   0.360   0.413
  70519      0.574   0.248   0.409
  90130      0.220   0.637   0.271
  70536      0.563   0.133   0.126
  60078      0.653  -0.139  -0.038
  70371      0.500   0.126   0.441
  60121      0.548   0.083   0.389
  80089      0.360  -0.157   0.407
  60377     -0.084  -0.657  -0.061
  90558      0.194   0.635   0.403
  70559      0.561   0.343  -0.141
  90283      0.056   0.394   0.083
  50314      0.354   0.244   0.567
  162397    -0.149  -0.454  -0.563
  162295     0.097  -0.425  -0.449
  172168     0.556   0.160  -0.406
  112142     0.419  -0.387  -0.038
  180996     0.481   0.414   0.341
  142539    -0.031   0.273  -0.007
  162398     0.305   0.222   0.512
  70602      0.287  -0.551  -0.413
  122404     0.435   0.450   0.407
  72232      0.193   0.248   0.656
  60210      0.417   0.222   0.511
  92046      0.262   0.181  -0.434
  52111      0.076   0.710   0.048
  60016      0.094   0.543   0.518
  132206     0.471   0.302   0.391
  112336     0.259  -0.256  -0.128
  142565     0.289   0.299   0.538
  122211     0.332  -0.220  -0.470
  82058      0.610  -0.190   0.205
  192029    -0.137  -0.711  -0.041
  32138A     0.442   0.385   0.411
  60507      0.640   0.139   0.304
  70601A     0.357  -0.390   0.358
  90273      0.511   0.434   0.020
  132177A    0.598   0.233   0.144
  102371     0.152  -0.145   0.632
  182686     0.135   0.516   0.505
  172036     0.460   0.552  -0.015
  60060      0.661   0.233   0.227
  60331      0.160  -0.214  -0.673
  70535      0.601  -0.031  -0.220
  70069      0.523   0.022   0.123
  50234      0.565   0.130  -0.063
  110870     0.179  -0.289  -0.506
  62148     -0.071   0.312   0.042
  90752     -0.152  -0.086  -0.485
  102271     0.211   0.469   0.518
  50517r    -0.104  -0.272  -0.053
  20835r     0.189   0.557   0.461
  122474r    0.456  -0.089   0.439
