  year  #   1       2
  1950  -2.250   0.492
  1951  -2.365   0.541
  1952  -2.282  -0.779
  1953  -1.780  -1.125
  1954   0.249  -0.378
  1955   1.321  -0.642
  1956   1.865   0.520
  1957   1.323  -0.230
  1958   2.326   1.537
  1959   1.138  -0.303
  1960   1.429   0.774
  1961   1.181   0.470
  1962   0.163  -0.459
  1963   0.778  -0.457
  1964   0.296  -1.703
  1965   0.346  -1.007
  1966  -0.453  -1.922
  1967   0.111  -0.139
  1968   0.932   0.411
  1969   0.636   0.294
  1970   0.485   0.489
  1971   0.245  -0.226
  1972  -0.365   0.680
  1973  -0.436   1.022
  1974  -0.850   1.084
  1975  -0.901   2.116
  1976  -0.670   1.563
  1977  -1.088  -0.929
  1978  -0.689   1.118
  1979  -1.218   1.145
  1980   0.315  -1.983
  1981   0.841  -1.679
  1982   0.587  -0.929
  1983   0.112  -1.340
  1984  -0.230  -1.633
  1985   0.406  -0.887
  1986   0.729  -0.156
  1987  -0.033  -0.050
  1988   0.518   0.281
  1989  -0.095   0.495
  1990   0.740   2.060
  1991  -0.324  -0.883
  1992  -0.708   0.260
  1993   0.187   1.430
  1994   0.163   1.061
  1995  -0.549  -0.201
  1996  -0.845   0.096
  1997  -0.581  -0.345
  1998  -0.872   0.334
  1999  -0.223  -0.119
  2000   0.385   0.233
