  year  #   1
  1950  -0.840
  1951  -0.583
  1952  -1.514
  1953  -0.793
  1954   1.260
  1955   1.035
  1956   1.634
  1957  -0.072
  1958   2.394
  1959  -0.967
  1960   1.132
  1961   0.261
  1962  -1.115
  1963   0.135
  1964  -1.247
  1965  -0.009
  1966  -1.642
  1967   0.766
  1968   1.315
  1969   0.018
  1970   0.572
  1971  -0.499
  1972   0.125
  1973   0.213
  1974  -0.228
  1975   0.670
  1976   0.268
  1977  -2.178
  1978   0.971
  1979  -0.200
  1980  -1.030
  1981   0.257
  1982   0.249
  1983  -0.782
  1984  -1.033
  1985   0.652
  1986   0.821
  1987  -0.408
  1988   0.542
  1989  -0.101
  1990   1.984
  1991  -2.049
  1992  -0.242
  1993   1.669
  1994   0.377
  1995  -1.267
  1996  -0.530
  1997  -0.442
  1998  -0.025
  1999  -0.049
  2000   0.522
