  year  #   1       2       3       4       5       6       7       8       9      10      11      12      13      14      15      16      17      18      19      20      21      22      23
  1950  -4.280   2.935   1.897  -0.554  -0.035   1.738   0.503   0.264   0.052  -0.798  -0.485   0.802   0.646  -0.748  -0.139   0.372   0.062   0.659   0.299  -0.385   0.191  -0.335  -0.328
  1951  -4.361   3.337   2.085  -0.675  -0.330   1.021  -0.906  -0.895   0.921  -0.724  -1.175   0.147  -0.572  -0.780  -0.140  -0.807   0.391   0.212  -0.256   0.313   0.164   0.355   0.070
  1952  -6.148   1.555   0.382  -0.378  -0.179   1.013  -1.049   0.239   2.355  -0.491   0.424  -0.325   0.144   0.594   0.286   0.242  -0.693   0.053   0.043   0.630   0.094   0.160  -0.055
  1953  -5.530   0.557   0.209  -1.225   1.275   0.507  -0.544  -0.669   0.298  -1.122   0.366  -1.151   0.126   0.189  -0.728   0.659   0.169  -0.612  -0.589  -0.578  -0.451  -0.403   0.140
  1954   0.039  -0.664  -0.552  -2.513   0.301  -1.335   0.076   0.126  -0.102  -0.383   0.151  -0.485  -1.425  -0.746  -0.154  -0.584   0.015   0.179  -0.033  -0.519   0.051  -0.344  -0.058
  1955   1.991  -2.308   0.303  -2.682   0.909  -2.124  -0.273  -1.921   0.743  -0.374   0.007  -0.086  -0.071  -0.658   0.977   0.524   0.503  -0.483   0.135  -0.182  -0.183   0.201  -0.269
  1956   4.875  -1.382  -0.283  -2.425   1.308  -0.318   0.724  -0.927   0.203  -0.368   0.679   0.423  -0.015   0.345  -0.528   0.401  -0.004   0.730  -0.208   0.154   0.512   0.139   0.039
  1957   2.639  -1.558  -1.602  -0.445   1.692   1.029   0.817  -1.726  -0.086  -0.418  -0.710  -0.792  -0.141   0.288  -0.392   0.124  -0.473   0.093   0.313   0.242  -0.274   0.006  -0.345
  1958   7.573  -0.194   0.314   0.276   0.902   0.828   0.447   1.134   1.393  -0.577   0.257   0.160  -0.049   0.104  -1.061  -0.252   0.213  -0.234   0.260   0.217   0.307   0.196  -0.410
  1959   2.167  -1.395  -0.935   0.275   0.746   2.564  -0.330  -0.560   1.210   0.504   0.170  -0.710  -0.201   0.306   0.442  -0.390   0.465  -0.184   0.587  -0.139  -0.095  -0.325   0.034
  1960   4.383  -0.372   0.360   3.414   0.459   2.250  -0.546  -0.892   0.444  -0.304  -0.438  -0.193   0.149  -0.720  -0.109   0.218  -0.185   0.110   0.406  -0.555   0.438   0.038   0.384
  1961   3.445  -0.338  -0.623   1.131   0.039   1.443  -1.508   0.247   0.080   0.456   0.437   1.169  -0.297  -1.040  -0.150   0.737   0.134  -0.585  -0.856  -0.181  -0.136  -0.003   0.125
  1962  -0.147  -0.405  -0.495   2.540  -1.574   0.445  -1.239  -0.319  -0.598   0.023   1.029  -1.828   0.060   0.111   0.401   0.337   0.035   0.043  -0.406   0.222  -0.201  -0.229  -0.407
  1963   1.194  -1.079  -1.095   0.396  -1.295  -0.395  -2.266   0.458   0.498  -0.060  -0.726   0.380  -0.177   0.166   0.559   0.416   0.382   0.420  -0.006   0.245   0.076  -0.204  -0.220
  1964  -1.996  -2.707  -2.555  -0.478  -0.875   0.231  -0.510   0.155  -0.998  -0.344  -1.064   0.223   0.375  -0.606   0.420  -0.459  -0.545  -0.329   0.110  -0.188   0.075   0.510   0.068
  1965  -0.669  -1.437  -2.964  -0.303  -0.495   0.278   0.179   0.617  -0.966  -0.589  -0.873   0.528  -0.498   0.529   0.143  -0.015  -0.506  -0.441  -0.562   0.065   0.295  -0.250  -0.206
  1966  -3.911  -2.025  -3.078  -0.238   0.117   0.192   0.808  -0.477   0.021  -0.273  -0.950   0.391   0.006  -0.460  -0.303   0.180  -0.333   0.495   0.305   0.064  -0.157   0.278  -0.122
  1967   0.116  -0.048  -1.733  -1.220  -1.008   0.329   0.506   1.784   0.620   0.003   0.408   0.940  -0.166   0.250   0.046  -0.182   0.645   0.170  -0.682   0.082   0.359  -0.248   0.313
  1968   2.758  -0.274   0.037  -0.398  -2.183  -0.438  -0.065  -0.439   1.094   0.399   0.481  -0.311  -0.423  -0.462  -0.450   0.245   0.233  -0.102   0.170  -0.194  -0.412   0.193   0.615
  1969   1.944   0.007  -1.267  -1.488  -2.448  -1.077  -0.649   1.710   0.676  -0.819   0.029  -0.543   0.375  -0.027  -0.332  -0.297  -0.328   0.085   0.605  -0.092  -0.277   0.058   0.424
  1970   1.927   0.419  -0.354   1.117  -2.018  -0.157   0.815  -1.169  -1.465  -0.996  -0.846  -0.877   0.215   0.472  -0.211  -0.313   0.810   0.110  -0.552   0.039  -0.035   0.002   0.010
  1971   0.396  -0.072  -1.889   0.380  -1.345  -0.126   0.749   0.818   0.249  -0.882   0.555  -0.523   0.476  -0.011   0.042  -0.322   0.488   0.045   0.166  -0.066   0.050  -0.031  -0.389
  1972   0.295   1.624  -1.637   0.486  -0.856   0.315   1.386  -0.725  -0.805  -0.999   0.700   0.867   0.686  -0.141   0.007   0.638  -0.450  -0.399   0.481   0.661  -0.144   0.072   0.288
  1973   0.721   2.224  -0.147  -0.265  -1.239  -0.313  -0.216  -0.469   0.446  -0.313   0.845   0.990   0.576   0.753  -0.047  -0.100   0.123   0.020   0.263   0.130  -0.499  -0.580  -0.132
  1974  -0.168   2.632  -0.367  -0.679  -0.810   0.717  -0.386  -1.664  -1.609   1.402   0.937   0.589  -0.636   0.072  -0.365  -0.431  -0.704  -0.647   0.049   0.104   0.376  -0.302  -0.150
  1975   1.410   4.339   0.698  -0.292  -0.725  -0.321  -0.301  -1.151  -0.934   0.051  -0.085   0.874  -0.330   0.656  -0.477   0.279   0.449   0.265  -0.082  -0.124  -0.339   0.575  -0.191
  1976   1.069   3.328  -0.052   0.940  -0.901  -1.360  -0.549   0.350  -0.293   1.490  -0.877  -0.503   0.271  -0.400   0.485   0.658  -0.184  -0.484   0.343   0.014   0.233   0.170  -0.055
  1977  -3.621   0.397  -1.965  -0.455   0.624  -1.055  -1.483  -0.368   0.699   1.617  -0.342  -0.367  -0.678   0.501  -0.521   0.372   0.348  -0.097   0.270   0.202   0.585  -0.108   0.164
  1978   0.338   2.707  -0.298   0.217  -0.081  -0.338   0.084  -0.659   1.134  -0.065  -0.837   0.051   0.148   1.039   0.104  -0.867  -0.064  -0.027  -0.254  -0.269  -0.130   0.164   0.085
  1979  -0.844   3.195  -0.278  -0.033   0.450  -0.957   0.684   1.224  -0.141   1.328   0.241  -0.903   0.653   0.235  -0.982  -0.123  -0.200  -0.360   0.282  -0.635   0.256   0.319  -0.311
  1980  -2.650  -3.963   1.987   1.287  -0.420  -1.654  -0.174  -1.718   0.462   0.019   0.311   0.526   1.250   0.859  -0.116  -0.310   0.283  -0.262   0.029  -0.110   0.795  -0.009   0.245
  1981  -1.046  -4.175   2.347   1.068  -0.078  -1.619  -0.065   0.168   0.909  -0.096   0.643   0.273   0.229  -0.357  -0.574  -0.123  -0.874  -0.246  -0.178   0.084  -0.280   0.011  -0.352
  1982  -0.468  -2.834   2.433   0.725  -0.431   0.473  -0.730   0.579  -0.684  -0.497  -0.344  -0.118  -0.613   0.070  -1.065  -0.270  -0.638   0.349  -0.133   0.218  -0.020  -0.160   0.284
  1983  -2.055  -2.687   1.612   0.484  -1.127   0.441   0.825   0.551  -1.138   0.394   0.992  -0.185  -1.029   0.768  -0.025   0.253   0.028   0.431  -0.157  -0.056  -0.168   0.647  -0.125
  1984  -3.191  -2.569   1.232   0.076  -0.616   1.226   0.159   1.063   0.309   0.317   0.131   0.679  -0.114   0.412   0.623   0.109   0.358  -0.470   0.445  -0.537  -0.315   0.339  -0.194
  1985  -0.797  -2.631   3.102  -0.933  -0.677   0.586   0.440   0.428  -1.347  -0.033  -1.142   0.184  -0.710   0.401   0.131   0.349   0.476  -0.699   0.663   0.222   0.193  -0.313   0.046
  1986   1.044  -1.752   0.810  -0.518   0.006  -0.356   0.995   0.045  -0.355   1.815  -1.238  -0.360   1.483  -0.047  -0.026  -0.368   0.047   0.573  -0.226   0.134  -0.257  -0.500   0.254
  1987  -0.275  -0.325   0.131  -1.667   1.854   0.918   0.237   1.324  -0.595   0.896  -0.075   0.211   0.706   0.389  -0.240   1.122   0.317  -0.274  -0.137   0.132  -0.146   0.083   0.184
  1988   1.442  -0.471   0.459  -1.255   1.170   1.508  -0.554   0.455  -0.303   0.829  -0.526   0.005   0.964   0.171   0.305  -0.341  -0.040   0.309  -0.361   0.088  -0.354   0.078  -0.367
  1989   0.384   0.453   0.560  -1.399   0.816   1.010   0.267  -0.205  -0.135   1.373   0.537  -0.684  -0.226  -0.300   0.391  -0.758  -0.285  -0.116  -0.119   0.643  -0.440   0.212   0.493
  1990   4.715   1.834   2.919  -1.317  -0.403  -1.225  -1.556   0.877  -0.650  -0.481  -0.427  -0.325   0.224  -0.709   0.239  -0.014  -0.479  -0.058  -0.100   0.254   0.170  -0.161  -0.310
  1991  -2.108  -0.965  -0.564   0.015  -0.339   0.215  -0.068  -0.123  -0.462   0.968   1.105  -0.561   0.237  -0.819   0.222   0.352   0.242   1.337  -0.191  -0.066   0.444   0.226  -0.060
  1992  -1.267   0.905   0.592  -1.441  -0.106   0.657   1.038  -0.163  -0.976  -0.869   1.578  -0.140   0.844  -0.744   0.762  -0.560  -0.081  -0.326   0.017  -0.222   0.392  -0.046   0.177
  1993   2.528   1.610   1.578   0.428  -0.028  -0.097   1.095   0.119  -0.312   0.080  -0.180   0.177  -0.784   0.713   0.832   0.080  -0.296   0.562   0.235  -0.440  -0.236  -0.099   0.201
  1994   2.019   1.354   1.051   0.815   0.774  -0.692   1.999   0.435   1.323  -0.676  -0.392  -0.561  -0.273   0.381   1.093   0.585  -0.391  -0.262  -0.709   0.271   0.377   0.195   0.140
  1995  -1.518   0.333  -0.415   1.789   0.888  -0.027   2.270   0.729   0.487   0.675   0.138  -0.008  -0.796  -0.541   0.130  -0.927   0.425  -0.545  -0.078   0.204   0.112  -0.142  -0.250
  1996  -1.690   1.146  -0.287   1.284   0.168  -1.246   1.701  -0.076   0.572   0.366  -0.124   0.257  -0.815  -0.230   0.218   0.784  -0.572   0.673   0.256  -0.185  -0.133  -0.540   0.034
  1997  -1.853   0.072  -0.124   2.265   0.552  -1.676   1.016  -0.218   0.455   0.442  -0.391   0.854   0.266  -1.029  -0.529  -0.114   0.493  -0.222  -0.369   0.210  -0.545   0.023  -0.005
  1998  -1.358   1.580  -0.402   1.420   3.204  -1.105  -0.723   1.198  -1.686  -1.676  -0.129  -0.725   0.067   0.181  -0.102   0.141   0.263  -0.055   0.142   0.052   0.022   0.101   0.414
  1999  -0.679   0.083  -0.260   1.464   2.474  -1.243  -1.491   0.382  -0.903  -0.335   0.943   0.567  -0.239  -0.086   0.322  -0.567   0.639   0.404   0.695   0.542  -0.193  -0.049  -0.012
  2000   1.217   0.003  -0.879   0.985   1.895  -0.677  -1.640   0.057  -0.112   0.116   0.279   0.997   0.102   0.708   0.587  -0.685  -0.713   0.193  -0.325  -0.717  -0.148   0.033   0.097
