 eigenvalue  9.372   2.546   2.188   1.500   1.352   0.921   0.720   0.603   0.500   0.457   0.371   0.286   0.256   0.204   0.161   0.148   0.099   0.094   0.076   0.064   0.053   0.030
 eval sderr  1.856   0.504   0.433   0.297   0.268   0.182   0.143   0.119   0.099   0.090   0.073   0.057   0.051   0.040   0.032   0.029   0.020   0.019   0.015   0.013   0.010   0.006
 % variance  0.426   0.116   0.099   0.068   0.061   0.042   0.033   0.027   0.023   0.021   0.017   0.013   0.012   0.009   0.007   0.007   0.005   0.004   0.003   0.003   0.002   0.001
 cumulative  0.426   0.542   0.641   0.709   0.771   0.813   0.845   0.873   0.896   0.916   0.933   0.946   0.958   0.967   0.974   0.981   0.986   0.990   0.993   0.996   0.999   1.000
 brokn stck  3.691   2.691   2.191   1.857   1.607   1.407   1.241   1.098   0.973   0.862   0.762   0.671   0.588   0.511   0.439   0.373   0.310   0.251   0.196   0.143   0.093   0.045
 series_id   #  1       2       3       4       5       6       7       8       9      10      11      12      13      14      15      16      17      18      19      20      21      22
  80640A     0.210  -0.037  -0.222  -0.033  -0.329   0.456  -0.061   0.327   0.041   0.128  -0.094  -0.147   0.023  -0.141   0.009   0.437  -0.184   0.398  -0.062  -0.056  -0.134  -0.026
  91385      0.193   0.296  -0.214   0.295   0.029   0.073   0.046   0.063  -0.350  -0.014   0.428   0.028   0.234   0.138  -0.374  -0.126  -0.298  -0.178  -0.080  -0.188  -0.177  -0.018
  121162     0.278  -0.002   0.106  -0.229   0.225   0.083   0.129   0.074  -0.086  -0.006   0.105   0.011   0.249  -0.245  -0.137   0.022   0.395  -0.019   0.219   0.434  -0.426  -0.213
  70162      0.241   0.114   0.144  -0.138  -0.262  -0.027   0.181   0.135   0.172   0.350  -0.026   0.693   0.088   0.015   0.007  -0.224  -0.090   0.069   0.202  -0.071   0.098   0.099
  91302      0.251   0.260  -0.125  -0.102  -0.068   0.141  -0.181  -0.175   0.026  -0.258  -0.295   0.028  -0.025   0.275   0.158   0.127   0.250  -0.273   0.346  -0.417  -0.224   0.044
  91332      0.232   0.187   0.233  -0.010  -0.133  -0.248   0.030  -0.006   0.276  -0.368  -0.012  -0.131   0.450   0.400   0.065   0.035  -0.083   0.298  -0.196   0.166   0.088  -0.099
  50336     -0.010   0.430   0.293  -0.027   0.081   0.479  -0.162  -0.035  -0.144  -0.106   0.285   0.070  -0.248   0.007   0.429  -0.107  -0.064   0.039  -0.046   0.230   0.157  -0.071
  80554      0.270   0.088  -0.068  -0.075  -0.259   0.121  -0.015  -0.154   0.235   0.076  -0.241  -0.398  -0.170  -0.088  -0.200  -0.440  -0.271  -0.257   0.057   0.325   0.004   0.093
  50356     -0.026   0.178   0.249   0.607   0.174   0.018   0.009   0.117   0.427   0.332  -0.063  -0.153   0.168  -0.161   0.197   0.081   0.040  -0.180   0.047  -0.100  -0.162  -0.027
  140810     0.172  -0.337  -0.265   0.238   0.014   0.072  -0.034  -0.152  -0.345   0.107  -0.268   0.137   0.334   0.099   0.489  -0.096  -0.128  -0.132  -0.073   0.251   0.032  -0.082
  131061     0.277  -0.157   0.028   0.030   0.077  -0.150  -0.238   0.158  -0.084   0.233   0.311  -0.251  -0.018   0.238   0.016   0.191   0.062  -0.014   0.480   0.130   0.382   0.272
  80503      0.283  -0.040   0.208  -0.177   0.135  -0.098  -0.041   0.056  -0.117  -0.098   0.012  -0.059   0.105  -0.321   0.185  -0.026  -0.045  -0.051  -0.337  -0.175  -0.140   0.683
  131091     0.253  -0.200   0.148  -0.163  -0.093  -0.232   0.069  -0.126  -0.046   0.276   0.270  -0.236  -0.256   0.106   0.297  -0.169  -0.076   0.123  -0.080  -0.318  -0.307  -0.376
  50262      0.133  -0.202   0.301   0.262   0.143   0.291   0.586  -0.093  -0.193  -0.174  -0.186  -0.118  -0.118   0.102  -0.120  -0.104   0.006   0.258   0.217  -0.156   0.108   0.104
  90552      0.195   0.383  -0.159   0.089   0.100  -0.129   0.039  -0.023  -0.215   0.382  -0.269  -0.060  -0.198   0.166  -0.111  -0.020   0.442   0.219  -0.371   0.073   0.131   0.043
  131138     0.171  -0.232   0.011   0.375  -0.366   0.079  -0.345  -0.170   0.059  -0.210   0.212   0.099   0.000  -0.253  -0.111  -0.259   0.436   0.176  -0.065  -0.089   0.098  -0.021
  121301     0.119  -0.180   0.505   0.106  -0.006   0.014  -0.356  -0.173  -0.141   0.084  -0.199   0.221  -0.190   0.180  -0.336   0.321  -0.193  -0.126  -0.153   0.139  -0.177  -0.061
  60124      0.220   0.014  -0.088   0.215   0.162  -0.309  -0.109   0.581  -0.052  -0.357  -0.193   0.128  -0.381  -0.098   0.076  -0.144  -0.136   0.042   0.084   0.071  -0.062  -0.156
  190929A    0.124  -0.294  -0.254  -0.025   0.415   0.307  -0.036   0.038   0.464  -0.006   0.176   0.167  -0.148   0.389  -0.050  -0.123   0.055   0.020  -0.236   0.047  -0.130   0.139
  50442      0.202   0.156  -0.209   0.034   0.383  -0.142  -0.127  -0.524   0.131  -0.013  -0.014   0.116  -0.028  -0.328  -0.037   0.123  -0.298   0.375   0.192  -0.031   0.073  -0.056
  130788     0.278  -0.085   0.093  -0.213   0.230   0.166  -0.033   0.132   0.051   0.000  -0.090  -0.047   0.167  -0.197  -0.122   0.026   0.019  -0.296  -0.209  -0.294   0.532  -0.407
  111081r    0.247   0.011  -0.138   0.131  -0.224  -0.131   0.446  -0.172   0.131  -0.155   0.236   0.124  -0.283  -0.095   0.107   0.455   0.057  -0.338  -0.158   0.184   0.105   0.004
