 eigenvalue  1.784   1.400   1.117   0.814   0.624   0.261
 eval sderr  0.353   0.277   0.221   0.161   0.124   0.052
 % variance  0.297   0.233   0.186   0.136   0.104   0.043
 cumulative  0.297   0.531   0.717   0.853   0.957   1.000
 brokn stck  2.450   1.450   0.950   0.617   0.367   0.167
 series_id   #  1       2       3       4       5       6
  41039A    -0.279   0.594   0.006  -0.531   0.416   0.339
  41040A     0.424   0.462  -0.404  -0.286  -0.319  -0.509
  190549A   -0.056   0.364   0.817   0.145  -0.044  -0.418
  12171A     0.494   0.219  -0.116   0.505   0.663   0.003
  20155A    -0.326   0.498  -0.224   0.588  -0.410   0.286
  22208A     0.624   0.071   0.325  -0.124  -0.340   0.607
