 eigenvalue  2.285   1.272   0.987   0.890   0.415   0.151
 eval sderr  0.453   0.252   0.195   0.176   0.082   0.030
 % variance  0.381   0.212   0.164   0.148   0.069   0.025
 cumulative  0.381   0.593   0.757   0.906   0.975   1.000
 brokn stck  2.450   1.450   0.950   0.617   0.367   0.167
 series_id   #  1       2       3       4       5       6
  41039A     0.244   0.722  -0.124   0.411   0.001  -0.485
  41040A     0.599   0.202  -0.148   0.100   0.206   0.725
  190549A   -0.265   0.150   0.788   0.457  -0.007   0.277
  12171A     0.040  -0.525  -0.328   0.774  -0.125  -0.024
  20155A    -0.526   0.129  -0.298   0.116   0.771   0.103
  22208A     0.483  -0.350   0.381  -0.017   0.589  -0.389
