  year  #   1       2       3       4       5       6
  1950   1.628  -0.305  -0.238  -1.519  -1.523   0.009
  1951   0.357  -0.538  -0.073  -1.192  -1.512   0.396
  1952   3.385   0.253   2.154   1.107  -1.310  -0.586
  1953   1.265   0.569   1.247  -1.466  -0.595   1.161
  1954  -1.253  -2.141  -0.554   0.654   1.309   0.179
  1955   0.500   0.056   0.336  -0.447  -0.183  -0.306
  1956   0.788  -0.707  -0.900  -0.448   0.041  -0.704
  1957   0.836  -1.652   1.092   2.301   0.139  -0.167
  1958  -0.009  -0.345   0.150  -0.245   0.559  -0.791
  1959   0.256   0.074   0.430  -0.072  -0.011   0.363
  1960  -0.556  -1.182   0.282  -0.614   0.324   0.399
  1961   2.697   0.242   0.636  -0.907   0.908   0.156
  1962  -0.421  -0.226   0.380  -1.847  -0.221   0.809
  1963  -0.042   0.338   0.548   1.533   1.387   1.955
  1964   0.712  -0.316   1.141  -1.578   1.023   0.386
  1965  -0.555  -1.574  -0.172  -0.556   0.141   0.051
  1966  -1.649  -1.401  -0.489   0.501  -0.312   0.283
  1967   0.255  -0.609  -0.527  -0.187   0.126  -0.435
  1968  -0.914   2.444  -0.728  -0.271   0.200  -0.163
  1969  -0.303   0.381  -1.748   1.746  -0.605   0.347
  1970  -1.315   2.975  -0.315   0.295   1.433   0.341
  1971   0.399   0.440  -2.204   0.022  -1.129  -0.498
  1972   0.711   1.118   1.161   1.137  -0.187  -0.340
  1973   2.104   1.279  -1.437  -0.245  -0.213  -0.266
  1974   0.975   0.530  -0.923   0.876   0.002  -0.352
  1975  -1.138  -0.309   0.798  -0.376   1.537  -0.674
  1976  -1.747   0.540   0.776  -0.487  -0.176  -0.175
  1977  -3.183   0.313  -0.467  -0.625  -0.171   0.405
  1978  -0.331   1.781   0.513   0.382   1.374   0.037
  1979  -0.027   0.815  -0.032  -0.215  -0.539  -0.109
  1980  -1.012  -1.101   2.761   0.363   0.814  -0.107
  1981  -0.003  -2.219   0.740   2.006  -0.567  -0.076
  1982   0.682   0.160  -1.336   0.048   0.858   0.273
  1983   1.062   0.470   0.842   0.901  -0.670   0.105
  1984   0.200  -0.203   0.556  -0.733   0.985  -0.065
  1985   0.081  -0.530  -1.277   0.370   0.149   1.288
  1986  -1.143   0.041  -0.899   0.672  -0.327  -0.179
  1987   0.375  -0.310  -1.950   1.453   0.383  -0.116
  1988   1.260   0.807  -1.179  -0.121   0.869  -0.709
  1989  -0.800  -0.486  -1.415  -0.938  -0.837   1.054
  1990  -0.421  -2.383  -1.271  -1.299   0.802  -1.886
  1991  -4.614   0.910   1.732   0.119  -1.832  -0.499
  1992   0.546  -0.663   0.618  -0.096  -0.204  -0.290
  1993   2.198  -0.363  -0.165   0.365  -0.096   1.050
  1994  -0.939   0.111  -0.186   0.337  -1.013   0.283
  1995   0.450   0.264  -0.072   0.219  -0.713  -0.120
  1996  -0.744   0.168   0.189   1.165  -0.714  -0.137
  1997   0.932   1.181   0.832  -0.883   0.136  -0.523
  1998  -0.268   1.776   0.555   0.495   0.179  -1.254
  1999   0.238  -0.777   0.333  -1.262  -0.029   0.202
  2000  -1.503   0.304  -0.244  -0.437   0.013  -0.007
