  year  #   1
  1950   1.203
  1951   0.264
  1952   2.502
  1953   0.935
  1954  -0.926
  1955   0.370
  1956   0.582
  1957   0.618
  1958  -0.007
  1959   0.189
  1960  -0.411
  1961   1.993
  1962  -0.312
  1963  -0.031
  1964   0.526
  1965  -0.410
  1966  -1.219
  1967   0.188
  1968  -0.675
  1969  -0.224
  1970  -0.972
  1971   0.295
  1972   0.525
  1973   1.555
  1974   0.721
  1975  -0.841
  1976  -1.291
  1977  -2.353
  1978  -0.244
  1979  -0.020
  1980  -0.748
  1981  -0.002
  1982   0.504
  1983   0.785
  1984   0.148
  1985   0.060
  1986  -0.845
  1987   0.277
  1988   0.931
  1989  -0.592
  1990  -0.311
  1991  -3.411
  1992   0.403
  1993   1.625
  1994  -0.694
  1995   0.333
  1996  -0.550
  1997   0.689
  1998  -0.198
  1999   0.176
  2000  -1.111
