  year  #   1       2       3       4       5       6
  1950   2.588  -2.825  -1.113  -0.267  -0.754   0.373
  1951   2.982  -2.559  -0.927  -0.138  -0.771   0.172
  1952   3.022  -1.171   0.118   2.480  -0.105   0.048
  1953   3.119  -1.336  -0.303   1.563   0.458   0.391
  1954   2.064   0.358  -0.219   0.003  -0.525   0.106
  1955   2.113   0.028  -0.188   0.184  -0.075  -0.169
  1956   2.199  -0.121   0.503  -0.130  -0.042  -0.706
  1957   1.846   1.707   0.986   1.110  -0.607  -0.264
  1958   1.709   1.332   0.569   0.511  -0.124  -0.616
  1959   1.700   0.885   0.363   0.297   0.082  -0.225
  1960   1.838   1.078  -0.043  -0.515  -0.077  -0.107
  1961   2.021   0.830   0.885  -0.216   1.198  -0.089
  1962   2.278   0.213  -0.028  -1.148   0.935  -0.066
  1963   0.807   0.994   0.336  -0.959   0.659   1.019
  1964   1.279   1.029  -0.011  -1.230   1.222   0.669
  1965   1.441   1.226  -0.030  -1.528   0.330   0.121
  1966   1.039   1.294  -0.211  -1.515  -0.693   0.041
  1967   0.953   0.921   0.304  -1.162  -0.314  -0.292
  1968  -0.041  -0.756  -0.176  -1.121   0.387  -0.284
  1969  -0.552  -0.899   0.792  -0.609  -0.654   0.069
  1970  -1.712  -1.521  -0.086  -0.934   0.357   0.537
  1971  -0.916  -2.171   0.859  -0.734  -0.416   0.017
  1972  -0.889  -1.124   0.555   0.768  -0.071   0.305
  1973  -0.581  -1.827   1.638   0.578   0.330   0.028
  1974  -0.771  -1.329   1.958   0.649   0.016  -0.059
  1975  -0.895   0.018   0.429  -0.150   0.286  -0.178
  1976  -0.749  -0.102  -0.988  -0.291   0.072  -0.089
  1977  -1.013  -0.590  -2.082  -1.264  -0.528   0.087
  1978  -1.735  -0.462  -1.723  -0.632   0.481   0.410
  1979  -1.216  -0.825  -1.295  -0.119   0.238   0.270
  1980  -0.926   1.317  -2.138   0.514   0.115   0.486
  1981  -0.685   2.493  -1.029   1.375  -1.111   0.450
  1982  -1.097   1.295   0.228   0.346  -0.395   0.338
  1983  -0.941   1.031   0.473   1.366  -0.232   0.465
  1984  -0.861   1.095   0.109   0.520   0.360   0.239
  1985  -1.055   0.696   0.859  -0.325  -0.226   0.623
  1986  -1.476   0.320   0.548  -0.285  -0.702   0.252
  1987  -1.929   0.304   1.688  -0.191  -0.855   0.147
  1988  -1.873  -0.197   2.079  -0.182   0.194  -0.201
  1989  -1.173  -0.773   1.452  -1.127  -0.404   0.154
  1990  -0.629   0.267   1.204  -1.606  -0.251  -1.148
  1991  -0.985  -0.051  -2.445  -0.406  -0.788  -0.936
  1992  -0.637   0.481  -1.537   0.356  -0.158  -0.658
  1993  -0.547   0.557   0.277   0.686   0.285   0.064
  1994  -0.923   0.132  -0.125   0.574  -0.264   0.027
  1995  -1.015  -0.104   0.157   0.884  -0.070  -0.096
  1996  -1.499   0.126  -0.100   1.208  -0.427  -0.039
  1997  -1.305  -0.293  -0.272   1.176   0.842  -0.230
  1998  -1.926  -0.480  -0.651   1.469   1.106  -0.635
  1999  -1.019  -0.141  -0.599   0.462   0.987  -0.423
  2000  -1.430  -0.368  -1.050  -0.290   0.698  -0.399
