litu_drop_dead.rwl -- no data title --                    1st itrdb line missing     
litu_drop_dead.rwl -- no data title --                    2nd itrdb line missing     
litu_drop_dead.rwl -- no data title --                    3rd itrdb line missing     
12369   1953   100   341   610   801   748   827   453
12369   1960   581   328   347   278   213   772  1000   187   401   639  res
12369   1970   711   775   662   261   789   806    98   526   808   320  res
12369   1980   612  1000   334   726   495   186   540   825   286   373  res
12369   1990   786   499   729   844  1000   450   247   700   679   654  res
12369   2000   540   646   296   244   474   820   154   428   483   574  res
12369   2010   495   776   332   654 -9999
20804   1913  1000  1000  1000  1000  1000  1000  1000
20804   1920  1000  1000   323   897   800   922   293   770   774   887  res
20804   1930   501   831    18   917    44   901   722   785   838   508  res
20804   1940   795   664    97   634   863   637   484   520  1000   762  res
20804   1950   416   768   545   756   647   806   891   819   866   655  res
20804   1960   590   485   819   313   485   831   744   749   878   690  res
20804   1970   839   800   790   869   894   841   516   659   809   659  res
20804   1980   709   555   485   839   793   598   818   869   442   724  res
20804   1990   889   799   763   857   229   664   261   803   854   789  res
20804   2000   714   772   803   721   642   858 -9999
42250   1924   961   953   971   855   950   944
42250   1930   844   926    21   933   515   930   800   901   890   508  res
42250   1940   826   937   100   887   865   743   744   733   376   830  res
42250   1950   574   811   673   791   736   864   927   866   876   701  res
42250   1960   678   500   881   725   644   843   774   761   896   782  res
42250   1970   900   812   844   869   916   878   782   724   834   777  res
42250   1980   888   608   572   886   879   717   873   894   515   771  res
42250   1990   906   874   871   914   549   769   361   856   854   802  res
42250   2000   826   797   878   754   701   864   453   515   671   697  res
42250   2010   584   842   831   960   911 -9999
72212   1946   851   802   725   832
72212   1950   683   906   777   883   751   896   931   892   906   764  res
72212   1960   927   529   891   748   868   903   826   818   912   847  res
72212   1970   909   856   884   898   917   918   859   822   851   802  res
72212   1980   905   897   800   912   898   934   904   912   663   915  res
72212   1990   930   888   879   919   690   789   461   936   856   894  res
72212   2000   828   881   880   907   795   874   674   659   894   863  res
72212   2010   765   869   858   961 -9999
72345   1933   950   764   939   828   933   935   508
72345   1940   889   941   384   913   935   759   914   841   772   926  res
72345   1950   781   936   882   889   912   932   941   908   931   867  res
72345   1960   929   773   892   806   913   909   832   831   920   876  res
72345   1970   931   897   886   952   926   920   902   885   923   809  res
72345   1980   916   898   805   942   914   943   905   928   791   932  res
72345   1990   936   910   898   936   850   876   782   945   944   933  res
72345   2000   843   911   904   931   872   934   730   786   925   887  res
72345   2010   941   874   903 -9999
82403   1922   998   949   970   962   973   972   957   967
82403   1930   906   960   425   976   878   955   852   939   951   669  res
82403   1940   929   948   460   922   937   812   916   916   884   936  res
82403   1950   868   945   906   946   941   943   944   915   937   935  res
82403   1960   947   816   900   854   931   924   853   958   943   922  res
82403   1970   945   907   904   952   931   923   908   946   926   880  res
82403   1980   953   905   895   948   952   945   918   936   890   940  res
82403   1990   946   934   924   951   879   913   842   956   944   953  res
82403   2000   844   928   922   938   878   949   806   809   949   921  res
82403   2010   965   931   932   964 -9999
92360   1922   998   992  1000   994   987   985   986   989
92360   1930   975   969   945   977   980   956   942   953   957   924  res
92360   1940   954   952   762   936   948   853   933   926   910   947  res
92360   1950   914   946   906   962   951   962   953   937   941   949  res
92360   1960   950   830   905   930   939   945   870   965   949   926  res
92360   1970   967   939   950   959   937   923   925   948   943   922  res
92360   1980   960   957   959   955   959   947   936   939   954   973  res
92360   1990   948   940   939   953   894   931   859   962   959   954  res
92360   2000   892   940   937   950   902   951   885   885   953   950  res
92360   2010   966   984   947   967   912   790 -9999
92442   1940   967   977   968   943   959   961   957   980   955   950  res
92442   1950   970   950   919   968   952   969   966   966   941   972  res
92442   1960   966   956   952   963   943   965   971   966   951   962  res
92442   1970   969   947   965   961   965   941   927   966   957   953  res
92442   1980   968   958   964   958   960   958   937   951   964   973  res
92442   1990   958   947   955   956   948   954   923   962   961   969  res
92442   2000   895   966   955   962   904   952   904   972   958   960  res
92442   2010   968 -9999
102470  1931   998   965   992   988   984   954   960   964   962
102470  1940   972   983   980   977   968   967   969   982   965   964  res
102470  1950   984   968   926   971   968   985   970   987   950   977  res
102470  1960   972   956   952   972   967   968   972   971   955   981  res
102470  1970   970   957   967   962   973   950   957   967   978   959  res
102470  1980   969   969   980   970   969   977   971   960   967   973  res
102470  1990   962   973   961   963   967   967   942   965   968   974  res
102470  2000   896   971   980   964   907   966   940   973   964   961  res
102470  2010   983   995   949   971 -9999
122554  1935   985   998   977   971  1000
122554  1940   992   985   987   998   976   976   985   987   991   976  res
122554  1950   985   973   962   983   976   990   975   994   972   977  res
122554  1960   974   961   956   972   980   978   975   977   975   987  res
122554  1970   982   963   984   970   981   956   958   981   982   983  res
122554  1980   980   973   983   985   972   982   976   978   968   989  res
122554  1990   965   978   962   964   971   975   954   965   971   984  res
122554  2000   998   974   982   968   976   985   966   974   966   983  res
122554  2010 -9999
190075  1957   994   983   982
190075  1960   985   981   960   972   988   987   982   978   980   987  res
190075  1970   992   969   988   973   982   956   978   982   985   987  res
190075  1980   983   979   984   990   980   982   977   980   979   991  res
190075  1990   974   985   978   972   985   989   986   971   973   987  res
190075  2000   998   982   989   981   977   986   973   980   973   995  res
190075  2010   983   995   978   992   936   942 -9999
42232   1943  1000   989   977   986   989   993   980
42232   1950   987   982  1000   987   987   993   976   995   984   983  res
42232   1960   985   988   969   995   993   987   988   982   991   989  res
42232   1970   995   981   990   995   983   983   981   985   987   994  res
42232   1980   990   994   987   992   988   986   983   982   981   991  res
42232   1990   976   992   986   972   988   994   987   974   976   995  res
42232   2000  1000   988   993   984   978   988   974   985   975   996  res
42232   2010   984 -9999
42565   1933   995   993  1000  1000  1000   995  1000
42565   1940   992   986   996  1000   990   980   997   997   995   990  res
42565   1950   996   997  1000   994   998   995   995   996   991   992  res
42565   1960   994   992   982  1000   993   989   988   983   994   990  res
42565   1970   996   986   991   998   994   993   988   991   987   994  res
42565   1980   990   995   988   996   988   989   987   990   991   993  res
42565   1990   985   993   991   975   988   995   993   985   996   996  res
42565   2000  1000   994   993   993  1000   989   979   991   976   997  res
42565   2010   994   996   993   994 -9999
90285   1926   996   998   988   993
90285   1930  1000  1000   997  1000   994  1000   995  1000   997  1000  res
90285   1940  1000   997   998   998  1000  1000  1000  1000   998   994  res
90285   1950  1000  1000  1000   995   998  1000  1000   997  1000   998  res
90285   1960   998  1000   984  1000   996   992   991   987   997   992  res
90285   1970  1000   987   997  1000  1000  1000   998   995   990   994  res
90285   1980   994   995   990   998   998   992  1000   997   998   994  res
90285   1990   988   993   997   980   989   996  1000   993  1000   997  res
90285   2000  1000   995   995   997  1000   990   984   995   996  1000  res
90285   2010   994   997  1000 -9999
92501   1932  1000  1000  1000   996   994  1000  1000   998
92501   1940  1000  1000  1000   998  1000  1000  1000  1000  1000   994  res
92501   1950  1000  1000  1000   997  1000  1000  1000   998  1000  1000  res
92501   1960   998  1000   995  1000   996   993   991   997   998   992  res
92501   1970  1000   987   997  1000  1000  1000   998   998   995   997  res
92501   1980  1000   998   991  1000  1000   993  1000  1000  1000   996  res
92501   1990   993   993   998   982   993  1000  1000   994  1000   997  res
92501   2000  1000   997   997  1000  1000   992   996   998  1000  1000  res
92501   2010   996  1000   989  1000   979   965 -9999
111166  1918  1000  1000
111166  1920  1000  1000   990   998  1000  1000   998   994   998  1000  res
111166  1930  1000  1000  1000   994  1000   993   973  1000  1000   998  res
111166  1940  1000  1000  1000   997   998  1000   991  1000  1000   994  res
111166  1950  1000  1000  1000   998  1000  1000  1000  1000  1000   998  res
111166  1960   998  1000   998  1000  1000   995   998  1000  1000   993  res
111166  1970  1000   994  1000  1000  1000  1000   998   998   997  1000  res
111166  1980  1000  1000   991  1000  1000   997  1000  1000  1000   998  res
111166  1990  1000  1000  1000   994   998  1000  1000   998  1000   998  res
111166  2000  1000  1000   997  1000  1000   996  1000  1000  1000  1000  res
111166  2010  1000  1000   988   998   990 -9999
121017  1956  1000  1000  1000   997
121017  1960  1000  1000  1000  1000  1000   998  1000  1000  1000  1000  res
121017  1970  1000   994  1000  1000  1000  1000  1000   998   997  1000  res
121017  1980  1000  1000   997  1000  1000   997  1000  1000   998   998  res
121017  1990  1000  1000  1000  1000  1000  1000  1000  1000  1000  1000  res
121017  2000  1000  1000  1000  1000  1000   997  1000  1000  1000  1000  res
121017  2010  1000  1000   986   997   992   985   345  1000 -9999
131192  1949   996
131192  1950  1000  1000   994  1000  1000  1000  1000  1000  1000   994  res
131192  1960   995   996  1000  1000  1000   998  1000   998  1000  1000  res
131192  1970  1000  1000  1000  1000  1000  1000  1000  1000   995  1000  res
131192  1980  1000   995   996  1000   998  1000   997  1000   997  1000  res
131192  1990  1000  1000  1000  1000  1000  1000  1000  1000  1000  1000  res
131192  2000  1000  1000 -9999
151051  1923   996   998  1000   958   994   977   981
151051  1930   993   993   998   991   995   993   965   989   996   984  res
151051  1940  1000  1000   998   996   997   996   981   988  1000  1000  res
151051  1950   997   997   993  1000   997  1000  1000   997   996   993  res
151051  1960   994   995  1000  1000  1000   997  1000   994  1000   995  res
151051  1970  1000  1000  1000  1000  1000   997  1000   993   994   991  res
151051  1980  1000   994   992   998   996  1000   993  1000   987  1000  res
151051  1990  1000  1000  1000  1000   997  1000   995  1000  1000  1000  res
151051  2000   995   993  1000  1000   996  1000  1000   997  1000  1000  res
151051  2010   998   998   982   986   996  1000   996 -9999
160962  1920  1000  1000   896   949   985   958   956   974   926   946  res
160962  1930   978   986   997   952   980   990   950   989   992   981  res
160962  1940   997   998   994   995   995   992   976   981  1000  1000  res
160962  1950   997   980   992  1000   993  1000   998   996   995   989  res
160962  1960   993   995   989   993   998   994   998   992   998   990  res
160962  1970   998  1000   996  1000  1000   994  1000   992   989   984  res
160962  1980  1000   991   992   986   991   997   993  1000   984   997  res
160962  1990  1000   997   994   998   997   998   994  1000   998   997  res
160962  2000   994   990  1000  1000   991  1000  1000   995 -9999
172220  1959   988
172220  1960   990   988   988   989   992   992   993   990   997   973  res
172220  1970   988   995   986  1000  1000   994  1000   988   981   983  res
172220  1980   996   985   991   981   982   997   991  1000   982   986  res
172220  1990   993   994   994   996   996   998   992   996   997   995  res
172220  2000   985   973  1000  1000   985  1000   986   993  1000   995  res
172220  2010   991   984   978   982  1000   998  1000 -9999
200188  1990   988   989   991   995   996   995   990   986   993   985  res
200188  2000   980   973   998   996   984   997   980   990  1000   984  res
200188  2010   988   982   977   979  1000   968   996  1000 -9999
121423  1935   977   947   981   991   980
121423  1940   988   996   992   988   993   980   971   981   996   962  res
121423  1950   995   979   990  1000   993   996   998   992   987   980  res
121423  1960   984   987   987   987   991   991   992   984   994   972  res
121423  1970   988   995   985   995   995   988   994   984   974   977  res
121423  1980   989   976   984   981   981   981   978   998   969   985  res
121423  1990   988   986   989   984   985   983   986   985   985   973  res
121423  2000   970   971   996   993   982   983   976   977  1000 -9999  res
52237   1937   977   977   966
52237   1940   935   950   985   974   979   974   968   978   996   958  res
52237   1950   994   978   980   998   979   987   993   983   986   980  res
52237   1960   966   981   983   984   979   988   985   975   991   972  res
52237   1970   987   988   974   992   991   984   991   981   970   977  res
52237   1980   983   975   978   967   977   977   972   998   967   979  res
52237   1990   979   984   983   984   980   977   982   985   982   972  res
52237   2000   970   971   990   992   964   981   974   963   991   971  res
52237   2010   974   961   972   948   981 -9999
70469   1953   991   975   984   990   981   986   980
70469   1960   961   972   976   976   978   988   959   972   990   971  res
70469   1970   983   952   974   987   986   979   979   978   969   976  res
70469   1980   966   965   964   964   976   973   971   997   959   968  res
70469   1990   976   983   974   966   979   968   976   970   956   971  res
70469   2000   964   970   977   975   954   968   970   962 -9999
80641   1937   969   976   957
80641   1940   923   936   962   970   968   969   964   970   995   911  res
80641   1950   994   973   968   962   970   976   987   963   978   978  res
80641   1960   958   967   974   976   966   971   954   955   988   962  res
80641   1970   965   924   955   976   946   967   972   973   967   966  res
80641   1980   921   899   963   964   972   949   965   980   956   966  res
80641   1990   973   949   965   958   964   964   962   967   951   966  res
80641   2000   961   949   976   955   954   950   965   961   986   971  res
80641   2010   964   948   928   947   907   833   906 -9999
90607   1919  1000
90607   1920  1000  1000  1000   825   913   955   951   937   779   941  res
90607   1930   969   960   992   937   964   938   942   950   941   935  res
90607   1940   911   908   899   946   924   947   964   929   901   894  res
90607   1950   959   972   966   936   965   961   978   956   977   971  res
90607   1960   954   958   886   971   952   956   941   953   967   952  res
90607   1970   957   889   935   965   930   966   945   958   961   962  res
90607   1980   913   882   947   963   964   937   960   908   954   956  res
90607   1990   965   947   945   939   960   942   955   960   940   966  res
90607   2000   945   941   966   916   953   938   961   944   931 -9999  res
110899  1933   930   879   841   922   945   886   917
110899  1940   864   877   837   936   924   850   949   835   800   853  res
110899  1950   956   961   965   936   962   956   972   942   931   955  res
110899  1960   948   949   874   964   941   929   941   943   962   933  res
110899  1970   949   860   913   963   902   966   890   957   937   949  res
110899  1980   870   877   928   955   953   899   951   902   952   941  res
110899  1990   958   941   937   928   958   908   954   941   934   955  res
110899  2000   943   940   941   915   946   936   956   940   930   968  res
110899  2010   960   874   918   795   863   831  1000  1000 -9999
112421  1950   912   959   963   932   928   928   952   934   926   947  res
112421  1960   948   891   816   943   924   912   933   913   948   923  res
112421  1970   947   774   907   956   867   958   860   925   931   937  res
112421  1980   838   869   919   917   940   885   938   888   943   930  res
112421  1990   945   939   934   917   942   843   952   930   932   955  res
112421  2000   892   934   927   913   921   930   953   921   912   939  res
112421  2010   960 -9999
171403  1950   870   947   924   928   923   923   951   932   844   937  res
171403  1960   939   887   796   913   915   908   886   904   884   920  res
171403  1970   934   694   821   940   818   925   849   887   910   906  res
171403  1980   811   668   885   905   932   856   934   877   940   923  res
171403  1990   886   938   930   899   922   671   937   921   925   939  res
171403  2000   842   933   920   913   911   873   889   920   856   908  res
171403  2010   953   861   789   109   594 -9999
52246   1945   800   945   591   668   726
52246   1950   821   946   918   913   881   737   935   915   833   911  res
52246   1960   924   836   605   905   843   899   884   694   761   915  res
52246   1970   918   689   589   902   805   759   780   832   884   859  res
52246   1980   643   183   810   874   927   830   934   855   915   918  res
52246   1990   881   821   872   828   865   665   908   904   920   922  res
52246   2000   706   905   672   892   869   868   855   910   760   889  res
52246   2010   900 -9999
82239   1930   760   952   900   926   776   768   801   937   867   911  res
82239   1940   775   866   684   934   780   759   883   526   489   589  res
82239   1950   808   909   863   858   851   604   922   915   828   894  res
82239   1960   913   754   520   859   816   868   879   682   654   896  res
82239   1970   911   646   375   890   640   752   742   743   874   817  res
82239   1980   430   135   787   759   915   722   925   725   909   912  res
82239   1990   864   817   743   592   821   423   812   819   895   914  res
82239   2000   396   870   647   875   869   773   812   907   695   792  res
82239   2010   895 -9999
82381   1942   255   921   761   626   854   266   485   589
82381   1950   796   903   794   692   846   559   756   822   810   879  res
82381   1960   901   455   476   848   565   628   823   282   628   784  res
82381   1970   274   631   256   796   266   628   711   542   739   776  res
82381   1980   163    25   444   131   889   722   865   699   909   873  res
82381   1990   477   799   735   528   581   367   704   802   882   869  res
82381   2000   185   689   597   861   584   480   784   887   479   707  res
82381   2010   802   558   520    66 -9999
110902  1924   877   743   945   698   195   899
110902  1930   660   751   793  1000   716  1000   155   825   823   411  res
110902  1940   736   630    68   917   191   556   784   241   459   586  res
110902  1950   388   894   727   658   788    19   694   717   338   679  res
110902  1960   778   378   305   596   217   510   727    67   528   711  res
110902  1970   172   422   209   712  1000   576   407   502    91   683  res
110902  1980  1000  1000   187  1000   882  1000   728   474   845   648  res
110902  1990   467   359   619   362   480  1000   620   575   827   581  res
110902  2000    15  1000   582   832   437   315   688   872   329   504  res
110902  2010   788   302 -9999
