 eigenvalue  8.036   3.078   2.481   2.092   1.653   1.316   0.982   0.857   0.824   0.720   0.667   0.573   0.506   0.372   0.314   0.289   0.229   0.197   0.184   0.159   0.131   0.106   0.080   0.064   0.059   0.035
 eval sderr  1.591   0.609   0.491   0.414   0.327   0.261   0.195   0.170   0.163   0.142   0.132   0.113   0.100   0.074   0.062   0.057   0.045   0.039   0.036   0.031   0.026   0.021   0.016   0.013   0.012   0.007
 % variance  0.309   0.118   0.095   0.080   0.064   0.051   0.038   0.033   0.032   0.028   0.026   0.022   0.019   0.014   0.012   0.011   0.009   0.008   0.007   0.006   0.005   0.004   0.003   0.002   0.002   0.001
 cumulative  0.309   0.427   0.523   0.603   0.667   0.717   0.755   0.788   0.820   0.848   0.873   0.895   0.915   0.929   0.941   0.952   0.961   0.969   0.976   0.982   0.987   0.991   0.994   0.996   0.999   1.000
 brokn stck  3.854   2.854   2.354   2.021   1.771   1.571   1.404   1.262   1.137   1.025   0.925   0.835   0.751   0.674   0.603   0.536   0.474   0.415   0.359   0.307   0.257   0.209   0.164   0.120   0.078   0.038
 series_id   #  1       2       3       4       5       6       7       8       9      10      11      12      13      14      15      16      17      18      19      20      21      22      23      24      25      26
  112323     0.232   0.242   0.140  -0.114  -0.074   0.181  -0.211   0.170  -0.091  -0.225   0.047  -0.150  -0.266  -0.061   0.153   0.355   0.175   0.188  -0.037   0.362  -0.165   0.050   0.414   0.106  -0.053  -0.148
  10122      0.085   0.058  -0.011  -0.332   0.323   0.446   0.233   0.344   0.150   0.074   0.091   0.008   0.286  -0.202   0.054  -0.023   0.011   0.156  -0.186  -0.163   0.084   0.103  -0.147   0.137  -0.296  -0.098
  162575     0.201   0.012  -0.351  -0.031  -0.154   0.225   0.063  -0.046  -0.086   0.256   0.382  -0.044  -0.117  -0.102   0.348  -0.007  -0.164  -0.148   0.336  -0.293  -0.161   0.010   0.098  -0.070   0.243  -0.203
  10010      0.119   0.262   0.214  -0.278  -0.170  -0.356   0.259  -0.125   0.010  -0.089  -0.011  -0.164   0.157  -0.198  -0.197  -0.269   0.031  -0.061   0.089   0.024  -0.298  -0.070  -0.091   0.104   0.014  -0.469
  12354      0.220  -0.155   0.232  -0.110   0.002   0.292  -0.242  -0.184  -0.097  -0.274  -0.159   0.018  -0.172  -0.333   0.105  -0.142  -0.123   0.023  -0.066  -0.006  -0.251   0.024  -0.468  -0.135   0.204   0.200
  30315      0.137   0.213   0.331  -0.158  -0.073  -0.087   0.071  -0.032   0.441   0.193  -0.177   0.187  -0.415   0.001   0.225  -0.147  -0.037  -0.136   0.088  -0.129   0.225   0.145   0.117  -0.245  -0.212   0.077
  200577     0.253  -0.143  -0.166  -0.103   0.285  -0.041   0.143  -0.067   0.033   0.115  -0.142  -0.286  -0.085   0.082  -0.218  -0.200  -0.245  -0.167  -0.258   0.057  -0.272   0.325   0.376   0.049   0.108   0.243
  10296      0.170  -0.215   0.040   0.149  -0.097  -0.095   0.029   0.210   0.647  -0.305   0.230   0.161   0.181  -0.049  -0.072   0.220  -0.016  -0.151  -0.057   0.025  -0.059   0.089   0.003   0.033   0.344  -0.034
  161554     0.014   0.485  -0.066   0.150   0.155  -0.024  -0.129  -0.200   0.112   0.192   0.108  -0.005   0.004   0.119  -0.130   0.052   0.014   0.428  -0.095   0.001   0.052   0.430  -0.243  -0.091   0.325  -0.093
  190483     0.231  -0.056  -0.035   0.268   0.376   0.075   0.114  -0.006   0.052  -0.121   0.127   0.184  -0.072   0.289  -0.083  -0.145   0.014   0.032   0.436   0.303  -0.270  -0.011  -0.156  -0.154  -0.335  -0.094
  172637     0.224   0.199   0.172  -0.012  -0.157   0.022   0.110   0.372  -0.152  -0.146   0.158  -0.269   0.009   0.523   0.000  -0.089  -0.147  -0.009  -0.204  -0.154   0.049  -0.244  -0.144  -0.294   0.106   0.121
  201261     0.230  -0.160   0.193   0.007   0.066  -0.099  -0.047   0.090  -0.330   0.272   0.314   0.353  -0.252  -0.010  -0.181   0.035   0.039  -0.295  -0.322   0.131   0.176   0.104  -0.153   0.159   0.034  -0.235
  30226      0.185  -0.261   0.198  -0.230   0.220  -0.201  -0.090   0.097  -0.006   0.232   0.007   0.131   0.080   0.118   0.142  -0.202   0.358   0.400   0.166  -0.088  -0.053  -0.224   0.151   0.115   0.339   0.141
  202941     0.240  -0.116  -0.099  -0.029  -0.130  -0.347   0.022   0.138  -0.172   0.163  -0.305   0.099   0.333   0.038   0.372   0.327  -0.012   0.009  -0.064   0.056  -0.193   0.300  -0.169  -0.234  -0.161  -0.014
  192588     0.232  -0.113   0.176   0.221  -0.197   0.112  -0.203   0.221  -0.205  -0.095  -0.151  -0.020   0.215  -0.123  -0.286  -0.220  -0.108   0.102   0.338  -0.183   0.307   0.347   0.223  -0.031  -0.022  -0.109
  172453     0.267  -0.114  -0.181   0.096  -0.047  -0.233  -0.167  -0.193   0.088  -0.092   0.158   0.114  -0.075  -0.134  -0.048  -0.024  -0.336   0.447  -0.299  -0.218   0.013  -0.280   0.131  -0.053  -0.334  -0.104
  202585     0.286  -0.048  -0.205   0.012  -0.117  -0.126   0.092  -0.104   0.068  -0.113   0.049  -0.294  -0.028   0.040   0.313  -0.207  -0.008   0.041   0.064   0.326   0.455   0.071  -0.239   0.425  -0.033   0.111
  152623     0.274   0.116  -0.114  -0.141  -0.248  -0.020   0.006  -0.155  -0.007   0.049   0.244  -0.024   0.031  -0.073  -0.375   0.199   0.412  -0.066   0.127  -0.180  -0.070   0.048  -0.091   0.015  -0.247   0.495
  80694      0.142   0.088   0.075   0.293  -0.348   0.347   0.030  -0.109   0.133   0.411  -0.069   0.104   0.305  -0.051   0.012  -0.243   0.060   0.005  -0.223   0.364  -0.116  -0.228   0.111  -0.054   0.003   0.057
  122295     0.222   0.020  -0.304   0.066   0.268  -0.023  -0.287   0.033   0.109   0.014  -0.210  -0.263  -0.005  -0.146  -0.065  -0.051   0.410  -0.259  -0.107  -0.037   0.212  -0.220  -0.037  -0.351   0.045  -0.276
  40024A     0.054   0.064   0.400   0.070   0.317  -0.034  -0.030  -0.438  -0.110  -0.109   0.327  -0.129   0.407  -0.052   0.250   0.108  -0.037  -0.198  -0.021  -0.030   0.166   0.015   0.209  -0.145  -0.045   0.085
  162355     0.041   0.400  -0.072  -0.096   0.189  -0.198  -0.414   0.289   0.021   0.141   0.007   0.119   0.155  -0.176  -0.050   0.000  -0.390  -0.201   0.201   0.151  -0.025  -0.227  -0.040   0.163   0.024   0.255
  131360     0.159   0.051   0.253   0.455   0.117   0.032  -0.001  -0.010   0.077   0.182  -0.248  -0.234  -0.095   0.064   0.051   0.243   0.015  -0.077   0.016  -0.389  -0.180  -0.128  -0.127   0.475  -0.071  -0.060
  72424      0.110   0.205  -0.054   0.318   0.151  -0.122   0.569   0.149  -0.217  -0.117  -0.086   0.149  -0.126  -0.443   0.018   0.061   0.043   0.107  -0.002   0.025   0.119  -0.129   0.087  -0.124   0.204   0.208
  180906     0.236  -0.074   0.007  -0.296   0.022   0.194   0.189  -0.276   0.015   0.092  -0.289   0.070   0.051   0.163  -0.270   0.443  -0.271   0.044   0.195   0.116   0.268  -0.245  -0.020  -0.032   0.180  -0.119
  150048     0.161   0.290  -0.220  -0.048   0.004   0.114  -0.031  -0.170  -0.109  -0.367  -0.228   0.505   0.131   0.275   0.128  -0.166   0.134  -0.176  -0.141  -0.224  -0.018   0.019   0.143   0.246   0.070  -0.031
