juni_drop.rwl -- no data title --                         1st itrdb line missing     
juni_drop.rwl -- no data title --                         2nd itrdb line missing     
juni_drop.rwl -- no data title --                         3rd itrdb line missing     
juni_d1880   0  1   0  1   0  1   0  1   0  1   0  1   0  1   0  1   0  1   0  1  err
juni_d1890   0  11582  2 986  21042  21697  21776  21852  21330  21064  3 701  3  err
juni_d1900 322  3 129  3 118  31068  3 712  4 625  4 634  4 825  5 695  5 512  5  err
juni_d1910 498  6 725  6 382  6 530  7 503  9 399 11 307 12 350 12 269 13 340 13  err
juni_d1920 250 13 365 13 308 13 305 14 215 15 312 16 329 16 317 16 272 17 280 18  err
juni_d1930 253 19 262 19 176 19 280 20 275 21 263 22 302 22 338 22 354 22 339 22  err
juni_d1940 310 22 361 22 310 22 210 23 234 23 314 24 172 24 181 24 267 25 245 25  err
juni_d1950 247 26 227 26 269 26 243 26 200 26 164 27 223 27 157 27 208 28 161 28  err
juni_d1960 178 28 163 28 138 29 125 29 164 29 177 29 144 30 253 30 224 30 245 30  err
juni_d1970 277 30 219 30 184 30 186 30 194 30 242 30 217 30 178 30 238 30 144 30  err
juni_d1980 204 30 234 31 171 31 122 31 163 31 150 31 187 31 136 31 145 31 170 31  err
juni_d1990 146 31 113 31 226 31 210 31 217 31 174 31 174 31 184 31 207 31 147 31  err
juni_d2000 200 31 222 30 208 30 239 28 271 27 243 27 242 27 231 27 253 27 294 26  err
juni_d20102302  29990  09990  09990  09990  09990  09990  09990  09990  09990  0  err
juni_drop.rwl -- no data title --                         1st itrdb line missing     
juni_drop.rwl -- no data title --                         2nd itrdb line missing     
juni_drop.rwl -- no data title --                         3rd itrdb line missing     
juni_d1880   0  1   0  1   0  1   0  1   0  1   0  1   0  1   0  1   0  1   0  1  err
juni_d1890   0  1 263  2 438  2 356  2  14  2  32  2 122  2  76  2  73  3  65  3  err
juni_d1900  86  3  40  3  93  3 229  3  89  4 135  4 148  4  83  5  54  5  47  5  err
juni_d1910  68  6 136  6  56  6  53  7  84  9  85 11 102 12  75 12 104 13  78 13  err
juni_d1920  69 13  78 13  85 13  96 14  61 15  72 16  71 16  84 16  56 17  81 18  err
juni_d1930  75 19  77 19  66 19  99 20  64 21  75 22  65 22  69 22  74 22  71 22  err
juni_d1940  73 22  79 22  73 22  43 23  63 23  75 24  61 24  63 24  90 25  80 25  err
juni_d1950  76 26  68 26  72 26  70 26  65 26  43 27  45 27  51 27  73 28  52 28  err
juni_d1960  40 28  51 28  57 29  39 29  53 29  55 29  53 30  73 30  54 30  59 30  err
juni_d1970  58 30  56 30  47 30  45 30  43 30  59 30  63 30  42 30  64 30  43 30  err
juni_d1980  67 30  55 31  35 31  37 31  33 31  41 31  48 31  36 31  50 31  49 31  err
juni_d1990  32 31  45 31  55 31  51 31  59 31  42 31  45 31  44 31  37 31  43 31  err
juni_d2000  45 31  52 30  51 30  52 28  57 27  39 27  24 27  45 27  40 27  48 26  err
juni_d2010 216  29990  09990  09990  09990  09990  09990  09990  09990  09990  0  err
juni_drop.rwl -- no data title --                         1st itrdb line missing     
juni_drop.rwl -- no data title --                         2nd itrdb line missing     
juni_drop.rwl -- no data title --                         3rd itrdb line missing     
juni_d1880   0  1   0  1   0  1   0  1   0  1   0  1   0  1   0  1   0  1   0  1  err
juni_d1890   0  1 162  2 333  2 135  2 179  2  80  2 116  2 107  2  40  3   8  3  err
juni_d1900  94  3  46  3   0  3 121  3  32  4 103  4 131  4  58  5  96  5  52  5  err
juni_d1910  71  6 164  6  33  6  22  7  54  9  96 11  91 12  54 12  81 13  50 13  err
juni_d1920  44 13  66 13  44 13  82 14  47 15  66 16  43 16  59 16  48 17  84 18  err
juni_d1930  49 19  61 19  66 19  99 20  59 21  58 22  57 22  41 22  59 22  63 22  err
juni_d1940  70 22  62 22  37 22  56 23  60 23  64 24  57 24  48 24  57 25  54 25  err
juni_d1950  52 26  42 26  57 26  44 26  50 26  39 27  49 27  35 27  56 28  44 28  err
juni_d1960  40 28  45 28  42 29  28 29  42 29  48 29  41 30  57 30  30 30  43 30  err
juni_d1970  40 30  43 30  43 30  32 30  33 30  54 30  54 30  39 30  61 30  31 30  err
juni_d1980  59 30  47 31  30 31  29 31  26 31  42 31  47 31  34 31  40 31  42 31  err
juni_d1990  37 31  41 31  47 31  51 31  51 31  42 31  37 31  41 31  36 31  42 31  err
juni_d2000  39 31  44 30  38 30  39 28  47 27  46 27  28 27  40 27  36 27  42 26  err
juni_d2010 137  29990  09990  09990  09990  09990  09990  09990  09990  09990  0  err
juni_drop.rwl -- no data title --                         1st itrdb line missing     
juni_drop.rwl -- no data title --                         2nd itrdb line missing     
juni_drop.rwl -- no data title --                         3rd itrdb line missing     
juni_d1880   0  1   0  1   0  1   0  1   0  1   0  1   0  1   0  1   0  1   0  1  err
juni_d1890   0  1 154  2 315  2 128  2 169  2  75  2 110  2 101  2  38  3   8  3  err
juni_d1900  89  3  43  3   0  3 114  3  31  4  97  4 124  4  55  5  91  5  49  5  err
juni_d1910  67  6 155  6  31  6  21  7  51  9  91 11  86 12  51 12  76 13  47 13  err
juni_d1920  41 13  62 13  41 13  77 14  44 15  62 16  40 16  56 16  45 17  80 18  err
juni_d1930  47 19  58 19  62 19  93 20  56 21  55 22  54 22  39 22  56 22  60 22  err
juni_d1940  66 22  59 22  35 22  53 23  57 23  60 24  54 24  45 24  54 25  51 25  err
juni_d1950  49 26  39 26  54 26  41 26  47 26  37 27  46 27  33 27  53 28  42 28  err
juni_d1960  38 28  43 28  40 29  26 29  40 29  46 29  39 30  54 30  28 30  41 30  err
juni_d1970  38 30  41 30  41 30  30 30  32 30  51 30  51 30  37 30  57 30  30 30  err
juni_d1980  56 30  45 31  28 31  27 31  25 31  40 31  45 31  32 31  37 31  40 31  err
juni_d1990  35 31  39 31  44 31  48 31  49 31  39 31  35 31  39 31  34 31  39 31  err
juni_d2000  37 31  42 30  36 30  37 28  45 27  43 27  27 27  37 27  34 27  40 26  err
juni_d2010 129  29990  09990  09990  09990  09990  09990  09990  09990  09990  0  err
