  year  #   1
  1950   0.982
  1951   0.441
  1952   0.108
  1953   0.916
  1954   0.964
  1955   0.580
  1956   0.508
  1957  -0.027
  1958   0.603
  1959  -1.531
  1960   0.246
  1961  -0.890
  1962  -1.179
  1963  -1.388
  1964  -1.083
  1965   0.135
  1966  -2.974
  1967   0.596
  1968   0.404
  1969   0.434
  1970   0.944
  1971  -1.048
  1972   1.020
  1973  -0.454
  1974  -0.521
  1975   0.899
  1976   1.553
  1977  -1.270
  1978   1.882
  1979  -1.810
  1980   0.068
  1981   0.474
  1982   0.855
  1983  -0.005
  1984  -0.437
  1985   0.783
  1986   0.860
  1987  -1.379
  1988  -0.318
  1989   1.208
  1990   0.485
  1991  -1.624
  1992   0.856
  1993   0.931
  1994   0.120
  1995  -0.359
  1996  -0.919
  1997  -0.808
  1998   0.350
  1999  -0.946
  2000   0.764
