  year  #   1
  1950   3.131
  1951   2.690
  1952   2.361
  1953   2.408
  1954   2.198
  1955   1.673
  1956   1.220
  1957   0.775
  1958   0.777
  1959   0.062
  1960   0.256
  1961  -0.166
  1962  -0.516
  1963  -0.690
  1964  -0.737
  1965  -0.446
  1966  -1.140
  1967  -0.508
  1968  -0.351
  1969  -0.234
  1970  -0.049
  1971  -0.613
  1972  -0.125
  1973  -0.439
  1974  -0.526
  1975  -0.268
  1976   0.222
  1977  -0.493
  1978   0.280
  1979  -0.773
  1980  -0.535
  1981  -0.379
  1982  -0.172
  1983  -0.271
  1984  -0.438
  1985  -0.131
  1986   0.030
  1987  -0.721
  1988  -0.668
  1989  -0.258
  1990  -0.302
  1991  -0.962
  1992  -0.550
  1993  -0.361
  1994  -0.438
  1995  -0.661
  1996  -0.732
  1997  -0.840
  1998  -0.549
  1999  -0.750
  2000  -0.294
