  year  #   1       2       3       4       5       6       7       8       9      10      11      12      13      14      15      16      17      18      19      20      21      22      23      24      25      26
  1950   2.832   0.592  -2.052   0.354   1.766   0.269   1.929   0.392  -0.360   2.175  -0.106  -1.317  -1.205  -0.239  -0.407   0.253  -0.634  -0.430  -0.187  -0.120   0.082   0.481  -0.238  -0.096  -0.196  -0.164
  1951   1.272  -1.409  -3.068  -0.626  -0.074  -0.264   0.964   0.372   0.712  -0.386   0.204   0.307   0.151  -1.040  -0.212  -0.313   0.666  -0.921  -0.867   0.118  -0.596   0.127   0.220  -0.677  -0.184  -0.032
  1952   0.312   0.533  -1.670   0.393   2.811  -1.002  -0.912   0.980   2.012  -0.676  -1.405   1.048  -0.198  -0.224  -0.318  -0.031  -0.732   0.137   0.024   0.231   0.472   0.461  -0.133  -0.236   0.064   0.190
  1953   2.642   0.026  -1.784  -0.507  -0.258  -0.312   0.472   0.327   1.313  -1.071  -1.115  -0.838   0.626  -0.669   0.917  -1.586   0.366  -0.307   0.476   0.100   0.371  -0.055  -0.523   0.323   0.127  -0.196
  1954   2.778   0.793   0.463   0.855   1.475  -0.786  -2.001  -0.166   0.174   1.096  -0.469   0.086  -1.653   0.779  -1.106  -0.787   0.153  -0.519   0.620   0.607  -0.667  -0.169   0.138  -0.233  -0.084   0.086
  1955   1.673   0.212   0.375   0.919  -2.058   0.584   0.286  -0.660   0.315   0.319   0.005  -0.033  -0.117  -0.770  -1.350   1.150  -0.240   0.302   0.084   0.361  -0.440   0.475  -0.213   0.133  -0.074   0.487
  1956   1.466  -1.369   3.577   2.887  -0.093  -0.500  -2.138  -0.828   0.039   0.486  -0.077   0.379  -0.385  -0.262   0.842  -1.363   0.205   0.468  -0.321  -0.350  -0.176   0.476  -0.013  -0.038  -0.136  -0.147
  1957  -0.078  -0.521  -1.592   0.973   0.090   3.079   0.456  -0.246   0.314  -1.191  -0.399  -0.015   1.355   0.643  -1.298  -0.328   0.451   0.117  -0.566  -0.057   0.060  -0.172  -0.027   0.051   0.157   0.126
  1958   1.738  -3.040   2.266   0.321   1.156   2.172   1.291  -0.643   1.256   0.825   0.751  -0.456  -0.303  -0.872   0.307  -0.460   1.118   0.880  -0.219   0.700   0.161  -0.284   0.099  -0.365   0.097   0.162
  1959  -4.415   0.268  -0.490   1.849   0.266  -1.335  -0.969   1.209   0.271  -1.203  -0.289  -0.456   0.537  -0.430   0.820   0.385  -0.232   0.427  -0.357  -0.475   0.524   0.471  -0.389  -0.470   0.631  -0.266
  1960   0.710  -1.487   0.370  -0.876  -1.455   1.171  -0.494  -1.221   1.587   1.743   0.080   0.586  -0.173  -0.631   0.117   0.727  -0.854  -0.105   0.965   0.005   0.262   0.642  -0.135   0.114   0.379  -0.252
  1961  -2.566   0.424   1.115   1.915  -0.159   0.175   0.485   1.622   0.763   0.310  -0.090   0.560   0.597   0.056  -1.003   0.507  -0.898  -0.513   0.450   0.375   0.069  -0.621   0.332  -0.490  -0.132  -0.540
  1962  -3.399   1.523   1.374   0.421   0.299  -0.609   1.200  -1.292  -0.138  -0.022   0.445  -0.066   0.065  -0.163   0.289  -0.530   0.558   0.540  -0.550   0.263   0.141  -0.251   0.058  -0.641  -0.313  -0.131
  1963  -4.001   1.113   0.178  -0.784  -0.573   0.189   0.426  -0.301  -0.736   1.326  -1.467  -0.054  -0.382  -0.849  -0.145  -0.108  -1.221   0.487  -0.371   0.240   0.284   0.003   0.093   0.544   0.462   0.325
  1964  -3.123  -0.050   1.747  -2.342  -1.188   0.454  -0.680  -0.657   0.445   0.619  -0.041  -0.130   1.292  -0.740   1.160   0.817   0.709  -0.832   0.107  -0.251   0.218   0.326  -0.047   0.040  -0.322   0.192
  1965   0.390   2.783  -0.649   0.360   0.822   1.458  -0.202  -1.638  -0.325   0.224   0.098  -0.627   0.683   0.984   0.449  -0.304  -1.327   0.898  -0.325   0.478   0.097  -0.027   0.349  -0.187   0.073   0.123
  1966  -8.574   2.388  -0.937   1.100  -0.850  -1.181   0.450  -1.067  -0.924  -1.561   0.634  -0.205  -0.353  -0.823  -0.146  -0.109   0.567  -0.539   0.508   0.157  -0.617  -0.252   0.006   0.098  -0.094   0.231
  1967   1.718   3.581   1.667  -1.043  -0.321   1.929   0.430   0.374  -0.727   0.214  -0.868  -1.178   0.027   1.465  -0.582  -0.352   0.930  -0.771   0.676  -0.508   0.873   0.153  -0.452  -0.122  -0.342  -0.204
  1968   1.166   0.589   1.039   1.083  -0.268  -0.266  -0.714   0.255   0.015   0.027   0.459  -1.322   1.445  -0.213  -0.348   0.424  -0.252  -0.239  -0.842   0.000   0.134   0.393   0.225   0.056  -0.240   0.485
  1969   1.250  -0.363   0.845   1.063  -0.908   0.030   0.500  -0.049   1.032  -2.201   0.022  -0.564  -1.397   0.850  -0.509   0.500   0.777   0.244   0.107   0.018  -0.733  -0.051   0.464   0.413   0.349  -0.007
  1970   2.723  -1.242   1.294   0.019  -1.408  -1.134  -0.830  -0.493  -0.937  -1.476  -0.498  -1.430  -0.392   0.071   0.193   0.540  -1.291  -0.999  -0.640   1.211  -0.154  -0.082  -0.537   0.092  -0.258  -0.079
  1971  -3.022  -1.465  -0.508  -0.885  -1.502   1.969  -0.234   1.971   1.529  -0.246  -0.125  -0.678  -0.378   0.719   0.128   0.911   0.041   0.701   0.283  -0.168   0.343  -0.439   0.093  -0.043  -0.496   0.053
  1972   2.940  -1.210  -1.507  -0.567  -0.838  -1.970   0.947   0.073  -0.423   0.587   0.489  -0.802   0.456  -0.072  -0.499  -0.142   0.538   0.273  -1.112   0.118   0.812  -0.440   0.194   0.563   0.264  -0.209
  1973  -1.310  -1.485  -0.053  -0.195  -0.243   0.650   0.030   0.919  -0.559   0.313   0.380   0.007   1.040   0.709   0.630  -0.007  -0.997  -0.833  -0.040   0.026   0.074  -0.176   0.585  -0.371   0.083   0.060
  1974  -1.501  -1.467   0.080  -0.586  -0.604  -0.264   0.757   0.830  -0.810  -0.368  -0.693  -0.479  -0.344   0.532   0.162  -0.458   0.398  -0.636   0.080  -0.137  -0.279   1.408   0.757  -0.005   0.023   0.137
  1975   2.592  -1.829   0.759   0.083  -2.017  -1.511   0.328   0.548  -0.917  -0.405  -0.371  -0.139  -0.755   0.573  -0.229  -0.207  -0.027   0.596   0.763  -0.304   0.777  -0.670  -0.358  -0.594   0.560   0.522
  1976   4.479  -1.182   0.006  -2.315   0.717  -1.384  -0.362   0.034  -0.317  -0.194   1.981  -0.347   0.631   0.581   0.350  -0.912  -0.970   0.189   0.415  -0.402  -0.247  -0.521   0.280   0.462  -0.289  -0.136
  1977  -3.663  -1.172   0.788  -1.056   1.355  -0.681   2.464   0.108   1.124   0.182  -0.226   0.519  -1.201  -0.065   0.093   0.299   0.459  -0.398   0.021   0.283   0.031  -0.009  -0.408   0.484  -0.158  -0.131
  1978   5.426   1.072   0.710  -3.119   0.292  -0.253  -1.403   0.529  -1.475  -1.105  -0.130  -0.324  -0.307  -1.783  -1.301   0.802   0.511   0.640   0.238  -0.383   0.203   0.014   0.434  -0.381   0.236  -0.242
  1979  -5.219   0.296   0.374  -0.427   0.585  -0.050   0.172  -0.527   0.694  -0.264  -0.082   0.118   0.237  -1.077  -0.947  -1.115  -0.611   0.840   0.339  -0.025   0.450  -0.648   0.342   0.363  -0.252  -0.008
  1980   0.195   2.529   2.761  -3.431   0.737  -1.276   0.941   1.089   0.896   0.146  -0.788   0.977  -0.092   0.626   0.223  -0.247   0.025  -0.097  -1.156   0.314  -0.465  -0.117  -0.196   0.018   0.292   0.237
  1981   1.368  -0.761   0.601   1.764   1.622   0.459   2.497  -0.913  -2.028  -0.142  -1.621   0.687   0.319   0.522   0.206   0.357   0.077   0.458   0.055  -1.260  -0.108   0.097   0.129   0.255   0.045   0.047
  1982   2.464  -1.048  -2.020   0.594   0.622  -0.132  -0.979  -1.260   0.122  -0.072  -0.275   0.870   0.158  -0.133  -0.459   0.449   0.076   0.352   0.091  -0.317  -0.004   0.243  -0.123   0.185  -0.576   0.193
  1983  -0.014  -0.414  -2.045  -0.667   0.499  -0.420  -1.266  -0.331   0.656   0.148  -0.655   0.444  -0.112   0.813   1.028   0.409   0.013  -0.253   0.331  -0.889  -0.570  -0.563  -0.033  -0.013   0.041   0.468
  1984  -1.260  -1.234  -0.023   0.013   1.085  -0.488  -0.052  -0.258  -1.049  -0.669  -0.776   0.356   0.484   1.115   0.408   1.240   0.247   0.642   0.227   1.023  -0.066   0.412   0.446   0.322   0.074  -0.645
  1985   2.257   0.918  -1.814   1.069   0.449  -0.064   0.840   0.464  -1.155   0.841  -0.291  -1.566   0.285  -0.660   1.799   0.149   0.553   0.434   1.286   1.084  -0.403  -0.371   0.017  -0.131   0.019   0.200
  1986   2.480   2.443   0.709   0.392   1.015  -1.326   0.167  -0.444   2.120  -0.690   1.088  -0.148  -0.749   0.129   1.105   1.334  -0.012   0.080   0.204  -0.515   0.535  -0.118   0.671   0.068  -0.198   0.091
  1987  -3.976   0.006  -0.985  -1.656   0.278   0.914  -1.284  -1.045  -0.991  -0.231   0.504  -0.480  -1.209  -0.857   0.167  -0.757  -0.020  -0.122   0.286  -0.410   0.247   0.621   0.268  -0.110   0.125  -0.238
  1988  -0.918   0.694  -1.024  -0.689   0.645   1.627  -1.011   0.035   0.409   0.372   2.053  -0.592  -0.486   1.238   0.364  -0.011   0.304   0.402  -0.919  -0.036  -0.477   0.421  -0.401  -0.056   0.544  -0.014
  1989   3.482   1.913  -1.514   0.013  -1.243   0.354  -1.858  -0.425  -0.556   1.002  -1.120   1.909   0.354  -0.424   0.416   0.397   1.177   0.154  -0.735   0.365   0.015  -0.516   0.153   0.083  -0.131  -0.214
  1990   1.399   0.936   0.891   0.074  -0.932   0.709   1.296   1.465  -0.653   0.604   0.308   0.863   0.386  -0.906   0.523   0.429  -0.556   0.476   0.082  -0.706  -1.643  -0.328  -0.378  -0.086   0.147  -0.316
  1991  -4.683  -0.471  -1.406  -1.013  -0.492   0.211  -0.560   0.189  -1.429   0.923   1.828   1.400  -0.772   0.928  -0.370   0.055   0.274  -0.195   0.224   0.441   0.325  -0.251  -0.050   0.002   0.233   0.072
  1992   2.469   0.119   0.527  -0.736   0.111   2.590  -0.090   1.709  -0.701  -2.151   0.313   1.735   0.087  -0.404   0.425  -1.192  -0.644   0.093   0.416   0.548  -0.141   0.409  -0.132   0.263  -0.228   0.177
  1993   2.685   1.708  -0.947   2.307  -2.895  -1.036   1.114   0.764  -0.150   0.106   1.620   1.742  -0.616   0.339   0.386  -0.288   0.064   0.373  -0.124   0.080   0.878   0.622  -0.256   0.149  -0.308  -0.072
  1994   0.345  -0.213   0.883   2.457   1.262   1.949  -1.578   0.287  -0.398   0.047   0.101   0.044  -0.538  -0.724   0.378   0.336   0.295  -1.887  -0.369  -0.236   0.462  -0.933  -0.021   0.570   0.436  -0.068
  1995  -1.034  -0.579  -1.017  -0.544  -2.539   0.324  -0.118  -1.994   0.851  -0.386  -1.207  -0.727  -0.979   0.539   0.039  -0.487  -0.802   0.178  -0.600  -0.698  -0.519  -0.457  -0.200  -0.255  -0.257  -0.438
  1996  -2.650   0.410   0.053   1.041  -0.469  -1.505  -1.567   2.045   0.900   1.712   0.088  -1.287   1.314   0.228  -1.024  -0.674   0.770   0.580   0.407  -0.271  -0.739   0.263  -0.065   0.494   0.016  -0.093
  1997  -2.329  -1.961   0.472  -1.075   0.581  -1.409  -0.715  -1.174  -0.505   0.327  -0.896   0.892   1.254   1.064  -0.264   0.194   0.627   0.089   0.373   0.404   0.074   0.010  -0.483  -0.238  -0.097  -0.002
  1998   1.010  -0.565   0.366   0.532  -0.876  -1.121   1.310  -0.177  -0.003   0.973  -0.041   0.807   0.419   0.064  -0.292  -0.831  -0.215  -1.217   0.023  -0.360   0.098  -0.015   0.641  -0.203   0.143   0.142
  1999  -2.727  -1.775   0.416   0.215   2.277  -0.399  -0.677   1.340  -1.840  -0.035   0.783  -0.305  -0.640  -0.449  -0.182   0.584  -0.232   0.383  -0.615  -0.523   0.156  -0.149  -0.565  -0.029  -0.612   0.138
  2000   2.203   0.446   0.395   0.074   1.446  -0.590   0.945  -2.120   0.556  -0.902   1.888   0.229   1.531  -0.088  -0.932   0.351  -0.179  -0.621   0.755  -0.146  -0.182   0.157  -0.616  -0.071   0.357  -0.099
