 % variance  0.444
 cumulative  0.444
 series_id   #  1
  112323     0.282
  10122      0.548
  162575     0.811
  10010     -0.332
  12354      0.624
  30315      0.295
  200577     0.833
  10296      0.823
  161554    -0.094
  190483     0.896
  172637     0.744
  201261     0.879
  30226      0.621
  202941     0.737
  192588     0.797
  172453     0.912
  202585     0.879
  152623     0.630
  80694      0.505
  122295     0.846
  40024A     0.806
  162355     0.031
  131360     0.619
  72424     -0.068
  180906     0.808
  150048     0.425
