 % variance  0.320
 cumulative  0.320
 series_id   #  1
  112323     0.780
  10122      0.420
  162575     0.556
  10010      0.628
  12354      0.523
  30315      0.637
  200577     0.509
  10296      0.298
  161554     0.611
  190483     0.571
  172637     0.716
  201261     0.620
  30226      0.584
  202941     0.511
  192588     0.554
  172453     0.570
  202585     0.729
  152623     0.747
  80694      0.485
  122295     0.555
  40024A     0.432
  162355     0.562
  131360     0.441
  72424      0.328
  180906     0.562
  150048     0.462
