fagr_drop.rwl -- no data title --                         1st itrdb line missing     
fagr_drop.rwl -- no data title --                         2nd itrdb line missing     
fagr_drop.rwl -- no data title --                         3rd itrdb line missing     
60086   1954   728   458   540   733   620   599
60086   1960   771   770   857   119   759   219   677   724   823   176  res
60086   1970   723   468   479   607   623   438   597   862   455   491  res
60086   1980   505   209  1000  1000   519   720   656  1000   785   318  res
60086   1990   548   581   208   604   297   599   477   539   420   346  res
60086   2000   244   194   624   577   409   525   383   548   661   763  res
60086   2010 -9999
101100  1944   617   923   600   856  1000   836
101100  1950   869   903   789   611   746   485   815   861   757   684  res
101100  1960   799   811   861   761   765   519   698   750   858   303  res
101100  1970   775   572   745   692   785   695   617   863   541   593  res
101100  1980   531   413   481   411   723   756   660   688   805   527  res
101100  1990   553   654   459   659   481   600   714   717   544   507  res
101100  2000   420   648   758   599   642   601   446   566 -9999
60111   1940   805   662   871   765   746   949   607   893   618   902  res
60111   1950   931   941   859   779   888   809   848   907   762   770  res
60111   1960   816   821   863   806   848   559   718   755   869   320  res
60111   1970   780   781   828   786   790   769   740   866   659   737  res
60111   1980   597   544   785   423   762   812   701   710   823   674  res
60111   1990   607   739   583   721   571   726   813   739   553   803  res
60111   2000   691   678   782   679   662   747   733   737   678   771  res
60111   2010 -9999
40479   1969   661
40479   1970   785   862   838   789   795   794   768   883   725   759  res
40479   1980   619   677   817   529   792   827   723   753   825   774  res
40479   1990   633   775   664   734   741   773   865   805   704   821  res
40479   2000   736   712   787   758   725   749   772   774   699   788  res
40479   2010 -9999
90658   1933   540   909   713   728    11     6   643
90658   1940   941   917   949   775   845   951   862   910   892   903  res
90658   1950   931   944   861   845   892   845   888   922   769   778  res
90658   1960   851   858   879   839   874   638   795   874   871   732  res
90658   1970   794   869   847   848   838   821   783   883   861   766  res
90658   1980   686   737   820   613   813   849   744   807   840   779  res
90658   1990   712   851   673   787   759   823   869   867   805   866  res
90658   2000   745   795   790   807   779   824   809   779   803   822  res
90658   2010 -9999
40485   1973   856   867   839   813   886   862   798
40485   1980   738   801   831   754   857   859   771   842   845   786  res
40485   1990   854   863   699   811   767   825   874   905   819   874  res
40485   2000   760   813   807   841   790   844   809   812   827   846  res
40485   2010 -9999
90062   1948   949   948
90062   1950   931   948   916   919   900   858   914   928   813   842  res
90062   1960   867   867   884   840   876   730   854   887   871   800  res
90062   1970   833   877   887   858   874   846   837   886   862   801  res
90062   1980   744   857   841   760   899   889   776   845   875   820  res
90062   1990   878   874   772   838   834   828   891   922   826   887  res
90062   2000   786   824   826   850   804   883   841   826   853   854  res
90062   2010 -9999
111208  1940   971   969   974   971   928   980   924   965   950   960  res
111208  1950   945   964   919   940   918   901   937   939   856   843  res
111208  1960   911   888   913   864   906   829   868   891   879   800  res
111208  1970   855   887   895   880   882   873   873   892   873   860  res
111208  1980   800   874   878   765   902   896   800   855   893   825  res
111208  1990   892   898   778   867   848   909   896   923   845   897  res
111208  2000   839   835   860   864   833   890   845   834   886   868  res
111208  2010 -9999
70182   1951   966   937   967   958   924   938   941   902   893
70182   1960   911   888   925   909   918   857   889   897   880   850  res
70182   1970   866   892   903   886   891   876   890   893   890   864  res
70182   1980   803   889   886   770   903   904   868   868   917   834  res
70182   1990   892   900   837   869   862   912   898   924   848   917  res
70182   2000   845   862   866   868   841   901   851   839   890   876  res
70182   2010 -9999
100956  1971   899   908   895   911   895   891   898   892   866
100956  1980   821   891   887   791   912   905   886   870   927   844  res
100956  1990   903   910   850   887   884   915   900   924   855   923  res
100956  2000   858   876   894   901   849   904   878   843 -9999
90616   1921  1000  1000  1000  1000  1000  1000  1000  1000  1000
90616   1930   343  1000   909   951   992   928   946   604   495   855  res
90616   1940   974   980   984   976   992   983   982   971   971   960  res
90616   1950   963   966   942   971   965   924   946   953   940   906  res
90616   1960   930   891   934   910   920   861   891   899   889   887  res
90616   1970   894   941   911   907   924   908   893   899   896   868  res
90616   1980   832   892   898   854   915   907   888   877   937   864  res
90616   1990   908   923   897   917   922   925   901   927   904   934  res
90616   2000   874   901   902   903   863   908   893 -9999
40549   1951   980   977   972   968   927   959   960   940   909
40549   1960   939   895   940   933   932   875   908   905   896   888  res
40549   1970   910   942   911   922   927   909   911   919   896   915  res
40549   1980   864   895   906   902   919   911   892   893   943   910  res
40549   1990   911   924   900   917   924   933   902   931   908   942  res
40549   2000   889   902   911   938   877   927   901   875   895   879  res
40549   2010 -9999
90278   1946   991   988   977   975
90278   1950   991   984   989   977   971   931   962   969   948   961  res
90278   1960   949   906   947   946   934   886   934   908   919   902  res
90278   1970   929   946   923   931   942   938   917   921   908   922  res
90278   1980   893   909   909   904   927   917   895   929   947   913  res
90278   1990   917   930   904   921   937   946   902   933   913   942  res
90278   2000   911   903   918   938   884   945 -9999
50340   1944  1000   995   998   997   998   992
50340   1950   992   986   989   985   979   942   964   974   953   970  res
50340   1960   952   939   954   948   944   891   943   912   933   937  res
50340   1970   933   948   953   943   947   940   925   924   919   924  res
50340   1980   900   910   927   922   929   921   903   934   947   924  res
50340   1990   928   932   905   948   937   950   907   935   920   947  res
50340   2000   938   920   919   939   893   952   905   899   896   911  res
50340   2010 -9999
110795  1966   945   924   939   937
110795  1970   933   959   954   946   949   941   926   926   926   926  res
110795  1980   903   918   929   929   948   925   922   939   949   925  res
110795  1990   943   937   919   948   940   956   928   952   922   949  res
110795  2000   943   944   941   939   897   952   906   910   938   911  res
110795  2010 -9999
60339   1964   948   893   950   936   943   950
60339   1970   935   959   955   960   952   943   928   939   929   933  res
60339   1980   907   924   943   956   953   938   922   941   949   936  res
60339   1990   944   939   928   950   943   958   938   953   933   950  res
60339   2000   944   960   949   946   904   952   930   928   943   926  res
60339   2010 -9999
110797  1954   985   986   969   984   980   972
110797  1960   954   949   960   952   950   938   953   953   950   960  res
110797  1970   936   960   959   960   954   943   939   944   930   947  res
110797  1980   937   933   953   958   958   952   931   946   951   941  res
110797  1990   944   949   929   951   951   960   949   954   954   952  res
110797  2000   967   960   953   950   939   956   932   951   947   949  res
110797  2010 -9999
90121   1954   988   993   985   984   981   979
90121   1960   963   973   963   953   952   961   953   961   953   963  res
90121   1970   953   965   963   966   955   946   953   945   948   968  res
90121   1980   938   940   956   958   960   954   948   947   953   950  res
90121   1990   947   956   955   966   953   961   955   954   954   954  res
90121   2000   973   968   958   959   962   956   945   953   951   956  res
90121   2010 -9999
40554   1928  1000  1000
40554   1930   972   939   938   983   992   981   973   954   947   973  res
40554   1940   996   992   985   987   989   997   997  1000  1000   997  res
40554   1950  1000   993   996   991   996   995   985   986   985   979  res
40554   1960   963   983   968   953   960   963   962   963   955   965  res
40554   1970   955   967   970   968   959   970   966   955   956   972  res
40554   1980   941   954   958   964   964   960   969   955   960   957  res
40554   1990   954   961   956   969   958   961   961   957   956   955  res
40554   2000   977   968   958   959   964   956   950   955   953   961  res
40554   2010 -9999
50299   1964   963   963   965   971   962   970
50299   1970   979   967   970   973   968   975   975   970   962   973  res
50299   1980   961   964   963   965   966   966   971   964   962   962  res
50299   1990   959   961   960   971   961   963   967   959   958   955  res
50299   2000   979   971   960   961   967   963   954   959   971   965  res
50299   2010 -9999
60145   1971   969   971   976   969   978   976   976   963   973
60145   1980   968   965   963   966   967   971   971   966   963   976  res
60145   1990   960   963   970   972   967   963   971   962   961   960  res
60145   2000   980   973   965   964   973   964   954   960   973   975  res
60145   2010 -9999
90276   1960   976   986   973   959   968   975   972   973   970   976  res
90276   1970   979   973   982   977   972   979   981   976   967   976  res
90276   1980   971   967   967   970   974   977   977   967   967   982  res
90276   1990   964   965   972   973   973   967   974   963   966   961  res
90276   2000   980   974   967   964   977   966   955   967   983   979  res
90276   2010 -9999
40480   1963   964   970   976   982   975   970   987
40480   1970   986   974   982   979   974   979   984   977   972   979  res
40480   1980   972   970   972   977   975   981   978   969   973   983  res
40480   1990   968   969   976   974   981   967   975   966   968   964  res
40480   2000   982   976   969   967   978   971   975   980   983   981  res
40480   2010 -9999
90567   1950  1000  1000   997   992   997   995   991   995   986   987  res
90567   1960   976   990   975   972   971   978   982   986   973   995  res
90567   1970   986   980   989   985   974   980   984   977   975   980  res
90567   1980   977   979   978   985   978   982   981   973   975   984  res
90567   1990   970   974   978   974   983   969   975   967   972   969  res
90567   2000   984   977   983   970   980   981   982   981   985 -9999  res
182695  1963   980   985   986   983   988   980   995
182695  1970   986   981   992   988   979   989   988   981   978   980  res
182695  1980   978   982   979   985   979   982   981   973   975   985  res
182695  1990   981   977   988   981   984   969   976   972   981   974  res
182695  2000   984   978   984   975   982   982   983   983   986   985  res
182695  2010 -9999
10194   1983   987   980   985   983   976   976   987
10194   1990   984   983   990   983   985   971   986   977   981   975  res
10194   2000   987   980   985   984   988   985   986   986   988   987  res
10194   2010 -9999
171306  1969   995
171306  1970   988   983   994   988   981   989   988   983   978   983  res
171306  1980   982   985   982   989   980   987   984   979   979   987  res
171306  1990   988   985   992   985   986   974   988   984   982   981  res
171306  2000   987   980   987   984   991   986   991   988   988   989  res
171306  2010 -9999
12032   1975   989   989   989   981   990
12032   1980   983   985   982   990   985   987   989   983   980   989  res
12032   1990   988   988   993   987   991   976   990   987   983   981  res
12032   2000   987   982   987   985   992   987 -9999
190635  1969   997
190635  1970   990   988   994   990   987   994   990   990   987   990  res
190635  1980   989   986   983   992   989   989   991   986   985   989  res
190635  1990   988   989   995   991   992   978   991   988   984   981  res
190635  2000   991   984   990   985   994   988   993   989   989   991  res
190635  2010 -9999
150911  1959   989
150911  1960   981   990   980   984   990   994   987   990   981   997  res
150911  1970   993   989   996   990   990   994   991   991   989   993  res
150911  1980   991   988   985   995   992   990   992   987   986   989  res
150911  1990   989   989   995   991   995   978   991   988   986   982  res
150911  2000   993   985   991   992   995   991   994   989   990   991  res
150911  2010 -9999
151140  1963   986   991   995   992   992   987   998
151140  1970   995   994   996   992   997   996   991   995   991   994  res
151140  1980   992   988   986   995   994   990   993   988   989   989  res
151140  1990   991   989   995   993   996   979   995   988   988   983  res
151140  2000   993   989   995   994   996   992   996   992   994   993  res
151140  2010 -9999
160760  1974   998   996   996   995   995   994
160760  1980   994   994   991   995   996   993   993   990   990   989  res
160760  1990   992   991   996   994   996   981   995   989   989   988  res
160760  2000   994   994   997   994   996   992   997   993   994 -9999  res
151123  1961   991   981   992   994   996   993   993   988  1000
151123  1970   996   995   996   997   998   997   996   997   998   996  res
151123  1980   998   996   993   996   996   995   995   991   991   992  res
151123  1990   993   994   997   995   996   984   997   996   991   988  res
151123  2000   994   998   998   995   997   995   998   996   995   998  res
151123  2010 -9999
152529  1955   998   995   996   998   993
152529  1960   985   997   987   995   996   996   996   994   992  1000  res
152529  1970   997   996   997   998   998   998  1000  1000   998   998  res
152529  1980   998   997   993   996   996   995   995   996   992   996  res
152529  1990   994   998   998   997   996   986   997  1000   992   988  res
152529  2000   994   998  1000   995   998   996  1000  1000   998  1000  res
152529  2010 -9999
10619   1959   994
10619   1960   990  1000   990   995   996   997   996   996   992  1000  res
10619   1970   997  1000  1000  1000  1000   998  1000  1000   998   998  res
10619   1980  1000   998   994   996   997   996   996   997   995   998  res
10619   1990   994  1000  1000   997   997   987   997  1000   993   991  res
10619   2000   994   998  1000   996  1000   997  1000  1000   998  1000  res
10619   2010 -9999
20820   1971  1000  1000  1000  1000   998  1000  1000   998  1000
20820   1980  1000   998   994   997   998   997   997   998   996  1000  res
20820   1990   995  1000  1000   997   998   992   997  1000   998   991  res
20820   2000   994   998  1000   998  1000   997  1000  1000   998  1000  res
20820   2010 -9999
60426   1954   998  1000   995   998  1000   997
60426   1960   991  1000  1000   996   998   997   997   997   993  1000  res
60426   1970   997  1000  1000  1000  1000  1000  1000  1000  1000  1000  res
60426   1980  1000  1000   994   998   998   998   998   998   996  1000  res
60426   1990   997  1000  1000   998   998   992   998  1000   998   992  res
60426   2000   995  1000  1000   998  1000   998  1000  1000  1000  1000  res
60426   2010 -9999
70018   1958  1000  1000
70018   1960   992  1000  1000   997   998  1000   997   998   994  1000  res
70018   1970   998  1000  1000  1000  1000  1000  1000  1000  1000  1000  res
70018   1980  1000  1000   997  1000   998  1000   998  1000   997  1000  res
70018   1990   998  1000  1000   998  1000   996   998  1000  1000  1000  res
70018   2000   996  1000  1000   998  1000  1000  1000  1000  1000  1000  res
70018   2010 -9999
10675   1960   994  1000  1000   997  1000  1000   998  1000   996  1000  res
10675   1970   998  1000  1000  1000   997  1000  1000  1000  1000  1000  res
10675   1980  1000  1000   998  1000   998  1000   998  1000  1000  1000  res
10675   1990   998  1000  1000   998  1000   997  1000  1000  1000  1000  res
10675   2000   996  1000  1000  1000  1000  1000  1000   998  1000  1000  res
10675   2010 -9999
50559   1955  1000   998  1000  1000  1000
50559   1960  1000  1000  1000   998  1000  1000  1000  1000   996  1000  res
50559   1970   998  1000  1000  1000   997  1000  1000  1000  1000  1000  res
50559   1980  1000  1000   998  1000  1000  1000  1000  1000  1000  1000  res
50559   1990  1000  1000  1000  1000  1000   998  1000  1000  1000  1000  res
50559   2000   996  1000  1000  1000  1000  1000  1000   998  1000  1000  res
50559   2010 -9999
52130   1959  1000
52130   1960  1000  1000  1000  1000  1000  1000  1000  1000   997  1000  res
52130   1970  1000  1000  1000  1000   997  1000  1000  1000  1000  1000  res
52130   1980  1000  1000  1000  1000  1000  1000  1000  1000  1000  1000  res
52130   1990  1000  1000  1000  1000  1000  1000  1000  1000  1000  1000  res
52130   2000   996  1000  1000  1000  1000  1000   998   998  1000  1000  res
52130   2010 -9999
102157  1951  1000  1000   998  1000  1000   998  1000   997  1000
102157  1960  1000  1000  1000  1000  1000  1000  1000  1000   998  1000  res
102157  1970  1000  1000  1000  1000   997  1000  1000  1000   998  1000  res
102157  1980   998  1000  1000  1000  1000  1000  1000  1000  1000  1000  res
102157  1990  1000  1000  1000  1000  1000  1000  1000  1000  1000  1000  res
102157  2000   998  1000  1000  1000  1000  1000   998   998  1000  1000  res
102157  2010 -9999
50652   1967  1000   998  1000
50652   1970  1000   998  1000   998   996  1000  1000  1000   998  1000  res
50652   1980   998  1000  1000  1000  1000  1000  1000  1000  1000  1000  res
50652   1990   998  1000   998  1000  1000  1000  1000  1000  1000  1000  res
50652   2000   998  1000   997  1000  1000  1000   997   998  1000  1000  res
50652   2010 -9999
40873   1920  1000  1000  1000  1000  1000  1000  1000  1000  1000  1000  res
40873   1930   996   980   972   996  1000  1000   993   986   990  1000  res
40873   1940   997  1000   986  1000   988  1000   986   997  1000   993  res
40873   1950  1000  1000   996  1000  1000  1000   998  1000   996  1000  res
40873   1960  1000  1000  1000  1000  1000  1000  1000   998  1000  1000  res
40873   1970  1000   998  1000   998   996  1000   998  1000   998  1000  res
40873   1980   997  1000  1000  1000  1000  1000  1000  1000  1000  1000  res
40873   1990   995  1000   998  1000  1000  1000  1000  1000  1000  1000  res
40873   2000  1000  1000   997  1000   998  1000   997   996  1000   997  res
40873   2010 -9999
52010   1956  1000  1000   993   998
52010   1960  1000  1000  1000  1000  1000  1000  1000   998  1000  1000  res
52010   1970  1000   998  1000   997   992   998   998  1000   996  1000  res
52010   1980   996   998  1000  1000  1000  1000  1000  1000  1000  1000  res
52010   1990   995  1000   998  1000   997  1000  1000  1000   998   997  res
52010   2000  1000  1000   997   998   997   998   996   996   993   997  res
52010   2010 -9999
30483   1968  1000  1000
30483   1970  1000   998   998   996   989   998   997  1000   995  1000  res
30483   1980   996   997  1000  1000  1000  1000  1000  1000  1000  1000  res
30483   1990   994  1000   998  1000   995   998  1000   998   998   995  res
30483   2000  1000  1000   996   995   996   997   993   996   993   996  res
30483   2010 -9999
50557   1955   996  1000  1000   993   998
50557   1960   997   995  1000  1000  1000  1000  1000   997  1000  1000  res
50557   1970  1000   996   998   995   989   998   997  1000   995  1000  res
50557   1980   995   995  1000  1000  1000   998   998  1000  1000  1000  res
50557   1990   992  1000   995  1000   994   998  1000   997   997   995  res
50557   2000  1000   998   995   994   996   994   993   995   992   996  res
50557   2010 -9999
60486   1948   998   985
60486   1950   998   998   993  1000  1000   994  1000  1000   992   995  res
60486   1960   992   994  1000  1000   998  1000   998   997  1000  1000  res
60486   1970   996   994   996   995   987   995   997  1000   994  1000  res
60486   1980   993   994   998   998  1000   998   996   997  1000   998  res
60486   1990   992  1000   993  1000   994   995   997   996   995   993  res
60486   2000  1000   996   995   991   995   992   991   994   986 -9999  res
60467   1962   998   998   996  1000   998   997   998   994
60467   1970   996   991   995   991   985   994   995   998   993   998  res
60467   1980   993   992   997   998  1000   998   996   995  1000   998  res
60467   1990   991   998   993  1000   992   993   995   995   995   992  res
60467   2000  1000   995   995   990   995   991   986   993   983   992  res
60467   2010 -9999
50563   1954   997   993  1000   995   991   995
50563   1960   988   994   997   998   995   989   997   996   997   994  res
50563   1970   993   990   994   991   985   994   991   997   991   998  res
50563   1980   991   992   997   998   998   996   993   994   998   998  res
50563   1990   990   997   993  1000   989   991   992   994   995   990  res
50563   2000   998   993   994   987   995   990   985   989   980   989  res
50563   2010 -9999
40563   1932   986   998  1000   996  1000  1000   998  1000
40563   1940  1000  1000   996   989   982   998   985   996   997   982  res
40563   1950   996   974   986  1000   997   986   990   992   990   983  res
40563   1960   987   992   995   993   995   985   995   991   994   994  res
40563   1970   989   989   992   990   984   990   988   997   989   993  res
40563   1980   990   991   997   998   995   992   991   994   998   995  res
40563   1990   988   996   993  1000   988   987   992   994   994   988  res
40563   2000   997   992   989   986   994   988   983   986   977   986  res
40563   2010 -9999
20693   1967   988   993   993
20693   1970   987   988   992   990   983   990   984   997   981   992  res
20693   1980   990   989   997   997   993   991   988   992   995   992  res
20693   1990   988   994   991   998   986   985   991   992   987   987  res
20693   2000   997   991   986   982   992   988   983   985   976   976  res
20693   2010 -9999
30333   1930   989   997   982   976   344   981   993   984  1000   978  res
30333   1940   969   964   978   982   944   976   984   983   990   966  res
30333   1950   995   973   983  1000   995   983   987   990   989   973  res
30333   1960   987   991   995   993   994   981   985   981   991   991  res
30333   1970   985   983   988   978   983   990   984   994   978   985  res
30333   1980   990   988   996   995   993   991   987   992   991   992  res
30333   1990   985   989   989   998   983   983   989   990   982   987  res
30333   2000   992   987   986   981   990   987   983   981   969   976  res
30333   2010 -9999
92562   1953   998   994   980   980   988   989   969
92562   1960   981   988   991   981   994   979   982   975   985   977  res
92562   1970   983   980   985   976   979   989   977   993   978   983  res
92562   1980   989   981   995   993   993   987   985   991   988   989  res
92562   1990   983   987   989   996   983   981   988   990   982   987  res
92562   2000   989   981   983   981   989   987   980   979   965   969  res
92562   2010 -9999
20627   1977   990   977   980
20627   1980   976   978   994   990   986   987   985   982   981   989  res
20627   1990   982   986   988   993   980   979   979   989   982   985  res
20627   2000   983   974   982   977   987   985   978   975   965   965  res
20627   2010 -9999
10664   1974   979   980   975   988   975   976
10664   1980   976   977   994   981   985   977   981   979   979   988  res
10664   1990   981   977   988   989   978   977   977   986   980   984  res
10664   2000   981   969   979   973   978   978   978   975   956   965  res
10664   2010 -9999
40585   1979   974
40585   1980   975   976   993   975   980   975   977   977   978   984  res
40585   1990   977   977   987   977   977   974   977   985   979   977  res
40585   2000   979   969   978   972   969   972   976   972   951   958  res
40585   2010 -9999
101150  1975   980   973   985   973   972
101150  1980   974   974   990   970   971   974   973   973   977   978  res
101150  1990   976   971   987   967   975   962   972   985   977   977  res
101150  2000   975   964   978   966   965   968   975   967   951   954  res
101150  2010 -9999
150941  1954   971   980   977   964   989   968
150941  1960   976   985   991   977   994   978   980   974   979   974  res
150941  1970   980   974   983   972   978   976   972   975   972   965  res
150941  1980   971   971   989   968   969   973   971   972   976   974  res
150941  1990   976   969   984   956   971   962   971   984   974   977  res
150941  2000   966   962   975   953   964   961   969   966   948   945  res
150941  2010 -9999
20847   1968   978   968
20847   1970   979   974   973   969   977   974   964   972   971   964  res
20847   1980   967   969   969   966   964   966   964   968   972   969  res
20847   1990   968   960   983   955   970   959   967   981   971   969  res
20847   2000   965   961   974   941   948   959   966   949   941   945  res
20847   2010 -9999
30233   1902  1000  1000  1000  1000  1000  1000  1000  1000
30233   1910  1000  1000  1000  1000  1000  1000  1000  1000  1000  1000  res
30233   1920  1000  1000  1000  1000  1000  1000  1000  1000  1000  1000  res
30233   1930   957   983   857   900   149   943   971   975   988   970  res
30233   1940   794   941   964   972   934   971   960   958   971   939  res
30233   1950   983   966   980   996   964   966   935   962   984   952  res
30233   1960   960   985   985   967   980   970   979   972   978   961  res
30233   1970   975   967   961   967   974   971   962   961   963   961  res
30233   1980   963   961   967   962   948   961   959   962   962   966  res
30233   1990   965   957   961   946   958   955   963   959   970   966  res
30233   2000   960   952   974   934   941   932   959   940   936 -9999  res
40536   1964   979   969   966   969   946   958
40536   1970   971   962   953   963   970   970   961   959   962   955  res
40536   1980   959   959   944   946   944   952   956   956   959   958  res
40536   1990   964   956   955   941   957   940   957   959   965   965  res
40536   2000   955   948   961   933   938   926   949   939   935   942  res
40536   2010 -9999
40493   1953   957   954   953   930   954   983   951
40493   1960   952   956   973   967   978   968   965   962   931   955  res
40493   1970   966   961   951   957   968   958   951   958   961   954  res
40493   1980   957   957   940   944   942   946   956   947   952   952  res
40493   1990   962   955   953   937   952   937   956   958   954   959  res
40493   2000   953   947   956   933   934   926   946   937   935   940  res
40493   2010 -9999
60129   1952   963   920   949   952   925   952   983   938
60129   1960   937   943   963   963   970   967   959   962   931   952  res
60129   1970   965   960   943   954   957   939   942   952   958   950  res
60129   1980   954   955   937   939   940   942   951   947   940   951  res
60129   1990   954   954   952   936   944   936   953   952   952   956  res
60129   2000   948   945   953   932   932   919   938   933   927   895  res
60129   2010 -9999
50330   1958   968   911
50330   1960   934   940   962   963   970   966   938   959   931   942  res
50330   1970   956   957   941   951   953   929   940   949   953   949  res
50330   1980   950   954   904   932   938   941   951   945   939   946  res
50330   1990   953   941   950   925   944   935   951   943   952   955  res
50330   2000   940   939   949   925   923   887   937   924   923   888  res
50330   2010 -9999
30214   1950   966   966   958   876   903   912   916   947   938   910  res
30214   1960   932   931   958   952   967   950   937   939   926   919  res
30214   1970   943   938   934   947   952   927   929   941   945   944  res
30214   1980   942   947   892   916   933   938   944   937   939   939  res
30214   1990   944   937   945   910   941   924   946   938   950   950  res
30214   2000   937   937   924   923   902   876   927   913   902   888  res
30214   2010 -9999
132532  1952   944   870   859   866   830   934   921   907
132532  1960   909   930   949   932   963   949   923   936   920   916  res
132532  1970   939   934   928   944   949   893   922   930   944   937  res
132532  1980   926   941   888   915   932   923   928   936   932   934  res
132532  1990   941   926   941   904   933   919   942   930   924   946  res
132532  2000   915   934   919   908   852   864   923   898 -9999
50301   1958   911   890
50301   1960   835   929   943   926   954   946   903   928   882   909  res
50301   1970   922   901   921   940   943   888   915   918   925   934  res
50301   1980   917   932   879   901   918   920   911   928   923   931  res
50301   1990   941   907   932   900   932   918   937   926   901   934  res
50301   2000   903   932   916   886   848   856   907   890 -9999
152661  1970   898   895   914   908   940   872   903   897   921   926  res
152661  1980   914   930   857   887   916   919   896   924   918   917  res
152661  1990   940   886   911   884   932   915   936   925   901   915  res
152661  2000   879   915   911   878   831   756   901   880   869   876  res
152661  2010 -9999
111171  1950   930   959   912   846   829   807   826   926   906   888  res
111171  1960   757   928   942   925   951   892   868   920   854   891  res
111171  1970   891   891   912   881   934   866   900   886   917   917  res
111171  1980   913   927   851   864   913   916   889   913   912   862  res
111171  1990   929   875   901   881   931   908   932   919   889   915  res
111171  2000   872   912   911   859   824   749   900   878   869   798  res
111171  2010 -9999
10743   1964   936   869   818   907   842   886
10743   1970   886   883   905   881   929   815   896   871   916   881  res
10743   1980   880   910   796   857   910   910   844   912   908   842  res
10743   1990   918   808   901   880   929   900   931   896   884   901  res
10743   2000   864   910   904   848   822   743   881   875   835   790  res
10743   2010 -9999
40889   1962   937   882   816   864   816   901   839   851
40889   1970   857   882   875   858   917   811   872   828   903   869  res
40889   1980   866   875   769   857   894   907   826   900   893   818  res
40889   1990   904   793   896   855   917   887   914   883   851   900  res
40889   2000   857   908   886   820   820   725   862   871   832   764  res
40889   2010 -9999
60295   1962   931   880   815   831   798   891   835   828
60295   1970   850   868   865   848   915   806   872   824   873   866  res
60295   1980   865   869   768   850   883   887   808   873   879   812  res
60295   1990   898   783   881   848   888   883   902   861   837   898  res
60295   2000   842   895   845   805   819   714   852   832   789   761  res
60295   2010 -9999
30534   1979   860
30534   1980   861   847   739   849   876   886   785   859   877   790  res
30534   1990   874   773   868   845   876   878   894   857   819   887  res
30534   2000   814   889   805   761   779   669   836   816   787 -9999  res
50433   1960   684   913   926   846   801   810   715   891   822   814  res
50433   1970   825   864   854   848   876   780   833   820   872   860  res
50433   1980   855   839   658   847   873   884   767   835   845   757  res
50433   1990   866   734   867   810   875   865   882   850   791   886  res
50433   2000   788   885   771   758   677   586   705 -9999
10647   1942   954   963   921   960   895   932   793   858
10647   1950   924   905   886   837   807   699   788   812   872   886  res
10647   1960   676   831   915   807   758   779   705   891   819   694  res
10647   1970   729   839   842   846   846   759   831   816   846   851  res
10647   1980   832   824   649   715   867   875   761   834   796   691  res
10647   1990   775   717   823   802   845   820   851   840   789   877  res
10647   2000   772   833   765   553   674   538   556   522     6   726  res
10647   2010 -9999
171150  1961   808   881   738   751   771   694   890   768   605
171150  1970   716   826   795   757   845   748   729   764   829   779  res
171150  1980   830   768   623   562   842   870   748   815   773   670  res
171150  1990   762   681   795   711   844   794   815   820   758   863  res
171150  2000   728 -9999
70180   1977   750   711   770
70180   1980   797   630   570   521   829   763   733   793   681   636  res
70180   1990   664   610   739   693   727   789   728   802   752   849  res
70180   2000   682   809   763   405   519    48   372   500 -9999
10730   1936   659   957   945   919
10730   1940   399   940   946   931   290   949   811   886   791   804  res
10730   1950   922   814   836   700   735   655   784   810   639   869  res
10730   1960   577   729   853   731   750   767   692   788   630   590  res
10730   1970   686   757   734   718   792   665   706   707   698   754  res
10730   1980   744   465   485   520   817   602   722   761   666   548  res
10730   1990   655   314   595   620   704   769   703   784   742   764  res
10730   2000   677   716   714 -9999
30472   1954   369   528   746   428   514   788
30472   1960   572   436   672   709   738   684   488   783   478    74  res
30472   1970   647   380   367   694   636   413   638   633   682   565  res
30472   1980   740   354   167   460   781   559   606   645   653   540  res
30472   1990   504   203   497   620   638   763   699   775   707   697  res
30472   2000   649   566 -9999
30421r  1887  1000  1000  1000
30421r  1890  1000  1000  1000  1000  1000  1000  1000  1000  1000  1000  res
30421r  1900  1000  1000  1000  1000  1000  1000  1000  1000  1000  1000  res
30421r  1910  1000  1000  1000  1000  1000  1000  1000  1000  1000  1000  res
30421r  1920  1000  1000  1000  1000  1000  1000  1000  1000  1000  1000  res
30421r  1930   940   891   397   870     0   817   219   936   607   327  res
30421r  1940   197   710   938   859   110   890   502   640   595   786  res
30421r  1950   538   642   691   287   148   141   489   364   491   702  res
30421r  1960   402   231   530   600   641   684   289   550   346  1000  res
30421r  1970   516    27    79   670   611   272   554   284   674     0  res
30421r  1980   724  1000   115  1000   535   491   313   612   649   288  res
30421r  1990   460     4   357   433     4   737   633   224   658   572  res
30421r  2000   573   552   713   306   491 -9999
