fagr_drop.rwl -- no data title --                         1st itrdb line missing     
fagr_drop.rwl -- no data title --                         2nd itrdb line missing     
fagr_drop.rwl -- no data title --                         3rd itrdb line missing     
60086   1954   108  1037  1337  1305   912   731
60086   1960   696   600   524   659   727   577   725   656   679   820  ind
60086   1970  1239  1105  1092  1151  1154  1039   741   855  1016  1238  ind
60086   1980  1595  1653  1516  1266  1256  1240  1033   856   820   818  ind
60086   1990   941   824  1002  1129  1189   997  1055  1195  1148   864  ind
60086   2000  1088  1138   981  1076  1129  1086   887  1217  1071  1213  ind
60086   2010 -9999
101100  1944   192   216   507   300   809   874
101100  1950   906   556   638   628   779   795  1060   802   994   850  ind
101100  1960   874  1049   804   729   820   853   682   872   952  1108  ind
101100  1970   671   655   630   678   624   703  1023  1347  1052  1150  ind
101100  1980  2079  1858  1829  1806  1785  1782  1888  1603  1595  1235  ind
101100  1990  1493  1471  1412  1197  1518  1046  1305  1346   905   524  ind
101100  2000   665   773   718   869   652   655   586  1226 -9999
60111   1940   497   779   574   579   587   901   589   938   786   670  ind
60111   1950   782   645   622   466  1054  1201  1588  1382  1508  1383  ind
60111   1960  1363  1374  1449  1496  1619  1521   976  1374  1406  1439  ind
60111   1970  1242   863   868   633   784   787   974   955   733   993  ind
60111   1980   969   935  1153  1063  1275  1379  1316   843   873   885  ind
60111   1990   876   892   576   855   710   561   796   968  1174   651  ind
60111   2000   782   983  1181  1085   986  1034   818  1245  1202  1562  ind
60111   2010 -9999
40479   1969   886
40479   1970   368   669   872   875   942   455   828   387   577   608  ind
40479   1980  1132   921   962   696   554   638   772   775  1074  1221  ind
40479   1990  1510  1054  1216  1147  1324  1462  1595  1184  1279  1132  ind
40479   2000  1870  1676  1404  1440  1023   960   848   570   942  1154  ind
40479   2010 -9999
90658   1933   577   670   763   459   434   575   645
90658   1940   708   600   792   430   282   421   712   673   656   710  ind
90658   1950   577   453   333   176  1296   862   854  1456  1317   987  ind
90658   1960   795   981  1278  1408  1171  1185   932  1286  1225  1268  ind
90658   1970  1113  1147  1246  1206  1024   752  1015   988   905   894  ind
90658   1980  1239  1281  1184  1264  1501  1312  1527  1369  1362  1499  ind
90658   1990  1414  1203  1329  1291  1445  1354  1159  1013  1278  1045  ind
90658   2000  1014  1039  1134  1191  1232  1052  1012  1026   926  1070  ind
90658   2010 -9999
40485   1973   730   497   308   948   744   679   352
40485   1980  1343  1224  1530  1310  1224  1175   803   738   729   487  ind
40485   1990   901   734   790  1163  1200  1280  1213  1213   918   884  ind
40485   2000  1424  1168  1328  1060   795  1331  1292  1196  1038  1253  ind
40485   2010 -9999
90062   1948   729   988
90062   1950   938   505   372   497   524   607   708   796   737   627  ind
90062   1960  1059   627   674   801   711   773   396   920   761  1021  ind
90062   1970   810   770   969  1093   996   755  1061  1009  1368  1389  ind
90062   1980  1811  1674  1737  1511  1589  1321   984  1052  1017   935  ind
90062   1990  1266   916   854   989   648   949   927  1162  1209   871  ind
90062   2000  1469  1070  1190  1468   947  1310  1069  1071  1332  1663  ind
90062   2010 -9999
111208  1940   513   599   929   853   845   868   950   557   729   750  ind
111208  1950   720   936  1067   941   896  1427  1601  1758  1437  1310  ind
111208  1960  1169  1224  1113   954   846   887   963  1419  1103  1005  ind
111208  1970   659   629   557   611   740   741  1003  1300   947   903  ind
111208  1980  1508  1662  1556  1584  1222  1129  1304  1019  1098   883  ind
111208  1990   945   708  1147  1242  1211   798  1134  1326  1242  1166  ind
111208  2000  1155   974  1252  1131   592   260   405   323   753   691  ind
111208  2010 -9999
70182   1951   350   175   141  1106  1286  1306  1119  1234  1062
70182   1960  1441  1282  1018  1001  1019  1151  1026  1450  1318  1122  ind
70182   1970  1198  1033  1125   971   611   941   756   779   857   962  ind
70182   1980  1230   847  1177  1164  1199  1295  1000   865   987   941  ind
70182   1990  1106   799  1067  1078  1062   729   770   880   971  1000  ind
70182   2000  1489  1381  1029   988   855   542   682  1032   908  1084  ind
70182   2010 -9999
100956  1971   716   965   924   838   756  1014  1409   876   841
100956  1980  1641  1605  1433  1227   809  1088   742   708  1006   698  ind
100956  1990   788   547   750   829  1186   801  1133  1241  1087   891  ind
100956  2000  1540  1218  1174  1225   610   857   949   874 -9999
90616   1921  1443  1224   782   911   932   768  1063  1164  1156
90616   1930   868   922   865  1068   759   851  1389  1022   816   806  ind
90616   1940   757   499   443   218   393  1191  1163  1005  1231  1020  ind
90616   1950  1287  1200  1023   898  1180   734  1031   750  1014   857  ind
90616   1960  1111  1228  1055  1124   484   566   575  1267  1128   916  ind
90616   1970  1018  1141  1145  1218   947  1194  1296  1164  1144  1002  ind
90616   1980  1744  1489  1678  1300   926  1013  1015  1255  1121   989  ind
90616   1990   913   678   893   803   989   575   916   983   910   828  ind
90616   2000  1086   690  1261  1233   779   974  1535 -9999
40549   1951   703   856   732  1010   938  1337  1153  1396  1038
40549   1960  1176  1251  1128  1089   873   860   566   548   660  1123  ind
40549   1970   930   352   418   244   308   473  1177  1341  1494  1071  ind
40549   1980  1406  1199  1490  1318  1093  1194  1114  1152  1052   864  ind
40549   1990  1065   979  1146  1129  1177   868  1241  1362  1085  1007  ind
40549   2000  1213  1108   959   945   858   946   977   939  1018   856  ind
40549   2010 -9999
90278   1946   280    96   291   261
90278   1950   149   194   172   616   590   558   745   629   902   925  ind
90278   1960   849   988   990  1173   997  1087   851  1124  1200  1349  ind
90278   1970  1116  1089  1096  1096   933   927  1280  1341  1336  1245  ind
90278   1980  1592  1416  1459  1210  1395  1361  1330  1343  1258  1164  ind
90278   1990  1135   931  1281  1291  1238  1096   826  1169  1059  1070  ind
90278   2000  1494  1234   833  1017  1016  1311 -9999
50340   1944  1170  1586  1250  1335  1167  1005
50340   1950   840  1039   839  1098   887   662  1050   739  1097  1068  ind
50340   1960   717   782   547   550   624   791   681   948  1116  1075  ind
50340   1970   667  1055   851   559   349   182   585  1139  1033   848  ind
50340   1980  1709  1608  1865  1668  1265  1421  1689  1628  1461  1229  ind
50340   1990  1450   922  1087  1081  1071   834   756  1070   766   787  ind
50340   2000  1041   912   964  1091  1061   781   784   613   803   646  ind
50340   2010 -9999
110795  1966   396   816   942  1314
110795  1970  1024  1247  1139  1066  1172   811  1137  1184   997   845  ind
110795  1980  1489  1317  1300   925   877   715  1118   993   838   754  ind
110795  1990  1069   711   854   723   873   669  1138   905  1010   649  ind
110795  2000  1639   995  1259  1047   969  1094   847   826   789  1528  ind
110795  2010 -9999
60339   1964   548   362   482   752   781   143
60339   1970   303   268   911   528   458   405   497   626   673   634  ind
60339   1980  1557  1203  1251  1029   996  1021   988   931   952   842  ind
60339   1990  1163  1115  1175  1229  1350  1141  1219  1525  1280  1313  ind
60339   2000  1614  1678  1575  1644  1457  1300  1477  1397  1037  1170  ind
60339   2010 -9999
110797  1954   488   299   494   553   670   652
110797  1960   722   540   634   931   884   960   849  1035  1244  1406  ind
110797  1970   920   967   946  1145  1009   906   977  1353  1382   968  ind
110797  1980  1109  1272  1240  1014  1086   985  1003   773   931   833  ind
110797  1990   994   889  1136  1141  1315  1190  1258  1125  1288  1089  ind
110797  2000  1286  1179  1020  1187  1107   962   957  1176  1289  1235  ind
110797  2010 -9999
90121   1954   569   866   771   975   916  1003
90121   1960  1077   859   663   588   471   215   703  1033  1047  1068  ind
90121   1970   921   757   969  1030  1011   605   963   990  1145   741  ind
90121   1980  1081  1145  1290  1084  1072  1223  1040   959   905   944  ind
90121   1990  1545   689  1327  1305  1233  1179  1286   949  1112   904  ind
90121   2000  1569  1068  1192   857  1044   936   969   741  2262  1137  ind
90121   2010 -9999
40554   1928   868  1072
40554   1930   548   977   847  1299  1271   917   942  1047  1058   764  ind
40554   1940   930   949  1300   972   966  1305  1021  1053  1169  1275  ind
40554   1950  1412  1198  1080  1001   831   878  1003  1159  1040   769  ind
40554   1960   926   910   711   667   577   873   429   845  1097  1314  ind
40554   1970  1093  1057  1263   998  1023  1015  1368  1122   356   776  ind
40554   1980  1468  1244  1100   946   584  1064  1055  1103   988  1129  ind
40554   1990  1458   678  1052  1332   898   977   980  1106   647   930  ind
40554   2000   641  1183   773   708   891  1041  1194  1221   950  1320  ind
40554   2010 -9999
50299   1964  1099  1102   710  1090   924   618
50299   1970   440   420   477   368   523   313   781   418   996   912  ind
50299   1980  1670  1219  1212  1011   657   605   907   953   876   607  ind
50299   1990   939   866  1046  1499  1360  1184  1412  1310  1368  1159  ind
50299   2000  1547  1339  1302  1505   873  1097  1274  1407  1258  1346  ind
50299   2010 -9999
60145   1971  1361  1104   887   744   645   806   566   853   738
60145   1980  1192  1427   339  2043  1360  1199  1251   936  1088   903  ind
60145   1990  1192   835  1106  1094  1038   670  1070  1336   712   628  ind
60145   2000   901   820  1026   831   969  1014  1125  1096  1104   990  ind
60145   2010 -9999
90276   1960   881   741   710   739   524   516   367   855   851  1078  ind
90276   1970   802  1095  1250  1233  1207  1080  1354  1129  1403  1057  ind
90276   1980  1490  1516  1693  1505  1616  1265  1168  1048   851   972  ind
90276   1990  1172   714  1041  1070  1075   752   981   834   810   538  ind
90276   2000  1185   822   866   938   720   850   786   769  1075  1009  ind
90276   2010 -9999
40480   1963   264   119   272   162   236   349   648
40480   1970   669   786   849   709   685   654   797   668   880   795  ind
40480   1980  1406  1235  1246  1084  1069  1059  1179  1126  1277  1252  ind
40480   1990  1410  1019  1131  1277  1289  1167  1401  1226  1154  1157  ind
40480   2000  1656  1570  1372  1467  1216  1324  1104  1181  1224  1182  ind
40480   2010 -9999
90567   1950  1086   866   817  1102  1061   440   672  1426  1760  1155  ind
90567   1960  1129   946   835  1079   577   750   611   950   817   837  ind
90567   1970   486   400   548   586   359   398   854   746   574   265  ind
90567   1980  1103  1145  1874  1911  1991  1701  1416  1119   926   769  ind
90567   1990  1151   896   860  1040   979   819  1093  1362   937   667  ind
90567   2000  1075   763  1217  1311  1241  1169  1441  1511  1383 -9999  ind
182695  1963   639   659   959   578  1158  1178  1236
182695  1970   995   437   883   696   695   636   875   744   750   772  ind
182695  1980  1081  1160  1005   766  1243   812   617   741   894  1039  ind
182695  1990   784   664   984  1055   536  1055  1367  1276  1126  1090  ind
182695  2000  1783  1436   852  1537  1317  1312  1260  1243  1354  1725  ind
182695  2010 -9999
10194   1983   896   846   995   665  1223  1379   853
10194   1990   819   536  1214  1584  1385  1011  1185   636   876   604  ind
10194   2000  1204  1255   903  1215  1096   834  1041   969   994   762  ind
10194   2010 -9999
171306  1969   675
171306  1970   781  1244  1260  1101   996   958   895   885  1151   857  ind
171306  1980  1136  1241  1197  1157  1142   873   921   877  1088  1192  ind
171306  1990  1060   603  1044   932   879   682   593   865  1000  1005  ind
171306  2000  1244  1260   884  1095  1194  1074   878   681  1058  1341  ind
171306  2010 -9999
12032   1975   572   614   585   709   477
12032   1980   697   814   852   577   654   639   960   822  1261   608  ind
12032   1990   895   819  1103  1155  1195  1083  1540  1312  1202  1576  ind
12032   2000  1581  1458  1392  1323  1115  1412 -9999
190635  1969  1230
190635  1970   919  1032  1007   735   877   740  1395  1261  1359  1174  ind
190635  1980  1586  1204   766   431   299   905  1029   883   777   701  ind
190635  1990   829   554   823  1301   981  1031  1218  1090   605   662  ind
190635  2000  1050  1225  1223  1741   967   805  1135  1436  1094   921  ind
190635  2010 -9999
150911  1959   840
150911  1960   915   645   831   665   635   795   581   687   749   927  ind
150911  1970   968   918  1179   920   771   661   859  1089   960   536  ind
150911  1980  1434  1302  1077   981   996   737   684   993   931   704  ind
150911  1990  1012   745  1024  1091  1339  1169  1563  1218  1386  1166  ind
150911  2000  1561  1123  1363  1433  1179  1156  1294  1243  1064   904  ind
150911  2010 -9999
151140  1963   790   649   808   673  1035   933  1710
151140  1970   892   806   614   301   477   341   608   776   838   410  ind
151140  1980  1214  1001   801   689   727   510   874   848   606   639  ind
151140  1990   494   638   882   823  1139   755  1321  1564  1546  1097  ind
151140  2000  1616  1720  1159  1644  1797  1815  1579  1693  1515  1633  ind
151140  2010 -9999
160760  1974  1345   894   762   630   580   703
160760  1980  1217  1309  1119  1184   985  1379  1156   695   683   603  ind
160760  1990   946   931   627  1097  1182   494   625   410   945   704  ind
160760  2000  1092  1559  1671  1465  1175  1088  1207  1303  1237 -9999  ind
151123  1961   483   331   405   344   750   663  1016   893  1162
151123  1970   909   777   844  1076   799   666  1166  1148  1313   851  ind
151123  1980  1707  1427  1394  1133   933  1201  1260   868   803   939  ind
151123  1990   929   812   875   708   723   768   998  1443  1565  1360  ind
151123  2000  1449  1226  1174  1195  1100  1060  1061  1101  1076  1115  ind
151123  2010 -9999
152529  1955   252   279   305   606   915
152529  1960  1239  1214  1023   979   810   653   462   674   852  1039  ind
152529  1970  1055  1036  1212   942   636   793  1172   735  1168  1267  ind
152529  1980  1470  1218  1550  1218  1503  1295  1234  1252  1144  1145  ind
152529  1990  1315   744  1420   944   980  1180  1217   842   798   590  ind
152529  2000   894  1194   929   968   996   886  1101  1128  1168  1360  ind
152529  2010 -9999
10619   1959   313
10619   1960   503   323   224   703   804   402   310   620   480   966  ind
10619   1970   801   878   747   691   646   704   893  1021  1080   877  ind
10619   1980  1430  1377  1259  1134   984  1028   995  1050  1043   812  ind
10619   1990   607   625   944  1127  1142   976   969  1147  1146  1285  ind
10619   2000  1725  1725  1748  1557  1364  1756  1590  1796  1420  1259  ind
10619   2010 -9999
20820   1971   586   870  1145   919   772   902   820  1149   829
20820   1980  1725  1611  1512  1262  1091   858   938   737   844   924  ind
20820   1990   854   780  1002  1063  1033   894  1197   956   970   595  ind
20820   2000   809   959  1147  1169   977   837   674  1108  1380  1103  ind
20820   2010 -9999
60426   1954  1256  1075   850   834  1205   831
60426   1960  1104   736   625   743   711   798   526   875   971  1107  ind
60426   1970  1285  1256  1254  1182   788   641  1149   835   373   612  ind
60426   1980  1501  1529  1313  1137  1497  1332  1219  1216  1275   941  ind
60426   1990  1024   785  1094  1334  1398   898  1459  1122   874   725  ind
60426   2000  1069   886   970   792   644   651   598   824   909   953  ind
60426   2010 -9999
70018   1958   521   391
70018   1960   836   640   411   543   693   554   266   338   573   742  ind
70018   1970   321   533   563   546   762   600   711   525  1027   875  ind
70018   1980  1223  1282  1515  1214  1356  1206  1147   988   974  1005  ind
70018   1990  1218  1035  1209  1227  1217  1372  1773  1514  1422  1060  ind
70018   2000  1830  1682  1468  1555  1347  1286  1379  1438  1071  1019  ind
70018   2010 -9999
10675   1960   353   231   227   517   235   516   262   578   506  1077  ind
10675   1970   793  1039  1158  1185  1130  1069  1081   698  1068   963  ind
10675   1980  1335  1495  1281   985  1087  1215  1147  1011  1228  1080  ind
10675   1990  1126   747  1061  1424  1248  1284  1178  1060  1161   927  ind
10675   2000  1125  1193  1151  1211  1190   803  1032  1325  1425  1783  ind
10675   2010 -9999
50559   1955   388   300   315   473   390
50559   1960   266   264   300   318   214   339   420   543   966   815  ind
50559   1970  1072  1151  1534   884   947  1156  1067   742  1137   956  ind
50559   1980  1120  1171  1339  1247  1467  1244  1455  1474  1326  1313  ind
50559   1990  1444  1100  1305  1338  1438  1392  1401  1234  1068   927  ind
50559   2000  1542  1271  1149  1377  1090  1047  1146  1122  1191  1309  ind
50559   2010 -9999
52130   1959   747
52130   1960   897   711   569   530   574   625   365   817   905   941  ind
52130   1970   333   739   800   625   611   701   966   635   838   623  ind
52130   1980  1441  1261  1304  1168  1277   994  1464  1019   943   329  ind
52130   1990   809   562   380  1155  1547  1000  1304  1328  1068   944  ind
52130   2000  1466  1178  1363  1607  1344  1545  1523  1765  1859  1507  ind
52130   2010 -9999
102157  1951   968   688   732   518   506   781  1000  1121   929
102157  1960  1141   883   826   819   932   932   687  1065  1394  1266  ind
102157  1970  1411  1191  1293  1148   958  1068   847   593   677   813  ind
102157  1980   796   843   974   872   827   928   915   951   973   572  ind
102157  1990   981   590   726  1165  1036  1007  1068  1388  1444   869  ind
102157  2000  1341  1268   798  1204  1150  1468  1324  1431  1437  1470  ind
102157  2010 -9999
50652   1967   879   723   807
50652   1970   400   558   912   747  1052  1066   959   536   914   938  ind
50652   1980  1232  1374  1708  1334  1229  1374  1232  1012  1224   982  ind
50652   1990  1149   936  1175   925   740   638   743   937   777   766  ind
50652   2000  1154  1032   877  1547  1132   915   626  1198  1192  1353  ind
50652   2010 -9999
40873   1920   493   420   651   276   386   272   191   561   460   583  ind
40873   1930   336   424   334   793   401   591   658   704   759   654  ind
40873   1940   699   880  1040   640   647  1098   915   907  1080   812  ind
40873   1950   927  1082   902   670   736   861   648   438   547   647  ind
40873   1960   688   867   861   907   769   869   625   959  1391  1752  ind
40873   1970  1425  1219  1431  1212  1254  1343  1499  1010  1511  1422  ind
40873   1980  1717  1645  1642  1353  1452  1375  1435  1334  1224  1186  ind
40873   1990  1462  1124  1277  1447  1639  1241  1380  1258  1225   980  ind
40873   2000  1276  1376  1211  1177  1427  1299  1335  1499  1353  1515  ind
40873   2010 -9999
52010   1956   309   274   832   356
52010   1960   883  1006   681   696   349   656   319   356   439   193  ind
52010   1970   165   473   629   658   600   654  1127   862  1085  1097  ind
52010   1980   945  1331  1180  1004   675   649   837   860  1176  1012  ind
52010   1990  1226  1028  1166  1447  1475  1224  1563  1422  1359  1094  ind
52010   2000  1513  1575  1426  1470  1504  1724  1790  2018  1797  1815  ind
52010   2010 -9999
30483   1968  1025  1025
30483   1970   748   634  1097   863  1005  1381  1227   732  1484  1524  ind
30483   1980  1481  1061  1120   955   980   782  1143   919   853   589  ind
30483   1990   798   510   916  1220  1004   655   844   691   758   447  ind
30483   2000  1024   958   675   882   820  1845  1303  1499  1346  1176  ind
30483   2010 -9999
50557   1955   683   886   774   705   853
50557   1960   667   943   761   666   399   583   900   714  1019  1013  ind
50557   1970  1379   929   825  1037  1023   958   904   864   739   673  ind
50557   1980   825  2341  1512  1572  1655  1342  1053  1476  1563  1438  ind
50557   1990  1632   941  1354  1246   859   507   870   842   820   614  ind
50557   2000  1204  1281   748  1022   642  1008  1130  1059   667   885  ind
50557   2010 -9999
60486   1948   294   629
60486   1950   534   453   292   463    79   209   462   521   599   363  ind
60486   1960   498   604   656   830   641   678   576   485  1010  1273  ind
60486   1970  1320  1190  1207  1447  1341  1113  1172   819  1540  1519  ind
60486   1980  2284  2044  1623  1358  1105  1087  1322  1256  1007  1065  ind
60486   1990  1281   774   801  1280  1367  1251  1320  1098   969   415  ind
60486   2000  1515  1535  1136  1178   979  1000   964  1637  1533 -9999  ind
60467   1962   869   859   672   746   800   525   827   838
60467   1970  1030  1092   892  1216   956  1047  1530   719  1310   974  ind
60467   1980  1004  1124   835   799   567   576   833   498   572   243  ind
60467   1990   787   745   897   997   910   827   870  1095  1103  1018  ind
60467   2000  1337  1401  1430  1548  1108  1534  1545  1292  1722  1883  ind
60467   2010 -9999
50563   1954   650   647   580   513   358   639
50563   1960   744  1346   872   834   751  1083  1287  1265  1367  2289  ind
50563   1970  1710   764   806   524   261   493   370   311   121   440  ind
50563   1980  1077   977  1226   639   101   623   732   634   961   596  ind
50563   1990  1242  1593  1132  1568  1344  1066  1221  1285  1519  1324  ind
50563   2000  1406  1344  1049  1154   881  1224  1422  1830  1889  1918  ind
50563   2010 -9999
40563   1932   340   549   988   606   706   752   892   709
40563   1940   710   833  1173  1116   864  1000  1236   979   656   979  ind
40563   1950  1219  1057   992   840   918  1063   939   897  1136   950  ind
40563   1960  1224  1102  1133   782   574   352   279  1209   917  1306  ind
40563   1970  1120   918  1204   948   988  1003  1260  1063  1281  1231  ind
40563   1980  1738  1689  1569  1326  1199  1127  1038   875  1149  1088  ind
40563   1990   951   642   702   498   576   892  1531  1409   953  1202  ind
40563   2000  1301  1195   887  1006  1114  1198  1217  1187   810   943  ind
40563   2010 -9999
20693   1967   245   940   648
20693   1970   661   547   726   530   512   570   814  1644  1178   711  ind
20693   1980  1340  1077   997  1060  1281  1257  1104   977   899   831  ind
20693   1990   586   673  1189  1299  1171   718  1198  1007   935   738  ind
20693   2000   956  1037   948  1352  1537  1500  1506  1536  1111  1454  ind
20693   2010 -9999
30333   1930  1068  1306  1053  1381  1056  1171  1490  1387   977   715  ind
30333   1940  1265  1045  1023   911  1403  1822  1527  1492  1250   911  ind
30333   1950  1025   841   599   760   629   431   631   636   926   462  ind
30333   1960  1154   865   778   719   438   491   663   961   835   904  ind
30333   1970   838   762   563   515   349   163   638   666   973   940  ind
30333   1980  1635  1320  1277   775   629  1263  1264  1062  1138   847  ind
30333   1990  1009   865  1222  1246  1086   625   965  1020  1112   877  ind
30333   2000  1530  1505   970  1456  1045  1285  1320  1415  1265  1568  ind
30333   2010 -9999
92562   1953  1006   642   500   465   317   458   225
92562   1960   542   438   700   583   548   626   807  1016  1033  1223  ind
92562   1970   869   730  1034  1077   920   703   876   922   866   595  ind
92562   1980  1347  1238  1135   909  1121  1188   869  1159  1294  1114  ind
92562   1990  1223   996  1161  1280  1492  1418  1495  1238  1187  1034  ind
92562   2000  1610   827  1554  1305  1355  1237  1381  1357  1274  1485  ind
92562   2010 -9999
20627   1977  1344   670   409
20627   1980  1245  1102  1088   830   900   743   916   716   707   539  ind
20627   1990   825   841  1466  1339  1461  1041  1077   912   989   575  ind
20627   2000  1238  1533   472  1599  1131  1258  1002  1141   726  1165  ind
20627   2010 -9999
10664   1974   514   688   490   373   568   673
10664   1980  1671  1454  1410  1275  1384  1200  1416  1335  1147  1336  ind
10664   1990  1077   462   719  1256  1399  1263  1485  1170   929   445  ind
10664   2000  1185   858   563   703   713   512   903  1018   884  1436  ind
10664   2010 -9999
40585   1979   818
40585   1980  1535  1122  1186   941  1263  1036   857   672   652   737  ind
40585   1990   744   499   788   808   896   709   723   893   623   299  ind
40585   2000   914  1203   684  1301  1207  1701  1684  1660  1333  1515  ind
40585   2010 -9999
101150  1975   798  1043   807   930   566
101150  1980  1448  1161  1142   895  1158  1555  1274  1151  1166   724  ind
101150  1990   741   501   767   627   864   958  1240  1434   946   811  ind
101150  2000  1154  1242   994  1166  1113   963   640  1105   986   920  ind
101150  2010 -9999
150941  1954  1239   481   392   758   972   919
150941  1960   828   861   819  1008   385   809   570  1227  1195  1186  ind
150941  1970   748   654  1075  1263  1003   753   770  1095   833   599  ind
150941  1980  1144  1317   981   618   778   790   692   484   537   262  ind
150941  1990   478   439   694   865  1188   972  1268  1093  1020  1089  ind
150941  2000  1410  1478  1609  1892  2048  1862  1570  1413  1525  2047  ind
150941  2010 -9999
20847   1968   678  1056
20847   1970   928  1031   898   635   562   741  1216   996  1093  1069  ind
20847   1980  1684  1408  1155   968  1740  1097   855   615   513   710  ind
20847   1990   858   808  1017  1108  1198   852   785  1161   547   779  ind
20847   2000  1245  1350  1129  1452  1607  1167   776   652   713  1149  ind
20847   2010 -9999
30233   1902  1309  1333  1203   840   130   371   344   542
30233   1910  1087   608   477  1073  1356  1186  1438  1334   895  1281  ind
30233   1920  1196  1251  1524  1229  1489  1326   873  1225  1410  1357  ind
30233   1930   815   485   905  1092   817   876   940   719  1059  1034  ind
30233   1940   818  1089   966   984   627  1364   874   791   845  1079  ind
30233   1950  1226  1023   964  1148   978   990  1030  1086  1088  1100  ind
30233   1960  1118  1193  1173  1068   553  1084   763   932  1329  1263  ind
30233   1970  1306  1058  1024  1201   976   867   710   584   881   799  ind
30233   1980   653   879   876   766  1122  1014   905  1031  1037  1278  ind
30233   1990  1055   736  1247   860  1089   976  1100   848   806   689  ind
30233   2000  1046  1053   820  1100  1075   982  1236  1115  1294 -9999  ind
40536   1964   692   624   155   365   477   745
40536   1970   598   491   601   629   774   557   941   805  1022   931  ind
40536   1980  1835  1249  1109  1126  1211  1264  1501  1378  1201  1099  ind
40536   1990  1058  1177  1437  1638  1438  1249  1457  1668  1067   997  ind
40536   2000  1351  1417  1190   975   966   792   370   455   949   972  ind
40536   2010 -9999
40493   1953   445   673  1031  1270   887   934   721
40493   1960   629   701   549   583   257   314   206   338   312   698  ind
40493   1970   799   726   770   859   374   528  1113   603  1155  1161  ind
40493   1980  1913  2121  2094  1328   957   992  1141   263  1023   955  ind
40493   1990  1255   982  1196  1188  1407  1117  1315  1302  1405   920  ind
40493   2000  1656  1422  1353  1281  1468  1393  1210  1355   896  1459  ind
40493   2010 -9999
60129   1952   629   420   342   591   121   475  1119   470
60129   1960   484   577   397   490   255   341   703  1206  1706  2003  ind
60129   1970  1428  1522  1332  1519  1092   787  1049  1042  1082   992  ind
60129   1980  1681  1485  1358   814   842   897   997   790  1017   997  ind
60129   1990  1177  1079   878  1035  1254   887  1246  1278  1213  1003  ind
60129   2000  1259  1062  1139  1125  1288  1014  1150  1082  1285  1495  ind
60129   2010 -9999
50330   1958   834   503
50330   1960   556   586   486   551   393   768   235   603   582   916  ind
50330   1970   597   531   526   489   500   567   920   816  1035  1043  ind
50330   1980  1447  1182  1420  1330  1289  1328  1457  1205  1029   902  ind
50330   1990  1074  1025  1163  1274  1494  1159  1170  1238  1227  1104  ind
50330   2000  1376  1414  1310  1333  1206  1145  1322  1364  1471  1507  ind
50330   2010 -9999
30214   1950   899  1052   417   425   268   539   639   822   723   417  ind
30214   1960   462   972   606   687   450   904   490   825   939  1371  ind
30214   1970  1064  1070  1018  1056  1389  1402  1552   978  1619  1187  ind
30214   1980  1724  1541  1875  1377  1216  1216  1047  1262  1236  1028  ind
30214   1990  1177   885   599   779   918   766   974   517   646   539  ind
30214   2000  1104  1139  1161  1387  1064  1418  1346  1521   976  1324  ind
30214   2010 -9999
132532  1952  1678  1248  1064  1248  1483  1371  1108   898
132532  1960  1487  1307  1135   925  1183  1138   879   956   768   958  ind
132532  1970   799  1673  1033   687   525   132   136   311   714   284  ind
132532  1980   805   786   867  1118   871   947   774   641   678   742  ind
132532  1990   799   605   908   879  1059  1115  1062   923  1138  1001  ind
132532  2000  1300  1297  1334  1295  1475  1447  1436  1575 -9999
50301   1958   858   788
50301   1960   643   723   434   718   429   634   439   471   815  1076  ind
50301   1970   937  1135  1066  1275  1179  1038  1443   897  1237  1066  ind
50301   1980  2182  1740  1984  1752  1607  1273  1258   747   937   611  ind
50301   1990   992  1002   636  1002  1137   446   788  1103   412   315  ind
50301   2000   807  1279  1101  1296  1066   986  1099  1146 -9999
152661  1970   303   535   693   630   655   549   753   872  1117  1051  ind
152661  1980  1296   957  1070   660   782   803  1001   950   937   686  ind
152661  1990   815   509  1082  1317  1341  1169  1239  1271  1153  1091  ind
152661  2000  1679  1491  1127   902  1173  1288  1325  1081   943  1706  ind
152661  2010 -9999
111171  1950   736   699   957   818   624   584  1432  1613  1713  1511  ind
111171  1960  1388  1321  1261  1306  1082   942   601   776   666   757  ind
111171  1970   989  1220   831   785   660   531   521  1060   930  1130  ind
111171  1980  1934  1293  1251  1018   833   842   684   601   790   434  ind
111171  1990   300   128   751   787   881   825   780  1209   815   932  ind
111171  2000  1130  1048  1308  1382  1068  1483  1759  1753  1133  1400  ind
111171  2010 -9999
10743   1964   802   686   533  1172  1129  1285
10743   1970   955  1126  1077  1034  1095   937  1295  1029  1054   703  ind
10743   1980  1763  1474  1379  1097   876  1277   978   698   566   608  ind
10743   1990   465   543   839   889  1055   948  1030  1230   856   965  ind
10743   2000  1338  1163  1006   803  1110   758   650  1063  1123  1572  ind
10743   2010 -9999
40889   1962   442   597   701  1069   775   880   958  1118
40889   1970  1305  1463  1327  1094  1077   849  1221   715  1030   971  ind
40889   1980  1880  1777  1610  1242  1609  1203   972   938   654   784  ind
40889   1990   763   387   782   759   560   419   644   554   725   525  ind
40889   2000  1034  1033   928  1140   964  1444  1519  1530  1131   900  ind
40889   2010 -9999
60295   1962   406   444   153   193   153   374   547   482
60295   1970   266   336   307   129   188   453   686   821   601   292  ind
60295   1980   782   522  1099   465   624   782   794   894   852  1197  ind
60295   1990  1193  1367  1270  1676  2025  1567  1795  1877  1793  1636  ind
60295   2000  2006  1687  1550  1677  1575  1567  1573  1611  1747  1971  ind
60295   2010 -9999
30534   1979   274
30534   1980    91   114   167   461    63   464   587   646  1032  1441  ind
30534   1990  1598   926  1178  1537  1646  1695  1502  1657  1562  1604  ind
30534   2000  1477  1528  1169  1387  1525   943   714   528   485 -9999  ind
50433   1960   982  1155   882   907   698   439   867   885  1457  1474  ind
50433   1970  1730  1721  1384  1128   985   665   304  1058   497   756  ind
50433   1980  1467   840  1014   560   528   471   551   473   439   459  ind
50433   1990   758   928  1209  1365  1323   951  1239  1395  1230  1046  ind
50433   2000  1294  1198  1566  1477  1341  1206   700 -9999
10647   1942   562   545   925   591  1103  1376    88   794
10647   1950   535   395   263   845   809   636   558   441   780   834  ind
10647   1960   754   713   807   758   543   609   573   802   663  1192  ind
10647   1970   806   884   839   654   518   607   537   577   966   684  ind
10647   1980  1465  1376  1349  1372  1092  1345  1330  1401  1162  1054  ind
10647   1990  1715  1736  2037  1878  1194  1381  1334  1109   792   858  ind
10647   2000  1329  1084  1009  1287  1553  1858  1677  1842  1528  1292  ind
10647   2010 -9999
171150  1961   637   838   252   764   783   805  1655  1693  1824
171150  1970  1494  2013  1192  1232   778   854   706   795   754   422  ind
171150  1980   462   447   747   638  1198  1194  1048  1149   952   852  ind
171150  1990   992  1024  1262  1221  1550  1230  1128  1368  1332   319  ind
171150  2000   398 -9999
70180   1977   693   635   486
70180   1980  1406  1084  1029   704  1376  1118  1291   910   962  1031  ind
70180   1990  1152   978  1139  1622  1527  1448  1090   855   743   571  ind
70180   2000   348   848   854   908   845   677  1279  1364 -9999
10730   1936  1232   552  1207  1511
10730   1940  1051  1430  1051   689   881  1055  1308   648   840   982  ind
10730   1950   887   839   784   805   837   608   683   654   972   538  ind
10730   1960   899   674   887   674   379   735   598  1036  1447  1855  ind
10730   1970  1175   770  1101  1108  1154   893  1520  1173   972   473  ind
10730   1980  1778  1900  1767  1415  1526  1393  1347  1364  1164  1376  ind
10730   1990   970   580   745   799   926   805  1059   825   689   414  ind
10730   2000  1063   856   674 -9999
30472   1954   592   800  1313   921   670   933
30472   1960  1151  1143   666  1025   842   424   124  1031  1081   832  ind
30472   1970   752   706   935   975   748  1375  1057  1159   876  1889  ind
30472   1980  1903  1757  1375  1547  1000   854   814   552   678   786  ind
30472   1990  1113  1105   874   874   874  1015   828  1833  1087  1015  ind
30472   2000  1231   870 -9999
30421r  1887   569   461   919
30421r  1890   665   660   978   530   766   845   794   833   664   842  ind
30421r  1900   883  1129   856   955  1108  1335  1189  1089   735  1253  ind
30421r  1910   934   457   505   341   685   513   913   820   577   759  ind
30421r  1920   649  1080  1239  1093  1884  1454  1052  1684  2211  2257  ind
30421r  1930   637   965   838   788   840  1199  1322  1360  1438  1355  ind
30421r  1940  1561  1444  1469   792   606  1024  1205   767   980   887  ind
30421r  1950  1930  2133  1302  1493  1172  1581  1206  1248  1184   978  ind
30421r  1960  1242  1471  1433  1336   794  1006   716   864  1731   704  ind
30421r  1970   865   549   748   853   943   814   644   262   616   760  ind
30421r  1980  1007  1055   996  1287   978   817   896   873   658   875  ind
30421r  1990   777   523   698   846  1088   815  1045  1057   883   927  ind
30421r  2000   743   619   821   883   889 -9999
