caco_drop_subcanopy.rwl -- no data title --               1st itrdb line missing     
caco_drop_subcanopy.rwl -- no data title --               2nd itrdb line missing     
caco_drop_subcanopy.rwl -- no data title --               3rd itrdb line missing     
caco_d18899990  09990  09990  09990  09990  09990  09990  09990  09990  01839  1  trn
caco_d18901568  12396  12893  13270  12929  23783  23333  23039  22599  22233  2  trn
caco_d19002071  22586  22591  23162  21239  3 747  3 747  3 884  32172  42182  4  trn
caco_d19102200  41643  42367  41999  41985  41879  42386  41953  41592  41759  4  trn
caco_d19201553  41711  41585  41003  51820  51235  51314  51157  51595  51808  5  trn
caco_d19301788  51527  51730  52213  62157  62313  62046  72117  72103  81786  8  trn
caco_d19401983  92098  92018 102039 101729 101996 102004 102050 101956 101856 10  trn
caco_d19501871 101774 101425 101646 101805 102115 102160 102258 102297 101821 10  trn
caco_d19602046 102175 101863 101767 101645 101897 101384 101831 112155 112072 11  trn
caco_d19702247 112019 112255 112239 112188 112041 111961 111788 111852 111735 11  trn
caco_d19801717 111655 111865 111689 111586 111685 111763 111283 111485 111601 11  trn
caco_d19901586 111346 111409 111711 111539 111519 111449 111593 111494 111228 11  trn
caco_d20001385 111549 111276 111271 111303 111328 111189 11 936 10 926 10 712  8  trn
caco_d2010 661  7 822  7 645  7 660  6 430  4 579  3 274  2 260  19990  09990  0  trn
caco_drop_subcanopy.rwl -- no data title --               1st itrdb line missing     
caco_drop_subcanopy.rwl -- no data title --               2nd itrdb line missing     
caco_drop_subcanopy.rwl -- no data title --               3rd itrdb line missing     
caco_d18899990  09990  09990  09990  09990  09990  09990  09990  09990  0 616  1  std
caco_d1890 544  1 739  1 856  1 944  11269  21641  21437  21305  21016  2 873  2  std
caco_d1900 754  21063  21045  21299  21233  3 949  3 988  3 832  3 969  41025  4  std
caco_d19101053  4 803  41005  4 820  41003  4 993  41227  4 968  4 895  4 973  4  std
caco_d1920 792  4 893  4 735  4 309  51035  5 783  5 908  51006  51187  51342  5  std
caco_d1930 918  51053  51094  51267  6 902  61093  61140  7 990  71228  8 903  8  std
caco_d19401001  91036  91019 101043 10 861 10 993 10 955 101027 10 955 10 924 10  std
caco_d1950 987 10 894 10 568 10 705 10 922 101129 101165 101278 101328 10 862 10  std
caco_d19601083 101221 10 888 10 825 10 693 10 925 10 468 10 925 111136 111081 11  std
caco_d19701274 111021 111217 111143 111111 111141 111079 11 819 11 980 11 833 11  std
caco_d1980 898 11 883 111136 11 916 11 854 11 986 111090 11 694 11 865 11 982 11  std
caco_d19901105 11 811 11 850 111198 111004 11 943 11 922 111112 111069 11 843 11  std
caco_d20001005 111187 11 936 11 932 111141 111188 11 933 11 965 10 992 10 827  8  std
caco_d2010 823  7 963  7 940  7 853  6 862  4 772  3 814  2 861  19990  09990  0  std
caco_drop_subcanopy.rwl -- no data title --               1st itrdb line missing     
caco_drop_subcanopy.rwl -- no data title --               2nd itrdb line missing     
caco_drop_subcanopy.rwl -- no data title --               3rd itrdb line missing     
caco_d18899990  09990  09990  09990  09990  09990  09990  09990  09990  0 707  1  res
caco_d1890 713  1 953  1 985  11017  11173  21422  21074  21043  2 837  2 881  2  res
caco_d1900 838  21213  21017  21254  21065  3 767  3 952  3 998  31001  4 968  4  res
caco_d19101060  4 786  41085  4 821  41006  41037  41228  4 824  4 853  41036  4  res
caco_d1920 855  41022  4 844  4 668  51422  5 813  5 975  51073  51065  51231  5  res
caco_d1930 809  5 911  51082  51223  61021  61136  61076  7 989  71165  8 833  8  res
caco_d19401009  91079  9 979 101035 10 775 101008 10 971 101024 10 942 10 936 10  res
caco_d1950 933 10 888 10 639 10 979 101049 101197 101111 101188 101217 10 782 10  res
caco_d19601137 101137 10 826 10 869 10 800 101060 10 534 101047 111208 111026 11  res
caco_d19701174 11 903 111127 111086 111094 111029 11 967 11 848 111067 11 932 11  res
caco_d1980 915 11 919 111170 11 913 11 879 111113 111112 11 748 111016 111072 11  res
caco_d19901070 11 865 11 981 111230 11 968 11 982 11 925 111081 111024 11 844 11  res
caco_d20001082 111170 11 921 11 937 111083 111093 11 901 11 999 10 955 10 853  8  res
caco_d2010 897  71093  7 941  7 901  6 841  4 948  3 889  2 930  19990  09990  0  res
caco_drop_subcanopy.rwl -- no data title --               1st itrdb line missing     
caco_drop_subcanopy.rwl -- no data title --               2nd itrdb line missing     
caco_drop_subcanopy.rwl -- no data title --               3rd itrdb line missing     
caco_d18899990  09990  09990  09990  09990  09990  09990  09990  09990  0 685  1  ars
caco_d1890 629  1 854  1 948  11006  11177  21473  21207  21103  2 868  2 848  2  ars
caco_d1900 799  21160  21063  21275  21144  3 810  3 902  3 974  3 997  4 970  4  ars
caco_d19101054  4 803  41033  4 832  4 963  41030  41239  4 893  4 827  4 991  4  ars
caco_d1920 855  4 985  4 843  4 627  51322  5 904  5 952  51063  51085  51257  5  ars
caco_d1930 882  5 881  51052  51240  61089  61163  61123  71026  71175  8 883  8  ars
caco_d1940 980  91076  91003 101038 10 789 10 953 10 961 101016 10 950 10 925 10  ars
caco_d1950 915 10 868 10 605 10 873 101017 101205 101170 101237 101285 10 863 10  ars
caco_d19601102 101167 10 875 10 837 10 758 10 996 10 536 10 922 111190 111081 11  ars
caco_d19701199 11 961 111119 111122 111130 111068 11 988 11 848 111028 11 943 11  ars
caco_d1980 902 11 895 111143 11 955 11 869 111080 111136 11 788 11 961 111064 11  ars
caco_d19901090 11 892 11 955 111221 111031 11 993 11 926 111063 111044 11 859 11  ars
caco_d20001046 111185 11 975 11 932 111067 111114 11 936 11 984 10 953 10 843  8  ars
caco_d2010 856  71056  7 960  7 893  6 814  4 900  3 865  2 896  19990  09990  0  ars
