  year  #   1
  1950  -0.234
  1951  -0.488
  1952  -2.232
  1953  -0.007
  1954   0.354
  1955   1.211
  1956   0.857
  1957   1.146
  1958   1.323
  1959  -1.496
  1960   1.187
  1961   1.078
  1962  -0.902
  1963  -0.762
  1964  -0.958
  1965   1.019
  1966  -2.727
  1967   0.756
  1968   1.386
  1969   0.192
  1970   1.227
  1971  -0.408
  1972   1.096
  1973   0.206
  1974   0.728
  1975  -0.125
  1976  -0.128
  1977  -1.372
  1978   0.413
  1979  -0.647
  1980  -0.678
  1981  -0.475
  1982   0.495
  1983  -0.831
  1984  -0.714
  1985   0.410
  1986  -0.095
  1987  -1.652
  1988   0.618
  1989   0.835
  1990   0.100
  1991  -1.237
  1992   0.053
  1993   1.876
  1994  -0.396
  1995   0.262
  1996  -0.522
  1997   1.086
  1998  -0.065
  1999  -1.406
  2000   0.648
