  year  #   1       2       3       4       5       6       7       8       9      10
  1950   0.563  -0.927   2.416  -0.053   0.124   0.737   0.559  -0.061  -0.276  -0.172
  1951   0.659  -0.878   3.128   0.570   1.603   0.685  -0.616  -0.325  -0.428  -0.386
  1952  -1.628  -1.680   2.127   0.790  -0.109   0.780  -0.428  -0.043  -0.299  -0.211
  1953  -0.374  -0.408   3.399   0.415  -0.241   0.495  -0.186   0.183   1.307   0.367
  1954   1.068  -0.919   1.019   1.022  -1.578  -0.121  -0.527   0.200   0.456  -0.443
  1955   2.730  -0.879   0.872   0.394  -1.723  -1.013  -0.698  -0.017  -0.544  -0.009
  1956   3.255  -0.363   0.037   1.167  -1.234  -0.781  -0.224   0.081  -0.452   0.494
  1957   3.691  -0.376   0.250   1.210  -1.182  -0.669   1.205  -0.209  -0.290   0.091
  1958   4.158  -0.409  -0.401   1.143   0.744  -0.255   0.362  -0.208  -0.326  -0.330
  1959   0.744  -0.862  -1.647   0.967   0.076   0.876  -0.157   0.621  -0.727  -0.332
  1960   2.214  -0.393  -0.682  -0.236  -0.133   0.332  -0.579   0.631   0.538   0.802
  1961   3.390  -0.273  -0.111  -0.073   0.642  -0.150  -1.116  -0.197   0.235   0.653
  1962   1.119  -1.085  -1.229  -0.022  -0.235   0.762  -0.218   0.094  -0.011   0.400
  1963   0.682  -0.938  -0.359   1.093  -0.069   0.894   0.449  -0.254  -0.195   0.210
  1964  -0.177  -0.792  -0.792   0.883  -0.582   0.682  -0.236  -0.174  -0.090  -0.417
  1965   1.468  -0.344  -1.742  -0.429   0.601   0.802  -1.314  -0.411   0.366  -0.054
  1966  -2.204  -0.991  -2.051  -0.018  -0.937   1.847   0.542   0.082   0.738  -0.275
  1967   0.672  -1.626  -0.364   0.155   0.639   1.329   1.177  -0.478  -0.484   0.611
  1968   2.000  -0.563  -0.868  -1.061   1.596   0.628   0.124  -0.303  -0.196  -0.112
  1969   1.459   0.293   0.073  -1.319   0.318   0.371   0.215   0.129   0.696   0.509
  1970   2.349   0.813  -0.302  -1.419   0.332  -0.187   0.324   0.092   0.170  -0.221
  1971   1.498   0.196  -0.407  -1.188   0.152   0.038  -0.597  -1.007   0.097  -0.782
  1972   1.678   0.639  -0.933  -2.108  -0.779  -0.406   0.252   0.208  -0.147  -0.312
  1973   1.505   1.528   0.958  -1.793  -0.092  -0.333  -0.274  -0.266  -0.076  -0.188
  1974   1.433   1.465   0.325  -0.975  -0.110   0.468   0.621   1.195  -0.288  -0.294
  1975   0.854   1.518   0.572  -0.260  -0.446   0.752   0.717   0.645   0.446  -0.573
  1976   0.255   2.196   1.377  -0.061  -0.464  -0.003   0.406   0.972   0.435  -0.149
  1977  -1.835   1.339  -0.784  -1.814  -2.428   0.600  -0.682  -0.155  -0.540   0.313
  1978  -0.302   2.216  -0.948  -0.213  -0.580  -0.794   0.417  -0.490   0.226  -0.220
  1979  -1.313   1.358   0.157  -0.758   0.379  -0.053   0.301   0.383  -0.620   0.017
  1980  -1.322   2.179  -1.449   0.461   0.302  -0.050  -0.574  -0.167  -0.087  -0.081
  1981  -1.143   2.073  -1.307   2.360   1.103  -0.021  -0.216   1.106  -0.127   0.029
  1982  -0.432   3.262   0.574   0.940   0.544  -0.012  -0.624   0.408   0.207   0.259
  1983  -1.160   1.681   0.344   0.331  -0.303  -0.037  -1.084  -0.914  -0.200   0.258
  1984  -2.104   1.841   0.146   0.305  -0.334  -0.113  -0.057  -0.292  -0.584   0.370
  1985  -1.381   2.807   1.086  -0.320   0.097  -0.376   0.358  -0.427   0.112   0.207
  1986  -1.564   2.684   0.877  -0.108   1.424   0.046   0.887  -0.380  -0.722   0.136
  1987  -3.184   0.296   0.195  -0.329  -0.414   0.450   0.223  -0.418   0.025   0.245
  1988  -0.960   0.821  -0.418   1.501   0.363  -0.739  -0.032  -0.282   0.166  -0.395
  1989  -0.065  -0.069  -1.443   1.402  -0.038  -0.957   0.639   0.054   0.320   0.275
  1990  -0.398  -0.330  -0.866   1.009   0.002  -0.633   0.423  -0.576   0.825  -0.252
  1991  -2.526   0.017  -0.503   0.580  -0.161  -0.137   0.413  -0.629   0.757  -0.095
  1992  -2.009  -0.666  -0.274   0.307   0.529  -0.395   0.341  -0.353  -0.027   0.385
  1993   0.357  -1.400   0.177  -0.424   1.947  -0.993  -0.409  -0.109   0.432  -0.266
  1994  -1.413  -1.835  -0.547  -0.835   1.958  -0.442  -0.132   0.201  -0.038   0.118
  1995  -1.632  -1.939  -0.604  -0.766   0.888  -1.101   0.420   1.134  -0.124   0.012
  1996  -2.288  -1.421  -0.151  -0.964   0.301  -0.690  -1.001   0.345  -0.166   0.042
  1997  -0.737  -2.452   0.275  -0.866  -0.621  -0.810   1.449  -0.797   0.046   0.083
  1998  -1.827  -2.580   0.660  -0.991  -0.385  -0.703   0.101   0.649   0.070   0.395
  1999  -3.395  -2.097   0.481   0.362  -0.834  -0.039  -0.379   0.186  -0.577  -0.090
  2000  -2.433  -1.728  -0.343   0.039  -0.649  -0.562  -0.566   0.346  -0.028  -0.620
