  year  #   1       2       3       4       5       6       7       8       9      10
  1950  -0.412   0.456  -0.777   0.570   1.916  -0.569  -0.404  -0.558   0.053   0.194
  1951  -0.861   1.533   0.774   2.412   0.241  -0.689  -0.334  -0.225  -0.351   0.585
  1952  -3.934   0.387   0.573   1.113   0.472   0.413   0.561   0.954   0.402   0.371
  1953  -0.013   2.689   0.148   0.825   0.021   0.828  -0.254   0.564   1.847  -0.308
  1954   0.624  -0.845   1.475  -0.602   2.277   0.495  -0.550   0.681   0.089   0.768
  1955   2.134   0.250  -0.148  -0.782   1.170   0.732   0.126   1.454  -1.237   0.295
  1956   1.511  -0.800   1.277  -0.727   1.109   0.468   0.195   0.317  -0.373  -1.030
  1957   2.019  -0.266   0.309  -0.125   1.492   1.272   1.284  -0.495   0.308  -0.011
  1958   2.331  -0.961   1.360   0.826   0.422  -0.834  -0.018  -0.815   0.158   0.006
  1959  -2.636  -1.370   0.607  -0.735   0.621  -1.640   0.324   0.099   0.095   0.066
  1960   2.091  -0.119  -0.286  -0.412  -0.383  -0.011  -0.977   1.196   0.945  -0.811
  1961   1.900   0.026   0.755   0.512  -0.259   0.247  -0.834   0.397  -0.832  -0.233
  1962  -1.590  -1.667  -0.128  -0.574   0.252  -0.222   0.256  -0.122   0.338  -0.075
  1963  -1.343  -0.421   0.447   0.569   0.444   0.653   0.750  -0.311  -0.569   0.101
  1964  -1.688  -0.419   0.814  -0.206  -0.245   0.209  -0.020   0.506  -0.029   0.927
  1965   1.796  -1.470   0.472  -0.808  -1.468  -1.146  -1.660  -0.404   0.488  -0.146
  1966  -4.805  -1.600  -0.404  -1.014  -0.669   0.434   0.956  -0.349   1.302   0.510
  1967   1.332  -1.168  -1.600   1.436   0.328   0.123   1.087  -0.324  -1.240   0.044
  1968   2.442  -0.412   0.011  -0.438  -1.467  -0.998   0.013  -0.513   0.220   0.830
  1969   0.338   0.870  -0.726  -0.631  -0.392   0.704  -0.144   0.554   0.569  -0.414
  1970   2.162   0.249  -0.072  -1.136  -0.135   0.037   0.336  -0.329  -0.210   0.747
  1971  -0.718  -0.665   0.160   0.389  -0.764   1.093  -1.423  -0.573  -0.667   0.888
  1972   1.931  -0.240  -1.583  -2.616  -0.271  -0.041   0.683   0.679   0.065   0.556
  1973   0.363   1.815  -0.927  -0.416  -0.653   0.758  -0.753  -0.184  -0.910   0.374
  1974   1.283  -0.296  -1.101  -1.313   2.113  -1.460  -0.005  -0.776   0.684   0.344
  1975  -0.220   0.436   0.104  -0.015   1.300   0.448  -0.741  -1.172   0.907   0.207
  1976  -0.225   2.591   0.288  -0.118   0.522   0.158   0.493   0.782   0.083  -0.019
  1977  -2.418  -0.540  -1.366  -2.710   0.122   0.298  -1.424  -0.109  -0.696  -0.268
  1978   0.728   0.041   2.298  -0.629  -2.523   1.588   1.204   0.135  -0.071   0.323
  1979  -1.141   0.801  -1.668   0.248  -0.304  -1.237   0.551   0.373  -0.403   0.692
  1980  -1.195  -0.595   2.821  -1.070  -0.912  -0.059  -0.798  -0.510  -0.288  -0.663
  1981  -0.837  -0.246   2.363   0.578   0.771  -1.650   0.638   0.674  -0.036  -0.282
  1982   0.872   3.273   0.182  -0.697   0.815  -0.707  -0.671  -0.491   0.131  -0.423
  1983  -1.465   0.485   0.159   0.804   0.114   0.826  -1.214   0.026  -0.756  -0.052
  1984  -1.259   1.175  -0.051  -0.952  -0.392  -0.234   1.207   0.139  -0.455  -0.105
  1985   0.722   2.613  -0.085  -0.663  -0.844   0.289   0.366  -0.654   0.498  -0.053
  1986  -0.168   1.649   0.158   0.138  -0.350  -1.175   1.333  -1.518  -0.366  -0.321
  1987  -2.911  -0.986  -0.866   1.299   0.197   0.765  -1.285   0.474   0.842   0.110
  1988   1.090  -0.334   2.458   0.441  -0.026   0.298   0.101   0.177  -0.505   0.241
  1989   1.471  -1.623   0.743   0.428   0.563   0.165   0.586   0.413   0.471  -0.964
  1990   0.176  -0.416   0.260   0.886  -0.140   0.712  -0.411  -0.687   0.521   0.011
  1991  -2.181   0.807  -0.016  -0.054  -0.997   0.274   0.574  -0.458   0.171  -0.497
  1992   0.093  -0.202  -0.660   0.969  -0.601  -0.387   0.719   0.404  -0.569  -0.400
  1993   3.305  -0.642  -0.619   2.207  -0.994  -0.766  -0.845   0.209   0.565   0.729
  1994  -0.698  -0.739  -0.767   0.786  -1.364  -1.191   0.761  -0.220  -0.100  -0.704
  1995   0.461  -0.547  -0.898   0.150  -0.517  -0.470   1.296   1.245   0.056   0.120
  1996  -0.920   0.130  -0.841  -0.055  -0.730  -0.285  -1.373   0.048  -0.832  -0.519
  1997   1.913  -1.529  -2.286   0.905   0.316   2.328   0.937  -1.241   0.253  -0.486
  1998  -0.114  -0.239  -2.224   0.917  -0.248  -0.582  -0.404   1.321   0.017  -0.490
  1999  -2.478  -0.226  -0.582   0.177   0.710   0.046  -0.386  -0.712  -1.188  -0.644
  2000   1.142  -0.693  -0.334  -0.085  -0.659  -0.307  -0.408  -0.070   0.602  -0.123
