 eigenvalue  3.105   1.345   1.239   0.985   0.873   0.691   0.665   0.444   0.412   0.243
 eval sderr  0.615   0.266   0.245   0.195   0.173   0.137   0.132   0.088   0.082   0.048
 % variance  0.310   0.134   0.124   0.098   0.087   0.069   0.066   0.044   0.041   0.024
 cumulative  0.310   0.445   0.569   0.667   0.755   0.824   0.890   0.935   0.976   1.000
 brokn stck  2.929   1.929   1.429   1.096   0.846   0.646   0.479   0.336   0.211   0.100
 series_id   #  1       2       3       4       5       6       7       8       9      10
  70622A     0.315  -0.161  -0.344   0.259   0.174   0.603   0.439  -0.255  -0.085  -0.176
  132010A    0.408  -0.025  -0.344   0.304  -0.148  -0.156   0.046   0.451   0.393   0.464
  142220     0.323  -0.115   0.581  -0.158   0.251   0.311  -0.046   0.021  -0.184   0.569
  151006A    0.195   0.586  -0.133  -0.163  -0.049   0.479  -0.538   0.127   0.114  -0.152
  20605A     0.377  -0.114   0.262  -0.251  -0.455  -0.051   0.069  -0.450   0.522  -0.155
  152151A    0.437  -0.282   0.188  -0.120   0.111  -0.124  -0.021   0.539  -0.151  -0.582
  80398A     0.262  -0.151  -0.378  -0.282   0.587  -0.329  -0.321  -0.351   0.068   0.058
  101092A    0.091   0.487   0.372   0.455   0.452  -0.218   0.188  -0.093   0.287  -0.176
  40952A     0.379   0.128   0.001   0.410  -0.334  -0.263  -0.250  -0.296  -0.583   0.017
  030525A    0.195   0.497  -0.149  -0.507  -0.056  -0.207   0.555   0.060  -0.261   0.098
