  year  #   1
  1950   2.679
  1951   2.485
  1952   2.084
  1953   2.211
  1954   1.991
  1955   1.778
  1956   1.334
  1957   1.096
  1958   1.299
  1959   0.268
  1960   0.666
  1961   0.106
  1962  -0.521
  1963  -0.731
  1964  -0.730
  1965  -0.501
  1966  -1.783
  1967  -0.795
  1968  -0.390
  1969  -0.275
  1970   0.043
  1971  -0.513
  1972   0.189
  1973  -0.237
  1974  -0.450
  1975  -0.070
  1976   0.426
  1977  -0.544
  1978   0.439
  1979  -0.930
  1980  -0.903
  1981  -0.478
  1982  -0.087
  1983  -0.254
  1984  -0.465
  1985  -0.079
  1986  -0.130
  1987  -0.927
  1988  -0.876
  1989  -0.290
  1990  -0.210
  1991  -1.139
  1992  -0.460
  1993  -0.382
  1994  -0.376
  1995  -0.605
  1996  -0.836
  1997  -0.888
  1998  -0.464
  1999  -0.605
  2000  -0.166
