  year  #   1
  1950   1.365
  1951   1.222
  1952   0.540
  1953   1.073
  1954   1.125
  1955   1.116
  1956   0.737
  1957   0.448
  1958   0.984
  1959  -0.877
  1960  -0.081
  1961  -0.760
  1962  -1.579
  1963  -1.871
  1964  -1.839
  1965  -1.133
  1966  -3.257
  1967  -1.215
  1968  -0.434
  1969   0.013
  1970   0.709
  1971  -0.456
  1972   0.790
  1973   0.109
  1974  -0.240
  1975   0.774
  1976   1.594
  1977  -0.275
  1978   1.624
  1979  -0.912
  1980  -0.669
  1981   0.265
  1982   0.853
  1983   0.405
  1984  -0.018
  1985   0.743
  1986   0.671
  1987  -0.833
  1988  -0.722
  1989   0.570
  1990   0.819
  1991  -0.919
  1992   0.452
  1993   0.763
  1994   0.562
  1995  -0.050
  1996  -0.826
  1997  -1.015
  1998  -0.101
  1999  -0.494
  2000   0.249
