  year  #   1       2       3       4       5       6       7       8       9      10      11      12      13      14      15      16      17      18      19      20      21
  1950   2.716   0.984   0.895   0.751   2.302   1.880  -0.002   1.371  -0.542   0.073  -1.498   0.048  -0.224  -0.022   0.109  -1.209   0.188  -0.190   0.514   0.194   0.031
  1951   1.450   2.562  -1.299   0.471   1.113   0.080  -0.060  -0.015  -0.442   0.300  -0.486  -0.052  -0.499  -1.396  -0.423   0.061   0.601   0.062  -0.127   0.382   0.558
  1952  -0.799   1.519  -0.054   2.742  -0.273  -0.435  -2.028   0.155  -0.369   0.600  -0.419  -0.961   0.183   0.787   0.285  -0.026   0.369  -0.330  -0.566   0.073   0.393
  1953   1.941   1.125  -0.634   0.007   0.954  -0.926  -1.590  -0.388  -1.381   1.772   0.966   0.149  -0.964   0.008   1.014   0.216  -0.327   0.328  -0.416   0.017  -0.141
  1954   1.970  -0.930   0.665   0.862  -1.416  -0.116  -0.070   1.449   0.567   0.919  -1.530  -0.725   0.736   0.865   0.840   0.248   0.066   0.815   0.220   0.087   0.089
  1955   1.894  -0.889  -1.014  -1.546   0.136  -0.243   0.686   0.188  -0.660  -0.601  -0.345   0.107   0.669   0.058   0.194  -0.098   1.258  -0.204   0.246  -0.450   0.382
  1956   1.302  -3.875  -1.332   0.823  -2.576  -0.991   0.499   0.984   0.349   0.231  -0.010  -0.690  -0.814  -0.544  -0.137   0.679  -0.456  -0.481   0.454   0.227   0.086
  1957   0.167   0.668  -0.443   1.462   2.006  -2.630   0.724  -0.184  -0.677  -0.398   1.063  -0.157   0.755  -0.840   0.017  -0.169   0.221   0.520  -0.242   0.165  -0.182
  1958   2.471  -0.458   1.433   0.668   0.095  -1.425  -0.016   0.828  -1.085  -0.405   0.289  -0.384  -0.328  -0.763  -0.396   1.316   0.650  -0.334   0.257   0.355   0.092
  1959  -4.594  -0.641  -1.342   1.125  -0.146   0.698  -1.435  -0.655   0.217   0.770   0.724   0.543  -0.412  -0.046  -0.128  -0.434  -0.168  -0.240  -0.103   0.697   0.270
  1960   0.646   1.095  -0.797  -1.623  -0.929  -0.952   0.157   0.898  -0.503  -0.989   0.044   0.046  -0.456   1.302   0.560  -0.665   0.460  -0.914   0.223   0.016  -0.205
  1961  -1.890  -1.531  -0.479   0.469   1.168   0.003  -1.118   0.882   0.538  -0.726   0.094  -0.503   0.123   1.272  -0.110  -0.528   0.482   0.389   0.181   0.417   0.060
  1962  -3.924  -1.610   0.983  -0.494   0.503   0.774   0.758  -0.167  -0.956   0.282   0.507  -0.310   0.304  -0.314  -0.775   0.795   0.162  -0.058   0.132   0.442   0.387
  1963  -3.695   0.100   0.761  -1.239   0.309   0.919   0.832   0.076  -0.722  -0.047  -1.008  -1.029  -1.036   0.511   0.325  -0.088   0.461   0.165  -0.330  -0.173  -0.513
  1964  -2.379   0.371   0.870  -1.568  -1.626  -0.837   0.656   0.539  -0.201  -0.369   0.183   1.709  -1.048  -0.343  -0.139  -0.027   0.078  -0.568  -0.693  -0.432   0.142
  1965   0.157  -0.052   1.664  -0.387   0.528  -0.621   1.557   1.083  -0.292  -0.022   1.294  -0.419  -0.085   0.863  -0.350  -0.116   0.042   0.088   0.186   0.371  -0.012
  1966  -8.369  -0.791  -0.991  -0.835   0.785   0.973   1.084  -1.232   0.046   1.700   0.478   0.334   0.342  -0.228  -0.107   0.163   0.006   0.298   0.079  -0.556   0.137
  1967   1.032  -1.974   2.447  -1.340   1.683  -1.098   0.468   0.197   0.226   0.592  -0.583   1.118   1.563   0.033   1.147  -0.797  -0.515  -0.145  -0.318   0.050   0.104
  1968   2.240  -1.643  -0.057   0.350  -0.743   0.097  -0.284   1.192   0.105   0.067   0.720   0.537  -0.595  -0.994  -0.049  -0.805   0.581  -0.084  -0.347  -0.269   0.104
  1969   1.611  -1.346  -0.970   0.264  -0.335  -1.064  -0.905  -1.690  -0.929  -0.384  -0.627   0.520   1.190  -0.559  -0.211   0.409  -0.212   0.058   0.263  -0.155  -0.482
  1970   3.078  -1.201  -1.101  -0.656  -1.912   0.076  -0.202  -1.988  -0.460   0.640   0.034   0.214  -0.643   0.657  -0.880  -1.527   0.866   1.024   0.295  -0.148   0.114
  1971  -1.646   1.216  -0.664  -0.815   0.502  -1.985  -2.255  -0.026   0.199  -0.663  -0.292   0.466   0.268   0.285  -0.304   0.048  -0.282  -0.287   0.619  -0.086   0.046
  1972   2.611   1.431  -1.209  -0.729   0.175   2.170  -0.390   0.064  -0.693  -0.091   0.329  -0.150   0.797  -1.055  -0.697  -0.034   0.168   0.050  -0.309   0.225  -0.856
  1973  -0.339   0.438  -0.303   0.451   0.170  -0.038   0.412   0.258   0.877  -0.890   0.379   0.245  -1.128   0.243  -0.560  -0.585  -0.394  -0.045  -0.429   0.344  -0.063
  1974  -1.269  -0.287  -0.504   0.169   0.337  -0.119  -0.007  -0.945   0.101  -1.096  -1.165   0.861  -0.785  -0.735   0.682  -0.162   0.120  -0.785  -0.047   0.061  -0.196
  1975   2.828  -1.097  -1.400  -1.016  -0.723   1.037  -0.517  -1.458   0.131  -0.265  -0.532  -0.266   0.613   0.298   0.904   0.225  -0.788  -0.027  -0.944   0.652   0.361
  1976   4.445   1.673   1.478  -0.581  -1.830   1.306  -0.378   0.010   0.641  -0.260   1.676  -0.602  -0.245  -0.021  -0.138  -0.072  -1.086   0.203   0.347  -0.053  -0.391
  1977  -3.350   0.831   1.328   0.595   0.544   0.657  -0.726  -0.284  -1.118  -0.576  -0.895  -0.313   0.257   0.222  -0.365   0.415   0.142  -0.043   0.112  -0.533  -0.011
  1978   4.542   1.055   2.460  -0.972  -1.492   0.807   0.085  -1.781   0.878   1.367  -0.739   0.036   0.435  -0.761   0.564   0.092   0.660  -0.411   0.195   0.284  -0.091
  1979  -4.363  -0.009   0.794   0.036  -0.255   0.006  -0.118   0.270  -0.543   0.891   0.853  -1.844  -0.239  -0.200   0.865   0.225   0.146  -0.193   0.054  -0.208  -0.451
  1980  -1.409  -0.759   2.990  -1.444  -0.430   0.016  -1.708  -0.377  -0.353  -1.197  -0.937  -0.654  -0.181  -0.202  -0.964   0.377   0.058   0.727  -0.946  -0.214   0.155
  1981   1.546  -1.422   0.335   2.221   1.772   0.664   1.934  -1.227  -0.798  -1.309  -0.308  -0.274  -0.062  -0.050   0.449  -0.009  -0.990  -0.241   0.151  -0.131  -0.032
  1982   2.356   1.723  -1.627   1.559  -0.470   0.278   1.152   0.328  -0.154   0.031  -0.172  -0.325   0.463  -0.031   0.259   0.152   0.134  -0.467   0.151  -0.816   0.252
  1983  -0.157   2.457  -0.892   0.526  -0.823  -0.342   0.075   0.419   0.090  -0.128  -0.375   0.542   0.319   0.658  -0.320   0.328  -1.323   0.205  -0.197  -0.491   0.339
  1984  -1.486   0.236  -0.230   1.536  -0.787   0.069   0.238  -1.365   0.200  -1.172   0.305   1.176   0.595   0.968  -0.232   0.587   0.697   0.115   0.512   0.444  -0.696
  1985   1.711   0.063   0.089  -0.060   1.858   1.654   0.004   0.221  -0.047   1.159   0.212   2.045  -1.196   1.143   0.343   1.333   0.162   0.401   0.338   0.151   0.024
  1986   1.392  -0.564   1.483  -0.360  -0.128   0.614  -1.315   0.364  -0.842   0.902   0.316   0.495   0.759   0.952  -1.413   0.255  -0.570  -1.246   0.142  -0.187  -0.016
  1987  -4.031   1.468   0.432  -0.739  -0.920  -0.838   1.234  -0.298   0.643   1.292  -0.643  -0.180  -0.404  -0.373   0.389  -0.231  -0.341  -0.645   0.414   0.478  -0.070
  1988  -1.366   1.161   1.154  -0.680   0.001  -1.418  -0.132   1.087   1.150  -0.285   0.229   0.603   0.678  -0.869  -0.448  -0.437  -0.238   0.488   0.226   0.409   0.273
  1989   2.921   1.203  -1.363  -1.020  -0.106  -0.672   1.551   1.027   1.261   0.706  -0.859   0.019   0.165   0.193  -0.452   1.364   0.374   0.665  -0.347  -0.022  -0.059
  1990   1.969  -0.720   0.431  -0.861   1.348   0.748  -0.191  -0.276   0.791  -1.335  -0.088   0.070  -1.357  -0.409   0.306   0.466  -0.668   0.752   0.631  -0.289   0.275
  1991  -4.342   1.284  -0.725  -0.902   0.272   0.384   0.624   0.141   2.616  -0.704  -0.128  -0.414   0.839   0.071  -0.130  -0.109   0.017   0.105  -0.063   0.164  -0.225
  1992   2.178   0.015   1.106   0.254   1.411  -2.321  -0.669  -2.142   2.146  -0.079   0.923  -0.883  -0.898   0.315   0.450   0.075   0.308  -0.128  -0.023  -0.475  -0.079
  1993   2.354  -1.417  -2.709  -2.070   2.093   0.705  -0.595   0.110   1.507   0.365   0.816  -1.061   0.611   0.163  -0.511   0.208   0.080  -0.749  -0.013  -0.276   0.192
  1994   0.633  -1.581  -0.237   2.406   0.236  -1.283   0.800   0.856   0.681   1.507  -0.972   0.633  -0.210   0.112  -1.012  -0.521  -0.325   0.178  -0.684  -0.318  -0.727
  1995  -0.709   0.720  -1.369  -1.757  -0.612  -1.399   0.872  -0.453  -2.480   0.251  -0.642  -0.777  -0.116   0.034  -0.259  -0.656  -1.013   0.586   0.669   0.162   0.137
  1996  -2.576  -1.000  -1.000  -0.340  -0.668   0.973  -2.151   2.321  -0.092  -0.385   0.593   0.607   0.373  -1.118   1.308  -0.010  -0.063   0.545   0.354  -0.336  -0.375
  1997  -2.176   0.468  -0.345   1.166  -2.308   0.438   0.695  -0.302  -0.280  -1.306   0.520   0.474   0.492   0.426   0.918   0.476   0.369   0.222  -0.405   0.062   0.320
  1998   1.090  -0.442  -0.952  -0.215   0.393   1.228   0.800   0.434  -0.343  -0.830  -0.125  -0.592  -0.364   0.046  -0.133  -0.153  -0.269  -0.301  -0.820   0.204  -0.145
  1999  -1.792   0.017   0.943   2.435  -0.823   1.508  -0.282  -0.464   1.505   0.106  -0.654  -0.266  -0.140  -0.785  -0.493  -0.439  -0.075  -0.053   0.577  -0.284   0.332
  2000   1.411   0.355   1.301   0.899  -0.366   0.990   1.251  -0.035  -0.506  -0.011   2.489   0.229   0.901   0.173   0.209  -0.605   0.175   0.178  -0.171  -0.235   0.365
