 eigenvalue  9.665   2.828   1.987   1.717   0.919   0.723   0.679   0.444   0.392   0.342   0.273   0.270   0.200   0.145   0.124   0.091   0.077   0.052   0.032   0.025   0.015
 eval sderr  1.914   0.560   0.394   0.340   0.182   0.143   0.135   0.088   0.078   0.068   0.054   0.053   0.040   0.029   0.024   0.018   0.015   0.010   0.006   0.005   0.003
 % variance  0.460   0.135   0.095   0.082   0.044   0.034   0.032   0.021   0.019   0.016   0.013   0.013   0.010   0.007   0.006   0.004   0.004   0.002   0.002   0.001   0.001
 cumulative  0.460   0.595   0.690   0.771   0.815   0.849   0.882   0.903   0.922   0.938   0.951   0.964   0.973   0.980   0.986   0.990   0.994   0.997   0.998   0.999   1.000
 brokn stck  3.645   2.645   2.145   1.812   1.562   1.362   1.195   1.053   0.928   0.816   0.716   0.625   0.542   0.465   0.394   0.327   0.265   0.206   0.150   0.098   0.048
 series_id   #  1       2       3       4       5       6       7       8       9      10      11      12      13      14      15      16      17      18      19      20      21
  112323     0.078   0.438  -0.180   0.097   0.037  -0.207  -0.332   0.597  -0.249   0.138  -0.089   0.123  -0.150  -0.054   0.230   0.081  -0.187  -0.022  -0.141  -0.063   0.033
  10122      0.186   0.019   0.185   0.111   0.616  -0.342  -0.307  -0.209   0.206  -0.268  -0.152   0.067   0.103   0.073   0.167  -0.066  -0.047   0.227   0.094   0.172   0.047
  162575     0.292  -0.046   0.115   0.001  -0.056   0.096  -0.176  -0.031   0.188  -0.281   0.155  -0.005  -0.413   0.025  -0.322  -0.204  -0.209   0.060  -0.482  -0.340   0.070
  10010     -0.117   0.351  -0.402   0.158  -0.175  -0.034   0.150  -0.281   0.034  -0.203  -0.166  -0.163   0.367   0.005  -0.082   0.120  -0.344   0.347  -0.219  -0.064  -0.014
  30315      0.086   0.359  -0.234   0.090   0.446   0.370   0.297  -0.217  -0.324  -0.082   0.119   0.087  -0.371  -0.032  -0.057   0.030   0.168  -0.008   0.069   0.090   0.115
  10296      0.276  -0.150  -0.056  -0.023  -0.051   0.061   0.178   0.006  -0.242  -0.354   0.092   0.373   0.341  -0.253   0.416  -0.235   0.084  -0.123  -0.203  -0.143  -0.190
  161554    -0.014   0.392   0.419  -0.098  -0.064   0.320   0.187   0.025   0.224   0.057  -0.267  -0.257  -0.051   0.188   0.435  -0.278  -0.003   0.006  -0.105  -0.002  -0.108
  190483     0.297  -0.061   0.167  -0.056   0.037  -0.014   0.180   0.058  -0.070   0.032  -0.112  -0.235   0.217  -0.152  -0.008   0.237  -0.049  -0.246  -0.292   0.227   0.663
  172637     0.257   0.150  -0.106  -0.192   0.067   0.143  -0.241   0.226  -0.174  -0.091   0.181  -0.383   0.413   0.222  -0.293  -0.288   0.311   0.078   0.134  -0.043  -0.024
  201261     0.292  -0.103  -0.053   0.090   0.032   0.143   0.076   0.195   0.185   0.089   0.191  -0.265  -0.081  -0.438  -0.010   0.056  -0.164   0.221  -0.029   0.486  -0.406
  30226      0.205  -0.032  -0.384  -0.026   0.265  -0.248   0.250  -0.068   0.281   0.508  -0.147  -0.031   0.043  -0.009  -0.059  -0.346   0.004  -0.251  -0.117  -0.205  -0.081
  202941     0.262  -0.052  -0.148   0.218  -0.179  -0.127   0.209   0.085   0.227   0.063   0.427   0.062  -0.065   0.499   0.311   0.166   0.198   0.269  -0.020   0.035   0.166
  172453     0.307  -0.073   0.038   0.003  -0.123   0.040   0.147   0.050  -0.066   0.013  -0.093  -0.042  -0.079  -0.176   0.062  -0.151  -0.361   0.240   0.642  -0.327   0.270
  202585     0.290  -0.019  -0.063   0.049  -0.249  -0.116   0.063  -0.068  -0.208  -0.163  -0.264   0.105  -0.129   0.440  -0.162  -0.156  -0.263  -0.313   0.119   0.449  -0.174
  152623     0.199   0.276  -0.228  -0.005  -0.364  -0.003  -0.275  -0.180   0.384  -0.155  -0.177   0.085  -0.123  -0.310   0.036   0.030   0.429  -0.167   0.178   0.088   0.128
  80694      0.190  -0.006   0.117   0.401   0.054   0.527  -0.202   0.020   0.150   0.294  -0.138   0.401   0.312   0.112  -0.182   0.160  -0.074  -0.022   0.011  -0.055  -0.026
  122295     0.267   0.015   0.226  -0.120  -0.078  -0.216   0.224   0.030  -0.216   0.125  -0.418   0.125  -0.078  -0.028  -0.233   0.217   0.380   0.430  -0.132  -0.106  -0.199
  162355     0.012   0.391   0.186  -0.412   0.069  -0.131   0.286   0.171   0.315  -0.111   0.277   0.368   0.166  -0.013  -0.269   0.150  -0.170  -0.111   0.136   0.035  -0.054
  72424     -0.039   0.110   0.217   0.643   0.037  -0.218   0.253   0.183   0.047  -0.257   0.024  -0.248   0.033  -0.078  -0.161   0.074   0.145  -0.311   0.125  -0.227  -0.159
  180906     0.282  -0.035  -0.067  -0.252   0.104   0.071  -0.139  -0.195  -0.022  -0.028   0.002  -0.265  -0.027   0.132   0.201   0.591  -0.115  -0.279   0.074  -0.319  -0.317
  150048     0.141   0.297   0.324   0.122  -0.190  -0.241  -0.168  -0.475  -0.282   0.379   0.395  -0.012   0.066  -0.136   0.011  -0.109  -0.064  -0.038  -0.026   0.020  -0.051
