 eigenvalue  6.663   2.858   2.077   1.420   1.292   1.217   0.875   0.769   0.696   0.541   0.518   0.421   0.337   0.307   0.243   0.200   0.173   0.160   0.108   0.072   0.054
 eval sderr  1.319   0.566   0.411   0.281   0.256   0.241   0.173   0.152   0.138   0.107   0.103   0.083   0.067   0.061   0.048   0.040   0.034   0.032   0.021   0.014   0.011
 % variance  0.317   0.136   0.099   0.068   0.062   0.058   0.042   0.037   0.033   0.026   0.025   0.020   0.016   0.015   0.012   0.010   0.008   0.008   0.005   0.003   0.003
 cumulative  0.317   0.453   0.552   0.620   0.681   0.739   0.781   0.818   0.851   0.877   0.901   0.921   0.937   0.952   0.964   0.973   0.981   0.989   0.994   0.997   1.000
 brokn stck  3.645   2.645   2.145   1.812   1.562   1.362   1.195   1.053   0.928   0.816   0.716   0.625   0.542   0.465   0.394   0.327   0.265   0.206   0.150   0.098   0.048
 series_id   #  1       2       3       4       5       6       7       8       9      10      11      12      13      14      15      16      17      18      19      20      21
  112323     0.260   0.227   0.171   0.054  -0.062   0.097  -0.148  -0.150   0.346  -0.351   0.021  -0.194   0.315  -0.323  -0.001   0.377   0.290   0.256   0.052  -0.030   0.107
  10122      0.106   0.063   0.089   0.606  -0.200   0.372   0.086   0.167   0.145   0.361   0.060   0.142  -0.086  -0.005  -0.079   0.261  -0.152  -0.116   0.200  -0.217  -0.129
  162575     0.242  -0.028  -0.279   0.022  -0.398   0.012   0.024  -0.238   0.102   0.314  -0.277   0.178   0.274   0.318   0.082  -0.121   0.196   0.102  -0.234  -0.010   0.357
  10010      0.151   0.250   0.399  -0.174   0.012  -0.253   0.264   0.237  -0.019   0.175  -0.185   0.008  -0.328  -0.032  -0.239  -0.039  -0.009   0.311   0.040  -0.269   0.363
  30315      0.158   0.197   0.429  -0.086   0.100   0.109  -0.231   0.222  -0.305   0.070  -0.112  -0.087   0.559   0.269  -0.018  -0.144  -0.060  -0.166  -0.080  -0.154  -0.186
  10296      0.173  -0.274   0.007  -0.192   0.153   0.172  -0.360   0.538   0.266   0.086   0.054   0.345  -0.019  -0.169   0.079  -0.101   0.137  -0.103   0.072   0.186   0.265
  161554     0.052   0.483  -0.182  -0.022   0.158   0.011  -0.206  -0.055  -0.254   0.072  -0.206  -0.086  -0.271   0.051   0.284   0.261   0.198  -0.420   0.200   0.063   0.236
  190483     0.237  -0.108  -0.220   0.136   0.375   0.354   0.013   0.044  -0.109  -0.201  -0.136  -0.062  -0.233   0.190   0.119  -0.215   0.310   0.335  -0.045  -0.359  -0.178
  172637     0.252   0.166   0.210  -0.140   0.029   0.174   0.085  -0.153   0.516  -0.148   0.139  -0.127  -0.269   0.294   0.192  -0.171  -0.290  -0.277  -0.268   0.042  -0.006
  201261     0.231  -0.210   0.188   0.005   0.246   0.102   0.004  -0.560  -0.099  -0.069  -0.151   0.302   0.065  -0.158  -0.130  -0.179  -0.216  -0.138   0.417  -0.052   0.181
  30226      0.180  -0.298   0.315   0.286   0.224  -0.098  -0.064  -0.116  -0.156   0.086   0.028  -0.086  -0.175   0.257  -0.230   0.284   0.230   0.009  -0.277   0.467   0.052
  202941     0.263  -0.180   0.027  -0.102   0.068  -0.328   0.206  -0.072  -0.041   0.204   0.588   0.007   0.092   0.020   0.244   0.085   0.307  -0.202   0.093  -0.345  -0.029
  172453     0.291  -0.176  -0.189  -0.127   0.095  -0.226  -0.147   0.058  -0.074  -0.066  -0.198   0.172  -0.011  -0.012   0.145   0.520  -0.495   0.093  -0.248  -0.222  -0.111
  202585     0.321  -0.104  -0.147  -0.121  -0.089  -0.152   0.087   0.157   0.129   0.058  -0.128  -0.340   0.039   0.295   0.003   0.012  -0.099   0.146   0.615   0.304  -0.211
  152623     0.323   0.064   0.018  -0.110  -0.273  -0.145  -0.019  -0.041   0.008   0.022  -0.267   0.164  -0.207  -0.329  -0.207  -0.148   0.284  -0.255  -0.135   0.043  -0.550
  80694      0.153   0.051  -0.050  -0.402  -0.252   0.425  -0.268  -0.176  -0.308   0.226   0.388  -0.118  -0.195  -0.053  -0.191   0.077  -0.108   0.233  -0.015   0.050  -0.009
  122295     0.243  -0.012  -0.331   0.269   0.113  -0.172  -0.195   0.077   0.009   0.045   0.089  -0.472   0.052  -0.232  -0.375  -0.270  -0.185  -0.200  -0.142  -0.129   0.240
  162355     0.080   0.407  -0.028   0.237   0.245  -0.286  -0.276  -0.130   0.084   0.269   0.205   0.249   0.008  -0.065   0.197  -0.242  -0.119   0.392  -0.010   0.218  -0.190
  72424      0.135   0.170  -0.200  -0.168   0.385   0.267   0.592   0.065  -0.020   0.240  -0.027   0.007   0.254  -0.247  -0.054   0.098  -0.041  -0.023  -0.174   0.282  -0.036
  180906     0.255  -0.101   0.166   0.233  -0.305   0.043   0.182   0.137  -0.384  -0.189   0.012  -0.112  -0.052  -0.294   0.523  -0.200  -0.144   0.068  -0.070   0.215   0.147
  150048     0.207   0.276  -0.205   0.096  -0.115  -0.051   0.147   0.174  -0.183  -0.507   0.303   0.418   0.041   0.268  -0.325   0.009  -0.022  -0.052   0.050   0.109   0.089
