  year  #   1
  1950   1.009
  1951   0.539
  1952  -0.297
  1953   0.721
  1954   0.732
  1955   0.703
  1956   0.484
  1957   0.062
  1958   0.918
  1959  -1.706
  1960   0.240
  1961  -0.702
  1962  -1.458
  1963  -1.373
  1964  -0.884
  1965   0.058
  1966  -3.108
  1967   0.383
  1968   0.832
  1969   0.598
  1970   1.143
  1971  -0.611
  1972   0.970
  1973  -0.126
  1974  -0.471
  1975   1.050
  1976   1.651
  1977  -1.244
  1978   1.687
  1979  -1.620
  1980  -0.523
  1981   0.574
  1982   0.875
  1983  -0.058
  1984  -0.552
  1985   0.635
  1986   0.517
  1987  -1.497
  1988  -0.507
  1989   1.085
  1990   0.731
  1991  -1.613
  1992   0.809
  1993   0.874
  1994   0.235
  1995  -0.263
  1996  -0.957
  1997  -0.808
  1998   0.405
  1999  -0.666
  2000   0.524
