juni_drop_canopy.rwl -- no data title --                  1st itrdb line missing     
juni_drop_canopy.rwl -- no data title --                  2nd itrdb line missing     
juni_drop_canopy.rwl -- no data title --                  3rd itrdb line missing     
juni_d18919990  0   0  1   0  1   0  1   0  1   0  1   0  1   0  11008  2 889  2  err
juni_d19001450  21561  21426  21383  2 356  3 701  3 904  3 603  4 455  4 589  4  err
juni_d1910 649  41069  4 512  4 931  5 596  7 339  9 347 10 359 10 264 11 387 11  err
juni_d1920 288 11 385 11 377 11 351 12 382 13 386 14 383 14 363 14 327 15 341 16  err
juni_d1930 268 16 351 16 240 16 321 17 338 18 296 19 360 19 377 19 362 19 393 19  err
juni_d1940 375 19 417 19 366 19 244 20 282 20 327 20 213 20 216 20 305 21 297 21  err
juni_d1950 333 21 265 21 307 21 274 21 230 21 179 22 239 22 186 22 219 22 212 22  err
juni_d1960 185 22 180 22 152 22 135 22 176 22 189 22 124 22 278 22 246 22 267 22  err
juni_d1970 302 22 225 22 190 22 178 22 209 22 269 22 215 22  81 22 249 22 153 22  err
juni_d1980 215 22 252 22 176 22 131 22 183 22 161 22 186 22 134 22 154 22 176 22  err
juni_d1990 154 22 108 22 267 22 244 22 294 22 213 22 203 22 223 22 220 22 145 22  err
juni_d2000 220 22 228 21 237 21 283 20 288 19 273 19 269 19 238 19 268 19 304 18  err
juni_d2010   0  19990  09990  09990  09990  09990  09990  09990  09990  09990  0  err
juni_drop_canopy.rwl -- no data title --                  1st itrdb line missing     
juni_drop_canopy.rwl -- no data title --                  2nd itrdb line missing     
juni_drop_canopy.rwl -- no data title --                  3rd itrdb line missing     
juni_d18919990  0   0  1   0  1   0  1   0  1   0  1   0  1   0  1  59  2  62  2  err
juni_d1900 151  2 183  2 197  2  99  2 221  3 284  3 215  3  50  4  34  4  31  4  err
juni_d1910 178  4 147  4  83  4  42  5 102  7  87  9 107 10  77 10 115 11  88 11  err
juni_d1920  78 11  72 11  94 11 100 12  67 13  83 14  81 14  90 14  61 15  94 16  err
juni_d1930  71 16  91 16  69 16 114 17  74 18  88 19  72 19  75 19  68 19  80 19  err
juni_d1940  84 19  87 19  81 19  43 20  72 20  73 20  65 20  77 20  97 21  93 21  err
juni_d1950  96 21  80 21  83 21  81 21  68 21  50 22  51 22  67 22  77 22  56 22  err
juni_d1960  46 22  48 22  58 22  38 22  52 22  55 22  49 22  81 22  59 22  70 22  err
juni_d1970  68 22  51 22  52 22  46 22  49 22  62 22  66 22  36 22  78 22  46 22  err
juni_d1980  71 22  64 22  42 22  50 22  41 22  53 22  48 22  45 22  56 22  50 22  err
juni_d1990  27 22  60 22  76 22  76 22  76 22  56 22  59 22  55 22  42 22  49 22  err
juni_d2000  51 22  66 21  69 21  73 20  61 19  34 19  35 19  53 19  53 19  54 18  err
juni_d2010   0  19990  09990  09990  09990  09990  09990  09990  09990  09990  0  err
juni_drop_canopy.rwl -- no data title --                  1st itrdb line missing     
juni_drop_canopy.rwl -- no data title --                  2nd itrdb line missing     
juni_drop_canopy.rwl -- no data title --                  3rd itrdb line missing     
juni_d18919990  0   0  1   0  1   0  1   0  1   0  1   0  1   0  1   1  2  37  2  err
juni_d1900 223  2  86  2  88  2  39  2   9  3 224  3  42  3  68  4  55  4  39  4  err
juni_d1910 183  4 173  4  49  4  10  5  56  7  90  9 101 10  57 10 107 11  64 11  err
juni_d1920  47 11  82 11  82 11  83 12  47 13  69 14  44 14  65 14  54 15  86 16  err
juni_d1930  47 16  71 16  67 16  97 17  60 18  65 19  59 19  40 19  59 19  65 19  err
juni_d1940  78 19  71 19  41 19  63 20  65 20  64 20  60 20  50 20  58 21  71 21  err
juni_d1950  55 21  45 21  61 21  55 21  58 21  39 22  56 22  40 22  42 22  40 22  err
juni_d1960  44 22  43 22  45 22  33 22  46 22  42 22  32 22  55 22  38 22  49 22  err
juni_d1970  52 22  35 22  47 22  26 22  32 22  56 22  53 22  43 22  68 22  42 22  err
juni_d1980  60 22  55 22  43 22  41 22  35 22  53 22  45 22  39 22  44 22  43 22  err
juni_d1990  45 22  47 22  65 22  67 22  63 22  53 22  55 22  51 22  33 22  47 22  err
juni_d2000  44 22  60 21  55 21  45 20  49 19  49 19  34 19  45 19  44 19  49 18  err
juni_d2010   0  19990  09990  09990  09990  09990  09990  09990  09990  09990  0  err
juni_drop_canopy.rwl -- no data title --                  1st itrdb line missing     
juni_drop_canopy.rwl -- no data title --                  2nd itrdb line missing     
juni_drop_canopy.rwl -- no data title --                  3rd itrdb line missing     
juni_d18919990  0   0  1   0  1   0  1   0  1   0  1   0  1   0  1   1  2  34  2  err
juni_d1900 206  2  80  2  81  2  36  2   9  3 207  3  39  3  63  4  51  4  36  4  err
juni_d1910 169  4 161  4  45  4   9  5  52  7  83  9  94 10  53 10  99 11  59 11  err
juni_d1920  43 11  76 11  75 11  77 12  44 13  64 14  40 14  60 14  50 15  79 16  err
juni_d1930  44 16  66 16  62 16  90 17  55 18  60 19  55 19  37 19  55 19  60 19  err
juni_d1940  72 19  65 19  38 19  58 20  60 20  59 20  56 20  47 20  54 21  66 21  err
juni_d1950  51 21  42 21  57 21  51 21  54 21  36 22  52 22  37 22  39 22  37 22  err
juni_d1960  41 22  39 22  41 22  31 22  42 22  39 22  30 22  51 22  35 22  45 22  err
juni_d1970  48 22  32 22  44 22  24 22  30 22  52 22  49 22  40 22  63 22  39 22  err
juni_d1980  55 22  51 22  40 22  38 22  32 22  49 22  42 22  36 22  41 22  40 22  err
juni_d1990  41 22  44 22  60 22  62 22  58 22  49 22  51 22  47 22  30 22  44 22  err
juni_d2000  40 22  55 21  51 21  42 20  45 19  45 19  32 19  41 19  40 19  45 18  err
juni_d2010   0  19990  09990  09990  09990  09990  09990  09990  09990  09990  0  err
