  year  #   1       2       3       4       5       6       7       8       9      10      11      12      13      14      15      16      17      18      19      20      21
  1950   9.805  -2.215  -1.932   1.548   1.327   1.810  -0.971  -0.136   1.208   0.428   0.778  -0.878   0.374  -0.060  -0.105   0.125  -0.083  -0.144   0.328  -0.140   0.084
  1951   8.652  -2.394  -1.554   0.941  -1.007   0.764  -0.266   0.328   0.369  -1.007   0.996   0.233  -0.461  -0.453   0.036  -0.069  -0.083   0.084  -0.446   0.044  -0.145
  1952   6.831  -3.286   0.060   0.030  -0.392  -1.282   0.676  -0.377  -0.951  -0.441  -0.062   0.302  -0.124   0.663   0.846   0.111  -0.217  -0.032  -0.068   0.175   0.045
  1953   7.228  -1.277  -0.287   0.024   0.026  -0.550   0.076  -0.118  -1.688  -0.104  -1.136   1.161   0.617  -0.158  -0.743  -0.417   0.050   0.099  -0.091  -0.015   0.100
  1954   6.186   0.045   0.609  -0.751  -0.028  -0.824   0.410   0.601  -0.657   1.738  -0.701  -0.214   0.115  -0.053   0.094   0.453  -0.221  -0.292   0.262   0.019   0.000
  1955   5.175   1.473   0.602  -0.326   0.131   0.735  -0.414   0.601  -0.255   0.226  -0.745  -0.580  -0.984  -0.238   0.356  -0.182   0.062   0.569   0.108   0.006  -0.036
  1956   3.687   3.178   3.264  -1.815  -0.655   0.103   0.397  -0.432   0.680   1.095   0.190  -0.945  -0.264   0.242  -0.461   0.424   0.210   0.353  -0.306   0.041   0.082
  1957   2.670   1.373   2.058  -0.320  -0.127  -0.332   1.031   0.631  -0.340  -0.801   0.052  -0.179  -0.109  -0.324  -0.330   0.160   0.036   0.011   0.295  -0.147   0.053
  1958   3.289   2.637   2.672  -1.198   0.407  -0.792   1.551  -0.145   1.011  -1.249   0.023   0.104   0.740  -0.821   0.245   0.029   0.130  -0.155   0.015   0.140   0.061
  1959   0.283  -1.419   1.974  -0.938  -0.648  -0.285   0.368  -0.825  -0.495   0.042   0.234   0.318   0.395   0.062  -0.302   0.470   0.434   0.003  -0.290  -0.258  -0.252
  1960   1.311   0.282   1.596  -1.659  -0.083   0.380   0.412  -0.116   0.353  -0.143   0.195   0.100  -0.220   0.479  -0.154  -1.001   0.108   0.102   0.111  -0.023  -0.057
  1961  -0.200  -0.591   2.024  -0.854  -0.398   0.886   0.104  -0.790  -0.044   0.159  -0.179  -0.142  -0.238   0.617   0.650  -0.415  -0.098  -0.530   0.098  -0.186  -0.121
  1962  -1.727  -1.449   1.152  -1.069   0.650   0.910   0.236  -0.270   0.446  -0.442  -0.607  -0.380  -0.112   0.175   0.242   0.177   0.122  -0.265  -0.057  -0.121  -0.174
  1963  -2.125  -2.032   0.442  -1.253   0.375   0.658  -0.244  -0.160   0.029  -0.096  -0.569  -0.623  -0.522  -0.113   0.284  -0.101   0.023  -0.457  -0.154   0.195   0.185
  1964  -2.107  -1.316   0.599  -1.668   0.779   0.175  -0.101  -0.058   0.256  -0.060   0.598  -0.074   0.265   0.033  -0.073  -0.302  -0.250   0.304  -0.132   0.114   0.090
  1965  -1.595  -0.329  -0.001  -1.579   1.671   0.721   0.819   0.600   0.599  -0.362  -0.031   0.035   0.232   0.323  -0.136  -0.438  -0.293  -0.193  -0.096   0.087   0.122
  1966  -4.080  -3.681  -0.439  -0.882   0.086   1.005  -0.058   0.761  -0.588   0.091  -0.257  -0.421  -0.172  -0.028  -0.528   0.356   0.185   0.059  -0.151  -0.155   0.132
  1967  -1.760   0.479  -0.394  -0.354   2.198   1.064  -0.454   0.080  -1.541   0.268   0.575  -0.333   0.500  -0.204  -0.057  -0.095  -0.004   0.127   0.143   0.131  -0.200
  1968  -1.150   1.411   0.373  -0.267   1.544   1.019  -0.366  -0.406  -0.545   0.202   0.741   0.485   0.102  -0.006   0.075   0.365  -0.243  -0.035  -0.164   0.143   0.072
  1969  -0.839   2.111  -0.060  -0.641   0.483   0.212  -1.467   0.070  -0.563  -0.493   0.237  -0.065   0.342  -0.299   0.266   0.243   0.370   0.001   0.257  -0.011  -0.008
  1970   0.027   3.737  -0.595  -0.975   0.279  -0.152  -2.132   1.481  -0.664  -0.185   0.262   0.035  -0.327   0.484   0.248   0.085  -0.029  -0.022  -0.409  -0.211   0.185
  1971  -1.476   0.468   0.013  -1.417  -0.752   0.388  -0.490   0.110  -0.435  -0.461   0.290   0.245   0.317  -0.030   0.482  -0.171   0.201   0.019   0.144  -0.431  -0.126
  1972   0.113   1.121  -0.978  -0.438  -0.645   0.484  -1.042  -0.178   0.382  -0.790  -0.407   1.296  -0.834  -0.154   0.068   0.532   0.337  -0.208   0.165   0.144   0.117
  1973  -0.956  -0.106  -0.272  -0.737  -1.112   0.001  -0.128  -0.476   0.269  -0.404   0.660   0.668   0.060   0.583  -0.338   0.193  -0.293  -0.134   0.068  -0.020   0.030
  1974  -1.396  -0.425  -0.298  -0.623  -1.141  -0.347  -0.922  -1.112  -0.345  -0.300   0.814  -0.082   0.086  -0.081  -0.120  -0.182   0.251   0.055   0.148   0.176   0.121
  1975  -0.451   1.596  -0.881  -0.456  -1.417  -0.445  -1.656  -0.862  -0.386  -0.102  -0.100  -0.318  -0.036   0.151  -0.380  -0.003  -0.389  -0.002   0.027   0.214  -0.312
  1976   0.941   2.304  -2.454  -0.635   0.520  -0.710   0.522  -0.895   1.109   0.234   0.059   0.610  -0.411   0.804  -0.824   0.070  -0.289  -0.025   0.142  -0.150   0.051
  1977  -1.765  -1.481  -0.966  -0.722   0.039  -0.549  -0.335  -0.529   0.284  -0.506  -0.526  -0.133  -0.080   0.000   0.238   0.328  -0.177   0.222   0.133  -0.103   0.039
  1978   1.139   2.547  -3.574  -0.668   1.404  -1.487   0.316  -0.309   0.165   1.182   0.074   0.111  -0.420  -0.116   0.317  -0.455   0.496  -0.255  -0.073   0.034  -0.185
  1979  -2.548  -1.615  -1.316  -0.978   0.547  -0.428   0.708  -0.294  -0.064   0.298  -0.631  -0.041  -0.546  -0.312  -0.258   0.167   0.118  -0.067   0.010   0.075   0.068
  1980  -2.283  -0.202  -1.628  -1.194   1.436  -0.842   0.391  -0.567   0.185  -0.088  -0.558   0.108  -0.052  -0.506   0.486   0.407  -0.734   0.192  -0.191  -0.175  -0.033
  1981  -1.482  -0.128  -0.667   0.184   0.186  -1.371  -0.854  -0.709   0.120  -0.663  -0.240  -1.292   0.821  -0.462  -0.316   0.088  -0.158  -0.098   0.031   0.135  -0.068
  1982  -0.791  -0.022  -0.692   0.417  -0.769  -0.857  -0.036   0.695   0.025  -0.303  -0.078  -0.894  -0.171  -0.049  -0.360  -0.099   0.225  -0.364  -0.063   0.085  -0.052
  1983  -1.215  -1.363  -0.498  -0.428  -1.117  -0.803   0.134   1.032   0.122   0.066   0.197  -0.287   0.308   0.239  -0.460  -0.040  -0.230   0.112   0.126  -0.175  -0.033
  1984  -1.530  -1.278  -0.177   0.377  -0.815  -1.690  -0.590   0.542   0.630  -0.141   0.116  -0.219   0.099   0.422   0.431  -0.007   0.365   0.253   0.337   0.097   0.134
  1985  -0.535  -0.339  -1.090   1.330  -1.010   0.056  -0.746   0.390   0.821   0.720  -0.774   0.214   1.214   0.074   0.160  -0.247   0.435  -0.214  -0.324  -0.098   0.053
  1986  -0.665   0.290  -0.555   0.664   0.985   1.145   0.063   0.029   0.720  -0.260  -0.985   0.465   1.050   0.839   0.258   0.188   0.307   0.582   0.022   0.223  -0.029
  1987  -2.603  -1.543  -0.897  -0.623   0.054   0.387   0.923   0.446  -0.354   0.539   0.207  -0.060  -0.070   0.007  -0.326  -0.181   0.398   0.081  -0.016   0.237  -0.036
  1988  -2.438  -0.821  -0.636  -0.505   0.414   0.311   1.539   0.398  -0.229   0.210   0.998   0.809  -0.144  -0.278  -0.009   0.105   0.160   0.039   0.163   0.029  -0.061
  1989  -1.225   1.103  -0.863  -0.094  -1.380   0.231   0.850   1.716   0.639   0.497   0.318   0.631   0.040  -0.340   0.348   0.177  -0.115  -0.015  -0.023   0.268  -0.177
  1990  -1.018   1.542  -1.183   0.904  -0.874   0.330   0.411  -0.447   0.665   0.261  -0.047   0.053   0.397  -0.758   0.093  -0.184  -0.035  -0.033  -0.208  -0.223   0.110
  1991  -2.996  -1.645  -0.914   0.619  -1.455   0.404   1.091   0.355   0.326   0.355   0.150  -0.339  -0.257  -0.047   0.141   0.218  -0.124   0.251   0.059  -0.115  -0.083
  1992  -1.507   1.789  -1.590   1.818  -0.385  -0.564   1.518  -0.758  -1.096  -0.092   0.575  -0.577   0.039  -0.073   0.369  -0.416  -0.136   0.209  -0.046  -0.178   0.260
  1993  -1.370   2.490  -1.247   2.871  -1.249   2.101   1.263  -0.999  -0.566  -0.592  -0.933  -0.494  -0.463   0.122  -0.046  -0.006   0.120   0.102   0.040   0.036  -0.034
  1994  -1.295   1.965   1.091   2.647  -0.731   0.340   0.725   0.556  -0.662   0.327   0.377  -0.154   0.659   0.652   0.210   0.336  -0.486  -0.319  -0.030   0.158   0.022
  1995  -1.885   0.763   0.597   0.588  -0.242   0.237  -0.393   1.615  -0.146  -0.566  -0.515   0.112  -0.185  -0.268  -0.409  -0.320  -0.349  -0.194   0.182  -0.055   0.039
  1996  -2.043  -0.603   2.302   1.434  -0.388   0.872  -0.900  -0.914   0.130   1.384   0.024   1.077   0.027  -0.696  -0.046  -0.071  -0.110  -0.067   0.199  -0.098   0.110
  1997  -2.316  -1.456   2.215   1.129   0.160  -1.161  -1.049   0.196   0.540   0.581  -0.102   0.281  -0.204  -0.198   0.326  -0.332  -0.334   0.412  -0.001  -0.059  -0.081
  1998  -1.436  -0.230   1.852   1.941   0.028   0.035  -0.845  -0.332   0.444   0.067  -0.325   0.242  -0.452  -0.242  -0.274  -0.355  -0.375   0.004  -0.140   0.237  -0.071
  1999  -1.831  -1.500   1.565   2.087   0.244  -1.010  -0.296  -0.471  -0.182   0.362   0.720  -0.168  -0.447   0.073   0.102   0.111   0.435  -0.059  -0.081   0.099   0.161
  2000  -0.699   0.045   1.575   4.511   2.851  -1.281   0.223   0.451   0.268  -0.680   0.051   0.196  -0.498   0.325  -0.314   0.173   0.276  -0.065  -0.056  -0.194  -0.156
