 eigenvalue  8.921   2.802   2.160   1.785   0.985   0.804   0.788   0.471   0.401   0.364   0.319   0.259   0.222   0.198   0.136   0.125   0.081   0.063   0.047   0.044   0.025
 eval sderr  1.767   0.555   0.428   0.354   0.195   0.159   0.156   0.093   0.079   0.072   0.063   0.051   0.044   0.039   0.027   0.025   0.016   0.013   0.009   0.009   0.005
 % variance  0.425   0.133   0.103   0.085   0.047   0.038   0.038   0.022   0.019   0.017   0.015   0.012   0.011   0.009   0.006   0.006   0.004   0.003   0.002   0.002   0.001
 cumulative  0.425   0.558   0.661   0.746   0.793   0.831   0.869   0.891   0.910   0.928   0.943   0.955   0.966   0.975   0.982   0.988   0.992   0.995   0.997   0.999   1.000
 brokn stck  3.645   2.645   2.145   1.812   1.562   1.362   1.195   1.053   0.928   0.816   0.716   0.625   0.542   0.465   0.394   0.327   0.265   0.206   0.150   0.098   0.048
 series_id   #  1       2       3       4       5       6       7       8       9      10      11      12      13      14      15      16      17      18      19      20      21
  112323     0.096   0.436  -0.100   0.142   0.113  -0.187   0.252   0.605  -0.043  -0.261  -0.069  -0.313   0.048  -0.100   0.188  -0.053   0.212  -0.114   0.019   0.101  -0.047
  10122      0.191  -0.025   0.132  -0.138   0.508  -0.091   0.584  -0.145  -0.052   0.185   0.302   0.135   0.078  -0.125   0.151  -0.099  -0.035   0.231  -0.164  -0.081   0.093
  162575     0.286  -0.047   0.151  -0.122  -0.061  -0.271   0.059  -0.067  -0.218   0.175   0.139  -0.060  -0.122   0.551  -0.025  -0.192   0.003  -0.288   0.134   0.432  -0.220
  10010     -0.115   0.392  -0.266   0.319  -0.090   0.007   0.000  -0.263   0.131   0.274   0.090   0.137   0.092  -0.146  -0.216  -0.150   0.242   0.173  -0.228   0.463  -0.100
  30315      0.097   0.332  -0.201   0.068   0.548   0.102  -0.330  -0.349   0.014  -0.162   0.062  -0.340  -0.181   0.246   0.001   0.123  -0.128  -0.018   0.029  -0.061   0.138
  10296      0.272  -0.160  -0.102   0.026   0.016   0.054  -0.260  -0.021   0.276  -0.239   0.469   0.022   0.445  -0.206   0.206  -0.071  -0.126  -0.242  -0.048   0.068  -0.308
  161554    -0.006   0.392   0.306  -0.299  -0.043   0.208  -0.272  -0.030  -0.149   0.349  -0.141   0.016  -0.087  -0.256   0.490  -0.108  -0.106  -0.067  -0.074   0.014  -0.178
  190483     0.299  -0.105   0.101  -0.131   0.092   0.181  -0.058   0.084   0.259   0.176  -0.152   0.007   0.028  -0.099  -0.113   0.084   0.265  -0.448  -0.233   0.195   0.553
  172637     0.243   0.143  -0.238  -0.149   0.044  -0.189  -0.134   0.355   0.421   0.164  -0.034   0.342  -0.252   0.036  -0.108  -0.104  -0.437   0.197   0.131   0.017   0.059
  201261     0.288  -0.115   0.013   0.137   0.124   0.205  -0.101   0.206  -0.059   0.115  -0.364  -0.007   0.290   0.362  -0.033   0.068  -0.003   0.283  -0.481  -0.098  -0.290
  30226      0.194  -0.084  -0.369   0.176   0.146   0.417   0.219  -0.054  -0.285   0.063  -0.291   0.161  -0.017  -0.186  -0.088  -0.243  -0.140  -0.301   0.332  -0.028  -0.150
  202941     0.252   0.003  -0.006   0.337  -0.208   0.196   0.051  -0.032  -0.118  -0.290   0.142   0.389  -0.391   0.114   0.431   0.230   0.054   0.087  -0.128   0.123   0.148
  172453     0.308  -0.061   0.052   0.033  -0.184   0.117  -0.131  -0.057  -0.013  -0.003  -0.025  -0.236   0.226   0.026   0.149  -0.397   0.154   0.487   0.387   0.055   0.358
  202585     0.297   0.026  -0.023   0.138  -0.258  -0.079   0.009  -0.087   0.068   0.107   0.168  -0.241  -0.391  -0.103  -0.158  -0.340   0.148  -0.110  -0.272  -0.533  -0.117
  152623     0.219   0.263  -0.153   0.146  -0.298  -0.316   0.055  -0.137  -0.261   0.240  -0.005   0.016   0.396   0.016   0.034   0.343  -0.278  -0.146   0.020  -0.239   0.264
  80694      0.177   0.020   0.345   0.195   0.274  -0.293  -0.398   0.090  -0.380  -0.124   0.006   0.330  -0.001  -0.283  -0.320  -0.039   0.152   0.045   0.077  -0.028  -0.003
  122295     0.288  -0.025   0.135  -0.124  -0.162   0.194   0.122   0.015  -0.124  -0.073   0.081  -0.376  -0.167  -0.340  -0.338   0.352  -0.301   0.215  -0.039   0.318  -0.118
  162355     0.027   0.378  -0.046  -0.433  -0.134   0.392   0.035   0.126  -0.163  -0.168   0.326   0.253   0.145   0.235  -0.319   0.006   0.198   0.017   0.030  -0.186   0.024
  72424     -0.013   0.131   0.445   0.440   0.063   0.260   0.098   0.114   0.327   0.302   0.168  -0.020   0.030   0.137  -0.085   0.224   0.027  -0.061   0.388  -0.144  -0.128
  180906     0.265  -0.060  -0.247  -0.260   0.036  -0.169  -0.017  -0.151   0.134   0.120  -0.142   0.047  -0.076  -0.100   0.109   0.427   0.532   0.115   0.286  -0.090  -0.306
  150048     0.164   0.271   0.326  -0.062  -0.101  -0.102   0.232  -0.384   0.324  -0.452  -0.426   0.144   0.107   0.015  -0.085  -0.115  -0.090  -0.062   0.010  -0.020  -0.104
