  year  #   1       2       3       4       5       6       7       8       9      10      11      12      13      14      15      16      17      18      19      20      21
  1950   8.002  -2.594  -0.857   1.773   1.688  -1.138  -0.716  -0.159  -0.261   0.615  -0.593   0.777   0.090   0.511   0.386   0.183   0.046   0.299   0.312  -0.102   0.254
  1951   7.421  -2.510  -0.885   1.727  -0.165  -0.899  -0.707   0.175  -0.024  -0.133   0.373   0.076   0.558   0.883   0.011   0.259   0.026  -0.161  -0.175   0.137  -0.123
  1952   6.224  -3.533  -0.056   0.426  -0.327   0.172   0.427  -0.301   0.693  -0.573   0.421  -0.336  -0.318  -0.328   0.440  -0.181   0.260  -0.060  -0.224  -0.080  -0.156
  1953   6.603  -1.586  -0.550   0.430   0.332  -0.405   0.037   0.041   0.374  -0.806   0.562  -0.602   0.204  -0.687  -0.994  -0.637  -0.167  -0.119  -0.080   0.191   0.113
  1954   5.947  -0.225   0.163  -0.648  -0.152   0.754   0.235   0.758  -0.071  -0.675  -1.124  -0.326  -0.132  -0.762  -0.118  -0.139   0.427  -0.050   0.194  -0.249   0.013
  1955   5.312   1.141   0.297  -0.531   0.399  -0.089  -0.402   0.543  -0.542   0.390  -0.712  -0.886  -0.045  -0.082   0.684  -0.029  -0.186   0.278  -0.095   0.219  -0.051
  1956   3.985   2.621   1.808  -2.591  -0.863   0.893   0.139  -0.368  -0.330   0.271  -1.690   0.456  -0.552   0.282  -0.310   0.427  -0.011   0.187  -0.081   0.238   0.195
  1957   3.274   1.164   1.512  -1.018  -0.333   1.132  -0.247   0.385   0.749   0.296   0.621  -0.587   0.152   0.443  -0.152   0.252   0.113   0.225   0.145   0.054   0.054
  1958   3.880   2.043   1.340  -1.868  -0.168   1.961   0.292  -0.357   0.496   0.826   0.947   0.295   1.138   0.120  -0.003   0.337  -0.099  -0.140  -0.156  -0.017  -0.029
  1959   0.799  -1.486   1.444  -1.527  -1.051   0.252  -0.228  -0.676   0.720  -0.451   0.414   0.213  -0.230  -0.363  -0.633   0.576  -0.042  -0.076   0.034   0.259  -0.242
  1960   1.990   0.015   0.445  -2.129  -0.605   0.658  -0.496  -0.227  -0.436   0.055   0.187   0.130  -0.411   0.174   0.207  -0.649  -0.688   0.024  -0.017  -0.086  -0.064
  1961   0.315  -0.630   1.444  -1.754  -0.590  -0.101  -0.902  -0.837   0.082   0.146   0.003  -0.018  -0.559  -0.540   0.592  -0.266   0.048  -0.281   0.391  -0.338  -0.137
  1962  -1.556  -1.436   0.578  -1.732   0.435   0.163  -0.740  -0.278  -0.179   1.121   0.320  -0.140  -0.155  -0.268   0.058   0.436   0.107  -0.071   0.181  -0.067  -0.214
  1963  -2.185  -2.110  -0.406  -1.689   0.297  -0.457  -0.466  -0.138  -0.099   0.945  -0.604  -0.618  -0.020  -0.019   0.330  -0.177   0.066  -0.555  -0.200  -0.275   0.130
  1964  -2.179  -1.458  -0.888  -2.395   0.392   0.008  -0.093  -0.014  -0.266  -0.338  -0.191   0.792   0.074   0.478   0.268  -0.603  -0.151   0.160  -0.551   0.470   0.127
  1965  -1.497  -0.408  -1.050  -1.628   1.313   1.037  -0.666   0.478  -0.432   0.665   0.521   0.531  -0.220   0.368   0.118  -0.699   0.162  -0.339   0.077  -0.117   0.075
  1966  -5.326  -3.640  -0.728  -0.622   0.367  -0.891  -1.154   0.887   0.282   0.121  -0.491  -0.359  -0.437   0.181  -0.465   0.465   0.024  -0.026   0.058   0.444   0.104
  1967  -2.376   0.412  -0.878  -0.802   2.946  -0.336  -0.749   0.473   1.240  -0.478  -0.712   0.244   0.391  -0.120  -0.219  -0.300  -0.061   0.410   0.225  -0.317  -0.267
  1968  -1.166   1.397   0.078  -1.029   1.963  -0.469  -0.494  -0.205   0.183  -0.669  -0.091   0.643   0.002   0.335  -0.081   0.185   0.368  -0.238  -0.078   0.012  -0.134
  1969  -0.823   2.184  -0.202  -1.037   0.684  -1.484   0.136   0.381   0.760  -0.131   0.292  -0.008   0.520  -0.095   0.112   0.640  -0.146   0.296   0.073  -0.096   0.117
  1970   0.127   3.678  -0.907  -1.048   0.352  -1.778   0.897   1.500  -0.109  -0.515   0.085  -0.298  -0.654   0.039   0.458   0.191   0.165  -0.507   0.139   0.335  -0.026
  1971  -1.531   0.704  -0.717  -1.490  -1.074  -1.070  -0.622  -0.012   0.412  -0.637   0.804  -0.041   0.181  -0.398   0.565  -0.005  -0.276   0.163   0.379   0.252  -0.016
  1972   0.564   1.185  -0.910  -0.127  -0.500  -1.553  -0.263  -0.227  -1.269  -0.275   0.970  -0.518   0.276   0.106  -0.011   0.529   0.081  -0.108  -0.182  -0.313   0.120
  1973  -0.709   0.169  -0.478  -0.358  -1.357  -0.667  -0.264  -0.595  -0.201  -0.492   0.809   0.656  -0.416   0.368  -0.224  -0.220   0.415  -0.162   0.083  -0.153  -0.005
  1974  -1.344  -0.223  -0.595  -0.359  -1.249  -1.394   0.287  -0.961   0.798  -0.482   0.055   0.480   0.061   0.560   0.140  -0.098  -0.351   0.019  -0.253  -0.165   0.148
  1975  -0.208   1.783  -0.891  -0.067  -1.213  -1.905   0.730  -0.500   0.116   0.084  -0.631  -0.072  -0.196   0.015  -0.467  -0.349   0.019   0.289  -0.209  -0.155  -0.449
  1976   1.271   2.222  -2.225   0.397  -0.067   0.289   0.815  -0.958  -1.399   0.095   0.286   0.423  -0.818   0.394  -0.767  -0.221   0.283   0.171   0.396  -0.043   0.117
  1977  -1.624  -1.409  -1.407  -0.107  -0.446  -0.299   0.766  -0.586  -0.188   0.491   0.388  -0.210   0.067  -0.264   0.218   0.041   0.322   0.304   0.029   0.117   0.089
  1978   1.310   2.233  -3.442   0.670   0.652   0.709   1.474  -0.192  -0.350  -0.674  -0.529  -0.293  -0.029  -0.114   0.226   0.225  -0.493  -0.064  -0.124  -0.202  -0.105
  1979  -2.778  -1.602  -1.952  -0.182  -0.012   0.981   0.617  -0.568  -0.338   0.141  -0.256  -1.110  -0.151  -0.281  -0.423   0.341  -0.095  -0.089  -0.005  -0.124   0.220
  1980  -2.698  -0.313  -2.727  -0.816   0.831   0.909   1.269  -0.807  -0.263   0.035   0.033  -0.693   0.818  -0.416   0.302  -0.055   0.690   0.066  -0.166   0.308  -0.037
  1981  -1.426  -0.074  -0.810   0.403   0.085  -0.308   1.728  -0.227   1.475   1.498  -0.415   0.410   0.536   0.134  -0.424   0.016   0.120  -0.026  -0.044  -0.159  -0.033
  1982  -0.260   0.133  -0.394   1.018  -0.867   0.335   0.689   0.738   0.610   0.876  -0.261  -0.299  -0.308   0.488  -0.112   0.219  -0.151  -0.307   0.102  -0.051  -0.077
  1983  -0.759  -1.241  -0.431   0.496  -1.722   0.525   0.428   1.189   0.274   0.165   0.049   0.226  -0.268   0.205  -0.374  -0.282   0.198   0.251   0.240   0.227  -0.060
  1984  -1.388  -1.137   0.139   0.911  -1.513   0.069   1.839   0.754   0.208   0.258   0.308   0.546  -0.144  -0.235   0.615   0.190  -0.171   0.329   0.116  -0.255   0.205
  1985  -0.237  -0.190  -0.063   2.032  -0.510  -0.518   0.006   0.820  -0.403   0.543  -0.277   1.175   0.338  -1.323  -0.167  -0.032  -0.321  -0.570   0.031   0.088  -0.042
  1986  -0.387   0.471  -0.273   0.651   1.208   0.189  -0.701   0.111  -0.699   0.781   0.932   0.876  -0.447  -1.308  -0.051   0.277  -0.127   0.495  -0.310   0.030   0.072
  1987  -2.767  -1.336  -1.168   0.359  -0.037   1.124  -0.783   0.416   0.023  -0.494  -0.364  -0.056  -0.500  -0.094  -0.369   0.205  -0.662   0.054  -0.213  -0.181   0.041
  1988  -2.618  -0.668  -0.827   0.356   0.309   1.745  -0.870   0.068  -0.117  -1.325   0.426   0.135   0.272   0.479  -0.012   0.329  -0.169   0.160   0.179  -0.194  -0.061
  1989  -0.865   1.355  -0.484   1.126  -1.256   1.206  -1.021   1.560  -0.796  -0.570  -0.158   0.097   0.585   0.129   0.075   0.192   0.124  -0.144  -0.311  -0.157  -0.135
  1990  -0.627   1.690  -0.368   1.591  -0.225   0.323  -0.574  -0.392  -0.349   0.321  -0.401   0.641   1.022   0.087  -0.105  -0.137  -0.058  -0.421   0.243   0.316  -0.026
  1991  -3.402  -1.257  -0.157   2.054  -1.391   0.862  -1.144  -0.028  -0.462  -0.049  -0.549   0.028   0.098   0.453   0.445   0.081   0.462   0.256   0.077  -0.031  -0.213
  1992  -1.374   1.962  -0.707   2.500  -0.011   1.196  -0.017  -1.073   1.457  -0.417  -0.094  -0.262  -0.077  -0.016   0.494  -0.623  -0.213  -0.171   0.218   0.256   0.226
  1993  -1.141   2.618   0.565   3.021  -0.183  -0.474  -2.314  -1.323   0.061   0.955  -0.062  -0.888  -0.416  -0.151   0.080  -0.007  -0.175   0.170  -0.104   0.226  -0.129
  1994  -1.124   2.315   2.227   1.507   0.010   0.282  -0.879   0.386   1.126  -0.548   0.008   0.306  -0.599  -0.440   0.060  -0.123   0.805   0.052  -0.478  -0.163   0.288
  1995  -1.808   1.120   1.329   0.152  -0.064  -0.547  -0.379   1.644   0.067   0.585   0.713  -0.966   0.302   0.421  -0.383  -0.614  -0.111   0.150   0.121  -0.158   0.221
  1996  -2.496  -0.489   3.496  -0.012   0.191  -0.764  -0.225  -0.955  -0.935  -1.003  -0.644  -0.241   1.142  -0.298  -0.318   0.000  -0.008  -0.040   0.287  -0.064   0.246
  1997  -2.653  -1.483   3.237   0.145  -0.266  -0.128   1.884   0.443  -0.920  -0.299  -0.217   0.054   0.471  -0.177   0.317  -0.383  -0.037   0.344   0.075   0.175  -0.159
  1998  -1.386  -0.009   3.044   0.678   0.391  -0.722   0.546  -0.264  -0.626   0.424  -0.100  -0.343   0.175   0.415  -0.247  -0.450  -0.082  -0.006  -0.342  -0.195  -0.086
  1999  -1.808  -1.459   2.598   1.134   0.484  -0.069   1.201  -0.570   0.326  -0.572  -0.287   0.114  -0.541   0.325   0.257   0.602  -0.160  -0.315  -0.061  -0.010   0.092
  2000  -0.497  -0.110   2.689   2.010   2.889   0.695   1.673   0.048  -0.471  -0.096   0.925  -0.155  -0.828   0.383  -0.028   0.079  -0.121  -0.108   0.055   0.164  -0.194
