 eigenvalue  6.470   2.861   1.836   1.578   1.312   1.177   1.116   1.033   0.996   0.927   0.864   0.831   0.764   0.722   0.701   0.653   0.600   0.591   0.583   0.534   0.526   0.469   0.454   0.436   0.397   0.378   0.327   0.313   0.284   0.274   0.248   0.239   0.219   0.207   0.200   0.178   0.165   0.149   0.127   0.123   0.111   0.108   0.094   0.080   0.066   0.049   0.048   0.039   0.031   0.028   0.000
 eval sderr  1.281   0.567   0.364   0.312   0.260   0.233   0.221   0.205   0.197   0.184   0.171   0.165   0.151   0.143   0.139   0.129   0.119   0.117   0.115   0.106   0.104   0.093   0.090   0.086   0.079   0.075   0.065   0.062   0.056   0.054   0.049   0.047   0.043   0.041   0.040   0.035   0.033   0.030   0.025   0.024   0.022   0.021   0.019   0.016   0.013   0.010   0.009   0.008   0.006   0.006   0.000
 % variance  0.199   0.088   0.056   0.049   0.040   0.036   0.034   0.032   0.031   0.029   0.027   0.026   0.023   0.022   0.022   0.020   0.018   0.018   0.018   0.016   0.016   0.014   0.014   0.013   0.012   0.012   0.010   0.010   0.009   0.008   0.008   0.007   0.007   0.006   0.006   0.005   0.005   0.005   0.004   0.004   0.003   0.003   0.003   0.002   0.002   0.002   0.001   0.001   0.001   0.001   0.000
 cumulative  0.199   0.287   0.343   0.392   0.432   0.469   0.503   0.535   0.565   0.594   0.620   0.646   0.669   0.692   0.713   0.733   0.752   0.770   0.788   0.804   0.820   0.835   0.849   0.862   0.874   0.886   0.896   0.906   0.914   0.923   0.930   0.938   0.945   0.951   0.957   0.963   0.968   0.972   0.976   0.980   0.983   0.987   0.990   0.992   0.994   0.996   0.997   0.998   0.999   1.000   1.000
 brokn stck  4.519   3.519   3.019   2.685   2.435   2.235   2.069   1.926   1.801   1.690   1.590   1.499   1.416   1.339   1.267   1.201   1.138   1.079   1.024   0.971   0.921   0.873   0.828   0.785   0.743   0.703   0.664   0.627   0.592   0.557   0.524   0.492   0.460   0.430   0.401   0.372   0.344   0.317   0.291   0.265   0.240   0.216   0.192   0.169   0.146   0.124   0.102   0.081   0.060   0.040   0.020
 series_id   #  1       2       3       4       5       6       7       8       9      10      11      12      13      14      15      16      17      18      19      20      21      22      23      24      25      26      27      28      29      30      31      32      33      34      35      36      37      38      39      40      41      42      43      44      45      46      47      48      49      50      51
  12490      0.124   0.042   0.103   0.066   0.037   0.210  -0.123  -0.002   0.103  -0.083   0.159   0.161  -0.054  -0.266   0.062   0.011   0.027  -0.026   0.051   0.024   0.224  -0.009   0.114  -0.096   0.089  -0.022  -0.119  -0.035  -0.084   0.088   0.028  -0.194   0.140  -0.041   0.027   0.022   0.215   0.002   0.005  -0.249   0.228   0.011  -0.029  -0.056  -0.005  -0.055   0.000   0.061  -0.104  -0.010   0.012
  22545      0.127  -0.144   0.079  -0.050  -0.031  -0.068   0.032   0.079   0.082  -0.015  -0.184   0.068  -0.047  -0.114   0.119   0.335  -0.088   0.172   0.019   0.003   0.078  -0.027   0.150   0.034  -0.056  -0.059  -0.043  -0.052  -0.036  -0.103  -0.017   0.268   0.010  -0.086   0.016  -0.039  -0.107  -0.056  -0.108  -0.086   0.039   0.181  -0.113  -0.192  -0.180  -0.013   0.001   0.059   0.076  -0.065  -0.056
  32189      0.160  -0.135  -0.003   0.050   0.014  -0.028  -0.016   0.098   0.079  -0.148  -0.067   0.049  -0.183   0.027   0.116  -0.060   0.006  -0.030  -0.207   0.100   0.075  -0.087  -0.073  -0.002   0.211  -0.152   0.066   0.025  -0.070  -0.070  -0.126  -0.076  -0.162   0.135   0.196   0.090  -0.068   0.116   0.113  -0.115  -0.012  -0.030   0.048   0.022   0.181  -0.012  -0.075  -0.040  -0.091   0.047  -0.059
  42544      0.147   0.101  -0.087  -0.050   0.010  -0.009  -0.064  -0.014   0.049   0.064  -0.148  -0.185  -0.002   0.031   0.080   0.190   0.044  -0.227   0.031  -0.020  -0.048   0.140   0.174  -0.170   0.127  -0.239  -0.064   0.077   0.197  -0.053  -0.001  -0.138  -0.122  -0.048  -0.153  -0.054   0.021  -0.023  -0.059  -0.098  -0.049   0.140  -0.116  -0.005   0.053  -0.074  -0.042  -0.101   0.126  -0.054  -0.059
  50406      0.131   0.047   0.043  -0.053   0.055  -0.010   0.019   0.164  -0.116   0.176   0.023   0.236   0.024   0.156  -0.031  -0.113  -0.188   0.184  -0.054   0.232  -0.083   0.041  -0.061  -0.067  -0.031  -0.184  -0.102  -0.049   0.107   0.022   0.036   0.094  -0.015  -0.006  -0.028  -0.111   0.222  -0.048  -0.109   0.012  -0.156  -0.303   0.053  -0.091   0.071  -0.155   0.125   0.051   0.219   0.003  -0.024
  50474      0.088   0.117  -0.190   0.109  -0.141   0.178   0.002  -0.001   0.124  -0.035   0.072   0.186   0.172  -0.001   0.057   0.060  -0.062  -0.002   0.100  -0.022  -0.149  -0.097   0.125   0.102   0.143  -0.022  -0.037  -0.036  -0.023   0.017  -0.208  -0.023   0.144  -0.078   0.129  -0.189  -0.197   0.181  -0.141  -0.027   0.013  -0.183  -0.010  -0.071   0.004   0.043  -0.094   0.237   0.078  -0.018   0.029
  50555      0.119   0.098  -0.002   0.111  -0.229   0.104  -0.060   0.026   0.130  -0.146   0.029  -0.078   0.113  -0.096   0.077  -0.015   0.012  -0.062   0.130   0.237   0.016  -0.136   0.040   0.110  -0.190   0.050   0.081   0.174  -0.059  -0.080  -0.004  -0.025  -0.015  -0.173  -0.131   0.085   0.215   0.103  -0.125  -0.055  -0.123  -0.103   0.071   0.036  -0.062  -0.143  -0.067  -0.271  -0.036   0.172   0.185
  60287      0.135  -0.036  -0.079   0.120   0.236   0.039  -0.099  -0.007  -0.015  -0.190   0.069  -0.079  -0.132  -0.023   0.055  -0.082  -0.122   0.021   0.136   0.139  -0.149   0.068   0.020   0.146  -0.016   0.039   0.099   0.044  -0.110  -0.078  -0.003  -0.005  -0.180  -0.242  -0.132   0.047   0.092  -0.082   0.181  -0.038   0.056  -0.030  -0.154   0.090  -0.120   0.175  -0.099   0.142   0.236  -0.096  -0.061
  70433      0.143  -0.041  -0.009  -0.016   0.080   0.196   0.219  -0.138   0.043  -0.050   0.001  -0.010  -0.018   0.055  -0.113   0.204  -0.073   0.099  -0.067   0.100  -0.107   0.016   0.078   0.055  -0.141  -0.086   0.169  -0.020  -0.037  -0.124  -0.044  -0.196   0.209   0.050   0.130  -0.051   0.037  -0.077  -0.169   0.178   0.105   0.158  -0.186  -0.174   0.149  -0.015   0.180  -0.064  -0.023   0.250  -0.086
  80711      0.121  -0.068  -0.084  -0.071   0.167   0.103   0.205  -0.159  -0.012   0.011  -0.003  -0.232  -0.001   0.194   0.015  -0.015   0.101   0.029   0.067  -0.014   0.193  -0.081  -0.084  -0.008   0.053  -0.156  -0.106  -0.010  -0.002  -0.241   0.073   0.000  -0.056  -0.020   0.029   0.005   0.037  -0.049   0.030  -0.263  -0.131  -0.084   0.068   0.019   0.100  -0.102   0.063   0.179   0.072   0.007   0.105
  80719      0.059   0.028   0.078   0.249   0.057  -0.013   0.122  -0.116   0.047  -0.155   0.079   0.185  -0.079   0.016   0.041   0.165  -0.088   0.005   0.055  -0.137   0.222   0.039  -0.082  -0.245   0.191   0.248   0.009  -0.164   0.192   0.010   0.193   0.007  -0.003  -0.034   0.090  -0.044  -0.048  -0.177  -0.037   0.135  -0.167  -0.108  -0.039   0.109   0.108  -0.095   0.023   0.059  -0.123   0.135   0.157
  82218      0.129  -0.034  -0.025  -0.171  -0.082   0.146   0.252   0.214  -0.081  -0.071   0.091  -0.035  -0.005   0.187  -0.002  -0.067   0.074  -0.052   0.031  -0.018   0.073   0.129  -0.005   0.005  -0.117  -0.049  -0.013  -0.074  -0.064   0.088  -0.048   0.017   0.070  -0.103  -0.163   0.131   0.098  -0.039  -0.075   0.101   0.053   0.111  -0.011   0.023   0.139  -0.033  -0.158   0.050  -0.026   0.188   0.116
  90287      0.141  -0.162  -0.081   0.069   0.000  -0.111  -0.003  -0.080   0.006   0.073  -0.031   0.027  -0.013   0.037  -0.002   0.067   0.062  -0.156   0.003  -0.031  -0.027  -0.010  -0.274   0.267   0.065   0.135  -0.012  -0.021   0.137   0.131  -0.065   0.149   0.003  -0.015  -0.251   0.152   0.121   0.115   0.014   0.009   0.119  -0.176  -0.293  -0.253  -0.013  -0.107   0.181   0.107  -0.142  -0.138   0.171
  91377      0.133   0.072  -0.282   0.079   0.022  -0.139  -0.014   0.096   0.047  -0.027  -0.021  -0.075   0.032  -0.054  -0.026  -0.052   0.073   0.030   0.051   0.001   0.009  -0.092  -0.006   0.037   0.082   0.009  -0.213   0.125   0.078  -0.155  -0.006  -0.124  -0.069   0.175  -0.160  -0.085  -0.235   0.066   0.067  -0.003   0.167   0.053   0.052  -0.089   0.060  -0.060   0.149  -0.051  -0.113   0.171  -0.159
  92493      0.097   0.141   0.040  -0.190  -0.018  -0.026  -0.048   0.105   0.016   0.080   0.192  -0.050  -0.080  -0.170  -0.029  -0.106  -0.152  -0.083   0.038  -0.236   0.061  -0.201  -0.068   0.040  -0.007  -0.045   0.138   0.178   0.246  -0.168   0.150  -0.015   0.057   0.113  -0.046   0.068  -0.106  -0.059  -0.067   0.041  -0.038  -0.078   0.028  -0.217   0.062   0.199  -0.209   0.255  -0.087   0.152   0.015
  102412     0.118  -0.113   0.026  -0.014  -0.091   0.208  -0.181  -0.115   0.198   0.044  -0.056   0.106  -0.136  -0.078   0.006   0.017   0.056   0.019  -0.064   0.097   0.085   0.093  -0.031   0.200  -0.128  -0.058  -0.231   0.029   0.063   0.087   0.026  -0.104  -0.162   0.020   0.022   0.108  -0.207  -0.143  -0.091  -0.153   0.006  -0.035  -0.091   0.198   0.083  -0.079   0.005  -0.034   0.078   0.115   0.071
  110791     0.144  -0.099  -0.013   0.095  -0.099   0.154  -0.066  -0.022  -0.022   0.055   0.100  -0.120   0.076  -0.149   0.240  -0.118   0.193  -0.013  -0.058  -0.112  -0.114   0.148  -0.073   0.038   0.072  -0.115   0.087  -0.023   0.098   0.034   0.050   0.135   0.123   0.117  -0.025  -0.034   0.131  -0.071   0.125  -0.137   0.028   0.011   0.197  -0.099  -0.137   0.074   0.072   0.055   0.004   0.118   0.102
  110798     0.156  -0.144   0.020   0.101  -0.171   0.029   0.129  -0.060  -0.067   0.055   0.205   0.033  -0.018  -0.022   0.015  -0.002  -0.089   0.062  -0.129  -0.147   0.007   0.027   0.095   0.043  -0.044  -0.047   0.022  -0.038   0.149   0.165  -0.005  -0.050   0.005  -0.002   0.113   0.025  -0.050  -0.062   0.024   0.111   0.087   0.096  -0.031  -0.030  -0.220  -0.068  -0.168  -0.141   0.253  -0.252   0.001
  110914     0.143  -0.068  -0.081  -0.080  -0.186   0.042   0.012  -0.046  -0.213  -0.012   0.067   0.066   0.116  -0.053  -0.103  -0.005   0.122  -0.088   0.118  -0.143   0.019   0.122  -0.144  -0.118  -0.210   0.168   0.009   0.162   0.064  -0.123  -0.063   0.016   0.118  -0.040   0.035   0.066   0.073   0.227  -0.050   0.002  -0.014   0.056   0.111   0.081   0.107  -0.022   0.212  -0.001   0.015  -0.102  -0.089
  110950     0.096  -0.044   0.234   0.131   0.064  -0.024   0.050   0.028   0.270   0.094   0.108  -0.048   0.085  -0.033  -0.021  -0.142  -0.039   0.099  -0.037  -0.097   0.106   0.097   0.091  -0.110  -0.230  -0.120  -0.079   0.037  -0.047  -0.123   0.036   0.164  -0.034  -0.098  -0.109   0.044  -0.125  -0.005  -0.034   0.094   0.148   0.001   0.136   0.128   0.213  -0.041   0.109   0.103  -0.040  -0.189   0.064
  111014     0.170  -0.141  -0.070  -0.038  -0.038  -0.161  -0.106  -0.066   0.048   0.041  -0.041   0.073  -0.102  -0.006  -0.079   0.080  -0.127  -0.069  -0.002  -0.126  -0.169  -0.132  -0.073  -0.144  -0.017   0.028   0.050  -0.021  -0.038  -0.006  -0.016   0.122  -0.013  -0.056  -0.052   0.022   0.080   0.019  -0.032  -0.042   0.098  -0.130   0.073   0.182   0.183   0.041  -0.178  -0.109   0.083   0.164   0.068
  111030     0.158  -0.119  -0.013  -0.013  -0.035   0.046  -0.196  -0.117  -0.021   0.036  -0.072   0.086   0.021  -0.136  -0.050   0.108  -0.092  -0.130  -0.079  -0.145  -0.183  -0.157  -0.092  -0.026  -0.167  -0.016  -0.076  -0.047   0.033  -0.095   0.248  -0.028   0.019  -0.046   0.055  -0.078  -0.032   0.063  -0.086   0.024  -0.059   0.043  -0.008   0.112  -0.157  -0.235  -0.198   0.046  -0.083  -0.011  -0.126
  111051     0.116  -0.207  -0.022  -0.110  -0.044  -0.112   0.045   0.154   0.007   0.082  -0.058  -0.114   0.068   0.057   0.019   0.002  -0.051   0.025   0.257  -0.140  -0.023  -0.013  -0.014  -0.036   0.174   0.131  -0.023   0.035  -0.117   0.076  -0.049   0.147  -0.054  -0.127   0.111  -0.207  -0.032   0.029  -0.052  -0.203   0.006   0.027  -0.060   0.035   0.134  -0.086   0.012  -0.153  -0.128  -0.117   0.091
  111134     0.110  -0.110   0.011  -0.060  -0.092  -0.155  -0.248  -0.196  -0.090  -0.081  -0.122  -0.081   0.104   0.110   0.096   0.103  -0.039   0.073   0.076   0.064   0.088  -0.074   0.207  -0.070  -0.091   0.043   0.121   0.048  -0.117  -0.074   0.037  -0.131   0.052   0.017  -0.082   0.072   0.014   0.108   0.125   0.227  -0.142  -0.040   0.039   0.054   0.122  -0.067   0.075   0.205   0.118  -0.073   0.050
  121212     0.168  -0.081  -0.003  -0.066   0.067   0.075  -0.146  -0.139  -0.104  -0.118   0.057  -0.046  -0.108  -0.096  -0.115   0.011   0.137   0.084   0.139   0.103  -0.091  -0.076  -0.076  -0.006   0.075  -0.007  -0.093  -0.248  -0.077   0.036  -0.022   0.021  -0.059   0.071  -0.098  -0.003  -0.006   0.055  -0.133   0.113  -0.183   0.092   0.052   0.161  -0.032   0.154  -0.088   0.062  -0.195  -0.224  -0.036
  121284     0.135  -0.106  -0.141   0.001  -0.078   0.149  -0.011   0.174  -0.172  -0.008   0.028  -0.051   0.101   0.107   0.054   0.008   0.060   0.090   0.016   0.064  -0.032   0.100  -0.041  -0.102   0.289  -0.040   0.024  -0.059  -0.162  -0.053   0.048  -0.047  -0.014  -0.069   0.044   0.203  -0.177  -0.187  -0.236   0.157   0.120  -0.140   0.200   0.019  -0.136   0.015  -0.119   0.132  -0.075  -0.026  -0.037
  131017     0.129   0.167  -0.169   0.069   0.189   0.035   0.000   0.072   0.075  -0.175  -0.018  -0.060  -0.123  -0.011   0.017  -0.094  -0.068  -0.042   0.108  -0.134   0.033  -0.050  -0.058  -0.063  -0.038   0.054  -0.066  -0.066  -0.035   0.103   0.030   0.011  -0.045  -0.101   0.077  -0.068   0.009  -0.180   0.082  -0.064  -0.136   0.101   0.016  -0.122   0.072  -0.030   0.134  -0.053   0.094  -0.080  -0.088
  131080     0.076   0.052  -0.089   0.162   0.313  -0.100  -0.046   0.044   0.109  -0.030   0.033  -0.086   0.136  -0.069  -0.151   0.153  -0.075   0.023  -0.059  -0.116  -0.072   0.085  -0.006  -0.092  -0.001   0.001  -0.028   0.231  -0.146  -0.027  -0.025   0.108  -0.143   0.040   0.197   0.215   0.193   0.115  -0.100   0.093   0.040  -0.147   0.159  -0.228  -0.041  -0.113  -0.198  -0.084  -0.011  -0.022  -0.037
  131304     0.155  -0.102  -0.065   0.083   0.033   0.001   0.059   0.072  -0.015  -0.110  -0.195   0.171   0.106  -0.113   0.126   0.037   0.179  -0.096  -0.136   0.009  -0.033  -0.105  -0.016  -0.072  -0.040  -0.173   0.236  -0.028  -0.081   0.087  -0.078   0.037  -0.025   0.023  -0.093  -0.001   0.060  -0.134  -0.049   0.080  -0.058   0.002   0.062  -0.002   0.175   0.202   0.084  -0.057  -0.230  -0.113  -0.148
  140735     0.127   0.196   0.001   0.009   0.007  -0.053  -0.132   0.002  -0.092   0.031  -0.084   0.011  -0.023   0.111   0.255  -0.009  -0.038   0.122   0.011  -0.012   0.150  -0.059   0.006  -0.030  -0.117  -0.160   0.060  -0.075  -0.090   0.065   0.296   0.214   0.123  -0.051  -0.091  -0.051  -0.133   0.153   0.072   0.079  -0.090  -0.006  -0.072  -0.011  -0.057   0.271  -0.009  -0.142  -0.045   0.130   0.043
  160777     0.121  -0.104   0.161  -0.143   0.108  -0.081  -0.029  -0.003  -0.147   0.009  -0.003   0.012  -0.108  -0.044  -0.126  -0.235  -0.097  -0.117   0.096  -0.122  -0.050   0.134   0.040  -0.101  -0.102  -0.097   0.060  -0.190  -0.180  -0.004  -0.235  -0.059  -0.031  -0.061  -0.060  -0.017  -0.068  -0.014   0.018  -0.159   0.114  -0.097  -0.109   0.000  -0.108   0.058  -0.035   0.020  -0.040   0.269   0.137
  160930     0.139  -0.114   0.079  -0.011  -0.023  -0.014  -0.125   0.140  -0.292  -0.012  -0.010   0.000  -0.060  -0.037  -0.116  -0.121  -0.058  -0.105  -0.132  -0.017   0.147   0.038   0.075   0.017  -0.077   0.292   0.023   0.013  -0.039  -0.047   0.010  -0.003   0.045  -0.057  -0.008  -0.154  -0.112  -0.180  -0.038  -0.079  -0.089   0.093   0.000  -0.067   0.039  -0.193  -0.057  -0.005  -0.010   0.022  -0.205
  172229     0.154  -0.121   0.012   0.004  -0.129   0.180  -0.032  -0.058   0.060   0.060  -0.007   0.045  -0.026   0.117  -0.051  -0.071  -0.076   0.008  -0.012   0.181   0.080   0.043  -0.103  -0.172   0.158   0.103   0.066   0.348   0.004   0.000   0.001   0.158   0.068   0.124   0.019  -0.139  -0.032  -0.062  -0.009  -0.132  -0.194   0.081  -0.022  -0.138  -0.125   0.158   0.089   0.031   0.134  -0.118   0.093
  180751     0.138   0.071  -0.152   0.114  -0.100  -0.139   0.056   0.159  -0.024  -0.001   0.022  -0.181  -0.188   0.014   0.048   0.086  -0.037   0.022   0.081   0.159   0.202  -0.082  -0.064   0.011  -0.042   0.008  -0.093   0.034  -0.004   0.109  -0.002   0.142   0.014   0.066   0.065  -0.106  -0.104   0.054   0.082   0.219   0.196  -0.090  -0.075   0.137   0.046   0.011  -0.108  -0.044   0.144   0.080   0.032
  180794     0.081  -0.106   0.127   0.130  -0.047  -0.018  -0.019   0.141   0.220  -0.029   0.074   0.289  -0.066   0.223  -0.055  -0.243   0.041  -0.014   0.045  -0.049  -0.114   0.093   0.069   0.003  -0.055  -0.094   0.007   0.169  -0.113  -0.028   0.055   0.056  -0.009   0.178  -0.059  -0.061  -0.042   0.024   0.019   0.029  -0.112   0.015  -0.077  -0.040   0.008   0.060  -0.117  -0.132  -0.109  -0.092  -0.128
  190438     0.126  -0.086  -0.221  -0.119   0.049  -0.018   0.125  -0.046  -0.049   0.002   0.173  -0.017   0.023   0.023   0.158  -0.046  -0.049  -0.172  -0.138  -0.096   0.045  -0.047  -0.139   0.067   0.051  -0.111   0.023   0.075  -0.232   0.020   0.024  -0.136   0.052  -0.200   0.074  -0.056  -0.053   0.041   0.071   0.158  -0.126   0.084  -0.014   0.040  -0.219  -0.053   0.189  -0.079   0.043   0.061  -0.075
  200168     0.109  -0.015  -0.020   0.141   0.082  -0.110  -0.054   0.137  -0.064  -0.123  -0.150   0.060   0.150   0.146  -0.210   0.002  -0.089  -0.192   0.019   0.109   0.112   0.218   0.171   0.074   0.147  -0.047   0.078   0.185   0.208   0.079   0.055  -0.077   0.267   0.033   0.062   0.099  -0.035   0.013   0.107  -0.013   0.010   0.013  -0.158   0.274  -0.132   0.026  -0.015   0.007  -0.198   0.013   0.117
  200389     0.112  -0.083   0.016  -0.022   0.074   0.173  -0.029  -0.125  -0.012  -0.056  -0.363   0.132   0.016  -0.014  -0.050  -0.204   0.019   0.025   0.187  -0.016   0.004   0.049  -0.048   0.140   0.032   0.005  -0.058  -0.128   0.136  -0.062   0.186   0.163   0.042  -0.026   0.011   0.054  -0.008  -0.022   0.096   0.228   0.322  -0.046   0.043  -0.158   0.039  -0.042   0.073  -0.073   0.088   0.056  -0.108
  20804A     0.001  -0.015   0.071  -0.036   0.086  -0.035  -0.321   0.177   0.018   0.214   0.072  -0.066  -0.113  -0.193   0.203  -0.019   0.040   0.194   0.076   0.029  -0.016   0.161  -0.123   0.130   0.076  -0.052   0.126   0.132   0.161   0.047  -0.135  -0.020  -0.032  -0.134   0.245   0.157   0.067  -0.042  -0.078   0.232  -0.107   0.217  -0.120   0.052   0.149  -0.024   0.101   0.082  -0.070   0.037   0.025
  42250A     0.085   0.231  -0.193  -0.087   0.040   0.007  -0.052  -0.074  -0.021   0.087  -0.017   0.173  -0.072   0.096   0.021  -0.052   0.113   0.102   0.088   0.034  -0.024   0.059   0.073  -0.029   0.149   0.029  -0.121  -0.048   0.081  -0.040   0.118  -0.031   0.122   0.035  -0.189   0.063   0.251  -0.059  -0.078  -0.013  -0.036   0.067  -0.006   0.011  -0.040  -0.076  -0.184  -0.121  -0.054  -0.035  -0.163
  72212A     0.104   0.126   0.198   0.066  -0.098  -0.121  -0.048  -0.191  -0.135   0.027   0.050   0.017  -0.083   0.063  -0.080   0.019   0.212  -0.085  -0.045  -0.006   0.031   0.039   0.148   0.077   0.175  -0.036  -0.083   0.050  -0.094  -0.296  -0.068  -0.007  -0.089  -0.001  -0.063   0.100  -0.124  -0.119  -0.151   0.162   0.030   0.051   0.094  -0.125   0.001   0.031   0.004  -0.147   0.094  -0.095   0.349
  72345A     0.109   0.219  -0.093  -0.129  -0.077  -0.025   0.057  -0.050   0.030   0.122   0.079   0.008   0.091  -0.044  -0.045  -0.095   0.012   0.016  -0.146   0.053  -0.007  -0.074   0.001   0.078   0.028   0.017   0.288  -0.167   0.031   0.024   0.102   0.034  -0.293   0.225  -0.089  -0.143   0.055  -0.092  -0.001  -0.035   0.099   0.137  -0.054   0.106   0.014  -0.109  -0.034  -0.077  -0.067  -0.143   0.099
  82403A     0.124   0.109   0.149  -0.177   0.065  -0.145   0.030   0.014   0.015  -0.042   0.049   0.041   0.078   0.005   0.010   0.137  -0.107  -0.063  -0.182  -0.161  -0.056   0.219  -0.107   0.106   0.194  -0.082  -0.125   0.039   0.094  -0.011   0.016  -0.058  -0.071  -0.234  -0.125  -0.185  -0.011   0.085  -0.057   0.055   0.061   0.039   0.012  -0.023   0.006   0.121   0.022  -0.145  -0.009  -0.009   0.053
  92360A     0.074   0.169   0.123   0.075   0.005  -0.102   0.025  -0.161  -0.109   0.135   0.178  -0.123  -0.104  -0.022   0.166  -0.095   0.029  -0.033   0.239   0.020  -0.040  -0.025   0.048   0.058  -0.019  -0.030  -0.168   0.142  -0.112  -0.119  -0.154   0.067   0.197   0.076   0.118  -0.248   0.130  -0.193  -0.022   0.112   0.115  -0.130  -0.138   0.134  -0.075  -0.077  -0.007  -0.010  -0.201  -0.062  -0.158
  92442A     0.115   0.058  -0.049   0.010  -0.043  -0.041  -0.108  -0.056   0.125   0.080   0.067   0.031  -0.286   0.334  -0.025   0.050   0.173   0.176   0.014  -0.165  -0.086   0.065  -0.096  -0.005  -0.043   0.105  -0.024  -0.161   0.067   0.050  -0.073  -0.197   0.158  -0.065   0.185   0.044   0.018   0.238   0.082  -0.078   0.079   0.035   0.153   0.002   0.058   0.139  -0.009  -0.089   0.041  -0.083  -0.004
  102470A    0.092   0.012   0.077  -0.064   0.000  -0.168  -0.005  -0.091  -0.084  -0.021   0.164   0.149   0.378   0.022   0.025  -0.069   0.108  -0.073   0.165   0.200   0.211  -0.043  -0.098   0.081  -0.039  -0.017   0.112  -0.104   0.068   0.052   0.062  -0.112  -0.130  -0.129   0.307  -0.023   0.020  -0.022   0.080  -0.054   0.076   0.020  -0.056  -0.176   0.189   0.083  -0.237  -0.147   0.117  -0.026  -0.046
  122554A    0.098  -0.080   0.107  -0.017   0.137  -0.040  -0.111   0.206   0.143  -0.136   0.040  -0.196   0.004   0.028   0.000   0.017  -0.109   0.167  -0.183   0.070   0.094  -0.194  -0.150   0.045  -0.055   0.097  -0.049  -0.154   0.068  -0.039  -0.134  -0.160   0.361   0.036  -0.199  -0.057   0.048  -0.068  -0.045   0.007  -0.078   0.012   0.092  -0.118  -0.072  -0.014  -0.059  -0.225  -0.029  -0.110   0.162
  42232A     0.099   0.225   0.017   0.033  -0.085  -0.064  -0.157   0.022  -0.110  -0.212  -0.088  -0.009  -0.001   0.021  -0.117   0.058  -0.015   0.013  -0.120  -0.003  -0.212  -0.035  -0.049   0.097  -0.031   0.109   0.100  -0.081   0.084  -0.132  -0.091   0.005  -0.065   0.024   0.184  -0.104   0.065  -0.195  -0.093  -0.110  -0.007  -0.151  -0.042   0.040   0.000   0.192   0.174   0.078   0.078   0.032   0.100
  042565A    0.116  -0.035   0.063  -0.108  -0.053  -0.040   0.063  -0.087  -0.114  -0.096   0.221   0.054  -0.014  -0.113  -0.143  -0.020  -0.045   0.312  -0.075   0.172  -0.121  -0.141   0.186  -0.144   0.105  -0.033  -0.064   0.176   0.172   0.078   0.136   0.001  -0.096  -0.274  -0.065  -0.036  -0.033   0.212   0.096  -0.108   0.114   0.042   0.032   0.028   0.025   0.119   0.187   0.027  -0.162   0.068  -0.031
  90285A     0.108  -0.042   0.025  -0.021  -0.087  -0.009  -0.036  -0.157   0.329   0.073   0.053  -0.218   0.089  -0.039   0.069  -0.110  -0.062   0.020  -0.041   0.105  -0.180   0.254   0.031  -0.120   0.115   0.140   0.209  -0.158  -0.018  -0.043   0.043  -0.011  -0.020  -0.036   0.016  -0.164  -0.042  -0.041   0.082   0.130  -0.064  -0.168  -0.015   0.003   0.059  -0.146   0.093  -0.110  -0.107   0.091  -0.083
  092501A    0.114   0.135   0.183   0.021  -0.073   0.080   0.027   0.160   0.024  -0.087  -0.038  -0.107  -0.002   0.090  -0.122  -0.074   0.089   0.040   0.052  -0.130  -0.135  -0.132   0.278   0.075   0.132   0.041   0.043  -0.122   0.113   0.060  -0.038   0.113  -0.071  -0.157   0.055   0.157   0.016   0.011   0.321   0.069  -0.166   0.078   0.121  -0.095  -0.139  -0.250   0.032   0.048  -0.047   0.103  -0.044
  111166A    0.104   0.060   0.008   0.086   0.074  -0.108   0.201   0.026  -0.117   0.049  -0.174   0.114  -0.143  -0.261   0.120  -0.121   0.024   0.159   0.068  -0.109   0.053   0.194   0.096  -0.108   0.036   0.033   0.186  -0.040   0.071  -0.056  -0.170  -0.134  -0.009   0.154  -0.091   0.030  -0.003   0.296  -0.167  -0.042  -0.167  -0.102  -0.079   0.056  -0.081  -0.057  -0.011  -0.054   0.213   0.080  -0.018
  131192A    0.060  -0.030   0.179  -0.059   0.162  -0.032   0.058  -0.032   0.067  -0.057  -0.007   0.022   0.182   0.085   0.337  -0.239  -0.050  -0.082  -0.102   0.087  -0.083  -0.072  -0.007   0.055   0.061   0.332  -0.234  -0.058  -0.044  -0.035   0.102  -0.053  -0.124   0.156   0.089   0.098  -0.067   0.251  -0.193   0.049  -0.008   0.112  -0.047   0.036  -0.176   0.035   0.056   0.040   0.039   0.145   0.030
  151051A    0.103   0.042  -0.025  -0.106  -0.167  -0.156  -0.086  -0.141   0.063  -0.013  -0.115  -0.149   0.229  -0.028  -0.080  -0.108  -0.002   0.276  -0.188  -0.141   0.052   0.015  -0.113   0.030   0.117  -0.086  -0.024   0.085  -0.094   0.227  -0.018  -0.016   0.175   0.130  -0.021   0.098   0.022  -0.111   0.055  -0.078   0.050  -0.016  -0.064   0.156   0.032  -0.137  -0.107   0.141   0.179   0.109  -0.076
  160962A    0.104  -0.123  -0.068   0.036  -0.003  -0.165   0.224  -0.062   0.002  -0.040  -0.070   0.015  -0.022  -0.110   0.040  -0.093  -0.095   0.065  -0.154  -0.083   0.023   0.050   0.246   0.398   0.017   0.150  -0.090   0.040  -0.019  -0.187   0.064  -0.007   0.114   0.054   0.077   0.004   0.215  -0.081   0.086  -0.065  -0.053   0.018   0.164   0.103   0.175   0.198  -0.040   0.034   0.019  -0.088  -0.066
  80248      0.106   0.155   0.027   0.097   0.182   0.046  -0.088   0.011  -0.065   0.200  -0.135   0.056  -0.003   0.024  -0.147  -0.224  -0.100  -0.025  -0.134   0.092   0.140  -0.211  -0.062  -0.023   0.020  -0.058   0.094   0.013  -0.042   0.033  -0.119  -0.204  -0.006  -0.101  -0.034  -0.075  -0.060   0.122  -0.029   0.091   0.124   0.043   0.044   0.004  -0.006  -0.171   0.093   0.142  -0.022  -0.222   0.039
  92389      0.090   0.133   0.247   0.102  -0.092  -0.008  -0.068  -0.010   0.007  -0.008  -0.102  -0.138  -0.053   0.241  -0.068   0.100   0.141  -0.086  -0.195   0.057   0.035   0.026  -0.013   0.040  -0.008   0.023   0.006   0.011  -0.105   0.123  -0.056   0.163  -0.052   0.000   0.072  -0.175   0.141   0.130  -0.160  -0.058   0.142   0.084   0.026  -0.029  -0.036   0.026  -0.042   0.203  -0.068   0.175  -0.199
  110952     0.112   0.099  -0.019  -0.028   0.194   0.090  -0.014  -0.070   0.125   0.005  -0.042  -0.060   0.083  -0.063  -0.040  -0.044   0.372  -0.001  -0.172  -0.150   0.235   0.004   0.090  -0.172  -0.067   0.224   0.033   0.099  -0.018   0.117  -0.020   0.083  -0.030  -0.132  -0.035  -0.078   0.086   0.009  -0.070   0.060  -0.022  -0.051  -0.175  -0.002  -0.039   0.166  -0.066   0.091   0.123   0.007  -0.048
  120924     0.098   0.093   0.114   0.077   0.057  -0.061   0.148  -0.128   0.098  -0.307   0.052   0.038   0.034   0.058   0.000  -0.072   0.161   0.031   0.146  -0.091  -0.125  -0.139  -0.196  -0.017  -0.137  -0.176   0.147   0.104   0.184  -0.016  -0.165   0.072   0.048   0.054   0.013   0.029  -0.229  -0.037   0.007  -0.027  -0.023   0.072  -0.060   0.093  -0.113  -0.141  -0.016   0.008   0.071  -0.059  -0.013
  82317      0.067   0.139   0.276   0.068  -0.105  -0.095   0.096  -0.009  -0.125  -0.068   0.010   0.006  -0.022  -0.065   0.184   0.162  -0.064  -0.042   0.106  -0.069   0.008   0.002  -0.017   0.164   0.104  -0.106   0.037  -0.072  -0.202   0.185   0.099  -0.066   0.058   0.069  -0.086   0.077  -0.020   0.111  -0.003  -0.145  -0.119  -0.048   0.007  -0.116   0.193  -0.170   0.031   0.124  -0.027  -0.123  -0.099
  190497     0.090   0.069  -0.066   0.262  -0.134   0.030   0.062  -0.058  -0.178   0.254  -0.109   0.048  -0.028   0.019   0.039  -0.082  -0.030   0.101  -0.045  -0.015  -0.100  -0.199  -0.035  -0.059  -0.028   0.151  -0.127   0.087  -0.038   0.053  -0.160   0.043  -0.110  -0.086   0.015   0.178  -0.031  -0.122   0.040  -0.046  -0.120   0.221  -0.083  -0.101   0.129   0.018  -0.047  -0.112  -0.061   0.179   0.046
  131047     0.080  -0.093  -0.124   0.167   0.040  -0.252   0.074   0.145   0.086   0.081   0.035  -0.074   0.068  -0.048  -0.163  -0.033   0.090   0.128   0.223   0.060  -0.147  -0.016   0.060  -0.065  -0.046   0.021   0.089  -0.119  -0.118   0.056   0.280  -0.108   0.023   0.137   0.043  -0.041   0.067  -0.007  -0.178  -0.095   0.091   0.298  -0.075  -0.052  -0.067   0.016   0.049   0.180   0.032   0.028   0.237
  91491      0.065   0.079  -0.072  -0.174   0.148   0.271   0.103  -0.033  -0.072  -0.015  -0.144  -0.177  -0.079   0.135   0.116  -0.050  -0.116   0.032   0.010  -0.046  -0.107   0.072   0.144   0.170  -0.183   0.056   0.074   0.148   0.139   0.176   0.086   0.005  -0.062   0.034   0.136  -0.078  -0.077   0.112  -0.157  -0.028  -0.043  -0.036   0.017   0.028   0.140  -0.050  -0.182   0.035  -0.202  -0.171   0.192
  60125      0.058   0.222  -0.045  -0.159  -0.018   0.039  -0.057   0.063  -0.003  -0.003  -0.139   0.098   0.121  -0.018   0.178   0.106  -0.111   0.133   0.064   0.069   0.111   0.197  -0.091  -0.087  -0.107   0.183   0.137  -0.044  -0.017  -0.240  -0.167   0.073   0.017   0.027   0.024   0.048  -0.133  -0.014   0.163  -0.189   0.214   0.083   0.171  -0.001  -0.120  -0.057  -0.038  -0.026  -0.124  -0.096   0.024
  52388      0.085   0.151  -0.167   0.110  -0.061   0.103  -0.027   0.030   0.127   0.081   0.191   0.165   0.038   0.000  -0.128   0.103  -0.162  -0.111  -0.049   0.005   0.065   0.212  -0.075   0.136  -0.039   0.028  -0.030  -0.142  -0.153  -0.129  -0.094   0.107  -0.060   0.036  -0.128  -0.066   0.018   0.142   0.209   0.101  -0.156   0.243  -0.001   0.042   0.083  -0.006  -0.064   0.237   0.019   0.072   0.065
  82368      0.132   0.024   0.133   0.027  -0.176  -0.023   0.160   0.109   0.027  -0.040  -0.033  -0.191   0.104  -0.041   0.033   0.044  -0.062  -0.042   0.055   0.157  -0.128   0.131  -0.101  -0.175  -0.151   0.143  -0.233  -0.043   0.161   0.092  -0.088  -0.238  -0.112   0.060  -0.145   0.086  -0.057  -0.075   0.078   0.079  -0.033  -0.071  -0.066  -0.104   0.059   0.202  -0.106   0.132   0.001  -0.124  -0.213
  130579     0.144  -0.158  -0.032   0.032  -0.032   0.021   0.106  -0.041   0.008   0.213   0.008  -0.020  -0.119   0.007   0.110   0.114  -0.056  -0.151  -0.013   0.032   0.129  -0.168   0.218  -0.089  -0.061   0.008   0.078  -0.077   0.177   0.093  -0.160  -0.040  -0.145   0.127   0.040  -0.053   0.161   0.028   0.138   0.104   0.126  -0.110   0.167   0.026  -0.177   0.065   0.025   0.045  -0.072   0.008   0.067
  92486A     0.115   0.149  -0.002  -0.079  -0.052   0.122  -0.104   0.282   0.030   0.123   0.033  -0.010   0.007  -0.075  -0.051   0.054   0.117  -0.160  -0.002  -0.132  -0.097  -0.058   0.183   0.017  -0.065   0.085  -0.024  -0.029  -0.195   0.079   0.203  -0.098   0.055   0.104   0.085   0.107  -0.153  -0.038   0.059  -0.010   0.024  -0.240  -0.099   0.006   0.080   0.071   0.280  -0.139   0.165  -0.119   0.057
  121423A    0.044   0.006  -0.050   0.087   0.143   0.073  -0.083   0.047  -0.280  -0.185   0.359  -0.004   0.007   0.131   0.125   0.149  -0.036   0.132  -0.177  -0.038  -0.045   0.071   0.040  -0.045  -0.088   0.064   0.044   0.029   0.019   0.003   0.047   0.152  -0.113   0.236  -0.080   0.139  -0.006   0.007  -0.005  -0.096   0.168  -0.035  -0.130   0.104   0.047  -0.146   0.121  -0.083   0.001  -0.006  -0.064
  52237A     0.097  -0.071  -0.107  -0.210   0.056  -0.171  -0.072   0.093   0.002  -0.071   0.114   0.011  -0.005  -0.116  -0.159   0.029   0.246  -0.020  -0.001   0.167   0.135   0.104   0.109   0.103  -0.151  -0.105  -0.177  -0.153   0.127   0.020  -0.095   0.171  -0.043   0.140   0.179  -0.072  -0.057   0.078  -0.017   0.037  -0.249  -0.087   0.061  -0.079  -0.095  -0.090   0.047   0.012  -0.049   0.069  -0.021
  80641A     0.102   0.118  -0.058   0.013   0.074  -0.225  -0.036  -0.189   0.040   0.115   0.010   0.001  -0.020   0.096   0.103  -0.048  -0.176  -0.268  -0.063   0.140  -0.099   0.071   0.039  -0.175  -0.183  -0.106  -0.082  -0.085   0.049   0.098   0.045   0.060   0.154  -0.024   0.155   0.299  -0.033  -0.118  -0.033  -0.171  -0.040   0.097   0.119  -0.063  -0.061   0.059   0.113   0.067  -0.075  -0.023  -0.001
  90607A     0.115  -0.026   0.168  -0.034   0.074   0.198  -0.003  -0.179  -0.070   0.144   0.008  -0.156  -0.006  -0.021  -0.265   0.134  -0.115   0.098   0.112   0.012   0.082   0.056  -0.105   0.016   0.058  -0.025   0.052   0.027  -0.154  -0.043   0.076  -0.061  -0.041   0.239   0.059   0.096  -0.031   0.122   0.215  -0.019  -0.100  -0.062  -0.133  -0.141  -0.067   0.116  -0.060  -0.167  -0.083   0.025  -0.067
  110899A    0.067   0.035   0.019   0.212   0.125   0.131   0.032   0.020  -0.093   0.192  -0.055  -0.043   0.407  -0.027  -0.069   0.065  -0.072   0.152   0.027  -0.170   0.034  -0.052  -0.003   0.096  -0.049  -0.127  -0.184  -0.140   0.047   0.017  -0.154   0.021  -0.047  -0.018   0.014  -0.001  -0.013  -0.036   0.001  -0.051  -0.135  -0.053  -0.031   0.219  -0.071   0.186   0.067  -0.118  -0.116   0.045   0.022
  112421A    0.084   0.019   0.045  -0.109   0.052  -0.146   0.178   0.087   0.075   0.184  -0.072   0.230  -0.052   0.084   0.057   0.199   0.260   0.182  -0.056   0.016  -0.072   0.011  -0.111   0.073  -0.166   0.090   0.031   0.184  -0.119  -0.068   0.125  -0.230  -0.090  -0.127  -0.006  -0.005  -0.025  -0.178   0.199  -0.030  -0.051  -0.189  -0.041   0.041  -0.221  -0.078  -0.053   0.139  -0.177   0.035   0.051
  140820A    0.063   0.128  -0.066  -0.216   0.098  -0.074   0.095  -0.218   0.113  -0.044   0.044   0.114  -0.063  -0.105  -0.119   0.046  -0.117   0.029   0.115   0.071   0.040   0.024   0.072   0.110   0.054   0.145   0.031   0.133  -0.147   0.409  -0.164   0.094   0.009   0.050  -0.122   0.107  -0.150  -0.158  -0.109   0.057  -0.024  -0.010   0.246  -0.008  -0.034   0.028   0.093  -0.056  -0.015   0.056  -0.014
  171403A    0.051   0.113   0.120   0.196  -0.007   0.031   0.209   0.076  -0.092   0.040  -0.105  -0.115  -0.158  -0.242  -0.138   0.040   0.049  -0.091  -0.021   0.179  -0.027   0.128  -0.284   0.083  -0.006  -0.018   0.043   0.038  -0.006   0.052   0.239   0.019   0.032  -0.078   0.067  -0.068  -0.038   0.089  -0.036  -0.026   0.015   0.026   0.295   0.155  -0.069   0.006   0.025  -0.057   0.092  -0.002  -0.015
  052246A    0.057   0.065   0.080  -0.199   0.163   0.082   0.167   0.052  -0.027   0.050  -0.029   0.059   0.019  -0.215   0.019   0.057   0.133  -0.107  -0.157   0.210  -0.271  -0.120  -0.014  -0.184   0.135   0.048  -0.129  -0.008  -0.056  -0.080  -0.064   0.213   0.278   0.047   0.098   0.064  -0.020   0.054   0.249   0.064   0.013   0.066  -0.171   0.116   0.171  -0.067  -0.157   0.012   0.095  -0.071   0.181
  82239A     0.072   0.095   0.073  -0.226  -0.195   0.019   0.132   0.141   0.212  -0.004  -0.015  -0.005  -0.052   0.056  -0.096  -0.009  -0.154  -0.040   0.090  -0.055   0.158  -0.177  -0.080   0.000   0.115  -0.009   0.043  -0.064   0.006  -0.169  -0.007   0.090  -0.084   0.008   0.113   0.289   0.221   0.017  -0.168   0.019   0.020   0.032  -0.161   0.243  -0.144   0.078   0.179  -0.022   0.015  -0.092  -0.195
  82381A     0.007  -0.100   0.088   0.073   0.242  -0.002  -0.005   0.020   0.059   0.317   0.180  -0.035   0.054   0.115  -0.008   0.143   0.118  -0.109   0.072   0.134  -0.025  -0.117   0.076   0.175   0.096   0.148   0.260  -0.066   0.140  -0.062  -0.020   0.088   0.153  -0.085  -0.187   0.098  -0.213   0.007  -0.108  -0.183  -0.023  -0.028   0.093   0.128   0.078   0.020  -0.043  -0.032   0.156   0.086  -0.293
  110902r    0.085  -0.062   0.215  -0.114   0.172   0.072  -0.113   0.111  -0.017  -0.016  -0.029   0.143   0.112   0.097   0.085   0.176  -0.019  -0.069   0.241  -0.091  -0.084  -0.094  -0.064   0.004   0.029   0.015  -0.062   0.163   0.025   0.116  -0.040  -0.115  -0.097   0.249  -0.050  -0.179   0.164  -0.097   0.103   0.114   0.049   0.188   0.257   0.127   0.021   0.005   0.081   0.030   0.195   0.143   0.071
