litu_drop.rwl -- no data title --                         1st itrdb line missing     
litu_drop.rwl -- no data title --                         2nd itrdb line missing     
litu_drop.rwl -- no data title --                         3rd itrdb line missing     
12490   1940  3721  3940  3609  3171  2758  3715  3344  3351  2669  3104  trn
12490   1950  1925  2548  2447  1669  1325  2128  1611  2522  2567  2128  trn
12490   1960  2576  1967  1702  1767  1042   935   626  1389  1843  1780  trn
12490   1970  2922  3709  4357  4449  4152  2723  1852  1250   912   989  trn
12490   1980  1173  2308  3950  3149  2814  2650  2910  3480  3788  4385  trn
12490   1990  4458  3790  4622  5012  4711  4447  4010  2949  2655  1685  trn
12490   2000  1919  2625  2488  2586  2562  1085  1274  1136  2282  2486  trn
12490   2010 -9999
22545   1922  5887  5077  6526  4236  5340  4718  4807  4085
22545   1930  2348  1898  1746  1877  2396  2933  3344  4020  3991  3409  trn
22545   1940  4865  5056  3092  2348  2600  3459  3018  3996  4613  5049  trn
22545   1950  3979  3409  3983  3824  2328  3865  3708  3101  3026  2799  trn
22545   1960  2960  3230  2197  2689  2565  1658  1114  1290  1802  1499  trn
22545   1970  3453  3234  4031  3585  4020  5457  5098  3686  5747  3521  trn
22545   1980  1999  2145  2938  2619  3361  2120  4060  3956  3601  4062  trn
22545   1990  3166  2109  3189  3770  3863  3885  3889  2391  2911  1600  trn
22545   2000  3589  3617  3593  4154  3971  2976  2301  2132  2891  3048  trn
22545   2010 -9999
22604   1964  3652  3727  2175  3166  4010  3874
22604   1970  4218  3637  3450  2968  3413  3720  3561  2799  2941  3014  trn
22604   1980  1709  2047  2520  2261  1507  1718   988  1327  1173   549  trn
22604   1990   536   316   790  1111  1889  2665  3111  3431  3431  2244  trn
22604   2000  1877  2311  2667  3455  2700  3312  3017  3264  3668  3471  trn
22604   2010 -9999
32189   1936  2958  2995  3122  2047
32189   1940  1770  1579  1700  1452   732  1629  2462  2604  3523  4290  trn
32189   1950  2562  3328  3772  3849  2835  2494  2517  3078  4370  3618  trn
32189   1960  4485  4953  4818  3534  2138  2757  1444  2983  4718  4541  trn
32189   1970  5353  5153  6336  5544  5704  5193  5922  2817  4826  5439  trn
32189   1980  4765  4001  3690  3379  5047  3357  4448  4514  4552  4532  trn
32189   1990  6070  3435  2681  5552  5324  5470  5413  4091  3751  1199  trn
32189   2000  3260  4216  3649  4312  4288  2277  1472  1484  1294  1341  trn
32189   2010 -9999
42544   1944  3546  4159  4046  4586  4540  4225
42544   1950  3807  3758  2961  3249  3203  4050  4260  3788  4626  4704  trn
42544   1960  4706  4210  3031  3448  2729  1890  1327  2117  2947  2895  trn
42544   1970  3314  3089  2673  2704  2071  2181  2336  2290  3529  2963  trn
42544   1980  3940  3567  3675  3393  2408  2326  2472  1565  1665  1412  trn
42544   1990  1922  1007  1203  1585  1341  1137  1173  1163   683   188  trn
42544   2000   399   876   819   826  1421  2663  1623  1840  1442  1336  trn
42544   2010 -9999
50406   1939  1664
50406   1940  2278  2458  2144  2075  1975  1910  2390  2780  2942  3154  trn
50406   1950  3156  2898  2668  2548  2127  2214  1828  1748  1925  1437  trn
50406   1960  1971  1578  2093  1335  1371   836   815  1135  1230  1614  trn
50406   1970  1111  1034  1743  2384  1729  1693  1712  1696  2337  1971  trn
50406   1980  1753  2100  1973  1311   907  1083  1178  1440  1810   638  trn
50406   1990   718   926  1868  2745  2516  2762  3081  2557  2658  1935  trn
50406   2000  1967  2847  2455  2303  2127  2616  1873  2382  2654  3116  trn
50406   2010 -9999
50474   1923  2958  3305  3865  4740  4472  4444  4232
50474   1930  2776  1793  2141  1419  1208   636  1593  2391  1817   746  trn
50474   1940   569   700   662   835   657   882  1267  1491  1081   928  trn
50474   1950  1688  2259  1806  1547  1161  1283  2332  1978  1205   687  trn
50474   1960  1267   807  1287  1538  1523  1629  1081  1532  1303  1137  trn
50474   1970  2165   932  1657  1270  1632   532   418   679  1587  1431  trn
50474   1980  3547  3676  3425  2869  1879  1677  1353  2605  2510  2584  trn
50474   1990  3024  1488  2257  3131  3110  2597  2245   675  1325  1848  trn
50474   2000  1663  1970  2141  2663  2753  2383  2625  2181  4006  2817  trn
50474   2010 -9999
50555   1919   884
50555   1920  2238  2611  2928  2323  2973  2743  2991  3581  3669  3646  trn
50555   1930  2595  3014  2787  3140  2924  3895  3999  4183  4077  4263  trn
50555   1940  3864  3333  4223  3731  3623  3898  3230  3040  3645  4948  trn
50555   1950  4291  3802  3320  3309  2728  2907  2808  2618  2314  1860  trn
50555   1960  2012  1767  2034  1967  1645  1673   981  1502  1635  1418  trn
50555   1970  1450  1793  2045   937  1573  1351   236   212   967   884  trn
50555   1980  1982  3303  3901  3544  2419  2654  3269  3175  2305  2539  trn
50555   1990  3177  2484  2060  2806  2822  2714  2706  2001  2099  1592  trn
50555   2000  1872  2053  2124   829   363   678   721  1714  1113  1017  trn
50555   2010 -9999
60083   1960  3521  3197  3556  3325  2870  2450  2195  2609  2965  3044  trn
60083   1970  3547  3156  3306  2928  2528  1675  2630  2199  2693  2229  trn
60083   1980  3099  1999  2597  1836  1225  1205   936   444   915   734  trn
60083   1990   965  1138  2220  2672  1492  1290  1004  1264   628   186  trn
60083   2000   792   621  1975  2302  1979  1570  1018  1915  2400  1908  trn
60083   2010 -9999
60287   1947  2828  2171  1527
60287   1950   250  1764  1762  1860  2700  2509  3819  3678  3397  2965  trn
60287   1960  2901  3530  3927  3493  3463  2910  1911  2741  3835  4267  trn
60287   1970  4668  4173  4754  4606  4106  3942  3408  3057  3364  2881  trn
60287   1980  3230  3660  3029  2579  2119  2523  3590  3421  3138  3136  trn
60287   1990  4334  4574  3835  4749  3741  3158  3616  3316  3961  2618  trn
60287   2000  3306  3665  3152  3199  2940  2861  2795  3496  4227  4420  trn
60287   2010 -9999
62248   1952  3886  3872  3587  3481  3993  3855  4056  4098
62248   1960  3831  3758  3353  3739  3270  2765  2210  1572  2090  2437  trn
62248   1970  2274  2210  2363  2759  3150  2613  2496   166   252   487  trn
62248   1980   538   874  1348  1248   759   655   621   448   481  1190  trn
62248   1990  1481  1085  1563  1964  1896  2363  2072  2779  2701  1798  trn
62248   2000  2003  1986  2545  1992  2366  1730  1583  1204  2491  2773  trn
62248   2010 -9999
70433   1914  4503  5225  5342  5753  4042  6690
70433   1920  6122  7250  7660  5363  5825  3821  3161  5531  5144  5190  trn
70433   1930  3395  2724  3898  2210  3457  3851  2712  4888  5676  4315  trn
70433   1940  6642  6766  6571  5036  4500  5514  2024   812  1014  1704  trn
70433   1950  3444  4927  5755  5225  7482  9584  8870  8006  6711  6322  trn
70433   1960  7079  6207  5340  4807  3875  3398  2210  3019  4304  3904  trn
70433   1970  4958  3845  5144  4776  5133  6030  6374  5357  6295  4756  trn
70433   1980  3685  5458  3968  3080  2961  3764  3700  3836  3435  4495  trn
70433   1990  5976  4639  5496  7552  6681  6271  5157  4383  3660  3091  trn
70433   2000  3372  1934  2156  3451  4250  5056  3977  4766  4099  4717  trn
70433   2010 -9999
80282   1955  4555  5468  5465  4205  3546
80282   1960  4237  3691  3470  1681  1083   945   394   884  1013   402  trn
80282   1970  1765  1929  2697  2398  2020  2379  2508  2323  2434  2566  trn
80282   1980   697   290   875  1068  1010  1584  1342   724   619  1047  trn
80282   1990   832   361   545   332   345   802   752   769  1342   690  trn
80282   2000   871  1561  1206   932   669  1442  1019   469  1442   929  trn
80282   2010 -9999
80711   1906  1667  2836  3349  2755
80711   1910  3227  2643  3758  3405  3608  5133  4808  4309  3407  4392  trn
80711   1920  3386  4065  3897  2840  4152  3249  3103  2678  2378  2011  trn
80711   1930  1509  2673  1085  1608  1360  2199  1535  2259  2530   752  trn
80711   1940  2205  1496  2068  1148  1185  1685  1715  1453  1790  2460  trn
80711   1950  1608  2000  1863  1977  3805  4226  4446  3790  3989  3229  trn
80711   1960  3489  3765  2376  2433  1544  1025   760  1067  2452   971  trn
80711   1970  1796  2313  3837  3722  3590  4857  5552  4370  3595  2563  trn
80711   1980  2484  2530  2671  1697   908  1397  1685  1636  2295  1195  trn
80711   1990  4098  1755   864  3447  1048  2836  2251  3388  2236  2929  trn
80711   2000  2527  3388  3775  2906  2966  2197  2259  3449  3731  2331  trn
80711   2010 -9999
80719   1915  2440  2886  2227  2609  2453
80719   1920  2661  2439  2104  1210  1292  1105  1143  1327  1223  1617  trn
80719   1930  1547  1157  1196   945  1179  1131  1497  1810  1720  1400  trn
80719   1940  1749  1312  1157   703   661  1276  1297  1481  1218  1004  trn
80719   1950   653   962  1145   819  1302  1145  1474  1862  1874  1168  trn
80719   1960  1839  1862  1994  1739  1433  1268  1571   972  1309  1090  trn
80719   1970  1379  1371  1486  1417  1383  1108  1551  1419  1111   925  trn
80719   1980   754  1433  1465  1424  1393  1234  1284  1207   985  1171  trn
80719   1990   991   640   945   935  1371  1045   873   437   274   204  trn
80719   2000   472   925   808  1099   922  1294  1125  1137  1229   877  trn
80719   2010 -9999
82218   1919  2149
82218   1920  7440  6806  6304  4251  5036  4209  5014  6173  6674  5529  trn
82218   1930  4455  4684  3905  4615  4549  4507  4692  4753  5300  3313  trn
82218   1940  4522  5686  5978  3955  4368  6426  6116  6332  6588  6601  trn
82218   1950  6012  5792  5570  5699  5192  4474  3727  2244  3387  2359  trn
82218   1960  4263  2915  1338  1976  2279  1330   920  1352  1897  1481  trn
82218   1970  1467  2152  2250  1602  1729  2062  2305  1413  1150  1260  trn
82218   1980  1143  1470  1523  1245   908  1897  2279  2053  2110  1033  trn
82218   1990  2800  1367  2342  3258  1765  2413  2713  2197  3008  2053  trn
82218   2000  1484  2986  3126  2385  4209  2576  1131  2131  2800  1463  trn
82218   2010 -9999
90287   1920  8070  5671  6069  4787  5323  4883  4624  5606  5719  5591  trn
90287   1930  3572  4036  4008  4080  4080  4304  5014  5454  5521  4476  trn
90287   1940  4994  4324  5978  5574  4274  6001  4417  3417  4370  4847  trn
90287   1950  4374  3711  2831  1706  2159  1630  3866  2870  2813  2213  trn
90287   1960  3047  3900  3287  2682  2054  2144   945   739  2312  1573  trn
90287   1970  2891  2044  3217  2047  2633  3499  3001  1541  2786  3368  trn
90287   1980  2379  1851  1706  1545  1055  1623  1857   983  1229  2180  trn
90287   1990  2144  1360  2003  2335  1280  2663  2516  2362  2619   516  trn
90287   2000   816  1696  1577  1257  2204  2038  1512  1841   834  1030  trn
90287   2010 -9999
90645   1954  2440  2613  2552  2174  1950  1772
90645   1960  2016  1933  1676   904   662   614   464   413   655   852  trn
90645   1970  1068  1131  1735  1494  1295  1544  1355  1306  1092  2110  trn
90645   1980  1753  1677  1550  1567  1291  1670  1604  1758  2296  2770  trn
90645   1990  2240  1869  2054  1963  1824  1745  2004  1894  1542   799  trn
90645   2000  1001  1634  1585  1080  1051   655   240  1286   860   630  trn
90645   2010 -9999
91377   1927  3598  3163  3521
91377   1930  2481  3480  3213  3482  3409  3356  3062  3249  3364  2474  trn
91377   1940  2520  2427  2322  2022  2086  2738   100   573   445   655  trn
91377   1950   451   292   150   620   670   722  1225  1417  1510  1164  trn
91377   1960  1369   985  1338  1274   977   718   100   182   791   732  trn
91377   1970  1316  1411  1690  2114  2135  2260  2017  1965  2163  2425  trn
91377   1980  4374  3557  2520  2196  1801  1656  2008  1804  1684  1895  trn
91377   1990  2560  1456  1796  2300  2010  1891  1937  1867  2457  1942  trn
91377   2000  2051  2350  1716  2290  2316  1731  1547  1218  1956  1990  trn
91377   2010 -9999
92493   1917  2044   788  1640
92493   1920  1875  2159  2276  2177  2313  2122  2097  2089  2133  2568  trn
92493   1930  1737  2013  1700  1441  1338  1381  1396  1557  1726  1204  trn
92493   1940  1818  1502  1664  1491  2016  1806  1487  1523  1655  1859  trn
92493   1950  1408  1411  1568  2145  1546  1570  1080   909  1151   850  trn
92493   1960   887   382   725   521   462   324   318   567   540   641  trn
92493   1970   916   755   784  1052  1074  1099   809   935   777   717  trn
92493   1980  1287  1574  1726  1504  1184  1226  1077   751  1038  1055  trn
92493   1990  1206  1115  1433   938   330   962   935  1161   820   141  trn
92493   2000   126   359   931  1336  1579  2042  2000  2326  2309  2152  trn
92493   2010 -9999
102412  1929  6952
102412  1930  4222  5796  5053  4544  5290  5962  5484  6372  6718  6403  trn
102412  1940  8016  7943  7539  6080  4687  6349  4255  6529  7176  7517  trn
102412  1950  6769  7150  4929  2575  1688  2691   534  2206  2258  1422  trn
102412  1960  1070  2194   534  1343   772  1891   547  1053  2393  2209  trn
102412  1970  4127  3134  4822  3464  3129  3108  2314  1358  2332  1945  trn
102412  1980  1974  1514  2537  2357  1807  2471  2845  3067  2814  3017  trn
102412  1990  3599  2886  2842  4628  4181  5634  3581  2665  2730   735  trn
102412  2000  3094  2935  3053  1845  2482  3029  2581  2375  2724  3271  trn
102412  2010 -9999
110128  1953  5876  5607 10331  7020  6476  8464  7340
110128  1960 10842 11602  9256  7563  6628  6302  3330  5539  8803  7660  trn
110128  1970  7284  7398  6822  7753  7391  7272  7009  3690  5685  5765  trn
110128  1980  5270  3619  2900  2463  3580  3662  4339  5454  4731  4064  trn
110128  1990  7123  5554  3590  6311  5677  6177  5826  3381  2996  3338  trn
110128  2000  5253  5759  5405  1818   638  3557  4223  4433  7118  6616  trn
110128  2010 -9999
110379  1970 17750 13577 13845 12367 11573 10492  8923  3763  9008  8475  trn
110379  1980  6574  6191  6387  3859  5482  8057  6702  6332  6751  8176  trn
110379  1990  9889  6801  7484  9036  6008  8619  8617  4166  3878  2672  trn
110379  2000  6491  8096  5286  5087  6417  5051  3665  3598  4972  4612  trn
110379  2010 -9999
110791  1925  3591  4102  6489  6356  7603
110791  1930  5453  6003  6439  7106  8255  8682  9428  9157  9054  8196  trn
110791  1940  9020  9100  9764  8221  7198  8827  7614  6236  6398  7583  trn
110791  1950  8165  7874  6159  3652  2586  2729  4223  3488  4665  3154  trn
110791  1960  3211  2375  1902  1792   817  1101   522  1979  3412  2360  trn
110791  1970  5398  5888  5059  4622  5749  5560  4139  2682  2734  2318  trn
110791  1980  2692  3227  3967  2542  3393  3921  3659  3491  3342  2673  trn
110791  1990  4092  3354  2037  3874  2696  3002  4183  3373  3243  1506  trn
110791  2000   817  2615  2150  2264  1717  3833  3100  2517  2687  2048  trn
110791  2010 -9999
110798  1933  4938  5840  6180  5860  5194  4318  3946
110798  1940  4486  3420  4222  4548  4414  5942  4880  4506  4666  4736  trn
110798  1950  6354  5410  5084  3582  3212  3062  3746  3984  4868  2898  trn
110798  1960  5660  4560  3966  2618  3074  2230  1744  2450  4398  3214  trn
110798  1970  5230  4506  4906  4512  5978  6294  4690  2510  3634  3124  trn
110798  1980  2418  3850  2796  3650  4110  4032  4238  4674  4694  4170  trn
110798  1990  4538  3776  3982  4992  3784  4458  3038  2060  2372  1446  trn
110798  2000  1734  2368  2488  3784  2998  4102  4028  4232  4802  4266  trn
110798  2010 -9999
110914  1925  3386  3715  7402  6687  6905
110914  1930  3958  4619  3843  3553  3309  3684  4022  4436  4542  4599  trn
110914  1940  5158  5860  5698  4602  4109  5732  4320  4500  5484  5722  trn
110914  1950  7393  6934  6266  4568  4659  4245  4078  3101  3469  3315  trn
110914  1960  3735  3651  3665  3161  2516  1191  1346   882  1996  1849  trn
110914  1970  2714  3496  3486  3809  4493  4044  3039  2583  2639  2282  trn
110914  1980  3187  2882  3170  3682  2403  2972  4178  3311  2378  2990  trn
110914  1990  3727  2466  2932  3198  1873  3145  3309  2537  2537  1857  trn
110914  2000   862  2292  1756  1510  1863  2198  1155  1222  2178  1563  trn
110914  2010 -9999
110950  1938  4131  3590
110950  1940  4087  4907  5195  4480  4750  5289  4182  3653  3777  3335  trn
110950  1950  2767  2022  2238  2422  3339  4008  3884  4372  5614  3167  trn
110950  1960  2866  1977  2226  2045  2038  2825  2911  3705  4342  5000  trn
110950  1970  5172  5127  5098  4854  5114  5724  4936  3800  3729  3322  trn
110950  1980  2082  2972  3852  3937  3765  3270  3810  4102  3254  2762  trn
110950  1990  2054  1338  2119  2741  2398  3030  2289  2000  2104  1334  trn
110950  2000  1712  1660   956  1072   777   972   202   715  1052   878  trn
110950  2010 -9999
111014  1926  6240  7084  7643  8306
111014  1930  6918  8130  7275  7523  6888  7625  7309  7064  7076  5784  trn
111014  1940  6788  6838  5931  6810  6287  6310  6469  6174  6438  6272  trn
111014  1950  6151  6497  5234  4845  3796  3778  4759  4467  5458  4601  trn
111014  1960  4315  5310  5178  3015  2504  1702  1527  1484  2201  3573  trn
111014  1970  4485  4031  4993  4403  4550  5495  5242  3517  5157  4186  trn
111014  1980  4417  3618  2895  3460  3184  2275  3711  2110  2515  4043  trn
111014  1990  3759  2980  3648  4707  3428  4537  3919  2747  2555  1113  trn
111014  2000  1044  1119  1629  1657  3483  3559  2605  2902  3576 -9999  trn
111030  1923  3601  4598  4760  5073  7023  8995  9700
111030  1930  7337  7585  6005  5970  6337  7005  7585  6671  6509  5988  trn
111030  1940  5565  5713  6034  5702  6446  4734  4407  5365  6648  8212  trn
111030  1950  7591  8003  6715  3588  2036  3654  3666  3716  4174  3196  trn
111030  1960  2824  3295  3694  2926  2115  1492  1028   870  2003  3186  trn
111030  1970  3820  3335  4450  4319  4822  5592  4072  2929  4841  3013  trn
111030  1980  3375  2852  2937  3817  3303  3007  3082  1643  2507  4294  trn
111030  1990  5056  4069  4193  4713  3458  4508  4389  3107  2464   974  trn
111030  2000  1351  2932  4273  3229  4310  4031  3332  2452  3408  2985  trn
111030  2010 -9999
111051  1923  4486  5630  4950  4684  5895  6338  7238
111051  1930  5433  7032  5439  4453  4469  4714  4201  5314  5346  4881  trn
111051  1940  4866  5195  6349  5721  5405  6528  5954  5569  6355  6735  trn
111051  1950  6319  5758  5174  5364  4139  3522  4872  4240  4609  3822  trn
111051  1960  3363  3872  2841  2196  2255  1407  1313  1339   722  1177  trn
111051  1970  2341  3212  3574  3522  3879  3940  4000  3345  4429  3920  trn
111051  1980  2561  1834  1288  1922  1998  2087  3215  2964  3072  2720  trn
111051  1990  3173  1413  1759  2115  1033  2106  2251  2219  2921  2200  trn
111051  2000  1993  2638  3311  2954  2449  3139  1450  2384  1307  1545  trn
111051  2010 -9999
111134  1918  4639  5817
111134  1920  5600  6956  7262  6193  6997  6541  6691  6660  5877  5006  trn
111134  1930  3725  3574  3543  3711  3750  4750  5312  4644  4125  3254  trn
111134  1940  3381  4145  3888  3983  4246  5080  4486  4094  4656  5538  trn
111134  1950  5539  5041  5232  4296  3017  2109  3323  2879  3671  3700  trn
111134  1960  2774  3244  2868  2080  1339   902   447   440  1569  1487  trn
111134  1970  1450  2395  2981  3625  4100  4189  3110  2792  4992  3529  trn
111134  1980  3278  2702  3531  3550  2798  2381  3979  2381  1609  3048  trn
111134  1990  3522  3888  3278  4506  4244  3860  2504  3015  1950  2296  trn
111134  2000  3684  3351  3502  2510  3034  2689 -9999
121212  1908  2929  3028
121212  1910  2627   626  1556  3036  2854  3578  4599  3418  2775  3657  trn
121212  1920  2386  4686  6646  3973  4863  3653  3557  4645  4082  5076  trn
121212  1930  3937  4244  3663  4346  3219  3636  3117  3901  3836  3205  trn
121212  1940  3845  4681  4178  3807  2935  3211  3675  3733  4198  3665  trn
121212  1950  3451  5194  5148  3511  2933  4018  4438  4313  4667  4297  trn
121212  1960  3889  4662  3832  3217  2264  2201  1395  1570  2393  2410  trn
121212  1970  4035  4585  5811  5845  4333  4622  3710  3323  3386  2957  trn
121212  1980  3471  3673  3523  4432  3382  3553  3537  3242  2786  3790  trn
121212  1990  4391  4611  4067  6478  4065  4102  4486  4389  4231  2854  trn
121212  2000  3481  3588  3704  3430  4686  4778  4470  4130  4790  3394  trn
121212  2010 -9999
121284  1922  4952  3986  5606  4462  4407  4724  4442  5427
121284  1930  3785  4836  4170  3931  4076  4627  4484  5437  5381  4764  trn
121284  1940  4843  5286  5387  3843  4173  5226  4942  5045  6057  6627  trn
121284  1950  7110  6372  5190  4368  2938  2719  4074  2908  3994  2727  trn
121284  1960  3214  2625  1728  2148  1731   812   968   700  1434   977  trn
121284  1970  1616  1973  2565  3606  2515  2169  2579  2163  2490  2829  trn
121284  1980  2872  2641  1515  1141  1512  1620  2700  3623  3480  2867  trn
121284  1990  5455  3734  2936  4906  3372  2936  3917  2359  2652  1856  trn
121284  2000  2307  2905  2510  1562  3021  2473  1944  3360  3614  1862  trn
121284  2010 -9999
121442  1952   647   562  2640  2094  1324  1672  2017  1410
121442  1960  1636  2204  2639  2476  1752   866   627  1340  2090  2787  trn
121442  1970  3065  2692  3119  3053  2359  2374  2671  1612  1634  1530  trn
121442  1980  2924  3383  3568  3353  2011  1578  1892  1888  1011  1232  trn
121442  1990  1855  1936  2430  2264  2172  1916  1008  1347  1787  1253  trn
121442  2000  1379  1867  2480  3077  2562  2344  1855  1125  1241  1096  trn
121442  2010 -9999
131017  1950   136  1757  1848  2320  3225  3345  3946  3997  3588  2638  trn
131017  1960  3234  2981  2966  2494  2160  1540  1341  1764  2103  2537  trn
131017  1970  2636  2291  2891  2945  2685  2197  2761  2472  2036  1418  trn
131017  1980  4068  3784  3564  2907  2419  2654  2842  2498  2984  2480  trn
131017  1990  3083  2160  2325  2508  2245  1687  2000  2023  2508  1045  trn
131017  2000  1382  1253  1217  1453  1610  1800   945   762  1164  1207  trn
131017  2010 -9999
131080  1930  3031  3493  2787  3365  2825  3631  2794  3996  3946  3031  trn
131080  1940  2938  3192  2787  1020  1669  1052   132  2374  3422  2770  trn
131080  1950  1360   235   452   441  1819  2671  3906  4022  3350  2762  trn
131080  1960  2603  1939  2393  2454  2245  1767  1753  1958  1926  2929  trn
131080  1970  2783  2046  2096  2658  2585  2149  2559  2027  2241  2090  trn
131080  1980  2904  2602  2052  2171  2116  1357  2125  2071  1711  2090  trn
131080  1990  2566  2558  2967  3090  2596  2757  2976  2742  2235  1368  trn
131080  2000  1406  1278  1368  1466  1833  1426  1256   926  1256   891  trn
131080  2010 -9999
131304  1930  2456  1708  2185  2471  3727  4427  4400  2883  3098  2244  trn
131304  1940  2646  3488  3655  4125  2879  4517  4093  4897  5030  5389  trn
131304  1950  4943  5615  4957  3703  3420  4269  5036  4058  4616  3869  trn
131304  1960  4586  4281  3544  2667  1740  2263  1422  1920  2794  2765  trn
131304  1970  3358  3121  3542  3637  5135  5305  4905  2009  3121  3512  trn
131304  1980  3687  2969  2959  2263  1981  1721  2802  2377  2223  2875  trn
131304  1990  3766  2146  2533  3613  4705  3524  5806  3562  3005  1851  trn
131304  2000  2751  3205  2920  2997  3117  2553  1987  1813  2628  2076  trn
131304  2010 -9999
140735  1939  5718
140735  1940  5072  4762  4888  4343  4504  4332  3875  3802  3370  3360  trn
140735  1950  2827  2507  2630  2190  1930  1662  1765  1366  1782  1240  trn
140735  1960  1472  1203  1399   950  1042   392   120   780   780   921  trn
140735  1970   764   642   852  1275  1134  1366  1251  1639  1582   986  trn
140735  1980  1953  2124  3066  2084  1644  1371  1366   852  1315   979  trn
140735  1990   943   780   943  1543  1404   780  1049  1028   797   300  trn
140735  2000  1332   950  1121   713   876  1055   979  1639  1409  1558  trn
140735  2010 -9999
160665  1954 16984 17628 15311 13027 14378 13339
160665  1960 14510 13794 12738 10570  9955  8512  5921  6225 11278 11271  trn
160665  1970 13270 12672 12295 10873  7784  6977  4233  4883  6553  6215  trn
160665  1980  1823  3317  1407  1006  2201  4377  3371  2340  1981  6495  trn
160665  1990  9176  6814  7148  7777  7866  9329  8217  5543  4758  3112  trn
160665  2000  4065  5911  8136  6491  6637  5831  5836  5786 10548  9912  trn
160665  2010 -9999
160777  1949  5694
160777  1950  5051  6422  6319  5733  5396  5104  4392  4063  4741  4085  trn
160777  1960  3770  4124  3228  1489  1476   701   628  1732  2838  3993  trn
160777  1970  3941  4429  5056  6101  5705  5968  5648  4626  5170  5181  trn
160777  1980  3534  3243  3896  4435  4378  3641  4255  4063  3474  3438  trn
160777  1990  3566  3912  4586  4503  2811  3072  3397  4126  4767  3569  trn
160777  2000  2729  3093  4841  4701  3607  4273  3719  3964  4856  3612  trn
160777  2010 -9999
160930  1925  2091  1708  2273  1853  2436
160930  1930  2071  2071  2658  2896  3461  3629  3813  4066  3309  2957  trn
160930  1940  3468  3545  3358  3038  2901  3465  2542  3069  3344  3629  trn
160930  1950  3923  3837  3694  3133  2522  2388  1992  1774  2127  1549  trn
160930  1960  2405  2343  2319  1805  1225   883   465   390   904  1443  trn
160930  1970  1476  1886  2995  3897  3848  3502  2843  2552  2848  2615  trn
160930  1980  1936  1853  1997  2281  2524  2494  3498  2847  2793  2840  trn
160930  1990  3530  3470  3195  2801  2438  2309  2622  2757  3363  2392  trn
160930  2000  2378  2949  3445  3418  2507  2812  2462  2735  3958  3538  trn
160930  2010 -9999
170994  1960  8950  6679  8064  6012  4289  6371  5180  5800  7022  8007  trn
170994  1970  6570  6021  4390  6376  6214  4011  1296  3136  4811  5119  trn
170994  1980  4653  2296  5113  4318  4375  5681  3823  3736  4962  6039  trn
170994  1990  6593  4204  3963  4711  3596  3942  4685  3833  5899  3552  trn
170994  2000  2047  3462  3441  3242  2186  2649  1564  3664  5448  4524  trn
170994  2010 -9999
172229  1880  1210  1504  2184  2092  1673  1588  1979  2058  2377  3958  trn
172229  1890  4547  4676  4088  4400  5466  5678  5266  5530  5452  4445  trn
172229  1900  4815  5685  4796  5699  5397  5078  5318  5345  5569  4644  trn
172229  1910  4755  2898  3604  3932  3538  3202  5229  4276  2795  3622  trn
172229  1920  2677  3268  3707  2895  3762  2174  1750  3387  3513  3737  trn
172229  1930  2040  1979  1935  1738  2998  2573  2408  3020  2910  2626  trn
172229  1940  2843  3662  3406  3240  1994  3068  2922  3602  4195  4765  trn
172229  1950  5708  5422  4347  3991  3517  2984  2836  3221  3484  2601  trn
172229  1960  3559  3919  3406  2756   759   598   398   497  1286  2082  trn
172229  1970  3451  3129  4108  4364  4099  3335  2861  2476  3670  3264  trn
172229  1980  2423  3337  3482  2423  2455  3548  4096  3916  3513  3641  trn
172229  1990  4234  2917  1957  3716  2715  5043  5040  3496  3396  2920  trn
172229  2000  3962  5532  4602  4964  4834  4426  3581  3223  3217  2556  trn
172229  2010 -9999
180751  1943  8289  8639 11708 10249 10039  9379  9097
180751  1950  7632  4984  5271  6431  5259  5204  5670  4752  6092  5301  trn
180751  1960  6815  6794  6290  4183  4130  2475  1284  1474  1911  1501  trn
180751  1970  2400  2297  3110  2738  2980  3691  3034  3004  2847  3004  trn
180751  1980  5759  5478  4729  3444  3827  4065  5147  4268  3579  3087  trn
180751  1990  4454  2236  3000  4645  3753  2966  2236  2070  4147  1414  trn
180751  2000  3024  3804  4333  3597  2802  2355  1437  2460  2997   990  trn
180751  2010 -9999
180794  1948  5229  5880
180794  1950  5064  5185  4672  4485  3757  1685  1700  3206  3911  1768  trn
180794  1960  2263  1342  1815  1553  1309  1531  1153  2481  3018  4518  trn
180794  1970  4389  3343  3481  3099  3724  3402  3107  2516  2709  2895  trn
180794  1980  1274  1678  1888  2490  2287  2161  2118  2458  1728  2107  trn
180794  1990  2007  1163  1794  3353  4467  5664  5244  3457  4823  3481  trn
180794  2000  3473  3449  4029  3040   904  1197  1319  2298  1927   912  trn
180794  2010 -9999
190018  1953 10547 10485 12259 11814 10300 13136 10149
190018  1960 13129 11143  9783  8410  7024  6471  3980  6512  7930  7815  trn
190018  1970  7561  6923  6713  6956  7062  6724  5581  4002  8509  8087  trn
190018  1980  5341  5551  6095  4999  5031  5137  6286  5626  5019  6454  trn
190018  1990  5626  3783  5283  6014  5973  6562  5370  1674  2611  1764  trn
190018  2000  5071  6679  5427  6673  5432  4156  4358  3327  4345  4777  trn
190018  2010 -9999
190438  1936  5004  3831  4303  4392
190438  1940  4814  5537  6121  5888  7000  8376  8276  7982  8153  8197  trn
190438  1950  7792  7413  7079  7082  6139  5285  6524  4693  4112  3584  trn
190438  1960  4943  5982  5236  4179  3705  2061  2036  2894  5259  4763  trn
190438  1970  5247  4413  5152  5110  6305  6124  6418  3607  3155  2917  trn
190438  1980  4505  3480  2132  1960  1735  2492  2114  1447  3214  3096  trn
190438  1990  5504  2987  4007  4835  1830  2195  2657  2843  1750  1938  trn
190438  2000  2011  1949  2007  2250  2632  1585  1077  1072  2864  1617  trn
190438  2010 -9999
200038  1955 12653 12266 13408 12702  6531
200038  1960  9627 12440 11291  9573  9895  8796  6766  9098 10086  8634  trn
200038  1970  8934  9312  7059  7905  8972  7823  4229  4848  8555  7082  trn
200038  1980  7380  7269  7161  6999  7530  5069  4332  5470  5307  5779  trn
200038  1990  7067  6401  6404  7184  6807  8442  8632  5286  5334  2464  trn
200038  2000  6329  7108  4942  6564  6528  6213  6242  6934  7637  7184  trn
200038  2010 -9999
200168  1950  7133  7566  8098  8712  9973 10321 11376 11404 12482 10208  trn
200168  1960 12118  9295  9255  8214  7463  4841  3505  3727  5522  6095  trn
200168  1970  4644  3505  5073  4939  5314  2652  3248  4356  6108  6214  trn
200168  1980  4111  2067  2482  1910  1019  2062  3058  2431   517  2053  trn
200168  1990  2465  1332  1360  1862  2590  1309  2324  1954  1752   466  trn
200168  2000  1146  1465   568  1717   924   969  1116  1645  1074  1886  trn
200168  2010 -9999
200389  1950  1026  4012  2829   214  1329  2211  2224  1638  2622  2006  trn
200389  1960  1644  1329  1668  1473  1271  1460  1148  1336  2070  1996  trn
200389  1970  2754  2781  4233  4140  4612  4516  5165  5175  5861  5607  trn
200389  1980  5041  4953  5346  4561  4256  4817  5270  5504  5103  5367  trn
200389  1990  5514  5329  4948  5412  4958  6163  6003  5466  6232  5306  trn
200389  2000  6488  5660  6075  4994  3947  3665  3398  3729  4448  4620  trn
200389  2010 -9999
200988  1954  4826  3702  3874  4121  4314  4803
200988  1960  3983  4523  3000  3250  2560  1889  2110  1267  1994  3398  trn
200988  1970  4001  3853  3608  4270  4187  3315  3287  2958  2062  3006  trn
200988  1980  2143   522   623   772   567  1085   843   981   664   889  trn
200988  1990  1655  1837  2032  3819  3795  3617  3727  3222  4020  2711  trn
200988  2000  4237  4046  4003  3635  4085  3682  3514  2444  3013  2476  trn
200988  2010 -9999
202162  1980  7426  6502  6201  6473  5534  4711  4751  4711  4875  5233  trn
202162  1990  4327  3519  3521  4729  3323  4241  4250  2360  3591  1897  trn
202162  2000  1748  2168  2214  2194  2922  3486  2655  2220  3868  2899  trn
202162  2010 -9999
12369A  1953  2724  2632  2960  3514  2893  3757  3119
12369A  1960  1940  2871  2595  3025  2357  2918  2806  2836  3904  3308  trn
12369A  1970  2018  3595  3188  3213  2584  2340  2519  2627  2360  2498  trn
12369A  1980  2877  1607  1761  1138  1048  1122   871  2100  2215  1525  trn
12369A  1990  1897  1610  2044  1982  1484  1284  1210  1239  1375   441  trn
12369A  2000   735  1026   735   856   579   537   835   963   579   530  trn
12369A  2010   599   433   217    94 -9999
20804A  1913  1832  1351  1285  1539  2030  1681  2438
20804A  1920  1948  2848  3070  3505  3742  3350  3519  4591  4672  4357  trn
20804A  1930  4054  4316  4183  4088  3956  4121  4395  4568  4246  3614  trn
20804A  1940  3829  3508  3523  3068  3617  3462  3865  4524  3979  3885  trn
20804A  1950  3425  2509  2514  2372  1465  1323  1494  1203  1398  1848  trn
20804A  1960   350   574   603   965  1008  1251  1180  2116  2152  2274  trn
20804A  1970  2672  2811  2737  3452  3240  2634  2343  2699  2420  2451  trn
20804A  1980  2226  1981  1893  1647  1867  2541  2861  3017  3357  2716  trn
20804A  1990  1996  2436  2484  2374  2285  2202  2199  2290  2019   110  trn
20804A  2000   438   403   838   535   640   206 -9999
42250A  1924  1394  2057  2179  2261  2489  2695
42250A  1930  2018  1827  1209  1860  2065  2180  2588  2789  2772  2261  trn
42250A  1940  2165  2301  2456  1700  2589  2603  2371  2686  3139  2808  trn
42250A  1950  2602  2884  2386  2298  2354  2145  2084  2083  2198  2248  trn
42250A  1960  2481  2128  1984  2245  1789  1195  1117  1524  1553  1356  trn
42250A  1970  1414  1315  1661  1869  1503  1111  1422  2212  1796  1531  trn
42250A  1980  2921  2947  2579  1898   972   809   748   492  1050   864  trn
42250A  1990   545   717  1295  1755  1459  1231  1255  1095  1006   870  trn
42250A  2000   825   787   861  1215   998   771   469   768   724  1126  trn
42250A  2010  1124   621   284   179    96 -9999
72212A  1946  2553  3225  3194  3162
72212A  1950  3168  2918  2574  2440  2297  2343  2007  1821  2347  2228  trn
72212A  1960  2608  2239  2383  2491  1688  1291  1132  1489  2095  1856  trn
72212A  1970  2063  1729  1810  2432  2213  2147  1977  1971  1810  2010  trn
72212A  1980  1660  2629  3055  3566  2607  1457  1384  1051   554   844  trn
72212A  1990   644   754   485   964   979   601   112   612   542    87  trn
72212A  2000   151   394   272   565   141   318    82   174   390   205  trn
72212A  2010   362    97   102   218 -9999
72345A  1933  2227  2345  2342  2444  2298  2641  1846
72345A  1940  2527  2506  2702  2300  2489  2429  2300  2629  2569  2937  trn
72345A  1950  2946  2749  2554  2527  2200  2252  1751  1676  2020  1599  trn
72345A  1960  2113  1910  1872  1692  1227  1325   742  1277   896  1179  trn
72345A  1970  1372  1105  1062  1080  1163  1235  1230  1120  1148   949  trn
72345A  1980  2087  2606  1936  1390   772   695   597   627   786   447  trn
72345A  1990   484   475   967   871   378   210   438   992   312   270  trn
72345A  2000   203   493   300   335   505   362   501   312   539   300  trn
72345A  2010   257    41   128 -9999
82403A  1922  4680  4228  4163  3873  3997  4255  4092  4008
82403A  1930  3258  3713  3675  3332  3262  3532  3070  3250  3707  2901  trn
82403A  1940  3076  2924  3187  3113  2946  3455  3633  3414  3353  3414  trn
82403A  1950  2547  2373  2608  2458  2264  2277  1701  1228  1473  1018  trn
82403A  1960  1498  1070  1168  1339  1186   550   913  1001  1255  1481  trn
82403A  1970  1828  1437  1357  1525  1252  1172  1678  1105  1904  1657  trn
82403A  1980  1405  1596  1650  1731  1022   899   847   517   909   678  trn
82403A  1990   482   454  1058   958   409   370   595  1005   496    63  trn
82403A  2000   338  1113   601   707   718   718  1070   890   803   958  trn
82403A  2010   803   857   523   530 -9999
92360A  1922  2688  2024  1593  2724  2189  1580  2476  2694
92360A  1930  2748  2966  2331  1374  1153  1185  1218   882   846   719  trn
92360A  1940   684   346  1344   825   723   937  1016   694  1376  1369  trn
92360A  1950   952   719   572   927  1150  1312  1489  1038  1307  1187  trn
92360A  1960  1259  1669  1762  1174  1038   537   904  1665  1663  1169  trn
92360A  1970  1468  1338  1116  1709  1870  1552   714  1436  1063   945  trn
92360A  1980  1057  2143  2425  2140  1529  1147   709   628   560   412  trn
92360A  1990   454   460   714  1096   800   606    70   664  1066   530  trn
92360A  2000   346   361   566   338   290   512   638   751   572   664  trn
92360A  2010   398   583   281  1130   901   440 -9999
92442A  1940  2419  2662  2562  2412  2811  3785  4244  3942  4170  3875  trn
92442A  1950  3963  3398  3096  2765  3368  1974  1976  2570  3072  2676  trn
92442A  1960  2335  2272  2190  2100  1548  1196   886  1563  1519  1378  trn
92442A  1970  1731  1376  1861  1534  1254  1283  2217  2022  1844  1015  trn
92442A  1980  1915  1700  1822  1987  1510  1456  1201   827  1557  1850  trn
92442A  1990  1260   985  1154  2723  2115  1844   775   902  1584   230  trn
92442A  2000   162  1023  1584  1809  1612  1432  1163  1414  1445  1287  trn
92442A  2010   955 -9999
102470A 1931  3512  3334  3465  3332  3930  3529  3429  3765  3725
102470A 1940  3792  3750  4326  3912  4197  4271  4286  4029  3631  4279  trn
102470A 1950  4048  3540  3846  3308  2898  2742  3032  2757  2846  2829  trn
102470A 1960  3291  3101  3136  2398  2610  2585  2380  2284  2416  2631  trn
102470A 1970  2388  3015  2902  3031  3424  2690  2706  2347  2427  2186  trn
102470A 1980  1940  2347  2569  2351   695   973  1044  1787  1116  1234  trn
102470A 1990  1304   873  1251  1299  1016   928   951  1562   743   547  trn
102470A 2000   645    50   331   316   209   603  1051   815   889   451  trn
102470A 2010   501   373   302   613 -9999
122554A 1935  1842  1416  1436  1670  1553
122554A 1940  1883  2174  2295  1955  1876  2251  2234  2232  2180  2012  trn
122554A 1950  1412   891  1671  1960  1714  1925  1767  1794  1760   917  trn
122554A 1960   935   844   908   730   722  1041   858   883   990   925  trn
122554A 1970   908  1386  1994  1769  1331  1326  1291   772  1350  1130  trn
122554A 1980   912   860   876   578   880  1133  1084   730   972  1375  trn
122554A 1990  1322  1249   897  1291  1083   932   998  1056  1241   423  trn
122554A 2000   459    38   646   528   578   532   447   342   337   384  trn
122554A 2010 -9999
190075A 1957  6037  6168  6076
190075A 1960  5952  5246  5050  4294  2726  2018  1369  1337  1091  1439  trn
190075A 1970  1620   939  1249  1191   996   814  1129  1142   730   712  trn
190075A 1980  1524  1849   953  3080  2769  5776  4804  3129  1249    39  trn
190075A 1990    70   433   878  1409  1261  4065  4197  2729  2446  1010  trn
190075A 2000  2587  2788  2953  3184  1693  1283   410   619  1814  1238  trn
190075A 2010   893  1999  1305   862   600   410 -9999
42232A  1943  2342  2264  2128  2540  2732  2687  3021
42232A  1950  2887  2989  2867  2707  2629  2785  2401  2215  2108  1857  trn
42232A  1960  2137  1990  2530  2396  1942  1493  1399  1448  1197  1580  trn
42232A  1970  1591  1332  1422  1553  1369  1184  1169  1212  1749  1469  trn
42232A  1980  2252  2401  2365  2229  1696  1352  1454  1269   998  1181  trn
42232A  1990  1229  1435   931  1146  1450   661   734  1078  1037   185  trn
42232A  2000    62   311  1296   852    47   535   511   487   557   436  trn
42232A  2010   462 -9999
042565A 1933  3087  4001  5406  4717  5310  5965  5182
042565A 1940  6050  4942  4884  4216  3846  4551  3277  3861  3680  4128  trn
042565A 1950  4149  4343  4533  4955  4514  4465  3283  3230  2517  2516  trn
042565A 1960  4042  2542  4127  2575  1412   574   341   264   659  1113  trn
042565A 1970  2935  4633  4486  4682  4177  4843  3079  2559  3338  3292  trn
042565A 1980  2566  3093  2145  3257  2053  1928  2764  3361  3735  3022  trn
042565A 1990  2450  3270  3660  5681  3535  3323  2691  1911   964  1313  trn
042565A 2000  2259  2248  3664  4006  4019  4414  3919  2932  3418  2337  trn
042565A 2010  2500  4173  4913  4870 -9999
90285A  1926  2951  3148  3349  3465
90285A  1930  3115  3308  3720  4946  4359  5123  5369  5030  4679  4867  trn
90285A  1940  5029  5110  4547  4457  4906  4561  4081  4134  4336  4637  trn
90285A  1950  4523  4286  3736  3538  3308  3254  3619  3598  3922  2921  trn
90285A  1960  2568  2692  2432  2125  1347  1974  2087  2635  2773  2787  trn
90285A  1970  3252  3224  2783  1786  1714  1545  1714  1431  2260  1658  trn
90285A  1980  1658  2183  1632  1419  1450  1578  1704  1504   851   901  trn
90285A  1990   861   599   819  1450   534   560   295   709   435   262  trn
90285A  2000   560  1738   986   819   560   871   996   809   697   921  trn
90285A  2010   492   520    58 -9999
092501A 1932  4815  5207  4771  4825  5024  4670  4403  4329
092501A 1940  3651  4415  3097  2401  2904  3498  3408  3317  3542  3431  trn
092501A 1950  3046  3647  3601  3906  3596  3851  3722  3514  3851  2827  trn
092501A 1960  3417  2207  2462  2663  2096  2145  1208  1835  1510  1484  trn
092501A 1970  1540  1664  1515  1641  1900  1664  1819  1922  2376  2160  trn
092501A 1980  2009  2536  3077  3609  3145  2814  2945  2972  2978  2448  trn
092501A 1990  2192  2238  1750  2281  2042  1712  1510  1594  1975  1168  trn
092501A 2000   840  1241  1369  1015   935   976   385   746  1431   634  trn
092501A 2010   746   385   510   634    69   317 -9999
111166A 1918  2097  1636
111166A 1920  1414  1930  1973  1879  2004  1770  1601  1683  1696  2400  trn
111166A 1930  1707  2096  1923  1461  1137  1598  1341  1659  1860  1783  trn
111166A 1940  2043  1843  1893  1805  2026  2213  2063  2182  2266  2590  trn
111166A 1950  2380  2423  2450  2226  2481  2432  2336  2461  2520  2460  trn
111166A 1960  2359  2301  2231  2023  1902  1580  1434  1698  1917  1552  trn
111166A 1970  1649  1746  1763  1865  2093  1929  1886  1700  1629  1744  trn
111166A 1980  1766  1890  1660  1448  1557  1111  1325  1129   893   516  trn
111166A 1990   376   355   732   581   519   310   679   333   424    84  trn
111166A 2000   207   384   443   355   287   380   443   636   458   440  trn
111166A 2010   179   333   310   359   443 -9999
121017A 1956  1194  1708  1746  1421
121017A 1960  2119  1873  1686  2374  2595  1684  1505  1878  1866  1426  trn
121017A 1970  1879  2319  2460  2095  2187  1790  2294  2410  2604  2288  trn
121017A 1980  2006  2110  1505  1820  1362   756   805   908  1574  1563  trn
121017A 1990  2005  1636  1812  1480   918   711  1079   907   631   411  trn
121017A 2000   756   541   717   766   473   756   706   250   921   385  trn
121017A 2010   539   831   665  1941  1544  1006  2211  2353 -9999
131192A 1949  3708
131192A 1950  2701  2874  2723  2618  2895  2434  2631  2047  2128  1279  trn
131192A 1960  1849  2182  2232  2392  2132  2344  1999  2377  2360  2344  trn
131192A 1970  1828  3003  2679  2544  2609  1926  2092  1652  2247  1702  trn
131192A 1980  1170  1622  1575  1521  1476   862    96   509   557   496  trn
131192A 1990   775   672   790   706   426   848   894   941   743   462  trn
131192A 2000  1240  1079 -9999
151051A 1923  3314  3216  2331  2363  4551  4234  4748
151051A 1930  4163  3985  3758  3697  4124  4456  3841  4071  4332  3872  trn
151051A 1940  3725  3736  3691  3443  2862  3157  3340  3014  3208  3260  trn
151051A 1950  3576  3121  3248  2900  2534  2632  2541  2561  2600  1895  trn
151051A 1960  1829  1659  1332  1147   925   706   972   790   790  1108  trn
151051A 1970  1483  1624  1555  1468  2034  1967  1816  1528  2139  2557  trn
151051A 1980  3168  2915  2813  2349  2187  1812  1975  1691  1823  1792  trn
151051A 1990  1383  1563  1243  1895  1450  1480  1016  1751  1281  1185  trn
151051A 2000  1348  1131  1723  2092  1990  1319   602   790   867   763  trn
151051A 2010   576   602  1517   602   542    67   330 -9999
160962A 1920  1070  1338  1858  1450  1346   949  1119  1437  1408  1273  trn
160962A 1930  1554  1497  1420  1548  1571  1488  1384  1401  1510   446  trn
160962A 1940   384   872  1047   692   694   601   694  1454  1747  2082  trn
160962A 1950  1790  1746  1403  1398  1451  1387  1430  1290  1228  1010  trn
160962A 1960  1386  1179  1305  1291  1385  1096   919   948  1240   856  trn
160962A 1970  1226  1131  1643  1290  2050  1914  1642  1172  1345  1195  trn
160962A 1980  1000   951   355   304   588   136   551   277   172   178  trn
160962A 1990   236    99   211   325   172   172    66   330   379   211  trn
160962A 2000   304   172   330    58   178   330    58   136 -9999
172220A 1959  2738
172220A 1960  2479  2985  2924  2692  2186  2251  2153  2278  2538  2431  trn
172220A 1970  2742  2573  2772  2714  2465  2413  2382  1575  1631  1245  trn
172220A 1980  3137  2680  2798  2543  1686  1474  1323   945   975   607  trn
172220A 1990   705   760  1008  1967  1620  1866  1745  2096  2292  1394  trn
172220A 2000  1284  1461  2048   572   655   738   849  1039  1174   856  trn
172220A 2010    42   222   472   486   260   171   363 -9999
200188A 1990  8194  8041  8493  8819  8915  8557  9220  8329  8369  7117  trn
200188A 2000  5628  4886  4590  2869  3370  4284  3741  2104  4973  2316  trn
200188A 2010  2768  2119  2071   542   196   203  1081  1244 -9999
80248   1940   900   707   683   731   902  1230  1363  1399  1493  1956  trn
80248   1950  1378  1195  1066   770  1331  1645  1291  1454  1823  1422  trn
80248   1960  1383  1193  1547   995   522   835   309   876   955  1348  trn
80248   1970   456    80  1046  1800  1388   951   789   651   906  1296  trn
80248   1980  1569  1805  1797  1213   784   802   703   710  1265   912  trn
80248   1990   793   654   833   853   550   442   669   710   752   380  trn
80248   2000   678   850  1044  1180  1015   870   631   669   961   961  trn
80248   2010 -9999
192129  1971   937  1555  1083   949   929  1308   706   841   687
192129  1980  1440  1467  1585  1716   524   887   929   836  1240  1760  trn
192129  1990  1854  1530  1557  1962  1321  2469  2646  2682  1927  1402  trn
192129  2000  1704  1421  2424  2145  2293  1205  1485   812  1698  2317  trn
192129  2010 -9999
92389   1928  2354  3046
92389   1930  2742  3086  1816  1688  1486  2019  2014  2197  1752  1434  trn
92389   1940  1965  1991  1824  1407  2183  2393  2343  2337  2438  2369  trn
92389   1950  2122  1455  1429  1251  1580  1623  1251  1039  1513  1206  trn
92389   1960  1652  1391  1254  1458   758   726   464   779   432  1000  trn
92389   1970   795   573   691   606   502   559   586   432   914   859  trn
92389   1980   479  1110  1896  1760  1503  1124   868   619   531   566  trn
92389   1990   545   559   197   868  1035   619   406   769   918   295  trn
92389   2000   398   232   900   785   709   494   371    50   656   631  trn
92389   2010 -9999
90369   1954  3299  4938  4354  4149  3383  2713
90369   1960  2576  2952  2998  2213  1291  1390  1119  1642   985  1397  trn
90369   1970  1161   798  1778  2259  2464  2236  2231  1325  2354  3246  trn
90369   1980    34  1198  2810  2542  2481  1735  1723  2363  2083  2299  trn
90369   1990  1732  1067  1483  1636  1140  1198  1425  1018   819   637  trn
90369   2000   781   819   913   809   764  1157   898  1054   990   908  trn
90369   2010 -9999
110952  1931  1147   835   751   804   865   847  1145  1368  1113
110952  1940  1158   731   963   829   934   800   655   882   410   128  trn
110952  1950   375   469   593   437   993  1175  1062  1006  1002   621  trn
110952  1960   963   760   479   858   108   522   506   885   582   731  trn
110952  1970   804   912   960  1008  1073   852  1059   696   448   543  trn
110952  1980   979   758  1060   818   375   502   708   366   448   502  trn
110952  1990   528   519   596   588   286   295   379   332   246   115  trn
110952  2000   362   190   476   271   160   208   219   173   362   328  trn
110952  2010 -9999
192128  1965   990   454   142   242   668
192128  1970  1766  1791  2167   719  1754  1705  1705   752  1356   848  trn
192128  1980  3461  3542  3950  3514  2371  2891  2215  1856  1926  1698  trn
192128  1990  1979  1479  2882  3371  1876  2275  1359  2255   997   539  trn
192128  2000   663   577  1234  1390  1979  1973  2450  2694  3148  2989  trn
192128  2010 -9999
120924  1938  1099   890
120924  1940  1361  1736  1928  1884  1762  2087  1235  1410  1353  1259  trn
120924  1950   925  1226  1768  1870  2404  2412  2347  2281  2183  1639  trn
120924  1960  1629  1611  1756  1318  1024   876   693   608   935   971  trn
120924  1970  1271  1240   915   723  1184  1361  1380  1168  1042  1014  trn
120924  1980  1137  1406  1634  1798  1096   974   518   736   390   484  trn
120924  1990   472   397   104   472   745   710   745   608   593   234  trn
120924  2000    94   124   335   697   562   377   383   429   484   613  trn
120924  2010 -9999
12366   1981  4301  3742  2519  1433  1146  2017  4740  3675  3768
12366   1990  3981  3212  2961  3496  3520  2565  2578  2979  2709  1361  trn
12366   2000  1217  1575   438   611   511   663   527  1233  1259   776  trn
12366   2010 -9999
82317   1922  3008  2379  2554  2208  2076  2260  2620  2598
82317   1930  2550  1826  1625  1331  1566  1979  1872  2354  2039  1769  trn
82317   1940  2737  2710  2945  2726  2552  2760  2991  3046  2303  1969  trn
82317   1950  1826  1917  2389  2470  2187  2209  2187  2059  2048  1849  trn
82317   1960  2086  1902  1963  1723  2113  1421   985   721   925   583  trn
82317   1970   973  1052   564   554   961   782   451   439   819  1063  trn
82317   1980   235  1721  3062  3202  3079  2020  1522  1129  1236   826  trn
82317   1990   713   462   880  1030  1354   545   638  1089   880    72  trn
82317   2000   263   220   405   655   629   611   655   646   906   721  trn
82317   2010 -9999
50281   1955   750  1510  1940  1804  1902
50281   1960  2638  2242  2348  1934  1455  1730  1199  1436  1436  1236  trn
50281   1970  1746   953  1067   770   156   316   848   447   603   438  trn
50281   1980  1547   972   253    72    72   560   964  1031  1136  1082  trn
50281   1990   997  1023  1590  1416  1112  1326  2098  2009  1549  1117  trn
50281   2000  1728  2293  2447  1931  2327  1561  1312  1713  1995  1295  trn
50281   2010 -9999
22603   1962  3310  2448  1408  1023  1519  1793  2819  2853
22603   1970  2601  1743   104   595   150   586   710   681   681   397  trn
22603   1980  2260  2816  2342  2304  2056  2084  1747  1650  1033  1294  trn
22603   1990  1484  1633  1405  1696  1381  1235  1237  1314  1245   460  trn
22603   2000   322   273   328   127   227   669   883  1014   968   789  trn
22603   2010 -9999
100997  1954   441   441  1129  1010  1000  1045
100997  1960   849   852   833   843   730   728   506   495   265   486  trn
100997  1970   299   662   630   664   954  1006   982   989  1376   790  trn
100997  1980   877   650   341   668   451   318   181   101    54    75  trn
100997  1990    75    82   469   544   533   457   441   393   348   216  trn
100997  2000   369   454   474   448   454   538   536   457   423   362  trn
100997  2010 -9999
190497  1950  1881  1554   514    34   420   443   869   890   749   591  trn
190497  1960  1086  1221  1310   943   873   959   566   643   877   754  trn
190497  1970   450   354   638  1436  1810  2016  1480  1581  1658  1843  trn
190497  1980  2392  3118  2772  2727  2750  2275  2527  2386  2774  2329  trn
190497  1990  1955  1534  1238  1723  1879  1916  1825  1276  1652  1241  trn
190497  2000  1369  1827  1802  2084  1942  1565  2002  1605  2070  2308  trn
190497  2010  1751 -9999
131047  1950  1120   736   509   654   527   497  1297  1993  2264  2156  trn
131047  1960  1941  1612  1579  1337  1335  1031   673   544   484   913  trn
131047  1970   876  1243  1323  1186  1646  2096  1905  1831  1717  1591  trn
131047  1980  1576  1544   645   538   478   445   561   728   327   503  trn
131047  1990   509    56   418   714   599   284   471   445   858   503  trn
131047  2000   381   533   478   425   275   132   293   351   521   431  trn
131047  2010 -9999
91491   1928  1552  1702
91491   1930  1355   978  1038   797   605   601   662   555  1034  1000  trn
91491   1940  1543  1673  1604  1369  1371  1352  1052  1211  1032   721  trn
91491   1950   806  1186  1173  1148  1668  1689  1490  1109  1013   980  trn
91491   1960   993   877   587   630   650   551   324   592   405   332  trn
91491   1970   429   279   441   386   392   332   324   555   728   353  trn
91491   1980   546   469   435   353   353   536   392   247   516    82  trn
91491   1990   605   685   630   587   324   435   446   501   441   317  trn
91491   2000   592   693   864   666   674   646   555   685   650   654  trn
91491   2010 -9999
60125   1929   959
60125   1930   539   571   491   605   593   662   609   727   866   528  trn
60125   1940   660   665   871   927   890   972   625   792   907   978  trn
60125   1950   900   804   916   863   947   881   510   301   378   322  trn
60125   1960   269   417   392   496   464   344   305   357   294   269  trn
60125   1970   325   347   222   462   322    66   335   581   776   325  trn
60125   1980   867   937  1062   535   357   230   554   634   579   539  trn
60125   1990   412   325   554   444   363   250   508   474   389   258  trn
60125   2000   392   287   360   269   312   280   262   338   312   239  trn
60125   2010 -9999
111033  1915  2860  2651  2794  2745  2768
111033  1920  2968  2902  2730  2143  2211  2069  2166  2179  1905  1601  trn
111033  1930  1710  1747  1739  1518  1515  1240  1552  1442  1666  1407  trn
111033  1940  1424  1128  1135  1161  1522  2172  1812  1947  2157  2151  trn
111033  1950  1653  1768  1355  1379  1601  1257  1268  1121  1310   786  trn
111033  1960  1114  1141  1114   986  1079  1222   944   752  1079   952  trn
111033  1970   869  1128  1234  1483  1433  1234   944   859  1108   952  trn
111033  1980  1148   752   869   859   691   624   652   763   638   665  trn
111033  1990   310   353   353    74    42   353   310 -9999
52388   1950  2300  2129  2097  1884  1899  1955  2015  2080  1964  1594  trn
52388   1960  2215  2009  2117  2390  2296  2139  1485  1635  2046  2285  trn
52388   1970  2235  1105  1677  1612  1319  1003  1195  1231  1078   869  trn
52388   1980  2050  2180  1775  1308  1197  1310  1564  1468  1183  1261  trn
52388   1990  1091   526  1468  1569  1029  1020   978   823   855   765  trn
52388   2000   364   520   188    94   476   650   531   526   434   510  trn
52388   2010 -9999
80746   1953  4131  2517  4079  4931  5775  6116  4611
80746   1960  1475  1269  1817  2524  1916  1522  2739  2759  3352  3288  trn
80746   1970  3158  3363  2716  3198  1970  1109  1454   352   352   947  trn
80746   1980   680  1411  1128  1023  1221  1848   290   214  3417  3580  trn
80746   1990  2479  1486  1958  2796  3956  4599  4463  4212  5108  3402  trn
80746   2000  3951 -9999
82368   1870  2416  1947  2144  2309  1908  1694  2546  3280  3754  3520  trn
82368   1880  3259  3162  2809  2695  2828  2347  2414  1966  2070  2096  trn
82368   1890  2660  3032  2590  2569  2942  2976  3130  2889  2349  2649  trn
82368   1900  2211  2728  3005  3139  2838  2548  2278  1702  1698  2012  trn
82368   1910  2296  2082  2152  2615  2725  3210  3605  3095  2131  2275  trn
82368   1920  1750  2495  2899  2699  3135  2863  2488  2426  2603  2305  trn
82368   1930  1994  2557  2722  2175  2259  2118  1673  2042  2525  2503  trn
82368   1940  2623  2797  2598  2170  2905  3666  3272  3187  3015  3087  trn
82368   1950  3023  2670  2345  2432  2442  2686  2362  2160  2375  1694  trn
82368   1960  2211  2030  1590  1439  1534  1515  1412   955  1298  1021  trn
82368   1970   955  1761  1105   980   938  1037   628   197  1261  1090  trn
82368   1980  1037  1677  1617  1686  1412  1510  1577  1401   780   568  trn
82368   1990   739   250   449   972   604   651   696   651  1097   104  trn
82368   2000   233   283   179   938   955  1083  1385  1298  1661  1362  trn
82368   2010 -9999
130579  1924  4589  3579  3242  3840  3198  3649
130579  1930  2323  4263  4896  5479  5020  4709  4834  3584  3627  5157  trn
130579  1940  4305  4850  4745  3981  3353  5554  5503  4265  4101  6418  trn
130579  1950  5714  4884  2889  3473  3278  3651  4444  4001  6411  5838  trn
130579  1960  7314  7330  5049  3313  2917  3872  1800  3977  4555  2093  trn
130579  1970  3631  3532  4972  5071  5906  6500  5191  2332  4966  2893  trn
130579  1980  2177  2792  2695  2328  3361  3592  4033  3228  3131  3280  trn
130579  1990  4196  2341  4109  4263  2660  4381  2985  1226  1465  1243  trn
130579  2000  1623  3957  3253  2766  3008  2970  3139  3175  3186  3072  trn
130579  2010 -9999
92486A  1921  1247  1159  1015   980   881   610   787   808   520
92486A  1930   573   947   707   778   581   629   416   205   498   527  trn
92486A  1940   827   860   684   711   897  1139  1087  1156  1178  1079  trn
92486A  1950  1184  1170   883   988   668   906   771   801   869   578  trn
92486A  1960   653   357   378   506   446   387   109   437   199   303  trn
92486A  1970   312   299   199   355   297   149   170   216   211   170  trn
92486A  1980   473   454   710   705   555   508   546   385   539   584  trn
92486A  1990   836   622   908   839   680   589   626   619   772   370  trn
92486A  2000   426   601   669   742   726   565   576   706   675   666  trn
92486A  2010 -9999
121423A 1935  2750  2745  2378  2540  2100
121423A 1940  2529  2481  2088  1721  2064  2290  2380  2440  2431  2107  trn
121423A 1950  2117  1817  2106  1886  2139  1819  2039  1841  1651  1355  trn
121423A 1960  1833  1784  1982  1884  1913  1561  1270  1312  1460  1498  trn
121423A 1970  1723  1771  1567  1906  1345  1384  1166  1213   908   691  trn
121423A 1980   865   865   854   769   905   769   807   796   862   742  trn
121423A 1990  1268  1515  1271  1295  1367   997   961   756   477   369  trn
121423A 2000   210   251   487   500   123   233   356   471   101 -9999  trn
52237A  1937  3129  4527  4197
52237A  1940  4635  4554  3894  1943  2639  3333  3497  3211  3063  2338  trn
52237A  1950  2522  2060  2929  3116  1407  2409  1840  1849  1898  2443  trn
52237A  1960  3046  2572  2012  1801  1265  1228   809  1315  1738  1724  trn
52237A  1970  2534  2981  3733  3239  3042  3115  3202  2696  2410  1802  trn
52237A  1980  2995   569  1024  1955  1096  1497  2053  2309   705  1017  trn
52237A  1990  1582  1792  2900  3224  1914  2143  2390  3177  2936  1697  trn
52237A  2000  1659  2093  3113  1549   697  2395   480   431   267   526  trn
52237A  2010  1135  1141  1419  1661  2184 -9999
70469A  1953  4913  3914  3079  2482  2372  2451  2041
70469A  1960  2963  3108  2627  3063  2534  2463  1716  1065  1670  1431  trn
70469A  1970  3570  3501  4107  4160  3690  2935  3457  3415  3401  2699  trn
70469A  1980  2820  1793  1710  1394  1750  1249  1203   929   398   302  trn
70469A  1990   773   527   602   391   214   460   773   981  1207   302  trn
70469A  2000   962   487   347   773   718   805   929   138 -9999
80641A  1937  2034  1581  1500
80641A  1940  1351  1200  1353  1406  1096  1246  1445  1508  1523  1539  trn
80641A  1950  1484  1369   805  1247  1528  1487  1680  1444  1677  1527  trn
80641A  1960  1778  1863  1726  1136  1207  1010  1129  1328  1965  2014  trn
80641A  1970  1423  1326  1409  1315  1355  1369  1302  1377  1623  1004  trn
80641A  1980  1628  1473  1608  1351  1110   820   629   752   788   920  trn
80641A  1990   652   698  1068  1090   812   736   711  1017   556   235  trn
80641A  2000   509   493   641   407   393   288   489   318   439   324  trn
80641A  2010   341   388   362   130   373   300    25 -9999
90607A  1919  2436
90607A  1920  1679  1555  1261   748   807   526   517  1239  1514  1811  trn
90607A  1930  1528   934   531   655   739   786  1068  1053   996   972  trn
90607A  1940  1011  1030   717   808   804   685   814  1175  1274  1656  trn
90607A  1950  1581  1516  1533  1040  1255  1692  1476  1735  1642  1500  trn
90607A  1960  1417  1361  1180  1027   998   922   607   692   713   731  trn
90607A  1970   986   771   869  1262   950   919   863   920  1033   910  trn
90607A  1980   340   876  1043   922   879   906   953   757   603   725  trn
90607A  1990   845   714   615   973   157   610   383   626   294    89  trn
90607A  2000   178    61   188   263   133   279   229   143   190 -9999  trn
110899A 1933  2215  2517  2603  2828  2383  2571  1636
110899A 1940  2396  2117  2286  2220  1970  2089  2101  1994  2120  2215  trn
110899A 1950  2087  1607  1442   533  1244  2150  2560  2429  2126  1152  trn
110899A 1960  1345  1053  1096  1276  1991  1858  1365  1440  1196  1050  trn
110899A 1970   955   715  1091  1957  1855  1648  1238  1059  1388  1378  trn
110899A 1980  1334  1437  1512  1278   977  1019  1083  1383  1273   836  trn
110899A 1990   820   450   502   877   776   653   858   701   476   606  trn
110899A 2000   242   596   720   977  1173  1171  1050   932   668   338  trn
110899A 2010    44   456   279   305   261    82   270   579 -9999
112421A 1950  2101  1681  1563  1736  1788  1624   919  1135   906   806  trn
112421A 1960   849  1027   978  1263  1003   937   921  1039   933   821  trn
112421A 1970   841   769   497   866  1639  2059  2659  2485  2571  2302  trn
112421A 1980  1879  1914  1748  1665   915   672   873   544   972   896  trn
112421A 1990   809   519  1351  1873  1697  1503  1715  1449  1611   868  trn
112421A 2000  1043   562  1386  1217   756   705   203   109   379   713  trn
112421A 2010   928 -9999
140820A 1924  2733  3055  3038  3646  2941  2897
140820A 1930  2963  2863  3356  2931  3463  3034  2738  2654  2562  2027  trn
140820A 1940  2393  2420  2456  1963  2040  2155  2130  1925  2201  2377  trn
140820A 1950  2056  2167  1978  2317  2469  2464  2268  2179  1760  1721  trn
140820A 1960  1801  1950  1593  1195  1024   886   759   487   429   487  trn
140820A 1970   929   670   879   870   991   718   886   923   879   840  trn
140820A 1980  1211  1354  1322  1336   950   781   632   565   461   487  trn
140820A 1990   196   518  1126  1111   309   371   269   461   233   276  trn
140820A 2000   565   487   593   781   870   725   365   902   905   682  trn
140820A 2010   371   670   920   997   889   434    52 -9999
171403A 1950   921   822   736   690   922  1252   953  1006  1086  1109  trn
171403A 1960  1139  1045  1204  1072  1021   888   807   658   749   752  trn
171403A 1970   770   671   646   528   665   652   627   623   500   697  trn
171403A 1980   569   940   900   860   899   877   787   719   618   466  trn
171403A 1990   543   421   426   491   371   204   546   508   650   283  trn
171403A 2000   387   479   412   455   346   421   460   349   384   224  trn
171403A 2010   228   220   337   273    47 -9999
052246A 1945   620   477   526    27   413
052246A 1950   780  1256  1335  1700  1721  2748  2320  1664  1600  1702  trn
052246A 1960  2023  2094  2211  2114  1682  1935  1765  1933  1877  1914  trn
052246A 1970  1924  2270  1822  1935  1840  1535  1732  1756  1620  1565  trn
052246A 1980  1369  1342  1278  1191  1110   786   562   544   934   961  trn
052246A 1990   798   798  1175  1339   826   948  1426  1182  1147   920  trn
052246A 2000   983  1220   938  1251  1024   979  1137  1134  1234   952  trn
052246A 2010   780 -9999
82239A  1930  3261  3279  3367  3574  3284  3420  3536  3447  3427   833  trn
82239A  1940  1261  1541  2096  1777  1342  2775  3015  2528  2448  2613  trn
82239A  1950  2484  2733  2827  3525  2836  2872  2185  1997  2324  1846  trn
82239A  1960  1994  1987  1899  2131  1962  1476  1417  1621  1216  1202  trn
82239A  1970  1106  1267  1479  1070  1172  1306  1670  1472  1667  1704  trn
82239A  1980  1847  2268  2320  2103  1875  1858  1947  2135  2069  2076  trn
82239A  1990  1729  1209  1485  1469  1109  1819  1454  1570  1224   896  trn
82239A  2000   828  1055   979   899   833   575   401   369   293   132  trn
82239A  2010   113 -9999
82381A  1942  2277  2041  1559  1499  2072  2792  2634  2368
82381A  1950  2335  1615  1317  1756  1914  1968  2460  2374  2486  2233  trn
82381A  1960  1992  2156  2182  2175  2199  2817  1982  2251  2253  2155  trn
82381A  1970  2213  2022  2402  2390  2144  2141  2306  2433  2054  1879  trn
82381A  1980   843  1067  1133  1145   786   978   726   736   809   974  trn
82381A  1990   948   948  1065   857   548   526   713   499   330   272  trn
82381A  2000    37   183   490   513   404   354   377   573   354   508  trn
82381A  2010   573   480   150   199 -9999
110902r 1924   954  1377  1075  1507  1661  1571
110902r 1930  1277  1480  1377  1034  1069  1131  1291  1290  1210  1056  trn
110902r 1940  1266  1552  1575  1526  1487  1409  1600  1546  1581  1421  trn
110902r 1950  1200  1369  1438  1415  1347  1419  1388  1308  1402  1302  trn
110902r 1960  1171  1222  1148  1207  1278  1195  1033  1040   958  1137  trn
110902r 1970  1260  1331  1215  1571  1478  1210  1281  1157  1410  1170  trn
110902r 1980   820   946  1170  1160   955  1102   908   789   875   933  trn
110902r 1990   993   928  1013   997  1019  1118  1050   837   795   593  trn
110902r 2000   541   533   575   739   434   279   199   121   233   254  trn
110902r 2010   174    44 -9999
