  year  #   1       2       3       4       5       6       7       8       9      10      11      12      13      14      15      16      17      18      19      20      21      22      23      24      25      26      27
  1950   2.775  -1.829   0.462  -1.707  -0.094  -1.614  -3.626  -1.067  -1.387  -0.402  -0.238   0.765   1.351  -0.410   0.433  -0.104   0.799   0.739   0.457  -0.334  -0.142   0.195   0.592  -0.080  -0.411  -0.165   0.062
  1951   2.552  -1.250   0.708   1.831  -0.186  -1.867  -1.053  -2.168  -1.363  -1.073  -0.203   0.096   0.723   0.077  -0.243   0.172  -0.671  -0.913   0.505  -0.212   0.110   0.122  -0.015  -0.203   0.036   0.309  -0.335
  1952   0.708  -2.351  -0.913   0.685   1.572  -0.261   1.287  -3.111   1.268  -1.165  -0.551  -0.717   0.564   0.023   0.192   0.436  -0.108   0.077  -0.381  -0.008   0.538  -0.190  -0.649   0.356  -0.326  -0.196  -0.289
  1953   2.945  -1.336  -2.121  -0.353  -0.503  -1.070  -0.891  -0.618   0.753  -1.032   0.305  -1.297   1.018  -1.599  -0.494   0.036   0.178   0.893   0.020   0.443  -0.450   0.356  -0.145   0.071   0.442   0.117   0.233
  1954   1.150  -1.241  -1.954  -0.713  -2.992  -0.570  -0.169   0.234   2.117   0.275   1.052   0.354  -0.013  -0.150  -0.677   0.144   0.691  -1.091  -0.331  -0.381  -0.329  -0.099   0.323  -0.396   0.055   0.000  -0.193
  1955   1.825  -0.894  -2.131  -1.504  -3.339  -0.341  -0.225   0.729   0.700  -0.240   0.362   0.866   0.570   0.332  -0.007  -0.772  -0.001   0.389  -1.062  -0.293  -0.325  -0.072  -0.691  -0.053   0.298   0.158   0.037
  1956  -2.813   0.502  -0.876  -0.192  -4.509   1.099   0.462  -1.887  -2.579   2.714  -1.457  -1.321   0.033  -0.818   0.444  -0.003  -0.700  -0.025   0.022   0.657  -0.214   0.058  -0.193  -0.049   0.011  -0.146  -0.105
  1957   0.274  -0.473  -0.048   0.350  -1.664   2.561  -0.795  -1.350   1.276  -0.018  -0.618   0.462  -1.122   0.330   0.369   0.741   1.131   0.029   0.639   0.571   0.642   0.051   0.023   0.038  -0.136   0.802   0.501
  1958   2.333   1.771   0.842   0.578  -0.947   3.270  -1.059   0.303   0.709  -0.006  -0.063  -0.010  -0.016   0.507  -1.185  -0.767  -0.446   0.613   0.183  -0.888   0.203   0.072   0.005  -0.496  -0.222  -0.266  -0.118
  1959   0.150  -0.661  -0.358   0.613  -0.998   0.842  -1.136   1.375   0.923   0.307  -1.151   0.705   0.690  -0.216  -0.400  -0.537  -0.233  -0.784   1.163   0.230   0.418  -0.313   0.381   0.141  -0.045  -0.378   0.178
  1960  -2.659  -0.163   0.555   0.335  -1.053   0.712  -0.566  -0.073   0.834  -0.884   2.013  -0.338   0.737  -0.302   0.644   0.417  -0.911   0.100   1.027   0.526  -0.322   0.261   0.311   0.000  -0.251   0.238  -0.086
  1961  -2.729   0.378   1.941   0.995   0.325   1.675   0.037  -0.726  -0.323  -0.077   2.127   1.171   0.199  -0.038   1.299   0.358   0.300  -0.223   0.449  -0.757  -0.932  -0.363  -0.183  -0.280   0.143  -0.377  -0.102
  1962  -6.049  -0.784  -0.449   0.625   1.403   2.291   0.175  -1.388   0.824  -0.380  -0.337  -0.095   0.345  -0.630   0.093  -0.400   0.127   0.193  -0.428  -0.385   0.312   0.273   0.106   0.131   0.162  -0.506   0.196
  1963  -3.596   1.269   1.193   1.620   0.037   1.714  -0.522   0.462   0.334  -0.520  -0.926  -0.181   0.769  -0.452  -0.692   0.172   0.736  -0.157  -0.512   0.176  -0.496   0.681  -0.164   0.243  -0.344   0.117  -0.373
  1964  -6.368   1.437   0.448  -0.085   1.031   0.072   0.230   0.033   0.292  -0.330  -0.074   0.325   1.479  -1.142   0.146  -0.311   0.888   0.141  -0.043   0.076   0.581  -0.159  -0.548  -0.201   0.179   0.107  -0.029
  1965  -5.668   0.987  -0.248  -1.734  -0.082  -1.077  -0.103  -0.024  -0.581  -0.871   0.307  -1.229  -0.366   0.840  -0.631  -0.592  -0.304   0.320   0.218  -0.886   0.000  -0.114   0.330   0.164   0.007   0.482  -0.128
  1966  -4.161   1.957  -0.158  -3.397  -0.020  -0.876   0.152   0.535   0.046  -0.620  -0.186  -0.538   0.285   0.607   0.870   0.049  -0.115  -0.201   0.291   0.341   0.286  -0.807   0.172   0.147  -0.403   0.216  -0.080
  1967   0.633   3.008  -0.187  -3.091  -0.392  -0.643   0.738   0.074   0.229   0.396   0.597   0.258   0.336   0.149   0.617  -0.905   0.267  -0.899  -0.666   0.613   0.023   0.560   0.435   0.356  -0.085  -0.201  -0.356
  1968   1.957   2.787  -1.704  -2.142  -0.255   1.117   0.349  -0.997   0.803  -0.388   0.411  -0.557  -0.327   1.067   0.255   0.825  -0.472   0.088  -0.186  -0.525   0.128   0.594  -0.476  -0.095   0.412   0.017   0.201
  1969   0.204   2.678  -2.576  -2.733   0.712   0.090   1.067   0.051  -0.125  -0.191   0.154   1.169  -0.809  -1.501  -0.724   0.403   0.173   0.340   0.810   0.124   0.351  -0.023   0.289  -0.338   0.362  -0.227  -0.047
  1970   1.837   2.664  -1.711  -1.512   1.052   0.387   0.840   1.101  -0.934  -1.372  -0.644   0.951  -0.300  -0.602  -0.666   0.361  -0.676   0.060   0.432   0.380  -0.005   0.203  -0.265   0.121  -0.329  -0.207   0.101
  1971   3.053   2.122  -1.213   0.318   1.537   0.677   0.256  -0.327  -1.448  -1.218  -1.388  -0.603   0.050  -0.529   0.299  -0.570   0.346  -1.050  -0.355  -0.905  -0.750  -0.228   0.216  -0.026   0.224   0.453   0.046
  1972   3.021   1.556  -1.731   0.756   2.076   0.849   1.426  -0.822  -0.621   0.039  -0.737  -0.337  -0.090   1.553   0.294  -0.189   0.760   0.825   0.468   0.710  -0.916   0.012   0.657   0.245   0.165  -0.152  -0.054
  1973   3.153  -0.306  -2.208  -0.095   0.103  -0.062   1.501   1.457  -0.101   1.643   0.016  -0.010   2.005   0.141  -0.138   1.000   0.301   0.267   0.160  -0.276   0.278  -0.126  -0.319  -0.057  -0.492   0.223  -0.230
  1974   1.334   0.139  -1.281   1.385   0.537  -0.729   1.601  -0.682   1.362   1.076   1.161  -1.187   0.277  -0.223   0.618   0.566  -0.330  -0.375  -0.290   0.001  -0.277  -0.543   0.725  -0.178  -0.258  -0.285   0.176
  1975   1.276   0.137  -0.433   1.460   1.934  -1.077   0.666   0.156   0.135   0.954   0.067  -0.319  -0.819  -0.852   1.048  -1.191  -0.080  -0.807   0.181  -0.008   1.004   0.569  -0.312  -0.587   0.038   0.288   0.053
  1976   0.566  -1.018  -1.015   0.452   1.544  -1.621  -0.306   1.126   0.722   0.813  -0.680   0.914   0.202   0.070   1.699  -0.295  -0.707   0.214   0.379  -0.290  -0.019   0.613  -0.400  -0.300   0.089  -0.121   0.029
  1977  -3.601  -3.709  -1.229  -1.537   0.353  -1.499   0.144   0.138   1.125   0.560  -1.725   0.391  -2.471  -0.393  -0.045   0.277   0.038   0.652   0.101  -0.632  -0.665  -0.308  -0.005  -0.093  -0.460   0.001  -0.268
  1978  -1.657  -2.459  -0.934  -0.581   0.473  -0.568   0.207   0.340   0.031   0.807   0.716   0.650   0.197   0.676   0.475   0.204  -0.354   0.118   0.179  -0.184   0.080   0.099   0.140   1.297   0.537   0.170   0.258
  1979  -0.516  -3.341  -1.647  -0.098   1.197   1.876   0.357   0.812  -0.206  -0.081  -0.641   0.361   0.741   1.058  -0.409  -0.805  -1.027  -0.660   0.509   0.169  -0.646  -0.149  -0.460  -0.048  -0.306   0.007   0.209
  1980   1.261  -3.627  -0.841   0.081   1.178   2.142  -0.328   0.139  -1.375   0.130   0.606  -0.075  -0.284  -0.190   0.102  -0.008  -0.362   0.630  -1.103   0.489   0.579   0.033   0.733  -0.398   0.179  -0.110  -0.052
  1981   1.568  -3.175  -0.169  -0.851   1.016   2.311  -0.647   0.932  -0.704  -0.427   0.736   0.580  -1.070   0.701   0.242   0.147   0.478  -0.541  -0.372   0.771   0.245   0.078  -0.037  -0.045   0.019   0.255  -0.540
  1982   1.718  -3.159   1.279  -1.217  -0.388   0.049   2.019   0.720  -1.865  -1.046   1.450  -1.634  -0.475  -0.463  -1.105  -0.114   0.356  -0.291   0.355  -0.264   0.395  -0.495  -0.533   0.270  -0.065  -0.302   0.181
  1983   2.346  -0.586   3.111  -0.969  -1.750  -0.350   1.659   0.658  -0.994  -0.550  -0.219  -0.442  -0.672   0.225   1.464   0.011   1.245   0.589   0.263  -0.665   0.287   0.541  -0.035  -0.189  -0.277  -0.244   0.104
  1984   2.140   0.500   3.296  -0.060  -0.479   0.946   0.422   1.030   0.350   0.607  -0.219  -0.663   0.309   0.451   0.435  -0.485   0.019   0.000  -0.116  -0.144  -0.461   0.307  -0.339   0.433  -0.112   0.094   0.232
  1985   4.071   1.285   4.182  -0.588  -0.675  -0.369  -0.160   0.118   1.315  -0.779  -1.197   0.150   0.252  -0.058   0.343   0.650  -0.530  -0.086  -0.119   0.528   0.471  -1.034  -0.106   0.145   0.082  -0.221  -0.088
  1986   2.972   0.201   3.312  -0.530   0.793  -0.493   0.099  -1.483   2.298   0.603  -0.179  -0.478  -0.967  -0.442  -0.602  -1.244  -0.413   0.324   0.311   0.303  -0.518   0.030   0.021   0.124   0.241   0.060  -0.158
  1987  -1.292  -1.167   1.648  -1.121  -0.507  -1.102   0.505  -1.344  -0.727   0.438   0.629   1.118  -0.476   0.039  -0.935  -1.212   0.075  -0.592  -0.042   0.265   0.183   0.113   0.273   0.108  -0.049  -0.077   0.318
  1988  -0.203  -0.275   2.485  -0.477   0.328  -0.147   0.701   0.058  -0.664   0.163  -0.983   2.167   0.821  -0.603  -0.147   0.688  -0.580   0.019  -1.303  -0.384  -0.005  -0.113   0.364   0.332   0.155   0.159   0.225
  1989   0.615   0.130   2.306  -0.183   1.610   0.489   1.038   0.149   0.053   1.429   0.490   0.294   0.283  -0.631  -0.684   0.501   0.087   0.135   0.013  -0.070  -0.054  -0.234   0.280  -0.165   0.263   0.479  -0.161
  1990  -0.916  -0.138   2.711  -0.046   1.187  -0.774   0.218   1.221  -0.382   1.139   0.406  -0.407  -0.390  -0.782  -0.909   1.058  -0.394   0.272   0.088   0.238  -0.675   0.515  -0.249  -0.294  -0.039   0.202   0.088
  1991  -2.749  -1.037   0.870  -0.067   0.217  -1.622  -0.704   1.231   0.640  -0.852  -0.945  -1.378  -0.004   1.023  -0.588   1.186   0.266  -1.008  -0.419   0.406  -0.042   1.088   0.343  -0.298   0.111  -0.418   0.222
  1992  -1.357  -0.286  -0.205   1.316  -0.604  -0.263   0.177   0.624  -0.131  -0.209  -1.189  -0.514   0.012   0.578   0.266   0.349   0.281  -0.294  -0.192  -0.249  -0.095  -1.002   0.275  -0.691   0.598  -0.010   0.195
  1993  -0.674   1.448  -0.596   3.291  -1.717  -0.660   0.553   0.415  -0.757  -2.146   0.652   0.894  -1.325  -0.601   0.613   0.114  -0.917   0.106  -0.366   0.501  -0.410   0.005  -0.026  -0.135  -0.241   0.134   0.198
  1994   0.714   0.905  -1.033   4.052  -1.906  -0.771   0.453   0.359  -0.047  -0.132  -0.097   0.933  -1.191  -0.151  -0.264   0.397   0.198   0.059   0.090  -0.430   0.386   0.247   0.068   0.898   0.107  -0.239  -0.364
  1995  -0.128   1.283  -1.051   3.772   0.300  -1.223   0.685   0.454  -0.167   0.900   0.410  -0.081   0.396   0.305  -0.969  -0.423   0.860   0.077   0.351  -0.259   0.250  -0.069   0.255   0.267  -0.241   0.100   0.171
  1996  -1.556  -0.285   0.672   1.736  -0.906  -0.807   0.111   2.022   0.066  -0.742  -0.167  -0.850   0.528   0.669   0.199  -0.816  -0.470   1.290   0.038   0.358   0.552  -0.121   0.293  -0.177   0.536   0.089  -0.328
  1997  -1.330   0.910  -0.082   0.908   0.765  -1.825  -0.980  -0.411  -0.619   0.394   0.441   0.921  -0.224   1.014  -0.420  -0.232   1.148   0.154  -0.127   1.174  -0.526  -0.559  -1.010  -0.272   0.223  -0.238   0.045
  1998  -0.316   2.122  -0.088   0.448   0.422  -1.134  -0.291  -1.248  -0.035   0.467   0.725   0.476  -0.096   1.406  -0.672  -0.134  -0.532   0.688  -1.002  -0.017   0.469  -0.029   0.080  -0.410  -0.792   0.071   0.259
  1999  -0.054   1.566   0.310  -0.409   0.732  -0.247  -2.520  -0.829  -0.996   1.137   0.302  -0.127  -0.558   1.174  -0.435   0.942  -0.483  -0.271   0.486  -0.530   0.489   0.094  -0.334   0.073   0.517  -0.165  -0.161
  2000   1.239   1.811  -1.140   0.387   1.533   0.493  -4.054   1.499  -0.074   0.760   0.679  -1.585  -1.108  -1.239   0.579  -0.093   0.068  -0.137  -0.771  -0.072   0.016  -0.622  -0.199   0.595  -0.306  -0.099   0.125
