fram_drop_dead.rwl -- no data title --                    1st itrdb line missing     
fram_drop_dead.rwl -- no data title --                    2nd itrdb line missing     
fram_drop_dead.rwl -- no data title --                    3rd itrdb line missing     
fram_d18699990  09990  09990  09990  09990  09990  09990  09990  09990  0   0  1  err
fram_d1870   0  1   0  1   0  1   0  1   0  1   0  1   0  1   0  1   0  1 711  2  err
fram_d1880 579  21246  21693  21153  21072  2 251  3 585  3 518  3 681  31000  3  err
fram_d1890 454  3 716  3 138  3 837  3 708  3 103  3 312  4 206  4 405  4 763  5  err
fram_d1900 539  5 608  5 330  5 266  5 183  5 432  5 145  5  59  5 196  5 316  5  err
fram_d1910 426  6 503  6 507  6 370  6 495  6 474  6 509  7 471  7 461  8 338  8  err
fram_d1920 313  9 365  9 347  9 271  9 350  9 363  9 343  9 349  9 416 10 313 11  err
fram_d1930 206 11 202 11 221 11 197 12 220 14 221 14 250 16 159 19 185 19 208 19  err
fram_d1940 197 21 201 21 210 23 212 24 216 25 236 26 240 26 236 26 223 26 224 27  err
fram_d1950 217 27 224 28 220 28 245 29 224 32 232 32 217 34 213 35 237 36 236 36  err
fram_d1960 193 37 216 37 186 37 211 37 192 37 176 37 147 37 205 37 242 37 239 37  err
fram_d1970 252 37 252 37 245 37 255 37 222 38 252 38 244 38 214 38 208 38 221 38  err
fram_d1980 190 38 192 38 193 38 212 39 224 39 230 39 254 39 197 39 183 39 189 39  err
fram_d1990 179 40 165 40 168 40 191 40 218 40 202 40 169 40 162 40 164 40 174 40  err
fram_d2000 202 40 192 39 195 38 183 38 174 38 147 37 150 37 139 37 125 36 115 36  err
fram_d2010 115 35 104 35  82 32 104 27  79 21 108 19 124 13 231  59990  09990  0  err
fram_drop_dead.rwl -- no data title --                    1st itrdb line missing     
fram_drop_dead.rwl -- no data title --                    2nd itrdb line missing     
fram_drop_dead.rwl -- no data title --                    3rd itrdb line missing     
fram_d18699990  09990  09990  09990  09990  09990  09990  09990  09990  0   0  1  err
fram_d1870   0  1   0  1   0  1   0  1   0  1   0  1   0  1   0  1   0  1 242  2  err
fram_d1880 250  2   5  2 184  2  44  2  52  2  74  3 175  3 151  3 109  3  60  3  err
fram_d1890 229  3  60  3  92  3  99  3  59  3  18  3  32  4  59  4  80  4 122  5  err
fram_d1900  87  5  87  5 126  5  33  5  37  5  38  5  38  5  81  5  26  5  46  5  err
fram_d1910  72  6 101  6 163  6 141  6  90  6 146  6 173  7 158  7 127  8  73  8  err
fram_d1920  67  9  67  9  99  9  37  9  59  9  43  9  60  9  10  9  78 10  57 11  err
fram_d1930 102 11  56 11  57 11  52 12  44 14  33 14  46 16  51 19  45 19  69 19  err
fram_d1940  36 21  50 21  58 23  41 24  37 25  55 26  69 26  58 26  58 26  57 27  err
fram_d1950  50 27  40 28  44 28  44 29  41 32  44 32  37 34  33 35  34 36  34 36  err
fram_d1960  37 37  42 37  39 37  38 37  39 37  36 37  43 37  38 37  42 37  47 37  err
fram_d1970  40 37  31 37  34 37  33 37  31 38  34 38  40 38  37 38  32 38  42 38  err
fram_d1980  36 38  44 38  45 38  43 39  29 39  45 39  45 39  29 39  32 39  30 39  err
fram_d1990  29 40  31 40  26 40  37 40  36 40  33 40  34 40  33 40  31 40  24 40  err
fram_d2000  34 40  32 39  34 38  34 38  31 38  26 37  29 37  35 37  25 36  30 36  err
fram_d2010  40 35  28 35  30 32  40 27  46 21  61 19  82 13  56  59990  09990  0  err
fram_drop_dead.rwl -- no data title --                    1st itrdb line missing     
fram_drop_dead.rwl -- no data title --                    2nd itrdb line missing     
fram_drop_dead.rwl -- no data title --                    3rd itrdb line missing     
fram_d18699990  09990  09990  09990  09990  09990  09990  09990  09990  0   0  1  err
fram_d1870   0  1   0  1   0  1   0  1   0  1   0  1   0  1   0  1   0  1 162  2  err
fram_d1880  98  2 164  2 181  2  71  2  23  2 131  3  53  3  64  3  20  3   5  3  err
fram_d1890  83  3 240  3  64  3  75  3 124  3  68  3  31  4  91  4  42  4 130  5  err
fram_d1900  75  5  66  5  44  5  25  5  63  5  51  5  43  5  41  5  51  5  13  5  err
fram_d1910  63  6 118  6 128  6  58  6  63  6 157  6 120  7  88  7  69  8  51  8  err
fram_d1920  61  9  62  9  95  9  62  9  59  9  39  9  50  9  37  9  65 10  29 11  err
fram_d1930  82 11  66 11  33 11  40 12  46 14  36 14  38 16  42 19  41 19  63 19  err
fram_d1940  31 21  41 21  36 23  29 24  32 25  47 26  52 26  34 26  34 26  36 27  err
fram_d1950  32 27  34 28  37 28  35 29  35 32  33 32  37 34  36 35  31 36  29 36  err
fram_d1960  32 37  32 37  32 37  31 37  37 37  32 37  30 37  28 37  30 37  32 37  err
fram_d1970  25 37  27 37  29 37  28 37  24 38  32 38  30 38  34 38  25 38  38 38  err
fram_d1980  35 38  28 38  41 38  33 39  24 39  34 39  35 39  26 39  28 39  25 39  err
fram_d1990  26 40  25 40  23 40  32 40  27 40  23 40  32 40  29 40  30 40  20 40  err
fram_d2000  29 40  31 39  31 38  27 38  32 38  28 37  25 37  27 37  27 36  25 36  err
fram_d2010  36 35  25 35  26 32  32 27  32 21  43 19  52 13 104  59990  09990  0  err
fram_drop_dead.rwl -- no data title --                    1st itrdb line missing     
fram_drop_dead.rwl -- no data title --                    2nd itrdb line missing     
fram_drop_dead.rwl -- no data title --                    3rd itrdb line missing     
fram_d18699990  09990  09990  09990  09990  09990  09990  09990  09990  0   0  1  err
fram_d1870   0  1   0  1   0  1   0  1   0  1   0  1   0  1   0  1   0  1 136  2  err
fram_d1880  82  2 137  2 152  2  59  2  19  2 110  3  44  3  54  3  16  3   4  3  err
fram_d1890  70  3 202  3  54  3  63  3 104  3  58  3  26  4  77  4  35  4 109  5  err
fram_d1900  63  5  56  5  37  5  21  5  53  5  43  5  36  5  35  5  42  5  11  5  err
fram_d1910  53  6  99  6 107  6  49  6  53  6 132  6 101  7  74  7  58  8  43  8  err
fram_d1920  51  9  52  9  80  9  52  9  49  9  33  9  42  9  31  9  54 10  24 11  err
fram_d1930  69 11  55 11  28 11  34 12  39 14  30 14  32 16  35 19  34 19  53 19  err
fram_d1940  26 21  35 21  30 23  25 24  27 25  40 26  44 26  28 26  29 26  31 27  err
fram_d1950  27 27  29 28  31 28  29 29  30 32  28 32  31 34  30 35  26 36  24 36  err
fram_d1960  27 37  27 37  27 37  26 37  31 37  27 37  25 37  24 37  25 37  27 37  err
fram_d1970  21 37  23 37  24 37  24 37  20 38  27 38  25 38  29 38  21 38  32 38  err
fram_d1980  30 38  23 38  34 38  28 39  20 39  29 39  29 39  21 39  23 39  21 39  err
fram_d1990  22 40  21 40  20 40  27 40  23 40  19 40  27 40  25 40  25 40  17 40  err
fram_d2000  24 40  26 39  26 38  22 38  27 38  24 37  21 37  23 37  23 36  21 36  err
fram_d2010  31 35  21 35  21 32  27 27  27 21  36 19  44 13  87  59990  09990  0  err
