fram_drop_dead.rwl -- no data title --                    1st itrdb line missing     
fram_drop_dead.rwl -- no data title --                    2nd itrdb line missing     
fram_drop_dead.rwl -- no data title --                    3rd itrdb line missing     
fram_d18699990  09990  09990  09990  09990  09990  09990  09990  09990  04192  1  trn
fram_d18702809  14551  14893  13961  14115  13145  13796  12156  13145  13585  2  trn
fram_d18803000  24319  24817  24917  25368  23751  34519  33726  33875  34722  3  trn
fram_d18903918  35650  35640  34209  34065  34015  33898  43996  43708  43918  5  trn
fram_d19004355  54565  54150  54467  53938  53595  53267  53925  53323  53119  5  trn
fram_d19103105  62326  62896  62956  62952  62081  62388  72473  72401  82613  8  trn
fram_d19202280  92489  92105  91909  92430  92365  92454  92640  92547 102354 11  trn
fram_d19302052 112133 112207 112187 122140 142095 141981 161654 192103 191945 19  trn
fram_d19401999 211961 212101 232123 242014 252260 261930 261825 261821 261899 27  trn
fram_d19502140 272096 281985 282272 292062 322179 321937 342092 352298 362155 36  trn
fram_d19601851 371951 371608 371811 371554 371451 371399 371813 371954 371991 37  trn
fram_d19702197 372166 372058 372235 372016 381996 381914 381677 381803 381901 38  trn
fram_d19801899 382009 382004 382083 392054 392151 392137 391790 391769 391863 39  trn
fram_d19901754 401546 401676 401672 401817 401679 401509 401420 401441 401487 40  trn
fram_d20001581 401706 391658 381575 381327 381268 371338 371281 371167 36 976 36  trn
fram_d2010 856 35 870 35 699 32 728 27 730 21 691 19 591 13 717  59990  09990  0  trn
fram_drop_dead.rwl -- no data title --                    1st itrdb line missing     
fram_drop_dead.rwl -- no data title --                    2nd itrdb line missing     
fram_drop_dead.rwl -- no data title --                    3rd itrdb line missing     
fram_d18699990  09990  09990  09990  09990  09990  09990  09990  09990  01067  1  std
fram_d1870 808  11132  11202  11002  11027  1 843  1 956  1 684  1 831  1 609  2  std
fram_d1880 537  2 776  2 908  2 948  21086  2 798  31310  31010  31002  31209  3  std
fram_d18901142  31453  31317  3 939  31003  3 910  3 885  4 919  4 827  4 865  5  std
fram_d19001129  51253  51077  51372  51056  51114  5 838  51029  5 979  5 887  5  std
fram_d1910 978  6 711  61090  61134  61068  6 787  6 903  7 949  7 971  81008  8  std
fram_d1920 917  91053  9 832  9 760  91038  9 999  91070  91154  91209 101130 11  std
fram_d1930 912 111012 111050 111116 121095 14 997 14 856 16 843 191183 19 887 19  std
fram_d1940 974 21 958 211040 231030 24 922 251115 26 950 26 806 26 845 26 919 27  std
fram_d19501092 271068 28 943 281030 29 955 321018 32 859 341015 351202 361016 36  std
fram_d1960 898 37 985 37 764 37 869 37 735 37 702 37 773 371011 371096 371028 37  std
fram_d19701160 371184 371228 371209 371012 381055 381012 38 646 38 803 38 820 38  std
fram_d19801012 381108 381086 381192 391169 391289 391172 39 872 39 984 391104 39  std
fram_d1990 942 40 796 40 937 40 903 40 977 40 987 40 879 40 907 40 976 401016 40  std
fram_d20001040 401164 391175 381165 38 930 381014 371022 371131 37 965 36 840 36  std
fram_d2010 823 35 896 35 849 32 904 27 937 21 805 19 860 131100  59990  09990  0  std
fram_drop_dead.rwl -- no data title --                    1st itrdb line missing     
fram_drop_dead.rwl -- no data title --                    2nd itrdb line missing     
fram_drop_dead.rwl -- no data title --                    3rd itrdb line missing     
fram_d18699990  09990  09990  09990  09990  09990  09990  09990  09990  01047  1  res
fram_d1870 784  11264  11125  1 900  11022  1 836  11051  1 716  11033  1 760  2  res
fram_d1880 721  21129  21064  21008  21118  2 784  31230  3 894  3 996  31215  3  res
fram_d18901052  31217  31076  3 933  31035  3 916  3 926  4 961  4 897  4 980  5  res
fram_d19001048  51326  51014  51258  5 940  5 956  5 915  51039  5 910  5 911  5  res
fram_d19101056  6 741  61290  61114  6 998  6 763  6 951  71015  7 961  81029  8  res
fram_d1920 881  91112  9 834  9 850  91208  91000  91090  91176  91113 101034 11  res
fram_d1930 911 111037 111049 111040 121050 14 961 14 852 16 917 191270 19 841 19  res
fram_d19401006 21 980 211014 231022 24 938 251111 26 876 26 818 26 922 261018 27  res
fram_d19501154 271057 28 909 281050 29 976 321026 32 886 341100 351194 36 956 36  res
fram_d1960 903 371028 37 759 37 977 37 801 37 836 37 902 371130 371106 371004 37  res
fram_d19701150 371095 371141 371046 37 915 381015 38 975 38 642 38 942 38 939 38  res
fram_d19801107 381053 38 996 381168 391096 391184 391048 39 814 391041 391117 39  res
fram_d1990 925 40 812 401053 40 939 401035 401006 40 878 40 940 401011 401022 40  res
fram_d20001034 401125 391121 381074 38 866 38 994 371027 371113 37 939 36 862 36  res
fram_d2010 866 35 973 35 923 32 960 271000 21 903 19 934 131044  59990  09990  0  res
fram_drop_dead.rwl -- no data title --                    1st itrdb line missing     
fram_drop_dead.rwl -- no data title --                    2nd itrdb line missing     
fram_drop_dead.rwl -- no data title --                    3rd itrdb line missing     
fram_d18699990  09990  09990  09990  09990  09990  09990  09990  09990  01060  1  ars
fram_d1870 820  11169  11222  11018  11032  1 856  1 973  1 710  1 874  1 701  2  ars
fram_d1880 576  2 889  21005  21012  21128  2 854  31154  3 977  3 984  31212  3  ars
fram_d18901169  31318  31250  31067  31072  3 955  3 903  4 910  4 851  4 900  5  ars
fram_d1900 994  51335  51195  51376  51139  51032  5 933  51004  5 913  5 866  5  ars
fram_d1910 983  6 739  61148  61198  61106  6 823  6 856  7 937  7 928  8 991  8  ars
fram_d1920 878  91047  9 862  9 779  91088  91048  91118  91246  91251 101171 11  ars
fram_d19301003 111040 111072 111081 121095 141013 14 861 16 843 191189 19 942 19  ars
fram_d1940 975 21 967 21 997 231021 24 950 251086 26 923 26 782 26 806 26 912 27  ars
fram_d19501108 271118 28 973 281036 29 996 321025 32 901 341047 351226 361077 36  ars
fram_d1960 946 371000 37 765 37 849 37 727 37 695 37 739 37 986 371101 371060 37  ars
fram_d19701187 371199 371254 371185 371014 381023 38 989 38 651 38 752 38 805 38  ars
fram_d19801000 381054 381026 381187 391200 391301 391211 39 927 391002 391121 39  ars
fram_d1990 991 40 811 40 950 40 913 40 989 401001 40 881 40 876 40 944 40 992 40  ars
fram_d20001031 401144 391203 381187 38 966 38 977 371015 371124 371006 36 868 36  ars
fram_d2010 798 35 863 35 851 32 880 27 936 21 870 19 865 13 971  59990  09990  0  ars
