 eigenvalue  9.101   3.966   3.338   2.014   1.639   1.140   1.004   0.718   0.671   0.489   0.435   0.390   0.374   0.298   0.243   0.218   0.179   0.164   0.135   0.097   0.089   0.076   0.063   0.055   0.053   0.033   0.018
 eval sderr  1.802   0.785   0.661   0.399   0.325   0.226   0.199   0.142   0.133   0.097   0.086   0.077   0.074   0.059   0.048   0.043   0.035   0.033   0.027   0.019   0.018   0.015   0.013   0.011   0.010   0.007   0.003
 % variance  0.337   0.147   0.124   0.075   0.061   0.042   0.037   0.027   0.025   0.018   0.016   0.014   0.014   0.011   0.009   0.008   0.007   0.006   0.005   0.004   0.003   0.003   0.002   0.002   0.002   0.001   0.001
 cumulative  0.337   0.484   0.608   0.682   0.743   0.785   0.822   0.849   0.874   0.892   0.908   0.922   0.936   0.947   0.956   0.964   0.971   0.977   0.982   0.986   0.989   0.992   0.994   0.996   0.998   0.999   1.000
 brokn stck  3.891   2.891   2.391   2.058   1.808   1.608   1.441   1.299   1.174   1.062   0.962   0.872   0.788   0.711   0.640   0.573   0.511   0.452   0.396   0.344   0.294   0.246   0.201   0.157   0.115   0.075   0.037
 series_id   #  1       2       3       4       5       6       7       8       9      10      11      12      13      14      15      16      17      18      19      20      21      22      23      24      25      26      27
  121455    -0.031   0.380  -0.035  -0.242   0.309  -0.005  -0.032  -0.081   0.106  -0.127  -0.079   0.328   0.147   0.135   0.125   0.137  -0.286  -0.379   0.035  -0.185   0.070   0.168   0.093   0.303   0.014   0.274  -0.081
  40934      0.254   0.153   0.142   0.050   0.108  -0.245  -0.137  -0.193   0.069  -0.169  -0.071   0.046   0.132  -0.062  -0.098   0.023   0.474  -0.306  -0.018   0.311  -0.384  -0.118  -0.103   0.064   0.141  -0.012   0.280
  40935      0.093   0.143   0.315   0.124  -0.077   0.243  -0.157   0.411   0.455  -0.036  -0.354   0.026  -0.305   0.082  -0.068   0.181  -0.061   0.196  -0.175   0.030  -0.180   0.053   0.045   0.045   0.032   0.103   0.040
  102453     0.135   0.292  -0.210  -0.142  -0.120  -0.201   0.205   0.107   0.142   0.015   0.533  -0.061  -0.053  -0.015  -0.015   0.302  -0.175   0.154  -0.291   0.164  -0.066   0.144   0.125   0.060   0.008  -0.212   0.258
  111290    -0.044   0.264  -0.292  -0.236   0.310   0.130   0.006   0.214  -0.059  -0.028  -0.098  -0.035  -0.041   0.376  -0.046   0.047   0.311   0.183   0.216  -0.194  -0.006  -0.366   0.116  -0.123  -0.068  -0.260   0.125
  172565     0.254  -0.007  -0.242   0.149   0.189   0.184  -0.018  -0.041  -0.077   0.081  -0.130  -0.037  -0.078  -0.183   0.016   0.001  -0.038  -0.196  -0.208  -0.117  -0.043   0.135   0.360  -0.272   0.561  -0.219  -0.171
  192260    -0.048   0.126   0.227   0.188   0.376  -0.279  -0.099   0.493  -0.351   0.243   0.132   0.250   0.042  -0.150   0.078  -0.173  -0.011   0.099  -0.199  -0.034   0.065  -0.045  -0.172  -0.014   0.094   0.036   0.061
  192666     0.219  -0.167   0.251  -0.110   0.002   0.246   0.148  -0.011  -0.065   0.014   0.044  -0.143   0.090   0.444   0.276   0.104   0.024  -0.127  -0.205   0.092   0.388  -0.051  -0.291  -0.022   0.297   0.023   0.233
  12234     -0.168  -0.011   0.136   0.500  -0.058   0.001   0.013  -0.065   0.029   0.223   0.138  -0.045   0.418   0.308  -0.071   0.318   0.086  -0.049  -0.149  -0.130  -0.092  -0.212   0.290   0.134  -0.058  -0.009  -0.198
  20432      0.132   0.082   0.406  -0.138   0.181  -0.107  -0.071   0.083   0.245   0.020   0.239  -0.236   0.115   0.015  -0.174  -0.187  -0.118  -0.057   0.349   0.255   0.248  -0.047   0.353  -0.256   0.021   0.017  -0.159
  30039      0.079   0.327   0.137   0.232  -0.231   0.212  -0.054   0.114  -0.230  -0.285   0.113  -0.089  -0.018  -0.304   0.472   0.238   0.030  -0.146   0.265  -0.095   0.049  -0.102   0.036  -0.180  -0.151  -0.020   0.045
  30109      0.074   0.018   0.279   0.020   0.266   0.151   0.609  -0.275   0.146   0.313   0.059   0.237  -0.180  -0.108   0.154   0.029   0.104   0.087   0.121  -0.091  -0.215   0.035  -0.037  -0.136  -0.137  -0.028  -0.012
  41025      0.281   0.028   0.032   0.078  -0.156  -0.176  -0.204  -0.073  -0.125   0.137  -0.137   0.311  -0.127   0.333   0.108  -0.051   0.150  -0.061  -0.041   0.084   0.185   0.405   0.171  -0.149  -0.394  -0.277  -0.050
  101259     0.245   0.023   0.193  -0.083  -0.137   0.086   0.064  -0.030  -0.383  -0.251   0.073   0.298   0.091   0.098  -0.505   0.273  -0.105   0.236   0.172  -0.092  -0.104   0.071  -0.137  -0.123   0.180   0.036  -0.161
  162470     0.282  -0.078  -0.178   0.108  -0.126  -0.160   0.163   0.028  -0.046   0.048  -0.090   0.062   0.016  -0.001  -0.030  -0.063   0.073   0.134   0.037  -0.153   0.136  -0.083   0.363  -0.109  -0.011   0.639   0.395
  162591     0.278   0.054  -0.186  -0.026   0.127  -0.098  -0.065  -0.026   0.171   0.156  -0.086  -0.106   0.029  -0.195  -0.196   0.317  -0.021  -0.160  -0.225  -0.064   0.227  -0.240  -0.368  -0.321  -0.318   0.125  -0.240
  172493     0.289  -0.101   0.026  -0.009  -0.094  -0.198  -0.098   0.017   0.087   0.218   0.107  -0.002  -0.302  -0.128   0.021   0.172   0.205   0.019   0.309  -0.241   0.237  -0.118  -0.020   0.544   0.214  -0.107  -0.156
  182455     0.229  -0.201   0.006  -0.055   0.193   0.306  -0.180   0.043  -0.177   0.317  -0.124  -0.145   0.245  -0.179  -0.117   0.149  -0.285  -0.037   0.180   0.057  -0.131   0.089   0.065   0.218  -0.248  -0.161   0.401
  192154    -0.036   0.365  -0.079   0.309  -0.088  -0.141   0.220   0.060  -0.061   0.197  -0.131  -0.403  -0.094   0.214  -0.230  -0.126  -0.107  -0.206   0.271  -0.122  -0.047   0.305  -0.288  -0.020   0.091   0.019   0.094
  192552     0.256  -0.115  -0.170  -0.098   0.104   0.199   0.056   0.292  -0.171   0.006   0.241  -0.224  -0.043   0.153   0.127  -0.067   0.219  -0.068  -0.015   0.177  -0.332   0.191  -0.001   0.147  -0.156   0.336  -0.414
  192568     0.228   0.228   0.053  -0.119  -0.009  -0.113  -0.228  -0.249   0.102   0.086  -0.087  -0.213   0.381  -0.009   0.312  -0.137  -0.010   0.528  -0.037  -0.238  -0.147   0.138  -0.133  -0.030   0.101   0.030  -0.115
  192583     0.197  -0.029  -0.081   0.342   0.158   0.310  -0.115  -0.044   0.277  -0.293   0.393   0.116   0.041   0.004  -0.192  -0.370   0.064  -0.002  -0.058  -0.310   0.115   0.087  -0.146   0.078  -0.134  -0.074   0.139
  201248     0.235   0.174   0.020   0.092   0.003  -0.008   0.450   0.062  -0.114  -0.259  -0.347  -0.088   0.177  -0.140  -0.071  -0.219  -0.036   0.112  -0.190   0.187   0.222  -0.141   0.111   0.361  -0.151  -0.199  -0.169
  140939    -0.048   0.209  -0.048  -0.256  -0.455   0.292   0.065   0.230   0.130   0.367   0.027   0.252   0.348  -0.175  -0.117  -0.203   0.262  -0.166   0.000  -0.004   0.072   0.023  -0.043  -0.025   0.093  -0.013  -0.021
  190735    -0.251   0.125  -0.130   0.160   0.250   0.192  -0.051  -0.117   0.004   0.005  -0.028  -0.012   0.056  -0.164  -0.082   0.279   0.354   0.286   0.090   0.336   0.377   0.378  -0.019   0.058   0.078   0.155   0.013
  192683     0.153  -0.066  -0.357   0.297  -0.017  -0.021   0.020   0.092   0.215   0.047  -0.024   0.338   0.138   0.136   0.216  -0.022  -0.287   0.106   0.357   0.412  -0.058  -0.186  -0.191  -0.049   0.152  -0.032  -0.082
  41006      0.032   0.381   0.011   0.046  -0.070   0.274  -0.238  -0.380  -0.236   0.256   0.117   0.014  -0.343   0.075  -0.092  -0.209  -0.150   0.073  -0.148   0.245   0.015  -0.330   0.037   0.114  -0.002   0.162  -0.029
