quve_drop_dead.rwl -- no data title --                    1st itrdb line missing     
quve_drop_dead.rwl -- no data title --                    2nd itrdb line missing     
quve_drop_dead.rwl -- no data title --                    3rd itrdb line missing     
quve_d18939990  09990  09990  01804  12615  11823  12151  12192  11396  11486  1  trn
quve_d19001625  11842  11240  12134  12587  12109  11452  11572  11202  13883  2  trn
quve_d19103855  23700  21289  31240  31164  32622  31861  31593  31862  32875  4  trn
quve_d19202473  42407  42308  41971  43414  62903  83564  84178  84138  83743  8  trn
quve_d19302773  93199  92944  93410  93358  93427  93678  93882  94074  93734  9  trn
quve_d19403946  93817  93808  93150 103330 103607 103135 113095 113296 113391 11  trn
quve_d19503193 113224 112838 113036 112815 112868 113094 113257 113568 112806 11  trn
quve_d19602913 113007 112835 112888 112724 112534 112291 112425 113207 123000 12  trn
quve_d19703090 122471 122220 121946 122211 122630 122651 122119 122640 122533 12  trn
quve_d19801982 122160 122301 122355 122271 122110 122613 122399 122340 122466 12  trn
quve_d19902648 122104 122379 122414 122386 122365 122250 121644 122195 121959 12  trn
quve_d20001950 122378 122168 122115 122019 122202 121967 121751 111852 111868 11  trn
quve_d20101727 111577 111133 11 891 11 871  9 696  8 650  4 390  29990  09990  0  trn
quve_drop_dead.rwl -- no data title --                    1st itrdb line missing     
quve_drop_dead.rwl -- no data title --                    2nd itrdb line missing     
quve_drop_dead.rwl -- no data title --                    3rd itrdb line missing     
quve_d18939990  09990  09990  0 985  11318  1 997  11130  11149  1 846  1 881  1  std
quve_d1900 935  11020  1 800  11140  11332  11134  1 883  1 928  1 796  1 867  2  std
quve_d1910 848  2 706  2 873  3 827  3 710  31248  31068  3 921  31186  31252  4  std
quve_d19201080  41107  41048  4 900  41046  6 855  81002  81055  81199  8 959  8  std
quve_d1930 669  9 738  9 690  9 913  9 874  9 931  91010  91129  91253  91045  9  std
quve_d19401227  91129  91100  9 965 10 971 101158 101038 11 909 111035 111080 11  std
quve_d19501045 111146 11 883 11 967 11 914 11 986 111134 111176 111329 11 951 11  std
quve_d1960 918 111094 111014 111000 11 953 11 836 11 776 11 856 111217 121107 12  std
quve_d19701237 12 916 12 781 12 684 12 797 121009 121029 12 784 121039 12 959 12  std
quve_d1980 791 12 853 12 977 12 957 12 925 12 883 121098 121029 12 979 121064 12  std
quve_d19901146 12 901 121038 121096 121063 121090 121063 12 855 12 987 12 898 12  std
quve_d2000 929 121129 121126 121087 121073 121175 121081 121051 111131 111186 11  std
quve_d20101099 111075 11 858 11 796 11 692  9 665  8 898  4 755  29990  09990  0  std
quve_drop_dead.rwl -- no data title --                    1st itrdb line missing     
quve_drop_dead.rwl -- no data title --                    2nd itrdb line missing     
quve_drop_dead.rwl -- no data title --                    3rd itrdb line missing     
quve_d18939990  09990  09990  0 996  11311  1 854  11133  11091  1 766  1 958  1  res
quve_d1900 999  11059  1 777  11243  11254  1 985  1 814  1 990  1 821  1 966  2  res
quve_d1910 906  2 750  21022  3 880  3 819  31276  3 862  3 897  31118  31291  4  res
quve_d1920 971  41075  41037  4 872  41041  6 850  81100  81102  81118  8 911  8  res
quve_d1930 657  9 903  9 750  91061  9 938  91006  91046  91117  91178  9 877  9  res
quve_d19401182  91030  91073  9 912 101020 101150 10 982 11 933 111034 111061 11  res
quve_d19501023 111141 11 863 111052 11 926 111053 111121 111074 111212 11 786 11  res
quve_d19601034 111074 11 990 111022 11 961 11 830 11 795 11 965 111305 121012 12  res
quve_d19701201 12 813 12 846 12 766 12 965 121126 121010 12 774 121161 12 968 12  res
quve_d1980 829 12 982 121068 12 974 12 948 12 890 121153 12 967 12 946 121104 12  res
quve_d19901152 12 822 121093 121076 121027 121081 12 996 12 848 121108 12 893 12  res
quve_d2000 974 121169 121017 121034 121027 121156 121004 121027 111094 111125 11  res
quve_d20101007 111034 11 817 11 846 11 813  9 805  8 961  4 768  29990  09990  0  res
quve_drop_dead.rwl -- no data title --                    1st itrdb line missing     
quve_drop_dead.rwl -- no data title --                    2nd itrdb line missing     
quve_drop_dead.rwl -- no data title --                    3rd itrdb line missing     
quve_d18939990  09990  09990  0 987  11347  11004  11143  11169  1 847  1 880  1  ars
quve_d1900 935  11025  1 800  11146  11367  11155  1 885  1 930  1 796  1 860  2  ars
quve_d1910 839  2 700  2 857  3 814  3 743  31145  3 928  3 863  31047  31358  4  ars
quve_d19201134  41146  41110  4 922  41000  6 853  81023  81119  81188  8 995  8  ars
quve_d1930 692  9 750  9 662  9 868  9 871  9 938  91014  91131  91265  9 993  9  ars
quve_d19401194  91125  91140  9 975 101006 101164 101058 11 958 111012 111068 11  ars
quve_d19501056 111181 11 943 111022 11 934 111019 111138 111147 111315 11 923 11  ars
quve_d1960 993 111073 111023 111033 11 974 11 824 11 728 11 822 111233 121124 12  ars
quve_d19701289 12 939 12 822 12 706 12 810 121025 121021 12 795 121052 12 991 12  ars
quve_d1980 830 12 893 121012 12 978 12 935 12 860 121084 121005 12 946 121079 12  ars
quve_d19901207 12 915 121050 121104 121078 121125 121055 12 875 121043 12 913 12  ars
quve_d2000 928 121141 121085 121076 121064 121203 121101 121076 111138 111206 11  ars
quve_d20101105 111087 11 861 11 787 11 726  9 691  8 797  4 696  29990  09990  0  ars
