  year  #   1
  1950   1.414
  1951   1.515
  1952   0.824
  1953   1.063
  1954   0.810
  1955   1.039
  1956   1.536
  1957   1.630
  1958   2.180
  1959   0.796
  1960   1.053
  1961   1.289
  1962   0.960
  1963   1.056
  1964   0.553
  1965   0.147
  1966  -0.246
  1967  -0.079
  1968   1.341
  1969   0.770
  1970   1.393
  1971   0.049
  1972  -0.661
  1973  -1.113
  1974  -0.763
  1975  -0.003
  1976   0.077
  1977  -0.995
  1978   0.055
  1979  -0.336
  1980  -1.279
  1981  -0.993
  1982  -0.563
  1983  -0.587
  1984  -0.766
  1985  -0.891
  1986   0.037
  1987  -0.471
  1988  -0.475
  1989  -0.263
  1990  -0.122
  1991  -1.058
  1992  -0.658
  1993  -0.615
  1994  -0.787
  1995  -0.725
  1996  -1.062
  1997  -1.797
  1998  -1.146
  1999  -1.635
  2000  -1.497
