 eigenvalue  9.380   3.727   3.132   1.827   1.312   0.995   0.794   0.720   0.536   0.467   0.323   0.295   0.248   0.221   0.196   0.184   0.151   0.117   0.089   0.083   0.065   0.047   0.039   0.033   0.016
 eval sderr  1.858   0.738   0.620   0.362   0.260   0.197   0.157   0.143   0.106   0.092   0.064   0.059   0.049   0.044   0.039   0.036   0.030   0.023   0.018   0.016   0.013   0.009   0.008   0.006   0.003
 % variance  0.375   0.149   0.125   0.073   0.052   0.040   0.032   0.029   0.021   0.019   0.013   0.012   0.010   0.009   0.008   0.007   0.006   0.005   0.004   0.003   0.003   0.002   0.002   0.001   0.001
 cumulative  0.375   0.524   0.650   0.723   0.775   0.815   0.847   0.876   0.897   0.916   0.929   0.940   0.950   0.959   0.967   0.974   0.980   0.985   0.989   0.992   0.995   0.996   0.998   0.999   1.000
 brokn stck  3.816   2.816   2.316   1.983   1.733   1.533   1.366   1.223   1.098   0.987   0.887   0.796   0.713   0.636   0.564   0.498   0.435   0.376   0.321   0.268   0.218   0.171   0.125   0.082   0.040
 series_id   #  1       2       3       4       5       6       7       8       9      10      11      12      13      14      15      16      17      18      19      20      21      22      23      24      25
  192697     0.276  -0.106  -0.019  -0.116  -0.118  -0.235   0.146  -0.043   0.061  -0.122  -0.205  -0.178  -0.107  -0.096   0.395  -0.274   0.403  -0.171  -0.369  -0.045  -0.083  -0.042   0.189   0.049  -0.293
  142178     0.170   0.134   0.275   0.192   0.273  -0.280  -0.071  -0.391  -0.144  -0.054   0.025  -0.232   0.095  -0.077   0.039   0.224  -0.174  -0.232   0.038   0.165   0.399   0.148  -0.107   0.113  -0.258
  202536    -0.017   0.410   0.080   0.279   0.140  -0.015   0.059   0.238   0.231   0.210  -0.327   0.074  -0.165   0.151   0.200  -0.219   0.034   0.340   0.080   0.246   0.258  -0.071   0.061   0.244   0.024
  161024     0.239  -0.162   0.065   0.105   0.282  -0.183   0.176  -0.150  -0.290   0.124  -0.211   0.002   0.408  -0.024  -0.197  -0.125   0.223   0.384   0.218  -0.075  -0.183  -0.254   0.013  -0.143   0.019
  182396     0.008  -0.283   0.134   0.509  -0.098   0.066   0.204  -0.169   0.077  -0.075   0.280   0.295  -0.272   0.106  -0.092   0.145   0.204  -0.019   0.082   0.152   0.036  -0.076   0.417  -0.078  -0.088
  101292     0.140  -0.345  -0.176   0.307  -0.051   0.000  -0.158   0.187  -0.039  -0.112  -0.008   0.065   0.175  -0.016   0.028  -0.157   0.068   0.071  -0.348   0.100   0.458   0.145  -0.287  -0.247   0.289
  182678     0.207   0.161  -0.106   0.193   0.243  -0.209   0.043   0.515  -0.073  -0.128  -0.100  -0.306  -0.215   0.053  -0.156   0.259  -0.039  -0.244   0.031   0.021  -0.193  -0.006   0.156  -0.324   0.136
  192707     0.156  -0.306  -0.264   0.190   0.141   0.169   0.024   0.070   0.197   0.020  -0.209  -0.008  -0.029  -0.022  -0.050  -0.077   0.122  -0.291   0.463  -0.231  -0.028   0.280  -0.194   0.371  -0.090
  171421     0.096   0.022   0.380   0.043   0.203   0.246  -0.483   0.296  -0.262  -0.177   0.185   0.060  -0.007  -0.209   0.011   0.001   0.251   0.164  -0.091  -0.099  -0.120   0.138   0.116   0.282  -0.072
  12303      0.106   0.066  -0.401  -0.033   0.338   0.174   0.030  -0.089   0.360  -0.279   0.192  -0.023   0.353  -0.172   0.246   0.154  -0.107   0.206  -0.034   0.198  -0.094   0.080   0.276   0.003  -0.008
  192641     0.261   0.094  -0.136  -0.072  -0.173   0.010  -0.317  -0.037  -0.099   0.305   0.189   0.042  -0.105  -0.177   0.449   0.091   0.179  -0.038   0.457   0.059   0.100  -0.138  -0.027  -0.305   0.077
  10539      0.246   0.064   0.209   0.238   0.032  -0.136   0.009  -0.122   0.219   0.105   0.054   0.214  -0.153  -0.383   0.055  -0.313  -0.443   0.023  -0.087  -0.235  -0.303   0.167  -0.062  -0.156   0.118
  141124     0.048   0.326   0.015   0.315  -0.252   0.414   0.152  -0.174   0.054   0.205   0.006  -0.357   0.145  -0.255  -0.164   0.099   0.289  -0.095  -0.185   0.083  -0.161   0.000  -0.165   0.028   0.146
  142703     0.266   0.050  -0.029  -0.191  -0.009   0.423   0.050   0.094   0.006   0.146  -0.184   0.062  -0.020  -0.156  -0.308  -0.053  -0.164  -0.001  -0.051  -0.164   0.392  -0.028   0.277  -0.265  -0.400
  202775     0.204   0.013   0.270  -0.004  -0.191   0.247   0.341   0.116  -0.211  -0.231  -0.302   0.284   0.200   0.075   0.394   0.339  -0.181  -0.089   0.037  -0.049  -0.034   0.014  -0.062   0.042   0.149
  152659     0.209  -0.018  -0.240  -0.038   0.369   0.155   0.230  -0.099  -0.234   0.266   0.257   0.036  -0.371   0.184   0.136   0.175  -0.025   0.140  -0.315  -0.227   0.013  -0.099  -0.226   0.166   0.030
  132525     0.215   0.117   0.278  -0.046   0.055   0.071  -0.206  -0.158   0.458  -0.079   0.053  -0.081   0.113   0.555  -0.003   0.055   0.171   0.005  -0.017  -0.389   0.033  -0.008  -0.041  -0.200   0.111
  40131      0.252   0.035   0.026   0.007  -0.320  -0.008   0.269   0.155  -0.088  -0.302   0.420  -0.395  -0.025   0.082  -0.023  -0.268  -0.184   0.267   0.256  -0.077   0.135  -0.031  -0.045   0.156  -0.034
  140881     0.285   0.098  -0.119   0.117  -0.084   0.013  -0.213   0.107   0.062  -0.084   0.098   0.270   0.143   0.170  -0.140  -0.080  -0.135  -0.221  -0.093   0.274  -0.215  -0.488  -0.298   0.128  -0.331
  40853      0.305  -0.012  -0.032  -0.165  -0.025  -0.045  -0.088  -0.104  -0.073   0.155   0.015   0.030   0.088   0.053  -0.164  -0.142  -0.094  -0.285  -0.060   0.089   0.116  -0.119   0.434   0.375   0.558
  202528     0.120  -0.290   0.249  -0.275   0.153   0.180  -0.002  -0.124   0.247  -0.234  -0.184  -0.162  -0.390  -0.217  -0.100   0.061   0.015   0.114   0.082   0.338   0.010  -0.274  -0.235  -0.032   0.198
  30062      0.074   0.403  -0.099  -0.175   0.025  -0.242   0.215  -0.007   0.067  -0.309   0.112   0.426  -0.066  -0.260  -0.256   0.055   0.372  -0.039   0.063  -0.136   0.211   0.040  -0.171   0.027   0.118
  172542    -0.087  -0.143   0.344  -0.171   0.244  -0.004   0.346   0.366   0.218   0.343   0.369   0.018   0.265  -0.078   0.084  -0.096   0.098  -0.268   0.011   0.134   0.075  -0.029  -0.091  -0.048  -0.024
  202379     0.214  -0.193   0.016  -0.056  -0.316  -0.334  -0.062   0.181   0.281   0.281  -0.023  -0.014   0.058  -0.135  -0.137   0.527  -0.023   0.317  -0.116  -0.047   0.001   0.064  -0.003   0.243  -0.091
  162458     0.293   0.053   0.015  -0.224  -0.052   0.035   0.053  -0.064  -0.103   0.106   0.020   0.119  -0.068   0.286  -0.140  -0.093   0.086   0.090   0.016   0.479  -0.221   0.619  -0.065  -0.119  -0.064
