juni_drop.rwl -- no data title --                         1st itrdb line missing     
juni_drop.rwl -- no data title --                         2nd itrdb line missing     
juni_drop.rwl -- no data title --                         3rd itrdb line missing     
juni_d1880   0  1   0  1   0  1   0  1   0  1   0  1   0  1   0  1   0  1   0  1  err
juni_d1890   0  1 263  2 438  2 356  2  14  2  32  2 122  2  76  2  73  3  65  3  err
juni_d1900  86  3  40  3  93  3 229  3  89  4 135  4 148  4  83  5  54  5  47  5  err
juni_d1910  68  6 136  6  56  6  53  7  84  9  85 11 102 12  75 12 104 13  78 13  err
juni_d1920  69 13  78 13  85 13  96 14  61 15  72 16  71 16  84 16  56 17  81 18  err
juni_d1930  75 19  77 19  66 19  99 20  64 21  75 22  65 22  69 22  74 22  71 22  err
juni_d1940  73 22  79 22  73 22  43 23  63 23  75 24  61 24  63 24  87 24  82 24  err
juni_d1950  76 25  69 25  75 25  74 25  68 25  46 26  42 26  52 26  75 27  51 27  err
juni_d1960  42 27  51 27  59 28  40 28  55 28  53 28  53 29  77 29  55 29  60 29  err
juni_d1970  60 29  57 29  48 29  46 29  41 29  59 29  66 29  43 29  67 29  44 29  err
juni_d1980  69 29  57 30  36 30  37 30  34 30  43 30  46 30  37 30  52 30  50 30  err
juni_d1990  35 30  45 30  56 30  53 30  58 30  42 30  42 30  44 30  38 30  41 30  err
juni_d2000  46 30  49 29  48 29  53 27  58 26  37 26  31 26  43 26  40 26  50 25  err
juni_d2010 216  29990  09990  09990  09990  09990  09990  09990  09990  09990  0  err
quve_drop.rwl -- no data title --                         1st itrdb line missing     
quve_drop.rwl -- no data title --                         2nd itrdb line missing     
quve_drop.rwl -- no data title --                         3rd itrdb line missing     
quve_d18249990  09990  09990  09990  0   0  1   0  1   0  1   0  1   0  1   0  1  err
quve_d1830   0  1   0  1   0  1   0  1   0  1   0  1   0  1   0  1   0  1   0  1  err
quve_d1840   0  1   0  1   0  1   0  1   0  1   0  1   0  1   0  1   0  1   0  1  err
quve_d1850   0  1   0  1   0  1   0  1   0  1   0  1   0  1   0  1   0  1   0  1  err
quve_d1860   0  1   0  1   0  1   0  1   0  1   0  1   0  1   0  1   0  1   0  1  err
quve_d1870   0  1   0  1   0  1   0  1   0  1   0  1   0  1   0  1   0  1   0  1  err
quve_d1880   0  1   0  1   0  1   0  1   0  1   0  1   0  1   0  1   0  1  46  3  err
quve_d1890  90  3 119  3  25  3  45  4 124  4 129  5  36  6  96  6 168  6 120  6  err
quve_d1900  80  6  73  6 129  7 153  8 104  9  83 10  65 10  51 10  76 10  63 12  err
quve_d1910  69 13  92 14  55 16  34 18  41 19  62 20  42 22  52 25  44 28  45 30  err
quve_d1920  35 31  51 32  43 34  35 39  30 41  24 45  30 46  27 48  48 48  37 48  err
quve_d1930  22 52  28 54  20 55  31 56  21 58  20 59  24 60  28 63  27 63  27 67  err
quve_d1940  25 67  22 67  26 68  21 70  21 71  21 72  20 74  23 74  20 75  25 76  err
quve_d1950  24 78  23 78  20 78  20 78  18 78  21 78  22 78  19 78  22 80  19 80  err
quve_d1960  19 81  18 81  16 81  14 81  15 81  14 81  16 81  18 81  17 82  19 83  err
quve_d1970  16 83  16 83  18 83  20 83  20 83  22 83  22 83  20 83  27 83  23 83  err
quve_d1980  22 83  26 83  25 83  21 83  21 83  24 83  23 83  18 83  17 83  17 83  err
quve_d1990  19 83  15 83  15 83  20 83  20 83  14 83  16 83  17 83  17 83  16 83  err
quve_d2000  15 83  19 83  18 83  20 83  18 83  16 82  18 82  15 81  18 81  24 79  err
quve_d2010  37 11  59 11  53 11  64 11  80  9  88  8  25  4  85  29990  09990  0  err
fram_drop.rwl -- no data title --                         1st itrdb line missing     
fram_drop.rwl -- no data title --                         2nd itrdb line missing     
fram_drop.rwl -- no data title --                         3rd itrdb line missing     
fram_d18699990  09990  09990  09990  09990  09990  09990  09990  09990  0   0  1  err
fram_d1870 216  3  55  3 160  3  77  3  48  3  49  3 111  3  11  3  66  3 171  4  err
fram_d1880 189  4 162  4  61  5  46  5  25  5 111  7  48  7  46  7  72  7  67  7  err
fram_d1890 101  7  93  7  89  8 101  9  54  9  57 10  71 12  66 12  76 12  75 13  err
fram_d1900  72 13  78 13  77 13  79 13  77 13  63 13  63 13  50 13  32 13  33 13  err
fram_d1910  42 14  51 14  70 14  50 14  57 15  72 16  74 17  69 17  61 18  44 18  err
fram_d1920  46 19  50 19  51 21  42 21  44 21  46 22  48 23  32 23  41 24  47 26  err
fram_d1930  49 26  46 27  38 27  39 29  33 32  35 34  36 36  39 40  37 41  34 41  err
fram_d1940  22 43  39 43  35 46  31 47  25 48  40 49  38 50  43 50  40 52  37 54  err
fram_d1950  39 54  34 55  36 55  34 56  31 59  36 59  32 61  29 62  29 64  26 64  err
fram_d1960  25 65  31 66  30 66  27 66  29 66  26 66  31 66  29 66  30 66  29 66  err
fram_d1970  27 66  22 66  26 66  27 66  25 68  28 68  27 68  27 68  25 68  29 68  err
fram_d1980  28 68  30 68  30 68  33 69  27 69  31 69  31 69  22 69  23 69  23 69  err
fram_d1990  22 70  25 70  23 70  27 70  24 70  24 70  23 70  20 70  19 70  18 70  err
fram_d2000  25 69  28 68  28 67  25 67  25 67  23 65  21 65  32 64  24 58  25 58  err
fram_d2010  38 39  27 38  28 34  37 29  45 22  59 20  78 14  45  59990  09990  0  err
pist_drop.rwl -- no data title --                         1st itrdb line missing     
pist_drop.rwl -- no data title --                         2nd itrdb line missing     
pist_drop.rwl -- no data title --                         3rd itrdb line missing     
pist_d19319990  0   0  1   0  1   0  1   0  1   2  3  85  5  84  7  77  9  82 10  err
pist_d1940 100 14  58 14  29 14  59 15 119 16  59 19  63 22  68 23  70 24  63 24  err
pist_d1950  55 27  60 27  42 28  46 29 101 30  74 31  59 31  63 31  51 32  52 32  err
pist_d1960  47 32  44 32  33 33  36 34  26 34  28 34  95 34  43 34  40 34  37 35  err
pist_d1970  43 35  31 35  31 35  35 35  37 35  39 35  39 35  35 35  26 35  27 35  err
pist_d1980  37 36  35 36  31 36  30 36  34 36  33 36  31 36  27 36  28 36  22 36  err
pist_d1990  27 36  31 36  33 36  34 36  38 36  30 36  42 36  35 36  30 36  33 36  err
pist_d2000  32 36  23 36  25 36  30 36  28 35  21 34  20 32  18 31  29 30  24 30  err
pist_d2010 441  2   0  1   0  1   0  1   0  1   0  1   0  19990  09990  09990  0  err
qupr_drop.rwl -- no data title --                         1st itrdb line missing     
qupr_drop.rwl -- no data title --                         2nd itrdb line missing     
qupr_drop.rwl -- no data title --                         3rd itrdb line missing     
qupr_d17779990  09990  09990  09990  09990  09990  09990  0   0  1   0  1   0  1  err
qupr_d1780   0  1   0  1   0  1   0  1   0  1   0  1   0  1   0  1   0  1   0  1  err
qupr_d1790   0  1   0  1   0  1   0  1   0  1   0  1   0  1   0  1   0  1   0  1  err
qupr_d1800   0  1   0  1   0  1   0  1   0  1   0  1   0  1   0  1   0  1   0  1  err
qupr_d1810   0  1   0  1   0  1   0  1   0  1   0  1   0  1   0  1   0  1   0  1  err
qupr_d1820   0  1   0  1   0  1   0  1   0  1   0  1   0  1   0  1   0  1   0  1  err
qupr_d1830 371  2  37  2  46  2  27  2 123  2 252  2 249  2 154  2 166  2 164  2  err
qupr_d1840  88  2  58  2  83  2  24  2   5  2 164  2 129  2  93  2  72  3  22  3  err
qupr_d1850 169  3  69  3 151  3 217  3 120  3 272  3  56  3  44  3 113  3  53  3  err
qupr_d1860 135  3 175  3  40  3 198  3 209  3 146  3  44  3 105  3 145  3  28  3  err
qupr_d1870  76  4 133  4 122  4  43  4  83  4  91  5  72  5  84  6  54  6 104  6  err
qupr_d1880  17  7 101  8  64 10  73 10  77 10  86 10  56 10  55 10  72 10  54 10  err
qupr_d1890  41 11  81 11  55 12  70 13 105 14  87 14 105 15  75 15  55 16  50 17  err
qupr_d1900  54 19  55 19  62 19  49 21  55 22  51 22  58 23  64 23  68 23  63 23  err
qupr_d1910  68 24  56 24  70 24  69 24  65 24  61 25  68 27  72 28  56 28  62 30  err
qupr_d1920  61 30  53 30  45 32  48 32  51 34  44 36  48 36  32 37  43 37  32 37  err
qupr_d1930  36 41  29 41  31 43  34 44  38 45  35 46  33 48  32 48  31 51  31 52  err
qupr_d1940  26 53  27 53  23 53  30 55  23 55  30 56  33 56  35 56  33 57  40 58  err
qupr_d1950  34 58  35 58  35 59  38 60  32 60  39 61  45 61  36 62  39 63  33 65  err
qupr_d1960  31 65  35 65  26 65  26 66  25 66  20 66  21 66  26 66  22 66  24 66  err
qupr_d1970  26 66  30 66  29 67  30 67  26 67  32 67  31 67  31 67  35 67  28 67  err
qupr_d1980  30 67  36 67  36 67  42 67  42 67  29 67  27 67  29 67  25 67  26 67  err
qupr_d1990  24 67  23 67  24 67  27 67  20 67  18 67  21 67  25 67  23 67  26 67  err
qupr_d2000  21 67  24 67  22 67  23 64  20 63  20 63  17 61  21 59  20 59  23 59  err
qupr_d2010  70 12 105 10  75  9  22  7  58  7  60  6 115  5   0  19990  09990  0  err
quru_drop.rwl -- no data title --                         1st itrdb line missing     
quru_drop.rwl -- no data title --                         2nd itrdb line missing     
quru_drop.rwl -- no data title --                         3rd itrdb line missing     
quru_d18779990  09990  09990  09990  09990  09990  09990  0   0  1   0  1   0  1  err
quru_d1880   0  1   0  1   0  1   0  1   0  1  79  2 226  4 254  4 168  4 193  4  err
quru_d1890 228  4  32  4 128  4 150  4  15  5 115  6 160  6  54  6 116  6 207  6  err
quru_d1900 115  6 140  6 137  7  97  8  79 10  89 10 118 10 122 10  95 10  96 10  err
quru_d1910  95 11 120 11  89 11  77 12  70 13 112 13 125 13  87 17  64 17  52 17  err
quru_d1920  43 19  68 19  52 23  65 24  72 24  48 26  56 29  41 32  44 32  44 33  err
quru_d1930  46 36  59 37  53 38  47 40  36 43  28 45  31 46  40 46  42 46  40 47  err
quru_d1940  38 48  30 49  34 55  33 58  29 60  38 60  31 61  37 61  36 61  38 61  err
quru_d1950  31 61  37 61  36 61  32 63  32 63  36 63  36 63  30 63  31 63  27 63  err
quru_d1960  30 65  28 66  25 66  22 67  20 68  20 69  23 69  26 69  25 69  26 70  err
quru_d1970  26 70  24 70  25 70  25 70  30 70  28 71  25 71  26 71  26 71  25 71  err
quru_d1980  28 71  27 71  33 71  25 71  25 71  26 71  22 71  16 71  23 71  20 71  err
quru_d1990  23 71  16 71  14 71  19 71  20 71  17 71  19 71  17 71  21 71  20 71  err
quru_d2000  20 71  22 71  21 71  19 71  21 71  19 71  18 71  17 70  19 70  22 69  err
quru_d2010  70 12  62 10  89 10  74 10  34 10  81 10  64  8  32  39990  09990  0  err
frni_drop.rwl -- no data title --                         1st itrdb line missing     
frni_drop.rwl -- no data title --                         2nd itrdb line missing     
frni_drop.rwl -- no data title --                         3rd itrdb line missing     
frni_d18719990  0   0  1   0  1   0  1   0  1   0  1   0  1   0  1   0  1   0  1  err
frni_d1880   0  1   0  1   0  1   0  1   0  1   0  1   0  1   0  1   0  1   0  1  err
frni_d1890   0  1   0  1   0  1   0  1   0  1   0  1   0  1   0  1   0  1   0  1  err
frni_d1900   0  1   0  1   0  1   0  1  38  2 139  3  32  3  76  3  19  3 254  3  err
frni_d1910  21  3 195  3  31  3 138  3 154  3 208  3  85  5 137  6  83  6  83  6  err
frni_d1920  95  6  98  6  81  6  75  6 130  6 132  6 136  6 115  6  47  6  35  6  err
frni_d1930  43  6  76  6  70  6 104  6  64  6  99  6 102  6 111  6  89  6  78  6  err
frni_d1940  78  7  76  7  78  8  86  9  59  9  59  9  57  9  62  9  71  9  70  9  err
frni_d1950  95  9 106  9 114  9  87  9  65  9  40 10  60 10  81 10  71 10  52 10  err
frni_d1960  70 10  75 11  47 11  64 12  84 13  58 13  75 13  61 13  66 14  81 14  err
frni_d1970  86 14  75 14  95 14 104 15  97 15  65 15  69 15  52 16  80 16  74 16  err
frni_d1980  76 16  83 16  55 16  37 16  40 16  65 16  55 16  56 16  60 16  65 16  err
frni_d1990  84 16  58 16  63 16  62 16  62 16  73 16  49 16  38 16  64 16  31 16  err
frni_d2000  44 16  47 16  60 16  48 16  69 16  81 15  75 13  88 13  57 13  52 13  err
frni_d2010  50 12  37 12  31 11  56 11  65 11  85  8  39  49990  09990  09990  0  err
litu_drop.rwl -- no data title --                         1st itrdb line missing     
litu_drop.rwl -- no data title --                         2nd itrdb line missing     
litu_drop.rwl -- no data title --                         3rd itrdb line missing     
litu_d1870   0  1   0  1   0  1   0  1   0  1   0  1   0  1   0  1   0  1   0  1  err
litu_d1880 508  2 439  2 227  2 213  2 330  2 197  2 166  2  18  2  10  2 221  2  err
litu_d1890 124  2  17  2  60  2 109  2 149  2 165  2  46  2 160  2 316  2  58  2  err
litu_d1900 254  2 221  2   9  2  87  2 136  2 179  2 496  3 203  3 205  4 145  4  err
litu_d1910  34  4   8  4 118  4  20  5  87  6 145  8 135  8  79  9 127 11 133 14  err
litu_d1920 118 16  60 17  50 22  51 26  63 30  58 33  58 35  45 36  51 38  54 41  err
litu_d1930  51 44  47 46  40 47  43 51  40 51  40 53  44 55  42 57  35 59  42 61  err
litu_d1940  36 64  38 64  36 65  38 67  36 68  39 69  37 70  32 71  33 72  41 74  err
litu_d1950  44 82  41 82  35 84  37 89  35 94  37 97  31 98  32 99  28 99  27100  err
litu_d1960  30102  29102  29103  24103  25104  26105  23105  26105  29105  30105  err
litu_d1970  31106  29107  30107  32107  29107  35107  32107  31107  33107  30107  err
litu_d1980  40108  39109  43109  36109  26109  24109  26109  28109  26109  26109  err
litu_d1990  30110  26110  26110  25110  26110  26110  24110  22109  27109  20109  err
litu_d2000  21109  25108  24107  22107  21107  20107  22105  24105  19103  22100  err
litu_d2010  43 30  32 24  44 23  57 21  72 15  53 11  98  7 125  39990  09990  0  err
