juni_drop.rwl -- no data title --                         1st itrdb line missing     
juni_drop.rwl -- no data title --                         2nd itrdb line missing     
juni_drop.rwl -- no data title --                         3rd itrdb line missing     
juni_d1880 861  1 885  1 794  1 665  1 813  1 898  1 778  1 872  1 896  11465  1  ars
juni_d18901376  11206  2 938  2 853  2 779  2 950  2 852  2 880  2 969  3 834  3  ars
juni_d1900 977  31262  3 833  31353  31043  41039  4 960  4 975  51025  51008  5  ars
juni_d19101198  6 960  61224  61336  7 992  91018 111379 121078 12 749 131076 13  ars
juni_d19201006 13 824 131062 13 763 14 873 15 696 16 859 161032 161359 17 917 18  ars
juni_d1930 527 191185 191080 191137 20 934 21 925 221167 221219 22 996 22 935 22  ars
juni_d19401146 221262 221176 22 883 23 861 231154 24 755 241039 241074 241172 24  ars
juni_d19501286 251182 251116 251217 251262 251180 261113 26 991 261096 27 775 27  ars
juni_d1960 882 27 823 27 725 28 641 28 652 28 885 28 481 29 862 291062 291140 29  ars
juni_d19701192 29 908 291072 29 968 29 845 291055 291230 29 843 291153 29 789 29  ars
juni_d1980 861 291037 301154 301089 30 929 301072 301243 30 867 30 830 301137 30  ars
juni_d19901162 30 743 30 966 301208 301102 30 966 30 812 30 735 30 931 30 792 30  ars
juni_d20001053 301104 29 954 29 889 271081 26 966 26 954 261061 261144 261228 25  ars
juni_d2010 857  29990  09990  09990  09990  09990  09990  09990  09990  09990  0  ars
quve_drop.rwl -- no data title --                         1st itrdb line missing     
quve_drop.rwl -- no data title --                         2nd itrdb line missing     
quve_drop.rwl -- no data title --                         3rd itrdb line missing     
quve_d18249990  09990  09990  09990  01060  1 928  1 701  1 996  1 967  1 941  1  ars
quve_d18301161  11149  11175  11180  1 952  1 926  11096  11112  1 947  1 973  1  ars
quve_d18401223  1 921  11010  1 987  1 972  1 847  11206  1 989  1 989  11126  1  ars
quve_d1850 968  11047  11090  1 919  1 757  1 946  1 845  11060  1 875  1 961  1  ars
quve_d1860 948  1 982  11003  1 931  1 779  11016  1 880  1 903  1 897  11166  1  ars
quve_d18701016  11011  1 752  1 874  1 805  1 960  1 813  1 880  1 839  1 869  1  ars
quve_d1880 701  11048  1 763  11008  1 909  1 972  1 854  1 854  1 759  1 917  3  ars
quve_d18901076  31315  31293  31060  41004  41085  51157  61075  6 961  6 872  6  ars
quve_d19001045  6 920  6 773  71198  81075  9 990 10 890 10 898 10 960 101039 12  ars
quve_d19101028 13 748 14 934 16 925 18 921 191222 201180 221047 25 875 281153 30  ars
quve_d19201061 311140 321198 34 920 391107 41 835 451044 461158 481124 481053 48  ars
quve_d1930 728 52 813 54 691 55 934 56 971 58 990 591059 601140 631168 63 953 67  ars
quve_d19401128 671065 671055 68 895 70 920 711122 72 990 74 933 741018 751161 76  ars
quve_d19501116 781214 78 907 78 924 78 824 78 869 781094 781170 781339 80 955 80  ars
quve_d19601041 811067 811051 811069 81 969 81 951 81 804 81 932 811287 821172 83  ars
quve_d19701255 83 974 83 884 83 787 83 861 831083 831071 83 758 831132 831024 83  ars
quve_d1980 768 83 862 83 997 831018 83 971 83 896 831134 831073 83 891 83 993 83  ars
quve_d19901155 83 882 83 999 831098 831105 831083 831035 83 716 831040 83 899 83  ars
quve_d2000 897 831217 831180 831153 831040 831121 821019 82 970 81 961 811076 79  ars
quve_d20101053 111057 11 862 11 796 11 753  9 722  8 852  4 677  29990  09990  0  ars
fram_drop.rwl -- no data title --                         1st itrdb line missing     
fram_drop.rwl -- no data title --                         2nd itrdb line missing     
fram_drop.rwl -- no data title --                         3rd itrdb line missing     
fram_d18699990  09990  09990  09990  09990  09990  09990  09990  09990  01053  1  ars
fram_d1870 772  3 996  31027  3 981  31028  3 938  31041  3 862  3 981  3 950  4  ars
fram_d1880 739  41037  41034  5 990  51014  5 907  71078  7 983  7 977  71169  7  ars
fram_d18901113  71157  71137  8 946  9 974  9 920 10 869 12 980 12 973 121009 13  ars
fram_d19001088 131308 131221 131379 131244 131077 13 969 131039 13 901 13 911 13  ars
fram_d19101028 14 762 141100 141056 14 981 15 967 161062 171041 17 965 18 924 18  ars
fram_d1920 885 19 953 19 801 21 665 21 949 21 938 22 965 231155 231196 241080 26  ars
fram_d1930 894 26 991 271023 271059 291124 321063 34 934 36 926 401157 41 937 41  ars
fram_d1940 938 43 966 431028 461008 47 944 481047 49 954 50 778 50 862 52 899 54  ars
fram_d19501102 541147 551060 551103 561072 591126 59 971 611091 621217 641103 64  ars
fram_d1960 982 65 992 66 772 66 860 66 758 66 730 66 752 66 943 661007 661002 66  ars
fram_d19701093 661157 661183 661188 661029 681066 681048 68 801 68 849 68 886 68  ars
fram_d1980 998 681034 681045 681154 691164 691173 691132 69 936 69 995 691050 69  ars
fram_d1990 990 70 806 70 940 70 957 701001 701041 70 905 70 914 70 948 70 982 70  ars
fram_d20001051 691090 681156 671167 67 990 67 959 65 960 651028 64 934 58 838 58  ars
fram_d2010 823 39 881 38 879 34 916 29 945 22 883 20 896 14 981  59990  09990  0  ars
pist_drop.rwl -- no data title --                         1st itrdb line missing     
pist_drop.rwl -- no data title --                         2nd itrdb line missing     
pist_drop.rwl -- no data title --                         3rd itrdb line missing     
pist_d19319990  0 911  1 693  1 990  1 848  1 794  31017  51125  71070  91282 10  ars
pist_d19401160 14 903 141038 14 895 15 977 161095 191006 221079 23 847 24 660 24  ars
pist_d1950 582 27 655 27 715 28 909 291384 301423 311319 311104 31 931 321087 32  ars
pist_d19601126 321102 321194 331027 34 876 34 858 34 505 341012 341282 341203 35  ars
pist_d19701117 35 905 35 943 35 906 35 911 35 862 351063 35 976 35 985 35 712 35  ars
pist_d1980 936 361027 361189 361225 361053 361035 36 859 36 832 361105 361035 36  ars
pist_d19901163 361066 36 822 36 727 36 688 361102 361217 361339 361014 36 583 36  ars
pist_d20001037 36 997 361099 361031 361077 351043 34 892 32 875 31 863 301041 30  ars
pist_d2010 962  2 933  1 891  1 776  11437  11412  11348  19990  09990  09990  0  ars
qupr_drop.rwl -- no data title --                         1st itrdb line missing     
qupr_drop.rwl -- no data title --                         2nd itrdb line missing     
qupr_drop.rwl -- no data title --                         3rd itrdb line missing     
qupr_d17779990  09990  09990  09990  09990  09990  09990  01344  11198  11161  1  ars
qupr_d17801315  11165  11076  1 991  11089  1 817  1 984  11052  11157  11046  1  ars
qupr_d17901084  1 940  1 978  11056  11222  11143  1 785  1 692  11002  1 982  1  ars
qupr_d1800 952  1 766  1 589  1 872  1 735  1 859  1 879  1 824  1 959  1 781  1  ars
qupr_d1810 951  1 962  1 940  11025  11227  11223  11185  11085  1 952  11112  1  ars
qupr_d18201093  11046  1 887  1 749  1 901  1 920  1 779  1 698  1 973  1 844  1  ars
qupr_d18301138  2 683  2 740  2 907  2 906  2 784  2 869  2 819  2 829  2 844  2  ars
qupr_d1840 897  2 998  21028  2 820  2 884  2 893  2 941  2 793  2 831  3 847  3  ars
qupr_d1850 804  3 781  3 943  31010  31431  31677  31309  31318  31216  31233  3  ars
qupr_d18601121  31174  31124  31402  31168  31178  31148  3 995  3 918  31082  3  ars
qupr_d18701159  4 850  41071  4 903  4 780  4 888  51025  5 913  61184  6 978  6  ars
qupr_d1880 963  7 977  81091 101054 101117 10 981 101145 101006 101005 101092 10  ars
qupr_d18901122 111316 111191 121073 131028 141085 141219 151110 15 963 16 852 17  ars
qupr_d1900 928 191059 19 887 191127 211068 22 999 221000 23 860 23 746 23 795 23  ars
qupr_d1910 796 24 510 24 725 24 787 24 696 241069 251210 271199 28 914 281099 30  ars
qupr_d19201008 301036 301163 32 927 321197 34 938 361210 361261 371144 371064 37  ars
qupr_d19301000 411043 41 952 431031 441025 451001 461013 481178 481131 51 955 52  ars
qupr_d19401130 531061 531129 53 938 55 907 551048 56 871 56 416 56 546 57 690 58  ars
qupr_d1950 810 58 803 58 756 59 791 60 939 601125 611271 611274 621448 631156 65  ars
qupr_d19601165 651180 651029 65 988 661089 661023 66 996 661093 661191 661115 66  ars
qupr_d19701176 661066 661000 67 961 67 924 67 889 67 881 67 492 67 932 67 792 67  ars
qupr_d1980 710 67 817 67 976 671118 67 899 67 940 671112 67 991 671139 671144 67  ars
qupr_d19901220 67 898 67 994 671040 671045 671136 67 914 67 895 671044 67 855 67  ars
qupr_d2000 996 671170 671041 671102 64 885 631001 63 833 61 879 59 976 591089 59  ars
qupr_d20101180 121303 101138  91014  71001  7 918  6 728  5 917  19990  09990  0  ars
quru_drop.rwl -- no data title --                         1st itrdb line missing     
quru_drop.rwl -- no data title --                         2nd itrdb line missing     
quru_drop.rwl -- no data title --                         3rd itrdb line missing     
quru_d18779990  09990  09990  09990  09990  09990  09990  01015  1 964  1 944  1  ars
quru_d1880 963  11029  11072  11166  11085  1 946  21053  4 959  4 862  4 902  4  ars
quru_d1890 968  41062  41164  41008  41069  51219  61150  61050  6 998  6 978  6  ars
quru_d19001193  61052  61024  7 956  81090 10 999 10 929 10 836 10 786 10 781 10  ars
quru_d1910 831 11 723 11 960 11 862 12 913 131123 131102 131073 17 940 171012 17  ars
quru_d19201073 191078 191042 23 823 241035 24 921 26 996 291039 321177 321115 33  ars
quru_d1930 908 36 963 37 871 38 978 40 948 431041 451075 461121 461173 46 953 47  ars
quru_d1940 992 48 978 49 928 55 869 58 874 601020 60 894 61 857 61 879 61 894 61  ars
quru_d1950 957 61 991 61 876 61 795 63 903 631012 631227 631185 631389 631029 63  ars
quru_d19601147 651128 661023 661004 67 999 68 985 69 842 691016 691217 691136 70  ars
quru_d19701158 70 953 70 914 70 921 70 931 701078 711106 71 821 711136 71 984 71  ars
quru_d1980 857 71 913 71 960 711000 711036 71 999 711117 711024 71 940 71 925 71  ars
quru_d19901051 71 814 711026 711070 711150 711049 71 942 71 756 71 946 71 874 71  ars
quru_d2000 900 711136 711065 711091 711054 711039 71 982 711017 701033 701115 69  ars
quru_d20101103 121142 101028 10 902 10 881 10 793 10 797  8 636  39990  09990  0  ars
frni_drop.rwl -- no data title --                         1st itrdb line missing     
frni_drop.rwl -- no data title --                         2nd itrdb line missing     
frni_drop.rwl -- no data title --                         3rd itrdb line missing     
frni_d18719990  01013  11114  11172  1 938  1 949  1 909  1 766  1 978  1 778  1  ars
frni_d18801327  1 963  11012  1 914  1 968  1 879  1 865  11095  11006  1 873  1  ars
frni_d1890 938  1 850  1 753  1 716  1 959  1 951  1 914  1 965  11197  11404  1  ars
frni_d19001224  11444  11338  11222  11242  21013  3 778  3 819  3 746  3 763  3  ars
frni_d19101114  3 953  31041  31072  31260  31468  31411  51270  61097  61091  6  ars
frni_d1920 874  6 942  6 894  6 949  6 641  6 680  6 658  61063  6 998  6 931  6  ars
frni_d1930 885  6 969  6 954  61174  61019  61010  61245  61217  61234  61014  6  ars
frni_d19401248  71129  71252  81162  9 947  9 825  9 873  9 532  9 711  9 652  9  ars
frni_d1950 780  9 826  91187  91199  9 995  91061 101110 101115 101166 101078 10  ars
frni_d1960 930 101327 111016 111102 121008 13 887 13 796 13 846 13 852 141023 14  ars
frni_d1970 871 14 728 14 754 14 991 151059 15 902 15 868 15 601 161043 161124 16  ars
frni_d19801196 161184 161130 161183 161197 161117 16 969 161176 161250 161181 16  ars
frni_d19901029 16 619 16 864 161051 16 895 16 952 161014 161061 161082 161029 16  ars
frni_d2000 723 16 943 16 904 16 932 161145 161102 151114 131164 13 948 131059 13  ars
frni_d2010 993 12 942 12 830 11 911 11 945 11 912  8 605  49990  09990  09990  0  ars
litu_drop.rwl -- no data title --                         1st itrdb line missing     
litu_drop.rwl -- no data title --                         2nd itrdb line missing     
litu_drop.rwl -- no data title --                         3rd itrdb line missing     
litu_d1870 956  1 804  1 884  1 931  1 790  1 734  11060  11313  11457  11294  1  ars
litu_d18801082  21039  2 993  2 933  2 904  2 789  2 849  2 752  2 811  2 985  2  ars
litu_d18901163  21224  2 993  21033  21282  21269  21228  21184  21017  2 983  2  ars
litu_d1900 927  21235  21142  21325  21150  21027  2 855  31023  31039  4 956  4  ars
litu_d19101027  4 716  4 865  4 974  5 916  61009  81196  81066  9 871 111075 14  ars
litu_d19201001 161220 171204 22 907 261026 30 841 33 829 351058 361072 381177 41  ars
litu_d1930 853 44 960 46 854 47 808 51 821 51 958 53 944 551021 571078 59 854 61  ars
litu_d19401046 641054 641080 65 882 67 902 681205 691055 701174 711258 721392 74  ars
litu_d19501196 821158 821041 84 954 89 923 941030 971072 981009 991182 99 903100  ars
litu_d1960113910210711021047103 928103 744104 641105 481105 633105 810105 838105  ars
litu_d19701039106 98610711581071209107120710711231071094107 8821071104107 946107  ars
litu_d19801063108115910911731091058109 844109 823109 896109 813109 817109 873109  ars
litu_d19901016110 777110 976110137411010481101095110113111010491091032109 592109  ars
litu_d2000 743109 91910810571071019107 979107 973107 851105 91910511581031010100  ars
litu_d2010 900 30 946 24 970 23 984 21 966 15 764 11 926  71370  39990  09990  0  ars
