  year  #   1       2       3
  1950   1.705  -0.398   2.116
  1951   1.816  -0.474   2.225
  1952   1.308  -0.257   1.946
  1953   1.798  -0.139   1.750
  1954   1.131   0.508   1.540
  1955   1.355   1.189   1.134
  1956  -0.138   1.016   0.925
  1957   0.378   1.470   0.664
  1958   0.768   1.553   1.063
  1959   0.098   1.313   0.543
  1960  -0.623   1.000   0.443
  1961  -0.749   1.246  -0.116
  1962  -1.492   0.533   0.148
  1963  -1.361   1.072   0.788
  1964  -1.874   0.754   0.916
  1965  -1.949   0.947   1.081
  1966  -1.742   1.093   0.380
  1967  -1.042   0.971   0.388
  1968  -1.029   0.983   0.238
  1969  -0.635   0.810  -0.668
  1970   0.000   0.971  -0.985
  1971   0.936   0.946  -1.031
  1972   1.136   0.695  -1.105
  1973   1.877   0.516  -1.509
  1974   0.174   0.474  -1.463
  1975   0.757   0.577  -1.382
  1976   0.425   0.689  -1.392
  1977  -0.696   0.402  -1.005
  1978  -0.179   0.349  -1.064
  1979  -0.065   0.456  -1.440
  1980   0.329   0.203  -0.980
  1981   0.194  -0.015  -0.693
  1982   0.832  -0.513  -1.399
  1983   1.101  -0.496  -1.099
  1984   1.012  -0.571  -0.819
  1985   0.687  -0.761  -0.678
  1986   0.656  -0.869  -0.428
  1987  -0.201  -0.811  -0.280
  1988  -0.150  -0.982  -0.001
  1989  -0.392  -0.763  -0.485
  1990  -0.322  -0.964  -0.003
  1991  -1.283  -1.213  -0.412
  1992  -0.517  -1.400   0.009
  1993   0.066  -1.619  -0.053
  1994  -0.158  -1.438  -0.284
  1995   0.141  -1.534   0.056
  1996  -1.111  -1.361   0.372
  1997  -0.918  -1.351   0.119
  1998  -0.858  -1.667   0.458
  1999  -0.972  -1.633   0.835
  2000  -0.223  -1.505   0.639
