fram_drop_live.rwl -- no data title --                    1st itrdb line missing     
fram_drop_live.rwl -- no data title --                    2nd itrdb line missing     
fram_drop_live.rwl -- no data title --                    3rd itrdb line missing     
fram_d18702016  22656  22627  22936  22845  22896  23047  22799  23029  23168  2  trn
fram_d18802725  23302  22253  32267  32408  32965  43220  42999  42849  42988  4  trn
fram_d18902697  43080  43370  52806  63056  62818  72847  83323  83033  83042  8  trn
fram_d19003096  83598  83399  83864  83539  82970  83025  83147  82766  82555  8  trn
fram_d19102895  82004  82742  82546  82401  92287 102809 102836 102595 102244 10  trn
fram_d19202292 102334 101759 121562 121845 122294 132300 142831 142858 142541 15  trn
fram_d19301981 152223 162269 162473 172574 182434 202118 202146 212468 222067 22  trn
fram_d19402021 222086 222217 232226 231982 232249 232171 241716 242028 252018 26  trn
fram_d19502547 262573 262348 262407 262397 262585 262152 262371 262445 272247 27  trn
fram_d19602012 272044 281702 281892 281732 281701 281626 281834 281831 281841 28  trn
fram_d19701986 282218 282257 282298 281924 292128 292119 291868 291844 291840 29  trn
fram_d19801970 291962 292093 292259 292261 292152 292090 291805 291942 291878 29  trn
fram_d19901835 291469 291719 291806 291800 291896 291564 291644 291675 291668 29  trn
fram_d20001913 281785 281977 281984 281527 281516 271415 271563 261085 211100 21  trn
fram_d2010 671  4 579  3 400  2 459  2 267  1 180  1 348  19990  09990  09990  0  trn
fram_drop_live.rwl -- no data title --                    1st itrdb line missing     
fram_drop_live.rwl -- no data title --                    2nd itrdb line missing     
fram_drop_live.rwl -- no data title --                    3rd itrdb line missing     
fram_d1870 777  2 929  2 909  21011  2 986  21004  21051  2 955  21022  21058  2  std
fram_d1880 916  21093  2 983  31046  31013  3 912  41045  4 958  4 935  41047  4  std
fram_d18901040  41112  41118  5 861  6 923  6 919  7 884  81028  81000  8 996  8  std
fram_d19001030  81154  81148  81357  81253  81044  81054  81092  8 914  8 974  8  std
fram_d19101059  8 789  81061  8 960  8 885  9 971 101109 101038 10 962 10 877 10  std
fram_d1920 859 10 883 10 738 12 623 12 857 12 893 13 872 141116 141081 141037 15  std
fram_d1930 866 15 981 16 963 16 981 171123 181063 20 920 20 955 211141 22 936 22  std
fram_d1940 911 22 952 221089 23 992 23 953 231024 23 929 24 725 24 917 25 899 26  std
fram_d19501148 261189 261110 261148 261109 261216 26 986 261115 261209 271056 27  std
fram_d1960 947 27 949 28 751 28 878 28 799 28 791 28 793 28 917 28 922 28 931 28  std
fram_d19701008 281113 281129 281193 28 942 291054 291053 29 902 29 913 29 933 29  std
fram_d1980 994 291016 291057 291174 291184 291120 291087 29 920 291024 29 994 29  std
fram_d1990 954 29 783 29 965 29 987 291008 291056 29 864 29 928 29 938 29 967 29  std
fram_d20001086 281014 281171 281172 28 930 28 902 27 900 27 972 26 848 21 796 21  std
fram_d20101012  4 998  3 966  21010  2 936  1 911  1 994  19990  09990  09990  0  std
fram_drop_live.rwl -- no data title --                    1st itrdb line missing     
fram_drop_live.rwl -- no data title --                    2nd itrdb line missing     
fram_drop_live.rwl -- no data title --                    3rd itrdb line missing     
fram_d1870 830  21038  2 945  21062  2 981  21008  21047  2 924  21044  21050  2  res
fram_d1880 887  21143  21001  3 971  31004  3 897  41083  4 971  4 941  41082  4  res
fram_d18901006  41054  4 972  5 864  61001  6 950  7 916  81087  81010  81063  8  res
fram_d19001065  81227  81056  81322  81058  8 935  8 956  81054  8 863  8 999  8  res
fram_d19101079  8 752  81205  8 945  8 943  91065 101106 10 981 10 935 10 883 10  res
fram_d1920 948 10 955 10 825 12 757 121081 12 944 13 952 141196 141102 14 939 15  res
fram_d1930 799 151060 16 995 161035 171128 18 996 20 921 201010 211173 22 811 22  res
fram_d1940 942 221002 221106 23 962 23 928 231043 23 954 24 758 241061 25 932 26  res
fram_d19501215 261133 261013 261085 261033 261144 26 870 261137 261170 27 962 27  res
fram_d1960 907 27 974 28 765 281000 28 853 28 874 28 884 281024 28 964 28 979 28  res
fram_d19701049 281133 281079 281129 28 889 291082 291037 29 891 29 962 29 989 29  res
fram_d19801036 29 998 291053 291133 291074 291011 291035 29 879 291038 29 992 29  res
fram_d1990 966 29 793 291039 291034 29 997 291082 29 847 29 983 29 967 29 997 29  res
fram_d20001099 28 982 281122 281081 28 875 28 939 27 924 271032 26 838 21 858 21  res
fram_d20101085  4 936  3 986  21028  2 918  1 941  11045  19990  09990  09990  0  res
fram_drop_live.rwl -- no data title --                    1st itrdb line missing     
fram_drop_live.rwl -- no data title --                    2nd itrdb line missing     
fram_drop_live.rwl -- no data title --                    3rd itrdb line missing     
fram_d1870 777  2 928  2 909  21018  2 994  21009  21054  2 957  21025  21066  2  ars
fram_d1880 925  21105  21061  31007  31011  3 905  41037  4 995  4 941  41054  4  ars
fram_d18901038  41077  41017  5 873  6 939  6 920  7 875  81026  81027  81079  8  ars
fram_d19001108  81273  81203  81403  81276  81092  81009  81061  8 898  8 949  8  ars
fram_d19101055  8 775  81093  8 999  8 946  91039 101126 101052 10 967 10 865 10  ars
fram_d1920 879 10 894 10 762 12 609 12 893 12 890 13 896 141141 141176 141039 15  ars
fram_d1930 816 15 970 16 983 161029 171142 181075 20 965 20 995 211167 22 905 22  ars
fram_d1940 894 22 950 221082 231010 23 936 231013 23 964 24 728 24 928 25 896 26  ars
fram_d19501159 261213 261131 261154 261118 261203 26 985 261129 261232 271092 27  ars
fram_d1960 960 27 956 28 730 28 865 28 777 28 753 28 750 28 901 28 915 28 937 28  ars
fram_d19701020 281142 281155 281208 281007 291087 291086 29 940 29 933 29 958 29  ars
fram_d19801017 291011 291061 291163 291161 291101 291091 29 931 291005 29 999 29  ars
fram_d1990 969 29 769 29 925 29 998 291000 291084 29 894 29 930 29 934 29 966 29  ars
fram_d20001083 281030 281138 281154 28 963 28 921 27 884 27 975 26 822 21 759 21  ars
fram_d2010 967  4 921  3 948  21005  2 923  1 903  1 998  19990  09990  09990  0  ars
