  year  #   1       2       3       4       5       6       7       8       9      10      11      12      13      14      15      16      17      18      19      20      21      22      23      24      25
  1950   4.008  -1.510   0.481  -3.150  -0.811   1.062   1.968   1.043  -1.808   0.230  -1.396   0.588   0.086   0.362   0.440  -0.671   0.052   0.452   0.463   0.297  -0.082   0.084   0.278  -0.168   0.151
  1951   4.313  -2.600   0.477  -3.209   0.552   0.582   1.404   0.623   1.005  -0.998   0.993   0.637  -0.285   0.159  -0.297  -0.095  -0.490  -0.626  -0.273  -0.392  -0.100   0.407   0.080  -0.099   0.143
  1952   3.276  -3.400  -0.681  -2.713   0.205  -0.218  -0.415  -0.687   0.489  -0.347  -0.511   0.650   0.328   1.523  -0.401   0.335   0.365   0.255  -0.154   0.195  -0.424  -0.206   0.149   0.444  -0.335
  1953   4.609  -2.804   0.078  -1.449   0.570  -0.503   0.119  -1.689   0.199  -0.721   0.570  -0.451  -0.622  -1.559  -0.508   0.398  -0.077   0.213  -0.478  -0.071   0.150  -0.293  -0.337  -0.112  -0.058
  1954   3.148  -0.279  -0.184  -1.733  -0.024  -1.003  -1.781  -1.477  -0.047   1.437   1.117  -1.146  -0.175   0.055   1.175  -0.206  -0.216   0.294   0.379  -0.604   0.027  -0.415   0.159   0.040   0.065
  1955   4.286   2.124   1.205  -0.365   1.119  -3.324  -2.231  -1.059   0.756   0.787  -0.558   0.754   0.443  -0.311  -0.288  -0.013  -0.411  -0.191   0.191   0.500   0.531  -0.065   0.377  -0.392  -0.186
  1956  -0.546   3.561   0.197  -1.712  -2.127  -0.083  -0.219  -0.459  -0.764  -0.474   0.063   0.360   0.665  -0.300   0.359  -0.279   0.535  -0.087  -0.328  -0.032   0.087  -0.161   0.459   0.053   0.174
  1957   1.736   5.530   0.655  -0.979  -1.959   0.142   1.095   0.685   0.510  -0.375  -0.977  -0.549  -1.116  -0.334   0.507   0.030  -0.569  -0.519  -0.266  -0.247  -0.157  -0.155  -0.187  -0.174   0.089
  1958   3.480   4.784   1.043  -1.186  -0.564  -1.617   1.143   0.519   1.203  -0.623   0.439   0.327   0.362   0.647  -0.184   0.013  -0.137   0.020  -0.455   0.231  -0.336   0.340  -0.408   0.183  -0.011
  1959   0.648   3.537   0.630  -0.143  -0.191  -0.384  -0.207  -0.478  -0.253  -0.528   0.553   0.515  -0.389   1.009  -0.788   0.770   0.632   0.421   0.311  -0.381   0.335  -0.239  -0.213   0.009   0.044
  1960  -1.995   0.827   1.452   0.951   0.122  -0.994   0.164   1.207   0.730  -1.124  -0.567   1.173  -0.394  -0.710  -0.533  -0.097   0.626   0.779  -0.275   0.394   0.006  -0.348   0.470  -0.078  -0.054
  1961  -3.080   1.759   1.695   1.864  -0.274  -0.124  -0.582   1.099  -0.502  -0.279   1.630   0.758  -0.183   0.015  -0.435  -0.734  -0.423  -0.378   0.860  -0.380  -0.275  -0.158   0.161   0.375  -0.118
  1962  -5.604   0.631  -0.848   0.376  -0.154   2.479   1.428  -2.600   0.319  -1.274   0.592  -0.127   0.238   0.250  -0.355   0.245  -0.089  -0.397  -0.022  -0.132   0.010  -0.009   0.200  -0.385  -0.077
  1963  -3.284   1.335   1.152  -0.491  -0.217  -0.143  -0.548  -1.120   0.799   0.065  -0.745  -1.879   0.177   0.022  -0.001   1.232  -0.119   0.117   0.008   0.423  -0.337   0.438   0.019   0.103   0.045
  1964  -5.318  -1.603   0.666  -1.007  -0.121  -1.033  -0.170   0.049   0.357  -0.296   0.072  -0.643   0.016   0.651  -0.795  -0.172  -0.680  -0.472   0.243   0.559   0.165  -0.419   0.709   0.118   0.259
  1965  -4.969  -1.249   1.613  -1.210  -1.175  -0.484   0.718   0.152   0.511   0.982   0.522  -0.379  -0.530   0.566  -0.211  -0.443   0.170   0.590   0.479   0.312   0.670  -0.132  -0.416  -0.400   0.018
  1966  -4.593  -1.408   0.747  -0.246  -0.131  -1.931   0.807  -0.162  -0.355   0.421   0.019   1.160  -0.147  -0.115   0.678   0.428  -0.326   0.158   0.380  -0.701   0.653   0.307  -0.296   0.057   0.017
  1967  -2.519  -1.431   1.323   0.689   0.827  -1.547   1.220   0.289   2.161   0.999  -0.138   0.534   0.456  -0.269   0.422  -0.408  -0.543   0.374  -0.238  -0.065  -0.312   0.061  -0.191   0.022   0.384
  1968  -2.306  -1.199  -0.124   0.409   0.532  -1.757   1.565   0.152   1.760   0.877  -0.551  -0.417   0.786  -0.589   0.062  -0.404   1.071  -0.264  -0.078  -0.167  -0.136   0.453  -0.061   0.194  -0.183
  1969  -1.863  -0.876  -1.402   1.069  -0.606  -0.425   1.378   0.141  -0.350   0.157  -0.613   0.086   0.345  -0.273   0.083   0.501  -0.323   0.314  -0.345  -0.168  -0.220   0.213   0.525  -0.236  -0.181
  1970  -0.063   0.260  -1.842   1.671   0.224  -0.728   1.435   0.556  -0.734   0.390  -0.331  -0.625   0.414   0.573   0.178   0.160  -0.460   0.381  -0.216  -0.778  -0.285  -0.281  -0.046   0.089   0.160
  1971   2.877  -0.176  -1.407   2.974   1.106  -1.039   0.912  -1.321  -0.995   0.384  -0.373  -0.462  -0.963   0.873   0.298   0.359   0.916  -0.093   0.172   0.722  -0.265  -0.042   0.124  -0.240   0.443
  1972   2.867   0.009  -1.196   2.629   0.997  -0.292   1.865  -1.056   0.427  -0.101   0.014  -0.514   0.246  -0.176  -0.216  -0.753  -0.178  -0.573   0.071   0.250  -0.189  -0.359  -0.160  -0.018  -0.277
  1973   4.680   0.851  -2.689   1.951   1.344   0.174  -0.042  -0.262   0.168  -0.079   0.637  -0.458   0.916  -0.012  -0.668  -0.659  -0.202   0.124  -0.085  -0.456   0.399   0.104  -0.025   0.234   0.255
  1974   0.109  -0.633  -3.565   0.536  -1.591   1.443  -0.146   0.276   0.376  -0.321  -0.699   0.843   0.602  -0.761  -0.389   0.843  -0.445  -0.024   0.397   0.448   0.558   0.058  -0.153   0.455   0.086
  1975   1.989   0.224  -3.683   0.500  -1.096   0.554  -0.852   0.883   0.613   0.254   0.556   0.490   0.045  -0.676   0.347  -0.232   0.348  -0.003   0.717   0.691   0.028   0.208  -0.226  -0.365   0.258
  1976   1.378  -0.094  -3.488   0.811  -0.698   0.035   0.076   1.438   1.227   0.075   0.575   0.085  -1.149   1.043   0.789   0.207  -0.603   0.138   0.740   0.158  -0.164   0.044   0.129  -0.009  -0.502
  1977  -2.054   0.950  -2.551  -0.652  -0.765   1.037  -1.598   0.351   0.068   1.534  -0.976  -0.456  -0.552   0.122  -0.782   0.014  -0.284   0.746  -0.583  -0.234  -0.365  -0.252  -0.273   0.172  -0.047
  1978  -0.642  -1.093  -2.619  -0.249  -1.155  -1.304  -0.740   1.128  -1.154   0.002  -0.173  -0.063  -0.379  -0.199  -1.423  -0.393   0.593   0.140  -0.068  -0.465   0.075   0.457  -0.212  -0.310   0.012
  1979  -0.409  -0.791  -0.998   0.997  -1.934  -1.157  -0.994  -0.239  -0.732   0.648  -0.663   0.531   0.115   0.497   0.170   0.051   0.480  -1.264  -0.553  -0.563   0.198   0.321   0.475   0.069  -0.173
  1980   1.067  -2.239   0.048   0.862  -2.237  -1.780  -0.302   0.427  -0.933  -1.373   0.736  -0.170   0.355  -0.723   0.929   1.154  -0.088  -0.224  -0.163   0.070   0.207  -0.263  -0.105   0.259   0.098
  1981   0.117  -2.172   2.697   1.450  -1.545  -1.937  -0.276  -0.266  -2.273  -1.537  -0.153  -0.948   0.110   0.349  -0.260  -0.395  -0.509   0.447   0.162   0.205  -0.519   0.130  -0.475  -0.022  -0.078
  1982   1.234  -1.553   1.162   1.932  -1.631   1.557  -1.325  -0.607   1.059  -0.678  -0.455  -0.041  -1.414  -0.625   0.263  -1.119  -0.151   0.586  -0.525  -0.354  -0.079  -0.121   0.492   0.028  -0.003
  1983   2.294  -0.972   3.111   2.296  -1.079   1.800  -0.354  -0.951   1.483  -0.688  -0.838   0.150   0.080   0.839   0.591  -0.289   0.625   0.288  -0.009  -0.150   0.644   0.152  -0.263   0.106  -0.116
  1984   2.237  -0.779   3.157   1.737  -1.354   1.979  -0.460   1.499  -0.607   0.881   0.743  -0.081   0.867   0.028   0.117   0.002   0.091  -0.539  -0.200   0.715  -0.055   0.035  -0.226   0.004  -0.033
  1985   1.374   0.052   2.402   0.512  -0.132   1.789  -1.966   0.163   0.292   0.733  -0.275   0.162   1.222   0.007  -0.390   0.522   0.049   0.295   0.285  -0.457  -0.472   0.424  -0.156  -0.262  -0.038
  1986   1.679  -1.513   2.054   0.864   0.677   1.061  -0.113   0.590   0.499   1.010  -0.326   0.750   0.481   0.017  -0.608   0.837  -0.489  -0.564   0.329  -0.315  -0.508  -0.633   0.132  -0.331   0.263
  1987  -0.771   0.011   0.238  -0.720   0.250   1.184  -0.046  -1.917  -0.589   0.376  -1.698   0.349  -0.834   0.170  -0.253  -0.465  -0.487  -0.954   0.342  -0.075   0.475   0.124  -0.450   0.210   0.234
  1988  -0.409   0.917   1.394  -0.282   2.180   0.928   0.186   0.070  -1.115   0.293  -0.562   0.608  -0.670  -1.018   0.531   0.405  -0.060   0.461   0.420   0.008  -0.250   0.289   0.178   0.406   0.095
  1989  -1.236  -0.062   0.236   1.081   1.811   0.276  -0.648  -0.456  -0.797   0.728   1.339   1.253  -1.774   0.188   0.013   0.421  -0.339  -0.064  -0.964   0.461  -0.240   0.690   0.012  -0.018   0.010
  1990  -0.689   1.037  -0.393  -0.661   0.869   0.612   0.439  -2.042  -0.169  -0.363   0.623   0.362   0.378  -0.464  -0.073  -0.168  -0.092   0.521   0.744   0.222  -0.164   0.217   0.025   0.164  -0.365
  1991  -4.436   0.064  -1.712  -0.688   1.470   0.380  -1.081  -0.160  -0.730  -0.358  -0.192   1.402   0.910   0.344   1.087  -0.375  -0.128  -0.170  -0.961   0.246  -0.110  -0.678  -0.667  -0.335  -0.237
  1992  -1.707  -0.186  -0.269  -0.380   3.201  -0.185  -1.430   1.283   0.419  -1.466  -0.328  -0.013  -0.438   0.210   0.228  -0.077   1.036  -0.329   0.244  -0.234  -0.163  -0.322  -0.227   0.323   0.371
  1993  -0.180  -0.065   0.255  -0.290   3.011   0.097  -1.160   2.323  -0.269  -1.437  -1.013  -1.582  -0.128  -0.125   0.040   0.002  -0.550  -0.378   0.121  -0.075   0.449   0.309  -0.022  -0.346  -0.314
  1994  -0.460   1.113  -0.712   0.228   1.814   0.989   0.191   0.375  -0.263  -0.453  -0.603  -0.406   0.840   0.072   0.720   0.097   0.002   0.421   0.078  -0.100   0.240   0.026   0.374  -0.058  -0.069
  1995   0.657   0.880   0.223  -0.130   1.253   1.038   0.380   0.187  -1.243   0.194   1.380  -0.388   0.925   0.543   0.022  -0.202  -0.171   0.623  -0.660  -0.024   0.695   0.313   0.324  -0.058   0.219
  1996  -2.391   0.580  -0.840  -1.712  -0.260  -0.195  -0.995  -1.006  -0.845   0.017   0.208  -0.237   0.588  -0.617   0.185  -0.989   0.261  -0.422   0.290   0.226  -0.795   0.295  -0.028   0.073   0.013
  1997  -1.539   0.008  -1.174  -0.625  -0.759   0.695   0.137   0.511   0.555   0.012   0.442  -0.463   0.325  -0.255  -0.368  -0.055  -0.183   0.276  -0.346   0.413   0.097  -0.337  -0.091   0.104   0.128
  1998  -1.224  -0.726  -0.311  -1.215  -0.559   1.026   0.062   0.283   0.794  -0.288   1.144  -0.511  -0.326  -0.263   0.329   0.515   1.015  -0.273   0.293  -0.514  -0.320  -0.046   0.064  -0.403   0.002
  1999  -1.143  -0.564   0.736  -1.162   0.114   0.788  -0.059   1.156   0.318   1.155   0.692  -1.351  -0.427   0.028   0.156  -0.124   0.325  -0.396  -0.518   0.511   0.401   0.017   0.061   0.407  -0.096
  2000   1.362   0.932   1.563  -0.031   0.902   0.482   2.047   0.555  -1.573   1.545   0.057  -0.169  -0.426  -0.789  -0.497   0.276   0.628  -0.232   0.043  -0.124   0.226  -0.582  -0.065   0.117  -0.484
