  year  #   1       2       3       4       5       6       7       8       9      10      11      12      13      14      15      16      17      18      19      20      21      22      23      24
  1950   0.539  -2.934  -2.991  -0.778   0.936   2.423  -0.525   0.297  -0.410   0.249  -0.061  -1.168   0.121  -0.377   0.304   0.089  -0.277  -0.087   0.235  -0.069  -0.116  -0.177   0.240   0.050
  1951   1.293  -3.622  -2.515  -0.118   1.157   2.172   0.350   0.015   0.550   0.008  -0.015  -0.216   0.124   0.308  -0.274   0.329   0.326  -0.403   0.357   0.352  -0.072   0.026  -0.221  -0.029
  1952   0.592  -3.564  -3.104  -0.787   0.994   1.477   0.458   0.140  -0.222  -0.275   0.039   0.271   0.123  -0.104   0.172  -0.099   0.220   0.415  -0.126  -0.312   0.183  -0.136   0.137   0.076
  1953   0.256  -3.739  -2.876  -1.144   0.502   1.111   0.051  -0.719   0.428  -0.726  -0.272   0.690  -0.456   0.344  -0.136  -0.357  -0.369  -0.047  -0.250  -0.126   0.449  -0.038  -0.027  -0.076
  1954   1.351  -1.535  -3.029  -1.938   0.537  -0.879  -0.239  -0.652   0.420   0.327   0.287   0.301   0.353   0.395  -0.456   0.302  -0.101   0.137  -0.275   0.269  -0.239  -0.013  -0.095  -0.056
  1955   3.608  -0.886  -2.765  -1.984   0.311  -1.442   0.042  -0.087  -0.241  -0.143   0.187   0.184   0.611  -0.553  -0.580   0.422   0.488   0.080   0.181  -0.277  -0.405   0.305   0.105  -0.046
  1956   6.673   1.419  -2.762  -1.886  -0.206  -1.918   0.104   1.438  -0.070   0.920   0.409   0.622  -0.294   0.058   0.408   0.132   0.052  -0.153   0.306   0.024   0.194  -0.194  -0.023   0.165
  1957   5.677   1.538  -2.434  -0.603  -0.120  -1.446  -0.393   0.293  -0.096   0.363  -0.018  -0.418  -0.135   0.955  -0.026  -0.519  -0.468   0.260  -0.437   0.190   0.083  -0.229   0.054  -0.089
  1958   7.791   3.055  -1.853   1.194  -0.164   0.258  -2.708   1.011   0.232  -0.518  -1.418  -0.400  -0.474  -0.402   0.248  -0.165   0.295   0.030   0.014  -0.047   0.090   0.278  -0.107  -0.023
  1959   3.561   0.826  -0.709   1.460  -1.084  -0.231   0.773  -0.027   1.008   0.256   0.279  -0.239   0.160  -0.351   0.026  -0.149  -0.370  -0.036   0.673  -0.126   0.156   0.051   0.037  -0.312
  1960   4.832   1.682  -0.052   2.204  -0.911   1.129   0.610  -0.577   0.401  -1.110   0.236   0.199   0.739  -0.607  -0.256  -0.504   0.308  -0.183  -0.467   0.041  -0.088  -0.188  -0.033   0.189
  1961   4.177   1.378  -0.161   1.809  -2.308   0.783   0.917  -0.147  -0.689   0.050   0.993   0.819   0.414   0.557   0.504   0.059   0.504  -0.426  -0.197  -0.083  -0.112  -0.137   0.207  -0.176
  1962   3.175   0.178   0.176   1.971  -1.386   1.409   2.223  -0.542  -0.009   1.036   0.081   0.262  -0.207   0.316  -0.109   0.480  -0.468   0.249   0.287   0.069   0.177   0.369  -0.286   0.028
  1963   2.284  -0.057  -0.075   1.661  -0.749  -0.248   1.162  -0.273   0.101   0.252  -0.773  -0.412  -0.310   0.392  -0.141   0.290  -0.420   0.230  -0.463  -0.474  -0.200   0.020   0.044   0.246
  1964   2.433   0.082   0.640   0.533  -0.186  -0.340   0.425  -0.994   0.487  -0.774  -0.654  -0.192  -0.125  -0.713   0.268   0.081  -0.099   0.098  -0.075   0.558   0.018  -0.012   0.275   0.028
  1965   2.097  -0.686   1.709   0.508   0.259  -0.483   0.049  -1.262  -0.214  -0.163  -1.129  -0.967  -0.098  -0.049   0.034   0.379   0.022  -0.370  -0.183  -0.141  -0.217  -0.054  -0.101  -0.133
  1966   1.344  -0.942   1.030  -0.064   0.396  -1.306   1.017  -1.487  -0.475  -0.075  -0.141  -0.175  -0.350  -0.356  -0.709   0.109   0.568   0.343   0.189  -0.206   0.091   0.018  -0.207   0.082
  1967   2.368  -0.255   3.482   0.185   1.408  -0.040   0.126  -1.103  -1.150   0.495   0.190  -0.266  -0.313   0.334   0.175   0.190  -0.027  -0.008   0.319  -0.157   0.052  -0.386   0.112   0.011
  1968   3.320   0.063   3.198   0.050   2.241  -0.366  -0.802  -0.582  -1.997  -0.239  -0.027   0.209   0.516   0.603  -0.292   0.123   0.119  -0.025   0.176   0.124   0.319   0.233   0.192  -0.114
  1969   2.158  -0.852   2.130  -0.021   2.303   0.167  -0.453  -0.519  -0.112  -0.166   0.860   0.521   0.061  -0.121   0.526  -0.221  -0.341  -0.115  -0.363   0.275  -0.210   0.248  -0.283   0.291
  1970   2.237  -0.817   3.436   0.344   2.710  -0.415   0.165   1.004   0.808  -0.776   1.035  -0.181  -0.215   0.075   0.614  -0.541  -0.083   0.287   0.083  -0.418  -0.100   0.115  -0.077  -0.048
  1971   0.660  -1.149   2.329   0.720   1.680  -0.584   1.077   0.942   1.024   0.033   0.269   0.146  -0.522  -0.298  -0.417   0.168  -0.259  -0.246   0.058   0.221  -0.112  -0.125   0.172   0.079
  1972  -0.153  -1.810   2.569  -0.222   0.231  -0.316   0.729   0.408   0.635   0.995  -0.581  -0.230  -0.376  -0.398  -0.330  -0.468   0.134  -0.400  -0.194   0.221   0.033   0.000   0.272  -0.090
  1973  -0.257  -2.314   2.566  -0.608  -1.039  -0.211   0.972   1.303   0.252  -0.250  -0.200   0.074  -0.150   0.011  -0.235  -0.183   0.428  -0.050   0.062   0.181   0.054  -0.139  -0.112  -0.171
  1974  -1.134  -2.519   2.905  -0.685  -1.566   0.192   0.402   1.484   0.228  -0.156  -0.536  -0.285   0.769   0.732  -0.011   0.036   0.190   0.281  -0.133   0.192  -0.212   0.136   0.098   0.094
  1975   0.436  -1.339   3.785  -0.952  -0.949   0.941  -1.264   1.167   0.314   0.335  -0.673   0.257   0.792   0.140  -0.047  -0.190   0.079   0.549  -0.061  -0.214   0.104  -0.207  -0.322  -0.171
  1976  -0.013  -0.407   2.471  -0.956  -1.186   0.520  -1.383   0.893   0.644  -0.082   0.184  -0.102   0.185  -0.043   0.364   0.940  -0.340  -0.140   0.272  -0.039   0.017   0.117   0.079   0.099
  1977  -1.677  -2.270   0.895  -1.652  -1.168  -0.678  -0.510  -0.485   0.004   0.300   0.225   0.432  -0.056  -0.393   0.839   0.432  -0.037  -0.725  -0.554  -0.229   0.062   0.272   0.042  -0.138
  1978   0.520   0.252   1.557  -1.310  -1.731   0.170  -1.691  -1.058   0.281  -0.186   0.704   0.560  -0.290  -0.400  -0.456   0.088   0.013  -0.026   0.017   0.053  -0.167  -0.398  -0.144   0.051
  1979  -0.432  -0.670   1.938  -1.694  -2.479   0.197  -0.702  -0.644  -0.834  -0.101   0.037   0.354  -0.738  -0.618  -0.233  -0.313  -0.469   0.437   0.230   0.144   0.130   0.015   0.125   0.151
  1980  -1.864   0.261  -0.435  -0.981  -1.600  -0.181  -0.361  -0.449  -1.074   0.199   0.660  -1.693   0.306   0.041   0.043  -0.491  -0.151  -0.553   0.143  -0.041  -0.074   0.035  -0.208   0.086
  1981  -1.603   1.896  -0.418  -1.508  -0.737  -0.217   0.080  -0.816   0.882  -0.069   1.092  -0.792   0.215   0.156  -0.146  -0.606  -0.083   0.353  -0.029   0.171   0.094   0.339   0.072  -0.081
  1982  -3.010   3.499   0.409  -0.816   0.894  -0.460   0.506  -0.570   1.179   0.176  -0.043  -0.247   0.840  -0.088  -0.223   0.483  -0.318  -0.371  -0.294  -0.244   0.423  -0.210  -0.075  -0.027
  1983  -2.218   3.099  -0.548  -0.760   0.679  -0.047   0.792  -0.274   0.923   0.075   0.530  -0.317   0.026   0.164   0.437  -0.025   0.435   0.232   0.261   0.029  -0.222  -0.033  -0.008   0.087
  1984  -2.674   3.778  -0.036  -1.576   0.650   1.055   0.749  -1.127   0.052   0.745  -0.817   0.165  -0.311  -0.087   0.909   0.239   0.397   0.605  -0.085   0.346  -0.123  -0.054  -0.034  -0.125
  1985  -3.001   3.455   0.246  -1.241   0.691  -0.025   0.331   0.105   0.417  -0.886  -0.456  -0.156   0.305   0.333  -0.396   0.115   0.064   0.041   0.010  -0.201   0.167   0.024   0.203  -0.039
  1986  -2.337   3.281   0.308  -0.754   0.405   1.862  -0.448  -0.778   0.166   0.435  -0.420   0.888  -0.309   0.073  -0.202  -0.236  -0.205  -0.091   0.103  -0.441  -0.352   0.042   0.117  -0.017
  1987  -2.507   2.298   0.286  -0.416   0.165   0.933  -0.143  -0.141  -0.154   0.045  -0.023   0.170  -0.149   0.122   0.042  -0.689   0.447  -0.445   0.343  -0.038   0.238   0.080  -0.025   0.152
  1988  -2.516   2.231  -0.675  -0.220  -0.444   0.404   0.340   1.490  -0.311  -1.382   0.451  -0.089  -1.367   0.583  -0.442   0.286  -0.136  -0.346   0.057  -0.034  -0.213  -0.034  -0.036  -0.065
  1989  -2.957   1.426  -0.635  -0.515   0.350  -0.255   0.382   0.488  -0.664  -0.460  -0.681  -0.079  -0.650   0.405   0.124   0.263   0.209  -0.269  -0.273   0.240   0.058  -0.008  -0.224   0.007
  1990  -2.628   1.668  -1.061  -0.144   0.534  -0.922   1.009   1.220  -0.701   0.034  -1.245   0.728   1.068  -0.338   0.124  -0.256  -0.512  -0.261   0.397   0.063  -0.097  -0.084  -0.049   0.276
  1991  -3.296  -1.068  -1.205  -0.260  -0.297  -0.436   1.689   0.607  -1.113  -0.154  -0.195   0.178  -0.111  -0.555   0.285  -0.496  -0.225   0.122  -0.251  -0.076  -0.019   0.236   0.004  -0.229
  1992  -2.572   1.038  -0.809   0.536  -0.405   0.248   0.887   1.368  -1.203  -0.575   0.791  -0.163   0.094  -0.605   0.019   0.411   0.120   0.432  -0.121   0.028   0.043  -0.099  -0.002  -0.013
  1993  -2.971   1.359  -0.822   1.569   0.791   0.238  -0.731   0.438  -0.386  -0.106   0.624  -0.086   0.330  -0.644  -0.309   0.490  -0.107   0.063  -0.247   0.152   0.486   0.024  -0.103  -0.039
  1994  -1.919   1.836  -0.516   2.270   1.249   0.598  -1.782   0.643  -0.369   0.881   0.538   0.149   0.103  -0.150  -0.385   0.202  -0.284   0.237  -0.169   0.219  -0.310  -0.033   0.083  -0.244
  1995  -2.835  -0.078  -0.318   1.120   0.162   0.122  -0.899   0.285   0.155   1.237  -0.169   0.568  -0.123   0.210  -0.683  -0.489   0.250  -0.310  -0.072  -0.028  -0.035   0.277   0.072   0.076
  1996  -3.380  -0.998  -0.610   1.381  -0.516  -0.062  -0.545   0.206  -0.163   0.847   0.235  -0.594   0.156   0.357  -0.007  -0.176   0.234   0.215  -0.251  -0.004   0.069  -0.070   0.105   0.259
  1997  -4.207  -1.983  -1.469   1.811   0.596  -1.476  -0.320   0.000  -0.050   0.657  -0.132   0.008  -0.243  -0.495   0.248  -0.399   0.052  -0.035   0.095  -0.145  -0.178  -0.256  -0.220  -0.187
  1998  -3.690  -1.969  -0.922   2.056  -0.381  -1.157  -0.921  -0.226   0.797   0.238   0.147   0.045  -0.423   0.187   0.402   0.322   0.600   0.099   0.104  -0.041   0.361   0.026   0.121   0.178
  1999  -3.693  -1.286  -1.043   1.363  -0.681  -1.079  -0.824  -0.266   0.169  -0.524  -0.002   0.153  -0.204   0.238   0.011   0.312  -0.107   0.403   0.065  -0.167  -0.150   0.095   0.038   0.074
  2000  -3.839  -1.851  -1.215   1.845  -0.539  -1.188  -0.775  -1.439   0.149  -1.294  -0.405   0.515   0.584   0.658   0.374  -0.198  -0.300  -0.075   0.531   0.215  -0.130  -0.072   0.014  -0.099
