quru_drop_subcanopy.rwl -- no data title --               1st itrdb line missing     
quru_drop_subcanopy.rwl -- no data title --               2nd itrdb line missing     
quru_drop_subcanopy.rwl -- no data title --               3rd itrdb line missing     
quru_d18959990  09990  09990  09990  09990  01673  11594  11116  11750  12218  1  trn
quru_d19002575  11607  1 904  1 796  11186  1 862  1 455  1 207  1 247  1  70  1  trn
quru_d1910 322  1 207  1 515  1 987  21305  21713  21494  21815  31601  31862  3  trn
quru_d19202303  52652  51979  61956  62373  62193  71976  82085  82338  82212  8  trn
quru_d19302652 102657 112051 122570 121981 142163 152247 162351 162453 162046 17  trn
quru_d19402296 182100 181706 211486 221711 242019 241700 241549 241531 241566 24  trn
quru_d19501749 241814 241656 241526 251931 252088 252607 252559 253015 252468 25  trn
quru_d19602637 252506 252344 252143 252368 252116 251917 252212 252375 252298 25  trn
quru_d19702327 252106 251963 251930 251949 252199 262189 261752 262038 261841 26  trn
quru_d19801898 262088 262195 262216 262250 262279 262350 262287 262186 262087 26  trn
quru_d19902159 261682 262017 262078 262218 262001 261666 261269 261378 261453 26  trn
quru_d20001404 261664 261635 261757 261659 261684 261591 261675 251787 251917 25  trn
quru_d20101505  61500  41517  41102  41193  41089  4 825  4 593  29990  09990  0  trn
quru_drop_subcanopy.rwl -- no data title --               1st itrdb line missing     
quru_drop_subcanopy.rwl -- no data title --               2nd itrdb line missing     
quru_drop_subcanopy.rwl -- no data title --               3rd itrdb line missing     
quru_d18959990  09990  09990  09990  09990  01409  11352  11085  11401  11631  1  std
quru_d19001801  11277  1 891  1 816  11003  1 813  1 580  1 429  1 428  1 312  1  std
quru_d1910 420  1 333  1 468  1 494  2 693  2 951  2 785  2 969  3 811  3 844  3  std
quru_d19201019  51330  5 946  6 652  6 922  61045  71175  81037  81322  81276  8  std
quru_d1930 994 10 973 11 935 121123 12 824 141125 151145 161066 161202 16 937 17  std
quru_d19401078 18 949 18 835 21 707 22 820 241098 24 840 24 817 24 681 24 588 24  std
quru_d1950 744 24 823 24 621 24 550 25 844 251047 251313 251309 251652 251229 25  std
quru_d19601443 251275 251021 251072 251127 251029 25 928 251122 251277 251069 25  std
quru_d19701158 25 982 25 829 25 807 25 761 251046 261040 26 578 261055 26 810 26  std
quru_d1980 843 26 975 261090 261079 261000 261108 261146 261069 261047 26 929 26  std
quru_d19901033 26 650 26 974 261064 261242 261009 26 881 26 595 26 709 26 728 26  std
quru_d2000 696 261023 261002 261022 26 960 261025 261021 261053 251092 251282 25  std
quru_d20101330  61254  41369  41023  4 921  4 793  4 648  4 385  29990  09990  0  std
quru_drop_subcanopy.rwl -- no data title --               1st itrdb line missing     
quru_drop_subcanopy.rwl -- no data title --               2nd itrdb line missing     
quru_drop_subcanopy.rwl -- no data title --               3rd itrdb line missing     
quru_d18959990  09990  09990  09990  09990  01126  1 999  1 814  11286  11238  1  res
quru_d19001243  1 651  1 711  1 898  11129  1 831  1 779  1 800  1 911  1 815  1  res
quru_d1910 995  1 833  11023  1 901  21101  21168  2 839  2 991  31140  3 856  3  res
quru_d19201145  51234  5 870  6 732  61157  61089  71141  8 971  81240  8 971  8  res
quru_d1930 865 101037 11 946 121032 12 858 141110 151016 16 957 161079 16 816 17  res
quru_d19401087 18 902 18 856 21 827 22 965 241200 24 804 24 921 24 905 24 843 24  res
quru_d1950 999 24 935 24 823 24 810 251042 251148 251226 251034 251347 25 798 25  res
quru_d19601255 251029 25 863 251017 251054 25 957 25 905 251139 251166 25 904 25  res
quru_d19701111 25 903 25 872 25 903 25 918 251172 261022 26 601 261266 26 832 26  res
quru_d1980 960 261111 261036 261005 26 949 261058 261085 261021 26 935 26 928 26  res
quru_d19901058 26 692 261197 261095 261164 26 861 26 864 26 754 26 991 26 950 26  res
quru_d2000 873 261200 26 999 26 986 26 933 261029 261001 261069 251050 251104 25  res
quru_d20101171  61106  41118  4 766  4 878  4 881  4 888  4 623  29990  09990  0  res
quru_drop_subcanopy.rwl -- no data title --               1st itrdb line missing     
quru_drop_subcanopy.rwl -- no data title --               2nd itrdb line missing     
quru_drop_subcanopy.rwl -- no data title --               3rd itrdb line missing     
quru_d18959990  09990  09990  09990  09990  01192  11122  1 920  11250  11345  1  ars
quru_d19001492  1 975  1 766  1 708  1 940  1 777  1 690  1 598  1 669  1 598  1  ars
quru_d1910 774  1 677  1 866  1 800  21018  21162  2 967  21016  31129  3 944  3  ars
quru_d19201149  51291  51079  6 826  61052  61080  71225  81113  81342  81161  8  ars
quru_d19301022 101048 11 966 121031 12 871 141062 151029 161013 161094 16 876 17  ars
quru_d19401049 18 901 18 839 21 720 22 805 241068 24 845 24 888 24 812 24 746 24  ars
quru_d1950 849 24 835 24 743 24 662 25 842 251037 251262 251213 251509 251101 25  ars
quru_d19601393 251205 251057 251049 251075 251011 25 931 251104 251214 251061 25  ars
quru_d19701184 25 998 25 913 25 841 25 824 251067 261052 26 670 261104 26 822 26  ars
quru_d1980 940 261039 261077 261073 261010 261079 261129 261116 261025 26 960 26  ars
quru_d19901037 26 705 261064 261074 261261 261020 26 932 26 692 26 821 26 809 26  ars
quru_d2000 781 261077 261030 261057 26 971 261031 261015 261097 251111 251191 25  ars
quru_d20101291  61296  41322  4 977  4 906  4 791  4 768  4 460  29990  09990  0  ars
