quru_drop_subcanopy.rwl -- no data title --               1st itrdb line missing     
quru_drop_subcanopy.rwl -- no data title --               2nd itrdb line missing     
quru_drop_subcanopy.rwl -- no data title --               3rd itrdb line missing     
quru_d18959990  09990  09990  09990  09990  0   0  1   0  1   0  1   0  1   0  1  err
quru_d1900   0  1   0  1   0  1   0  1   0  1   0  1   0  1   0  1   0  1   0  1  err
quru_d1910   0  1   0  1   0  1 357  2 541  2 880  2 815  2 736  3  41  3  43  3  err
quru_d1920 270  5 631  5 321  6 327  6 365  6 262  7 393  8 371  8 448  8 432  8  err
quru_d1930 660 10 567 11 334 12 526 12 315 14 293 15 268 16 344 16 369 16 304 17  err
quru_d1940 286 18 273 18 251 21 237 22 247 24 319 24 272 24 252 24 246 24 271 24  err
quru_d1950 285 24 285 24 265 24 271 25 230 25 290 25 341 25 308 25 383 25 290 25  err
quru_d1960 318 25 313 25 294 25 251 25 288 25 243 25 183 25 256 25 281 25 286 25  err
quru_d1970 272 25 231 25 228 25 244 25 264 25 269 26 271 26 248 26 241 26 255 26  err
quru_d1980 197 26 214 26 222 26 207 26 252 26 247 26 262 26 265 26 240 26 252 26  err
quru_d1990 219 26 186 26 219 26 224 26 235 26 223 26 167 26 135 26 149 26 179 26  err
quru_d2000 182 26 157 26 186 26 222 26 232 26 235 26 177 26 168 25 216 25 250 25  err
quru_d2010 327  6 263  4 299  4 185  4 360  4 207  4 263  4 216  29990  09990  0  err
quru_drop_subcanopy.rwl -- no data title --               1st itrdb line missing     
quru_drop_subcanopy.rwl -- no data title --               2nd itrdb line missing     
quru_drop_subcanopy.rwl -- no data title --               3rd itrdb line missing     
quru_d18959990  09990  09990  09990  09990  0   0  1   0  1   0  1   0  1   0  1  err
quru_d1900   0  1   0  1   0  1   0  1   0  1   0  1   0  1   0  1   0  1   0  1  err
quru_d1910   0  1   0  1   0  1 124  2 270  2 521  2 503  2 463  3  35  3 132  3  err
quru_d1920  27  5 201  5  58  6 126  6 117  6  86  7 110  8  60  8 122  8  70  8  err
quru_d1930 119 10 113 11 115 12  83 12  85 14  49 15  50 16  78 16  73 16  73 17  err
quru_d1940  74 18  58 18  57 21  67 22  56 24  74 24  61 24  69 24  56 24  51 24  err
quru_d1950  54 24  64 24  55 24  52 25  68 25  69 25  80 25  64 25  61 25  53 25  err
quru_d1960  51 25  58 25  46 25  46 25  42 25  47 25  45 25  56 25  53 25  40 25  err
quru_d1970  54 25  55 25  49 25  52 25  62 25  59 26  35 26  52 26  49 26  59 26  err
quru_d1980  52 26  52 26  66 26  45 26  44 26  52 26  45 26  27 26  52 26  39 26  err
quru_d1990  50 26  38 26  27 26  31 26  30 26  34 26  37 26  34 26  41 26  47 26  err
quru_d2000  45 26  42 26  39 26  30 26  35 26  35 26  32 26  31 25  31 25  44 25  err
quru_d2010  70  6  71  4 102  4  99  4  17  4  61  4  60  4  36  29990  09990  0  err
quru_drop_subcanopy.rwl -- no data title --               1st itrdb line missing     
quru_drop_subcanopy.rwl -- no data title --               2nd itrdb line missing     
quru_drop_subcanopy.rwl -- no data title --               3rd itrdb line missing     
quru_d18959990  09990  09990  09990  09990  0   0  1   0  1   0  1   0  1   0  1  err
quru_d1900   0  1   0  1   0  1   0  1   0  1   0  1   0  1   0  1   0  1   0  1  err
quru_d1910   0  1   0  1   0  1  44  2 161  2 298  2  86  2 196  3  92  3 227  3  err
quru_d1920  63  5 131  5 146  6 151  6  97  6  88  7  90  8  52  8  47  8  60  8  err
quru_d1930  66 10  46 11  65 12  35 12  48 14  37 15  35 16  55 16  49 16  47 17  err
quru_d1940  73 18  37 18  31 21  49 22  38 24  51 24  47 24  55 24  36 24  23 24  err
quru_d1950  33 24  38 24  31 24  33 25  54 25  42 25  38 25  30 25  45 25  43 25  err
quru_d1960  30 25  41 25  27 25  30 25  31 25  36 25  33 25  36 25  40 25  31 25  err
quru_d1970  38 25  26 25  35 25  36 25  34 25  33 26  28 26  35 26  32 26  38 26  err
quru_d1980  51 26  50 26  53 26  25 26  24 26  37 26  33 26  23 26  46 26  29 26  err
quru_d1990  41 26  37 26  26 26  33 26  24 26  32 26  29 26  34 26  37 26  35 26  err
quru_d2000  26 26  37 26  34 26  24 26  33 26  26 26  31 26  31 25  31 25  36 25  err
quru_d2010  66  6  44  4  89  4  31  4  76  4  66  4   7  4  97  29990  09990  0  err
quru_drop_subcanopy.rwl -- no data title --               1st itrdb line missing     
quru_drop_subcanopy.rwl -- no data title --               2nd itrdb line missing     
quru_drop_subcanopy.rwl -- no data title --               3rd itrdb line missing     
quru_d18959990  09990  09990  09990  09990  0   0  1   0  1   0  1   0  1   0  1  err
quru_d1900   0  1   0  1   0  1   0  1   0  1   0  1   0  1   0  1   0  1   0  1  err
quru_d1910   0  1   0  1   0  1  35  2 126  2 233  2  67  2 153  3  72  3 177  3  err
quru_d1920  49  5 102  5 114  6 118  6  76  6  69  7  70  8  41  8  36  8  47  8  err
quru_d1930  52 10  36 11  51 12  27 12  38 14  29 15  28 16  43 16  38 16  37 17  err
quru_d1940  57 18  29 18  24 21  38 22  30 24  40 24  37 24  43 24  28 24  18 24  err
quru_d1950  26 24  30 24  24 24  26 25  42 25  33 25  30 25  24 25  35 25  33 25  err
quru_d1960  24 25  32 25  21 25  23 25  24 25  28 25  26 25  28 25  31 25  24 25  err
quru_d1970  30 25  20 25  27 25  28 25  27 25  26 26  22 26  28 26  25 26  29 26  err
quru_d1980  40 26  39 26  42 26  20 26  19 26  29 26  26 26  18 26  36 26  22 26  err
quru_d1990  32 26  29 26  20 26  26 26  19 26  25 26  23 26  27 26  29 26  28 26  err
quru_d2000  21 26  29 26  26 26  19 26  26 26  20 26  25 26  24 25  25 25  28 25  err
quru_d2010  52  6  34  4  69  4  24  4  60  4  52  4   5  4  76  29990  09990  0  err
