  year  #   1
  1950  -1.152
  1951  -1.221
  1952  -1.517
  1953  -1.811
  1954  -0.470
  1955   0.265
  1956   1.580
  1957   1.600
  1958   2.782
  1959   1.187
  1960   1.865
  1961   1.277
  1962   0.565
  1963   0.477
  1964   0.602
  1965   0.203
  1966  -0.135
  1967   0.202
  1968   0.785
  1969   0.148
  1970   0.317
  1971  -0.254
  1972  -0.959
  1973  -1.216
  1974  -1.502
  1975  -0.538
  1976  -0.201
  1977  -1.849
  1978   0.075
  1979  -0.783
  1980  -0.358
  1981   0.387
  1982   0.694
  1983   0.683
  1984   0.500
  1985   0.758
  1986   0.655
  1987   0.479
  1988   0.431
  1989   0.039
  1990   0.336
  1991  -1.160
  1992   0.192
  1993   0.426
  1994   0.916
  1995  -0.155
  1996  -0.721
  1997  -1.516
  1998  -1.166
  1999  -0.738
  2000  -1.002
