 % variance  0.294   0.199   0.191
 cumulative  0.294   0.493   0.683
 series_id   #  1       2       3
  101136    -0.301   0.867  -0.145
  100540     0.330  -0.796  -0.108
  60143      0.845   0.106  -0.018
  60345      0.073   0.258  -0.592
  90529      0.138   0.013   0.915
  121186     0.825   0.053   0.100
  131087     0.502   0.439   0.041
  80330      0.793  -0.375   0.225
  182060     0.283   0.653  -0.423
  121329     0.914  -0.192   0.136
  180952     0.703  -0.163   0.441
  32516     -0.061   0.354  -0.172
  92250A     0.740  -0.215   0.202
  50046      0.841  -0.338  -0.118
  202496     0.275   0.326   0.835
  42092      0.222   0.058   0.813
  60522      0.787  -0.483   0.126
  82115      0.708   0.042   0.145
  10636     -0.055   0.931   0.105
  120911A   -0.232   0.591   0.032
  52343A     0.711  -0.200   0.256
  192112A    0.235  -0.033   0.608
  202248A   -0.045   0.671  -0.631
  112082     0.111  -0.386   0.758
