 eigenvalue  8.923   3.927   3.545   1.544   1.258   0.897   0.844   0.675   0.423   0.339   0.325   0.244   0.205   0.169   0.136   0.130   0.094   0.091   0.072   0.046   0.041   0.031   0.022   0.019
 eval sderr  1.767   0.778   0.702   0.306   0.249   0.178   0.167   0.134   0.084   0.067   0.064   0.048   0.041   0.034   0.027   0.026   0.019   0.018   0.014   0.009   0.008   0.006   0.004   0.004
 % variance  0.372   0.164   0.148   0.064   0.052   0.037   0.035   0.028   0.018   0.014   0.014   0.010   0.009   0.007   0.006   0.005   0.004   0.004   0.003   0.002   0.002   0.001   0.001   0.001
 cumulative  0.372   0.535   0.683   0.747   0.800   0.837   0.872   0.901   0.918   0.932   0.946   0.956   0.965   0.972   0.977   0.983   0.987   0.990   0.993   0.995   0.997   0.998   0.999   1.000
 brokn stck  3.776   2.776   2.276   1.943   1.693   1.493   1.326   1.183   1.058   0.947   0.847   0.756   0.673   0.596   0.524   0.458   0.395   0.336   0.281   0.228   0.178   0.131   0.085   0.042
 series_id   #  1       2       3       4       5       6       7       8       9      10      11      12      13      14      15      16      17      18      19      20      21      22      23      24
  101136    -0.227   0.268   0.187  -0.099   0.097   0.080  -0.068   0.168   0.052   0.172  -0.016   0.006  -0.056   0.097  -0.365  -0.469   0.233  -0.316   0.072  -0.045   0.085   0.263   0.175   0.342
  100540     0.187  -0.195  -0.287  -0.206   0.194   0.308  -0.087   0.085   0.070   0.093   0.018  -0.023   0.198   0.084  -0.104   0.103   0.099  -0.044   0.276  -0.024   0.245  -0.302   0.565  -0.118
  60143      0.206   0.289  -0.072  -0.038   0.023  -0.247   0.036   0.262  -0.061   0.634   0.105   0.216  -0.045   0.097   0.118   0.203  -0.046   0.026  -0.005  -0.251   0.292  -0.103  -0.200   0.060
  60345     -0.103   0.208  -0.211   0.376   0.411   0.129  -0.119   0.254   0.061  -0.003   0.225  -0.280  -0.163  -0.244  -0.191   0.304   0.009   0.057  -0.187  -0.047  -0.278  -0.079   0.047   0.148
  90529      0.166  -0.089   0.404   0.102   0.100  -0.062  -0.170   0.051  -0.115  -0.098  -0.202   0.094  -0.175  -0.113  -0.330  -0.040   0.066   0.564   0.276  -0.018   0.134  -0.253  -0.073   0.181
  121186     0.225   0.245  -0.030  -0.208  -0.028  -0.352  -0.040  -0.120   0.216   0.184   0.292  -0.226   0.245  -0.201  -0.054  -0.270  -0.103   0.228   0.068   0.425  -0.211  -0.071   0.112  -0.012
  131087     0.075   0.309   0.076   0.050  -0.108   0.602  -0.204  -0.340  -0.379   0.268  -0.005   0.061   0.097   0.035  -0.069  -0.104  -0.146   0.090  -0.196   0.076  -0.108  -0.104  -0.061  -0.121
  80330      0.297   0.053  -0.079   0.136  -0.139   0.129   0.111   0.073   0.106  -0.137  -0.148   0.333   0.363  -0.189   0.214   0.013   0.060   0.101  -0.226  -0.031  -0.066   0.087   0.182   0.585
  182060    -0.080   0.396  -0.057  -0.211   0.244   0.080   0.248  -0.118   0.123  -0.035  -0.346  -0.073  -0.193   0.217   0.341   0.046   0.453   0.233   0.034   0.109  -0.135  -0.110  -0.003  -0.024
  121329     0.290   0.172  -0.086   0.072   0.064   0.026   0.004   0.119   0.103  -0.060  -0.285  -0.138  -0.179   0.184  -0.033  -0.053  -0.446   0.240  -0.012  -0.091   0.076   0.548   0.249  -0.195
  180952     0.274   0.077   0.083  -0.105  -0.114  -0.306  -0.106  -0.293  -0.326   0.026  -0.119  -0.083   0.004  -0.090  -0.219   0.390   0.316  -0.198   0.039  -0.205  -0.270   0.218   0.241  -0.024
  32516     -0.092   0.144   0.019   0.675  -0.124  -0.186  -0.183  -0.121  -0.058  -0.043   0.178  -0.021   0.144   0.289   0.201  -0.065   0.270   0.080   0.111   0.102   0.245   0.041   0.234  -0.114
  92250A     0.256   0.103  -0.043  -0.043   0.165   0.008  -0.187  -0.371   0.399  -0.229   0.334   0.470  -0.324   0.158  -0.133   0.013   0.013  -0.108  -0.091  -0.057   0.025  -0.020  -0.055  -0.023
  50046      0.255   0.131  -0.230   0.037   0.085  -0.164  -0.109   0.054  -0.233  -0.251  -0.270  -0.152   0.015   0.309  -0.143   0.020  -0.162  -0.344  -0.048   0.382   0.150  -0.251  -0.225   0.235
  202496     0.146   0.083   0.432   0.050   0.140  -0.130   0.143  -0.028   0.081  -0.110  -0.036  -0.238   0.095   0.072   0.106  -0.204  -0.147  -0.168  -0.365  -0.412  -0.002  -0.416   0.210  -0.104
  42092      0.168  -0.032   0.360  -0.077   0.305   0.165  -0.272   0.002  -0.038  -0.029   0.188  -0.169   0.077   0.043   0.484   0.107  -0.124  -0.179   0.414  -0.002  -0.084   0.187  -0.131   0.209
  60522      0.297   0.024  -0.150   0.021  -0.028   0.171  -0.051  -0.036   0.209  -0.106   0.000  -0.353   0.283  -0.138  -0.136  -0.124   0.358   0.034  -0.016  -0.270   0.264   0.151  -0.476  -0.145
  82115      0.203   0.201   0.000  -0.097  -0.165   0.124   0.439   0.292  -0.384  -0.357   0.495   0.021  -0.105   0.105  -0.045  -0.071   0.071   0.074   0.151  -0.049  -0.041   0.004   0.025  -0.045
  10636     -0.135   0.328   0.290  -0.130   0.088   0.023   0.017   0.057   0.002  -0.207  -0.018   0.110   0.102  -0.419  -0.001   0.306  -0.019  -0.112  -0.138   0.292   0.497   0.101   0.088  -0.211
  120911A   -0.142   0.156   0.190  -0.195  -0.502   0.109  -0.283   0.243   0.335  -0.100   0.050  -0.150   0.102   0.371  -0.112   0.363  -0.024   0.106  -0.053  -0.024  -0.102  -0.092  -0.002   0.078
  52343A     0.254   0.092  -0.011   0.144  -0.342   0.084  -0.230   0.317   0.118   0.017  -0.194   0.066  -0.370  -0.347   0.206  -0.196   0.123  -0.278   0.145   0.075  -0.163  -0.176   0.046  -0.236
  192112A    0.155  -0.034   0.242   0.330  -0.086   0.187   0.557  -0.158   0.306   0.236  -0.067  -0.065  -0.005   0.046  -0.232   0.222  -0.070  -0.213   0.259   0.207  -0.050  -0.022  -0.056   0.021
  202248A   -0.200   0.338  -0.111   0.085   0.120  -0.096  -0.009   0.050   0.044  -0.186  -0.178   0.319   0.422  -0.035  -0.129  -0.028  -0.199  -0.071   0.418  -0.259  -0.272  -0.100  -0.124  -0.219
  112082     0.195  -0.228   0.234   0.032   0.277   0.001  -0.047   0.385  -0.023   0.089  -0.021   0.262   0.245   0.243  -0.093  -0.004   0.243   0.002  -0.273   0.275  -0.267   0.142  -0.088  -0.337
