 % variance  0.287   0.217   0.198
 cumulative  0.287   0.504   0.702
 series_id   #  1       2       3
  101136    -0.245   0.888  -0.164
  100540     0.308  -0.874   0.062
  60143      0.837   0.045  -0.041
  60345      0.120   0.143  -0.683
  90529      0.197   0.077   0.872
  121186     0.829   0.102   0.140
  131087     0.560   0.334  -0.016
  80330      0.729  -0.439   0.306
  182060     0.472   0.432  -0.576
  121329     0.895  -0.256   0.144
  180952     0.696  -0.069   0.510
  32516      0.007   0.599  -0.106
  92250A     0.707  -0.296   0.189
  50046      0.775  -0.436  -0.150
  202496     0.419   0.527   0.659
  42092      0.336   0.069   0.750
  60522      0.714  -0.538   0.225
  82115      0.733  -0.028   0.108
  10636      0.069   0.937   0.052
  120911A   -0.181   0.644   0.023
  52343A     0.613  -0.207   0.379
  192112A    0.277   0.089   0.657
  202248A    0.039   0.588  -0.719
  112082     0.116  -0.382   0.742
