  year  #   1       2       3       4       5       6       7       8       9      10      11      12      13      14      15      16      17      18      19      20      21      22      23      24
  1950  -3.087  -1.535  -0.413   2.351   1.394   1.520  -0.180   0.945  -0.679   0.018  -0.064  -0.710   0.752   0.948  -0.329   0.334   0.016   0.403  -0.011  -0.775  -0.163  -0.089  -0.119   0.168
  1951  -3.270  -0.386  -0.917   2.422   3.112   0.291  -0.902   0.543  -0.460   0.691   0.009  -0.385   1.765  -0.428   0.585  -0.184   0.091   0.208  -0.488   0.337  -0.199   0.190  -0.067  -0.309
  1952  -4.065  -1.908  -1.387   1.793   1.909  -0.780  -0.110   0.924   0.357   0.403   0.758  -0.281   0.013   0.079  -0.078  -0.511   0.035  -0.351   0.664  -0.143   0.364   0.221   0.007   0.240
  1953  -4.852  -2.079  -0.890   1.207   0.983  -0.116  -0.764   0.097   1.573  -0.223   0.126   0.096   0.362  -0.497  -0.119   0.040  -0.659  -0.146   0.317   0.771  -0.037  -0.372  -0.137   0.139
  1954  -1.259  -3.511  -1.087   1.227  -1.645  -0.541  -0.864  -1.240  -0.078   0.326  -0.327  -0.323   0.046  -0.536   0.826   0.088   0.880   0.130  -0.131  -0.149  -0.018   0.588  -0.239  -0.290
  1955   0.711  -2.496  -3.006   1.689  -1.993  -1.427   0.261  -0.814  -0.116   0.901   0.794  -0.460   0.200  -0.270  -0.723  -0.096   0.946   0.328   0.029  -0.365  -0.285  -0.393   0.307  -0.023
  1956   4.234  -1.398  -4.093   1.763  -1.431  -1.160   1.845  -0.665  -0.679   0.872  -0.637   0.933   0.556   0.319   0.051  -0.164  -0.467  -0.264   0.014   0.277  -0.129  -0.239  -0.001   0.149
  1957   4.286  -0.941  -2.608   0.359  -0.552  -0.832   0.210  -0.221  -0.954  -1.012  -1.161   0.288  -0.297  -0.521   0.453  -0.634  -0.740  -0.029   0.009   0.088   0.019   0.321   0.177   0.161
  1958   7.456   0.638  -3.329   1.528   0.794   0.849  -0.578  -0.114   0.345  -1.559   0.037  -1.035   0.051   0.784  -0.473   0.268  -0.254  -0.660   0.091  -0.054   0.299   0.043  -0.299  -0.075
  1959   3.180   0.689  -0.415  -1.644   1.323  -0.195  -0.479  -1.202  -0.706   0.610   0.188   0.018   0.265   0.147  -0.011   0.619  -0.180   0.939   0.527   0.044   0.558  -0.250  -0.020  -0.342
  1960   4.997   1.644  -0.460  -1.583   1.964  -0.178  -0.668   0.017   0.507   0.654   1.079  -0.285  -0.082  -0.842  -0.546   1.103   0.138  -0.266  -0.345  -0.288  -0.431  -0.025  -0.048   0.201
  1961   3.421   1.271  -1.491  -2.796   1.447   0.137   0.573   0.695  -0.179   1.117   0.112   0.567  -0.002  -0.580   1.423   0.593   0.140  -0.397   0.148  -0.427  -0.008   0.098   0.022  -0.152
  1962   1.515   1.378  -0.257  -2.419   2.143  -0.629   0.221   0.780  -0.193   1.205  -0.572   0.343   0.179   0.401   0.211  -1.042   0.228   0.268   0.191   0.439  -0.104  -0.272  -0.221  -0.141
  1963   1.279   0.709   0.212  -2.522   1.316  -1.529  -0.261  -0.374  -0.218  -0.727  -0.809  -0.794   0.185   0.432   0.274  -0.718   0.251   0.188   0.356  -0.083  -0.439  -0.188  -0.092   0.421
  1964   1.613   0.862   0.187  -1.286  -0.171  -1.211  -1.040  -0.100   0.580   0.214   0.701  -0.672   0.380   0.910  -0.651   0.021  -0.421  -0.097  -0.680   0.111   0.402   0.396   0.179  -0.125
  1965   0.544   1.817   0.890  -0.928  -0.837  -1.133  -1.508   0.250  -0.411  -0.627  -0.134  -1.280   0.701   0.632  -0.267  -0.412  -0.047  -0.309  -0.146   0.098  -0.383  -0.174   0.389  -0.278
  1966  -0.362   0.478   1.264  -0.709  -0.951  -2.244  -1.382   0.245  -0.753   0.311  -0.258  -0.185   0.637  -0.733  -0.856   0.044   0.756  -0.170   0.424   0.142   0.207   0.068  -0.093   0.072
  1967   0.541   2.783   2.001   0.970  -1.445  -0.982  -0.739   1.385  -0.370   0.351  -1.037   0.444   0.348   0.049   0.364  -0.169   0.161  -0.126   0.209  -0.213   0.309   0.219   0.249   0.216
  1968   2.102   2.379   1.187   2.672  -1.643  -1.095  -0.323   1.835   0.211  -0.104  -0.074  -0.667  -0.558  -1.184   0.690  -0.044   0.154   0.246   0.059   0.171   0.627  -0.322  -0.046  -0.101
  1969   0.395   1.607   0.833   2.318  -0.395  -1.417  -1.051   1.032   0.425   0.112   0.644   0.685  -0.848   0.131   0.266  -0.060  -0.326  -0.039  -0.361  -0.073  -0.730   0.030  -0.400   0.156
  1970   0.848   2.563   1.556   2.544   0.244  -1.455   0.102  -0.650  -0.215  -0.732   1.380   1.443  -0.061  -0.167  -0.391  -0.483  -0.563  -0.034   0.324  -0.628  -0.234  -0.089  -0.239  -0.265
  1971  -0.682   1.726   2.015   1.759   0.677  -1.768   0.572  -1.282   0.092  -0.326   0.334   0.663   0.352   0.493   0.336   0.503  -0.029   0.825  -0.200   0.083   0.172  -0.022   0.148   0.333
  1972  -2.569   2.285   1.596   0.953  -0.228  -0.143   0.429  -0.929  -0.867   0.072  -1.405   0.072   0.195   0.354  -0.676   0.515  -0.070  -0.213  -0.686  -0.102   0.088  -0.123   0.044   0.010
  1973  -3.257   2.637   0.070  -0.389  -0.337   0.068   1.701  -0.729  -0.522   0.004   0.374   0.165   0.858  -0.464  -0.317   0.305   0.025  -0.348  -0.057   0.208  -0.007   0.109   0.147  -0.034
  1974  -4.024   3.129   0.388  -0.954  -0.374   1.091   1.952  -0.950  -0.306  -0.139   0.475  -1.014   0.182  -0.559   0.545  -0.467  -0.130  -0.043   0.057  -0.302   0.049   0.382  -0.303   0.050
  1975  -1.442   3.684  -0.789   0.859  -0.796   2.445   0.769  -0.892   0.222   0.402   0.491  -0.910  -0.628  -0.302  -0.330  -0.556  -0.133  -0.281   0.718   0.210  -0.386  -0.028   0.189  -0.348
  1976  -0.540   2.115  -0.913   0.351  -0.916   2.048   0.315  -0.642   0.313  -0.040   0.958  -0.137   0.195   1.048   0.751  -0.430   0.094   0.513  -0.073   0.144   0.284  -0.131   0.167   0.115
  1977  -4.954   0.211  -1.479  -0.732  -2.224   0.007  -0.569   0.310  -0.269   0.523   0.560   0.427  -0.733   1.195   1.247   0.719  -0.067  -0.747  -0.146  -0.207   0.100  -0.443  -0.051  -0.086
  1978   0.200   1.065  -2.254  -0.377  -1.633   1.567  -1.538   0.285   0.396   0.335   0.424   0.697   0.131  -0.166  -0.136   0.395   0.138   0.181   0.033   0.545  -0.282   0.479   0.424   0.329
  1979  -2.098   1.940  -1.802  -1.991  -2.608   0.933   0.092   1.037   0.888   0.437  -0.934   0.758   0.309   0.209  -1.036   0.286  -0.165   0.779   0.055   0.201  -0.071   0.187  -0.658  -0.005
  1980  -0.960  -2.203   0.004  -1.642  -1.302   1.555  -0.352   1.753  -2.750  -1.177   0.445  -0.618   0.129  -0.162   0.060   0.419  -0.335   0.518   0.140  -0.137  -0.122  -0.327   0.000   0.084
  1981   1.036  -2.697   0.941  -0.838  -0.646   1.523  -0.766  -0.242  -1.123  -0.037   0.593   0.890  -0.173  -0.659  -0.561  -0.743  -0.614   0.140  -0.455   0.031   0.222  -0.026  -0.141  -0.279
  1982   1.860  -2.243   3.960  -0.885  -0.775   0.273  -0.881  -1.463  -0.417   0.524   0.536  -0.290  -0.239   0.227   0.605   0.122   0.184  -0.205   0.132   0.591  -0.430  -0.221  -0.164   0.160
  1983   1.831  -2.546   2.073  -0.103   0.455   0.503  -0.188  -0.457  -0.776   0.573   0.640   0.670   0.103   0.122   0.219  -0.319  -0.479  -0.050  -0.071  -0.147   0.029   0.236   0.029  -0.039
  1984   1.341  -2.180   2.510  -0.500  -0.693   0.636  -0.164   0.343   0.676   1.441  -0.765   0.004  -0.005   1.198  -0.256  -0.445  -0.134  -0.277   0.110  -0.196  -0.002   0.358  -0.068  -0.200
  1985   2.030  -1.832   2.714  -0.010  -1.275   0.836   0.398  -0.682   0.690  -0.546   0.444  -0.358   0.166  -0.652  -0.136  -0.160   0.219  -0.111   0.105  -0.050   0.306  -0.055  -0.015   0.234
  1986   1.756  -1.038   1.759   0.832   0.206   1.942  -0.410   0.008   1.711   0.998  -1.034   0.221   0.066   0.169  -0.115  -0.059  -0.195   0.039   0.359  -0.474   0.038  -0.301   0.392   0.237
  1987   1.283  -0.602   1.593   0.618   0.185   1.625   0.047   0.452   0.061   0.334  -0.262   0.049   0.416  -0.651  -0.366   0.639  -0.526  -0.542   0.319  -0.105   0.113   0.047  -0.044  -0.025
  1988   1.156  -1.424   1.083  -0.925   0.149   0.600   2.021   0.466   1.313  -2.034   0.006   1.231   1.497  -0.009   0.417   0.358   0.276   0.203   0.068   0.092  -0.184  -0.044   0.174  -0.095
  1989   0.104  -1.390   1.153  -0.429  -0.952  -0.592   1.162   0.706   0.719  -1.282  -0.498  -0.354   0.659   0.215   0.434   0.134   0.248  -0.658  -0.097   0.178  -0.237   0.051  -0.031  -0.309
  1990   0.901  -1.553   0.626   0.280  -0.149  -1.245   2.615  -0.214   0.574   0.649  -0.354  -1.808  -0.724   0.042   0.248   0.508  -0.689   0.443  -0.197   0.121   0.045   0.161  -0.321   0.272
  1991  -3.109  -1.655   0.081  -1.204   0.587  -1.749   2.429   0.930   0.187   0.393  -0.045   0.040  -0.957  -0.050  -0.681  -0.119  -0.353  -0.085  -0.298   0.068   0.065  -0.276   0.329  -0.378
  1992   0.513  -0.637  -0.184  -0.991   0.681   0.027   2.295   1.163  -0.161   0.180   1.203   0.398  -0.365   0.143  -0.563  -0.260   0.970  -0.133  -0.182  -0.079   0.164   0.225   0.184   0.199
  1993   1.142  -0.570   0.710   0.465   0.927   0.739  -0.048   0.563   0.005  -0.438   1.064   0.092  -1.074   0.304  -0.291   0.145   0.740  -0.076  -0.157   0.756   0.179  -0.074  -0.209   0.021
  1994   2.453   0.484   0.039   1.901   1.179   1.120  -0.200   0.332   0.303  -0.772  -0.519   0.185  -1.418   0.527   0.257  -0.153   0.633   0.683  -0.197   0.078  -0.096   0.207   0.212  -0.329
  1995  -0.416   0.468   0.076   1.195   1.123   1.395  -0.116  -0.734   0.136   0.142  -1.977   0.037  -0.634  -0.898  -0.096   0.375   0.421  -0.049  -0.367  -0.018  -0.104  -0.351   0.022  -0.212
  1996  -1.932   0.339  -0.185  -0.403   1.164   1.361   0.133  -0.066  -1.126  -0.287  -0.752   0.189  -0.990  -0.461  -0.233  -0.525   0.052  -0.226  -0.385  -0.009  -0.125   0.104   0.130   0.509
  1997  -4.063  -1.018   0.087  -0.391   1.151  -1.573  -0.484  -0.520  -0.664  -0.840  -0.545   0.347  -1.260   0.452  -0.263   1.029  -0.233   0.094   0.920   0.128  -0.159   0.482   0.226  -0.193
  1998  -3.124   0.231  -1.237  -0.800   1.279  -0.017  -1.221  -1.126  -0.246  -0.446  -0.277   0.655  -0.013   0.220   0.052  -0.121   0.214  -0.723  -0.213   0.112   0.636  -0.203  -0.120   0.221
  1999  -1.978  -0.592  -1.158  -2.154  -0.303  -0.248  -0.655  -0.717   1.209  -1.062  -0.394   0.417  -0.308  -0.089  -0.203  -0.424   0.732   0.077  -0.027  -0.671   0.076  -0.148  -0.360  -0.049
  2000  -2.685  -0.699  -1.254  -2.450  -0.119  -0.834  -1.700  -0.070   1.741  -0.379   0.459  -0.459  -0.333  -0.871   0.390  -0.263  -0.936   0.448  -0.404  -0.326   0.014  -0.018   0.362  -0.011
