  year  #   1
  1950  -0.002
  1951  -0.423
  1952  -1.168
  1953  -1.244
  1954   0.917
  1955   0.772
  1956   1.828
  1957   0.755
  1958   2.537
  1959  -1.104
  1960   1.314
  1961   0.295
  1962  -0.565
  1963   0.081
  1964   0.596
  1965  -0.175
  1966  -0.675
  1967   0.846
  1968   1.113
  1969  -0.461
  1970   0.490
  1971  -0.609
  1972  -0.957
  1973  -0.786
  1974  -0.687
  1975   0.978
  1976   0.170
  1977  -2.688
  1978   1.495
  1979  -0.990
  1980  -0.481
  1981   1.071
  1982   0.242
  1983   0.119
  1984  -0.001
  1985   0.516
  1986   0.514
  1987   0.132
  1988  -0.085
  1989  -0.226
  1990   0.383
  1991  -2.138
  1992   1.142
  1993   0.706
  1994   1.100
  1995  -0.879
  1996  -1.006
  1997  -1.486
  1998  -0.091
  1999  -0.258
  2000  -0.929
