  year  #   1       2       3       4       5       6       7       8       9      10      11      12      13      14      15      16      17      18      19      20      21      22      23      24      25      26      27      28      29      30      31      32      33      34      35      36      37      38      39      40      41      42      43      44      45      46      47      48      49      50      51
  1950  -1.815   6.522   2.281  -3.185   0.262   1.100  -0.486   3.100   0.469   0.719  -0.031   0.991   0.519  -0.474  -2.183  -0.131  -0.312   0.171   0.020  -0.020   0.198   0.013  -1.004   0.014   0.422  -0.248   0.262  -0.128  -0.203  -0.034  -0.176  -0.357   0.345  -0.134   0.114  -0.023   0.091  -0.121   0.289   0.334   0.017   0.052  -0.014   0.060   0.117   0.020   0.096  -0.120  -0.039  -0.063   0.000
  1951  -1.844   6.516   3.690  -2.820  -0.536   1.798  -0.291   1.187   0.597  -0.084  -1.412   1.268  -0.623   0.015   0.560  -0.212  -1.447   0.763  -0.511  -0.331  -0.327  -0.308   0.765   0.644   0.160   0.159  -0.284  -0.336  -0.152   0.133  -0.088   0.277   0.037  -0.271   0.171   0.084  -0.282   0.172  -0.378  -0.262  -0.314  -0.020  -0.016   0.182  -0.022   0.030  -0.058   0.076   0.041   0.044   0.000
  1952  -2.606   5.824   1.697  -3.863  -0.287   0.920  -0.346   0.774   0.657  -0.444  -0.097  -0.531  -0.627   0.671   0.315  -0.455   0.433  -0.400  -0.987   0.347  -0.766   0.643   0.021  -0.480  -1.309  -0.459   0.403   0.018   0.307   0.108  -0.260   0.039  -0.722   0.424  -0.147  -0.024   0.168  -0.070  -0.101   0.006   0.286  -0.107   0.063  -0.245  -0.012  -0.035   0.067   0.026   0.030   0.022   0.000
  1953  -1.007   6.680   4.144  -3.183  -0.993  -0.375   0.240  -1.261  -1.898   0.486  -0.007  -2.455   0.152   0.278   1.753   0.550   0.696  -0.321   0.990   0.787   0.941   0.219   0.738   0.118   0.194   0.145  -0.318   0.361  -0.359  -0.329   0.243  -0.175   0.433   0.031   0.033   0.153   0.173  -0.092   0.184   0.215  -0.071   0.017   0.002  -0.053  -0.062   0.016  -0.075   0.013  -0.009  -0.018   0.000
  1954   1.788   5.092   1.743  -1.119  -1.740  -2.000  -0.017  -1.747   1.100  -0.546   1.432  -0.479   0.164   1.180  -1.114   0.012   0.509   0.270   1.086  -0.795   0.161  -0.772  -0.601  -0.153   0.683   0.023   0.050   0.142   0.745   0.552   0.720   0.450  -0.222   0.271  -0.269   0.003  -0.079   0.233   0.010  -0.298   0.091   0.064  -0.146   0.041   0.029  -0.067   0.008   0.024  -0.026   0.016   0.000
  1955   5.815   3.423   1.006   2.761  -2.004  -4.160   0.687  -2.669   0.770   0.297   0.737   1.254   0.447   0.796  -0.464   0.179   0.317  -1.159  -0.610  -1.101   0.231   0.102   0.419  -0.134  -0.572  -0.330  -0.623  -0.169  -0.323  -0.131  -0.696  -0.003  -0.003  -0.461  -0.147   0.103  -0.146  -0.173   0.072   0.105  -0.078  -0.004   0.096   0.025   0.034   0.135   0.066  -0.056   0.033   0.012   0.000
  1956   8.827   2.849   0.483   3.588  -1.629  -2.112  -1.250  -2.676   1.242   0.426  -0.873   0.400  -0.716  -1.567   0.807  -0.479  -0.526   0.830  -1.570   1.178  -0.018  -0.296  -0.744   0.283   0.251   0.099   0.623   0.504   0.009  -0.192   0.128  -0.428   0.137   0.200   0.032  -0.039   0.247   0.003  -0.166   0.013  -0.053  -0.057  -0.011   0.022  -0.021  -0.108   0.049   0.009  -0.038  -0.006   0.000
  1957   8.568   2.030  -1.182   2.737   0.227  -0.867  -1.450   1.403  -0.097   0.739   0.445  -1.094  -1.240  -1.143  -1.101   0.088  -1.477   0.279   1.132   0.255  -0.330   0.542  -0.250  -0.479   0.095   0.811  -0.422  -0.509  -0.053  -0.269  -0.232   0.130  -0.319   0.084  -0.211  -0.197  -0.053   0.110   0.118   0.213   0.160   0.028   0.014  -0.054  -0.161   0.107  -0.178   0.052   0.036   0.036   0.000
  1958  11.242   1.688  -0.450   3.344   2.900  -0.328   0.618   1.853  -0.858  -0.787  -0.945  -0.826   1.526  -0.755  -0.210  -0.837   0.318   0.173   0.284  -0.340  -0.324  -0.628   0.622   0.032  -1.188  -0.187   0.456  -0.248   0.010   0.424   0.499   0.225   0.482  -0.285   0.319   0.241  -0.103   0.003   0.086  -0.132   0.073   0.048  -0.060  -0.120  -0.024  -0.053   0.000   0.036   0.007  -0.053   0.000
  1959   6.407  -0.575  -1.812   0.090  -1.356  -1.247  -1.569   2.270  -0.525  -1.367  -0.177  -0.124  -0.386   1.066   1.090  -0.411   0.339  -0.539   0.611  -0.193  -0.736   1.179  -0.159   1.015   0.141  -0.085  -0.374   0.368   0.550  -0.086   0.131  -0.105  -0.004   0.269   0.404  -0.229   0.004  -0.335  -0.162  -0.168   0.082   0.130   0.081   0.281   0.010   0.095   0.044  -0.078  -0.035  -0.024   0.000
  1960   5.128  -0.693  -1.216   0.686  -0.878   0.206  -0.877   2.627  -1.262  -1.167  -0.790   0.050   0.618   1.320   0.205  -0.182   0.959  -0.734  -0.926  -0.650   1.149   0.039  -0.587   0.152   0.790   0.213   0.011  -0.265  -0.945  -0.256   0.346  -0.395  -0.334  -0.057  -0.334   0.171  -0.116   0.154  -0.203  -0.043   0.136  -0.206  -0.009  -0.067  -0.030  -0.140  -0.028   0.009   0.048   0.032   0.000
  1961   6.983  -1.242  -1.191   0.143  -1.097   0.961  -1.205   1.349  -1.957  -2.422   0.824   0.392  -0.514   0.748   1.095   1.008  -0.701   0.756  -0.196   0.883   0.344  -0.488   0.200  -1.076   0.486  -0.592   0.221   0.465   0.312   0.446  -0.555   0.477  -0.213  -0.273  -0.122   0.088  -0.095   0.087   0.117   0.197  -0.210   0.019   0.015  -0.075   0.137   0.053   0.041  -0.034  -0.019  -0.007   0.000
  1962   3.637  -1.430  -0.980  -1.752  -2.600   1.466   0.131   0.544  -1.243   0.413   0.767   0.381   0.291   0.638  -1.747   1.055   0.318  -0.117  -0.485  -0.121   0.406   0.326   0.322  -0.242  -0.822   1.085   0.381   0.714   0.050  -0.245  -0.078  -0.247   0.396   0.117   0.159  -0.416   0.228   0.100   0.033  -0.316  -0.319   0.092  -0.086  -0.061  -0.055   0.007   0.067   0.036  -0.019   0.068   0.000
  1963   2.732  -2.570  -1.361  -0.354  -4.049   2.881  -0.202  -1.800  -0.701   1.208  -0.606   0.790  -1.334  -0.160  -0.527  -1.466  -0.308   0.261   0.206  -0.636   0.346   0.920   0.401   0.173   0.028  -0.322   0.018   0.280  -0.550   0.173   0.234   0.434   0.024   0.093  -0.178   0.308   0.161  -0.222   0.087   0.093   0.167   0.137  -0.300  -0.012   0.203   0.016  -0.004   0.097   0.025  -0.032   0.000
  1964   4.255  -1.228  -0.674  -0.391  -3.048   2.575   1.142  -0.340  -1.018   3.467   0.424   0.245  -0.255  -0.197   0.191  -1.278   0.796  -0.206  -0.138   0.543   0.499  -0.045   0.150  -0.404   0.296  -0.567  -0.084  -0.590   0.761   0.249  -0.160  -0.397   0.065   0.215   0.147   0.031  -0.502   0.163   0.101  -0.246  -0.039  -0.069   0.188  -0.004  -0.135   0.001  -0.039  -0.100   0.006  -0.011   0.000
  1965   3.303  -1.386  -0.866  -1.726  -2.062   1.294   0.458  -0.200  -0.183   0.873   0.307   0.388  -0.197   0.429   0.887   0.403   0.750   0.399   0.598  -0.804  -1.160  -0.703  -0.475   0.333  -0.596   0.114  -0.302  -0.625   0.095  -0.342  -0.046  -0.225  -0.361  -0.396  -0.273  -0.110   0.440  -0.012  -0.047   0.170  -0.269  -0.029   0.017  -0.035   0.100  -0.168  -0.183   0.001  -0.101  -0.039   0.000
  1966   2.519  -2.367  -0.464  -1.800  -1.696   2.193  -0.574  -0.910   0.326   1.046  -0.191  -0.256   0.374  -0.305   0.610   1.354   0.109   0.141   1.010  -0.966  -0.339  -0.966  -0.406   0.386  -0.158  -0.037   0.559   0.293   0.045  -0.108   0.017  -0.107   0.060  -0.064   0.243   0.191  -0.131   0.155  -0.307   0.469   0.280  -0.054   0.084   0.067  -0.126   0.159   0.204   0.040   0.048   0.042   0.000
  1967   4.374  -1.192   0.098  -1.826  -0.688   2.076   0.595  -1.121   1.513   0.051  -0.054  -1.224   2.114  -0.417  -0.097   0.498  -0.631  -0.316  -0.515   0.454   0.068  -0.474   0.590   0.065   0.274  -0.078   0.023  -0.139  -0.555  -0.356  -0.171   0.645  -0.222   0.166   0.070  -0.795  -0.069  -0.160   0.132  -0.165   0.281  -0.149   0.073   0.171   0.153  -0.029  -0.043  -0.043  -0.027  -0.006   0.000
  1968   4.595  -2.149   0.329  -1.331   1.027   1.449   1.656  -0.330   2.347  -0.841   0.647  -0.226   1.040   0.480  -0.135   0.306  -0.112   0.278   0.062   0.116  -1.462   0.333  -0.075   0.231   0.874  -0.341  -0.173   0.256  -0.454   0.384  -0.362  -0.265   0.399   0.313  -0.222   0.486   0.442  -0.011   0.180  -0.235  -0.120   0.000   0.056  -0.140  -0.143   0.054  -0.066  -0.028   0.077   0.005   0.000
  1969   2.873  -2.494   2.495  -0.978   1.492   0.760   0.683  -0.510   2.439  -0.705   1.269  -0.004  -0.237  -0.281  -0.236   1.116  -0.050  -0.942  -0.001   0.515   0.732   0.727   0.379  -0.270  -0.010   0.768  -0.117  -0.307   0.120   0.753  -0.032  -0.564  -0.342  -0.106   0.357   0.213  -0.121   0.081  -0.309   0.099   0.017   0.003   0.007   0.083   0.085  -0.057   0.014   0.131  -0.019  -0.103   0.000
  1970   3.217  -2.991   3.154  -0.702   2.423   1.444   1.018  -0.070   1.888  -1.341  -0.624   1.046   0.148  -0.256   0.204  -0.256   0.043  -0.718  -0.116   0.331   0.791   0.314  -0.046  -0.082  -0.325  -0.622  -0.482  -0.134   0.551  -0.455   0.381   0.274   0.090   0.024  -0.176  -0.134   0.101   0.132   0.095   0.400  -0.075   0.322  -0.126   0.105  -0.183  -0.170   0.005  -0.060   0.018   0.073   0.000
  1971   0.427  -2.858   3.062  -1.400   2.198   0.975  -1.597  -0.592   1.632  -0.753   0.566   0.547  -0.920  -0.573  -0.036  -0.203   0.339   0.403   0.707   0.320   0.409   0.402  -0.347  -0.021  -0.393   0.025   0.247   0.149   0.038  -0.598   0.878   0.103   0.071  -0.545  -0.405   0.026  -0.203  -0.211   0.022  -0.302  -0.124  -0.300   0.170  -0.137   0.070   0.205  -0.002  -0.075   0.008  -0.009   0.000
  1972  -0.580  -3.345   2.993  -0.062   2.029   0.098  -1.426   0.402   0.618  -0.342  -1.164  -0.086  -0.905   0.833  -0.738  -1.404   0.606   0.389  -0.391  -0.233  -0.234  -1.110   0.427  -0.317   0.037   0.545  -1.177   0.560  -0.048  -0.078  -0.277  -0.047   0.314   0.474  -0.005   0.157  -0.195  -0.029   0.137   0.146   0.122  -0.069   0.213  -0.055   0.035  -0.005   0.048   0.087  -0.103   0.008   0.000
  1973  -0.720  -3.217   3.489  -0.214   2.111  -1.294  -1.864  -0.195  -0.183   1.064  -0.787  -0.140  -0.876   0.749   0.011  -0.133   1.252  -0.368  -0.376   0.032  -0.059  -0.778  -0.204  -0.142   0.335   0.408   0.400  -0.476  -0.068  -0.177  -0.227   0.563  -0.371   0.257   0.548  -0.170   0.265  -0.126   0.086  -0.014  -0.254   0.031  -0.239  -0.022  -0.097   0.088   0.018  -0.050   0.109  -0.074   0.000
  1974  -1.239  -3.482   3.276  -0.114   1.726  -1.119  -0.835  -1.226  -0.772   0.775  -1.088  -0.928  -0.322   1.557  -0.463   0.812  -1.047   0.707  -0.063  -0.053  -0.130   0.666   0.504   0.356   0.088   0.124   0.835  -0.665  -0.134   0.254  -0.295   0.003   0.090  -0.190  -0.279   0.252  -0.170  -0.101  -0.107  -0.070   0.177   0.082  -0.101  -0.042  -0.123  -0.072   0.045  -0.155  -0.127   0.028   0.000
  1975  -1.221  -3.322   3.737  -0.010   1.689  -1.151   0.253   0.074  -1.181   1.175  -1.525  -1.383   1.080   0.079   0.103   0.034  -0.812  -0.006  -0.285  -0.391   0.271   0.209  -0.875  -0.218  -0.238  -0.036   0.187   0.193   0.808   0.177  -0.216  -0.344  -0.091  -0.124  -0.037   0.262   0.166  -0.105   0.269  -0.078  -0.030  -0.058   0.071   0.225   0.283   0.010  -0.114   0.090   0.074   0.067   0.000
  1976  -1.423  -2.574   3.409  -0.447   0.641  -1.590   1.310  -0.858  -2.229   0.807   0.432  -0.482   0.721   0.150  -0.982  -0.464  -0.488   0.457   0.219   0.331  -0.871   0.804  -0.727   0.150   0.144  -0.631  -0.450   0.645  -0.482  -0.097   0.193   0.267  -0.236  -0.253   0.340  -0.369  -0.353   0.258  -0.323   0.115  -0.167   0.035   0.133  -0.168  -0.019  -0.133   0.059   0.053   0.024  -0.032   0.000
  1977  -4.903  -3.184   0.851  -2.150  -2.461  -1.523  -0.670   0.318  -1.034  -1.103  -0.469  -0.687   0.598  -1.207  -0.090  -1.162  -0.277  -0.972  -0.644  -0.157   0.010  -0.145   0.094  -0.056  -0.104  -0.258  -0.021  -0.182   0.040   0.734   0.092  -0.103   0.275  -0.068  -0.647  -0.426   0.370   0.387  -0.222   0.086  -0.040  -0.068  -0.063   0.080  -0.133   0.241  -0.023   0.014  -0.042  -0.042   0.000
  1978  -0.155  -2.068   3.938  -0.339   1.054  -2.119   2.511   1.377  -2.040  -0.017   2.623   1.948  -0.124  -1.327   0.819  -0.015  -0.378   0.563   0.520  -0.150   0.102  -0.259   0.213   0.022  -0.132   0.087  -0.063  -0.363  -0.210   0.167   0.027  -0.023   0.182   0.707   0.014  -0.028   0.106  -0.335  -0.167   0.041   0.095  -0.261  -0.144   0.019   0.056  -0.048   0.037  -0.033   0.004   0.050   0.000
  1979  -2.248  -1.766   1.974  -2.171  -0.105  -1.646  -0.036   0.611  -0.433  -0.798   0.690   1.011  -1.301  -1.366   0.237   0.367   0.165  -0.786  -0.064  -0.329  -0.045  -0.532   0.411   0.773   0.440  -0.429   0.473   0.294   0.052  -0.455  -0.389  -0.331  -0.120  -0.421   0.257  -0.090  -0.046   0.265   0.361  -0.335   0.376   0.265   0.018  -0.165   0.011  -0.024  -0.105   0.074  -0.009   0.002   0.000
  1980  -3.171  -0.927  -2.090  -3.601  -3.093  -2.078   1.958   0.501   0.240  -0.175  -0.989   0.951   1.368  -0.477   0.712   0.092   1.038   0.597  -0.597   0.965  -0.867   0.343  -0.456  -0.990   0.307   0.778  -0.135  -0.298   0.092  -0.270   0.219   0.254   0.022  -0.383   0.014   0.275  -0.351  -0.264   0.141  -0.015   0.138   0.106  -0.157   0.028  -0.086   0.072   0.032   0.092  -0.031   0.011   0.000
  1981  -1.882  -1.270  -4.146  -2.474  -1.958  -2.573   2.965  -0.283   0.923  -1.074  -2.040   0.530  -1.350   1.012  -0.361  -0.261  -0.374  -0.253   1.233   1.062   0.111  -0.363   0.023   0.268  -0.521   0.437   0.392   0.022  -0.267   0.220  -0.006  -0.022   0.268   0.204   0.063  -0.075  -0.122   0.306   0.028   0.142   0.011  -0.073   0.121   0.002   0.157  -0.059  -0.074  -0.127   0.071  -0.004   0.000
  1982  -0.585  -0.552  -4.504  -1.695   0.934  -1.486   2.423   1.174  -0.267   0.928  -1.187  -0.592  -0.590  -0.746  -1.017   1.445  -0.645   0.555  -0.465  -0.121   0.839  -0.584   0.445   0.665   0.003  -0.509  -0.425   0.305   0.198   0.025   0.367  -0.026  -0.706   0.174  -0.350   0.142   0.083  -0.444   0.048  -0.084  -0.157   0.035   0.106  -0.012  -0.156   0.022   0.080   0.037  -0.003  -0.043   0.000
  1983   0.134   0.415  -4.812  -1.425   3.853  -1.337   1.214   1.215   1.431   2.113   0.889  -1.031  -1.719   0.808   0.704   0.775   0.093  -0.015  -1.223  -0.684   0.103   0.389  -0.225  -0.560   0.253  -0.579  -0.060  -0.153   0.023  -0.163   0.206   0.379   0.871  -0.128   0.195  -0.178   0.130   0.195  -0.185   0.029   0.075  -0.084  -0.047  -0.006   0.087   0.028  -0.031   0.061  -0.026   0.009   0.000
  1984  -1.472  -0.681  -4.756  -3.371   1.939  -1.525  -3.591  -0.058   1.042   0.710   0.761  -0.945   0.316  -1.473   0.608  -0.465   0.557   0.035   0.296  -0.174  -0.422   0.334   0.549   0.395  -0.045   0.011  -0.135  -0.064  -0.336   0.446  -0.029  -0.248  -0.242   0.019  -0.087  -0.019  -0.339   0.178   0.401   0.079  -0.299  -0.058  -0.158   0.033   0.096  -0.131   0.160  -0.030   0.014   0.058   0.000
  1985  -2.382   0.657  -3.980  -2.851   3.466  -0.206  -1.730  -1.035  -0.555   0.515   1.529   0.642   1.523  -0.006   0.122  -0.970   0.236   1.291  -0.586   0.075   0.757  -0.209   0.075   0.292  -0.155   0.624  -0.085   0.223   0.160   0.038  -0.190   0.091  -0.029  -0.017  -0.121   0.126   0.104  -0.046  -0.452   0.072   0.165   0.356   0.160  -0.058   0.054   0.037  -0.156  -0.100   0.052  -0.013   0.000
  1986  -1.115   1.527  -3.663  -0.015   4.124   0.519  -0.020  -1.370  -0.782   0.363  -0.001   1.872   1.194   1.644   1.006  -0.798  -1.702  -0.542   0.867   0.436   0.489   0.079  -0.512   0.368  -0.149   0.077   0.010  -0.204   0.126  -0.406  -0.258  -0.035  -0.081   0.145  -0.055  -0.039   0.120   0.230   0.300  -0.147   0.007  -0.141  -0.083  -0.036  -0.097   0.060   0.122   0.145  -0.044  -0.044   0.000
  1987  -2.228   1.186  -2.717  -0.250   1.874   0.471   0.081  -0.662   0.350  -0.577  -0.959  -0.474   0.085  -0.718  -0.283  -0.849  -0.386  -1.631   1.316  -0.401  -0.136  -0.464   0.003  -1.168   0.490  -0.381   0.437   0.328  -0.009  -0.310  -0.410  -0.390   0.034   0.029   0.038  -0.063  -0.185  -0.499  -0.541  -0.109  -0.188   0.058  -0.151  -0.085   0.008  -0.040  -0.061   0.003  -0.032   0.027   0.000
  1988  -1.041   1.901  -1.799   1.374   2.204   0.609  -0.038  -2.100  -2.130  -1.325  -1.410   0.599  -0.091  -0.762  -1.120   0.632   1.026   0.666   0.296   0.067  -0.502   0.453   0.946  -0.599   0.655  -0.174  -0.383  -0.695   0.324  -0.403   0.267  -0.284  -0.117  -0.026   0.203   0.002   0.519   0.296  -0.116  -0.074   0.107  -0.067   0.102   0.054   0.137   0.022   0.130  -0.031   0.018   0.018   0.000
  1989  -2.770   2.006  -1.600   1.618   2.975   1.511   0.117  -1.423  -0.761  -0.430  -0.554   1.028  -0.661  -0.231  -0.363   0.489   1.666   0.299   0.226   0.270   0.277   0.199  -0.677   0.203  -0.256  -0.217  -0.089   0.503  -0.439   1.086  -0.262   0.150  -0.129  -0.344   0.303  -0.238   0.031  -0.178   0.153   0.008   0.115  -0.197  -0.031   0.174  -0.194   0.007  -0.170   0.010  -0.040   0.047   0.000
  1990  -2.233   2.198   0.259   4.022   2.037   1.728   0.815  -0.302  -1.177   0.280  -0.702   0.542   0.071  -1.050   0.344   1.451   0.889  -1.497  -0.519  -0.075  -0.598   0.313  -0.395   0.797   0.215   0.518   0.247  -0.029   0.207   0.089  -0.032   0.497   0.196   0.577  -0.585   0.037  -0.444   0.096   0.001   0.091  -0.141   0.137   0.077  -0.125   0.164   0.058  -0.020   0.002  -0.019  -0.014   0.000
  1991  -5.252   0.130  -0.620   0.827  -0.975   1.003  -0.799  -0.860  -0.735  -1.741   0.424  -0.712  -0.782  -0.339   0.206   0.561  -0.170   0.830  -0.067  -0.772  -0.074   0.055  -0.353  -0.394  -0.379   0.151  -0.192  -0.030   0.219  -0.303  -0.514  -0.071   0.615  -0.037  -0.473  -0.171  -0.261  -0.130   0.083  -0.183   0.114  -0.047  -0.006   0.191  -0.136  -0.238   0.069   0.006   0.104  -0.097   0.000
  1992  -4.484   0.200  -0.927   1.338  -0.169   0.952   0.694  -1.594  -0.280  -2.000   0.593  -0.474  -0.092   0.435   0.385   0.119  -1.047   0.663  -1.073  -1.146  -0.198  -0.071  -0.215  -0.501  -0.331  -0.180   0.145  -0.207  -0.418  -0.149   0.728  -0.622  -0.271   0.514   0.518  -0.033  -0.371   0.057   0.305   0.133  -0.112   0.131  -0.045   0.013  -0.013   0.154  -0.131  -0.059  -0.025  -0.008   0.000
  1993  -3.359   0.351  -1.106   3.372  -0.449   1.210   3.036   0.276   0.578  -1.554   1.283  -2.036  -0.100   0.201  -0.738  -1.405   0.624   0.675  -0.452   0.349   0.209  -0.016   0.153   1.242   0.258   0.220   0.093  -0.020   0.658  -0.471  -0.551  -0.021  -0.137  -0.340   0.105   0.070  -0.092   0.022  -0.068   0.209  -0.059  -0.196  -0.268  -0.053   0.036   0.077   0.029   0.000  -0.006   0.022   0.000
  1994  -4.069   0.193  -0.143   2.530  -0.804   1.168   1.629   0.231   0.103  -0.436   0.849  -1.285  -0.948  -0.452   0.837  -1.123  -0.282  -0.379   0.238  -0.048   0.385  -0.236  -0.754  -0.174   0.029   0.473   0.088  -0.596  -0.633   0.377   0.005   0.324  -0.100  -0.268   0.132   0.028   0.368  -0.127   0.082  -0.221  -0.078   0.303   0.357   0.019   0.012  -0.023   0.217   0.005  -0.021   0.048   0.000
  1995  -3.894   0.848   0.813   4.337   1.340   0.854   1.403   1.470   0.224   2.097   0.374   0.225  -0.135   0.176   0.773  -0.158  -0.516  -0.625  -0.064   0.048  -0.727  -0.266   0.558  -0.685  -0.068   0.549  -0.243   1.142  -0.149  -0.079   0.333  -0.130  -0.457  -0.357  -0.234   0.155   0.138   0.292   0.022  -0.097   0.161  -0.014  -0.173   0.174  -0.009  -0.014   0.037  -0.175   0.008  -0.028   0.000
  1996  -5.487  -0.048  -1.115   1.884  -1.427  -0.711  -1.003   0.345   0.191   0.115   0.980   0.915   0.440   0.529  -0.480  -0.646  -0.345  -0.608  -0.244  -0.431  -0.406   0.331   1.089  -0.056   0.616   0.209   1.094   0.147   0.392  -0.042   0.448   0.348   0.060  -0.100   0.093   0.061   0.146  -0.214   0.189   0.383  -0.108  -0.179   0.340   0.070  -0.130  -0.139  -0.089   0.078   0.010  -0.001   0.000
  1997  -5.451  -1.042  -1.863   1.220  -2.247   0.401  -2.938  -0.252  -0.867  -0.086   1.373  -0.370   0.004   0.210  -1.200   0.876  -0.758  -1.455  -0.441   1.662  -0.407  -0.757  -0.360   0.377  -0.529  -0.481  -0.654  -0.343  -0.066  -0.171   0.331   0.178   0.252  -0.017   0.276   0.610   0.062  -0.075  -0.122  -0.108   0.058  -0.047  -0.083   0.056   0.018  -0.042  -0.052  -0.012   0.003   0.024   0.000
  1998  -5.024  -0.178   0.903   5.518  -0.829   0.104  -0.989   1.087   1.257   1.057  -0.053   0.495   0.356   1.573   0.312   0.479   0.406   0.850   0.458   1.000  -0.150  -0.396   0.466   0.133   0.069  -0.442  -0.055  -0.312  -0.073   0.369   0.300  -0.681   0.173  -0.109  -0.319  -0.701  -0.070  -0.263  -0.030   0.059   0.065   0.201  -0.064  -0.115   0.087   0.050   0.029   0.108   0.059   0.020   0.000
  1999  -6.008  -0.541  -0.335   2.543  -3.496  -0.040  -1.173   0.493   1.489   0.054  -1.426   0.343   1.032  -0.836   0.858   0.727  -0.842   0.172   0.256  -0.978   0.769   0.456  -0.196   0.031   0.137   0.264  -0.759   0.101   0.526   0.349  -0.079   0.258   0.110  -0.034   0.533  -0.076   0.197  -0.001   0.010  -0.053   0.053  -0.153  -0.045  -0.410  -0.004  -0.061  -0.011  -0.101  -0.009  -0.002   0.000
  2000  -5.156  -0.860   0.551   3.691  -1.848  -1.240  -0.657   1.761   1.745   0.337  -0.058  -0.008   0.864  -0.458  -0.069   0.335   1.153   1.115   0.980   0.076   0.691   0.475   0.080  -0.320  -0.493  -0.730   0.450   0.079  -0.489  -0.578  -0.499   0.280  -0.175   0.503  -0.004   0.370   0.039   0.368  -0.137  -0.150  -0.125   0.053   0.063   0.178  -0.006   0.034  -0.060   0.053  -0.057  -0.017   0.000
