  year  #   1       2       3       4
  1950  -1.319   0.607   0.930  -1.800
  1951  -1.968   0.813   0.999  -0.839
  1952  -1.843  -0.073   1.265  -1.560
  1953  -2.366   0.480   1.300  -0.127
  1954  -1.021  -0.114   1.153   0.765
  1955  -0.111  -0.240   1.112   2.588
  1956   1.138   0.035   0.944   2.570
  1957   2.001   0.414   0.621   1.240
  1958   2.702   1.517   1.081   1.281
  1959   1.676  -0.762  -0.551   0.497
  1960   1.380  -0.548  -0.369   0.602
  1961   1.827  -0.570  -0.662   0.633
  1962   0.665  -1.376  -0.847   0.272
  1963   0.148  -2.042  -0.957   1.179
  1964   0.488  -1.171  -0.399   0.936
  1965   0.547  -1.192  -0.358   0.292
  1966   0.606  -0.976  -0.951  -0.178
  1967   0.940  -0.408  -0.454   0.051
  1968   1.280   0.360  -0.531  -0.040
  1969   0.762   1.184  -1.229  -0.395
  1970   0.967   1.712  -1.316  -0.328
  1971   0.492   1.724  -1.628  -1.261
  1972   0.053   1.584  -1.873  -0.728
  1973  -0.086   1.699  -1.883  -0.774
  1974  -0.563   1.351  -1.427  -0.102
  1975  -0.645   1.526  -1.568   0.030
  1976  -1.224   0.970  -1.195   0.742
  1977  -2.008  -1.423  -2.120  -0.253
  1978  -0.727   1.210  -1.120   0.699
  1979  -0.680   0.224  -1.463  -0.569
  1980  -1.179  -2.637  -0.405  -0.345
  1981  -0.486  -2.743   0.303  -0.045
  1982   0.623  -1.575   0.966  -0.753
  1983   1.567  -0.419   1.365  -1.761
  1984   1.697  -1.175  -0.226  -3.185
  1985   0.849  -0.324   1.030  -2.820
  1986   0.818   0.516   1.831  -1.363
  1987   0.374  -0.039   1.164  -1.357
  1988   0.326   0.694   1.773  -0.066
  1989   0.035   1.116   1.922  -0.571
  1990  -0.337   1.413   1.730   0.870
  1991  -1.193  -0.381   0.472  -0.027
  1992  -1.002   0.016   0.881   0.373
  1993  -0.790  -0.062   1.129   1.426
  1994  -0.808   0.057   0.633   0.995
  1995  -0.408   1.326   0.869   0.846
  1996  -0.648  -0.461   0.040  -0.142
  1997  -0.301  -1.374  -0.523  -0.274
  1998  -0.653   0.757   0.050   1.161
  1999  -1.156  -0.979  -0.807   0.733
  2000  -0.434  -0.241  -0.700   0.882
