  year  #   1       2       3       4       5       6       7       8       9      10      11      12      13      14      15      16      17      18      19      20      21      22      23      24      25      26      27      28      29      30      31      32      33      34      35      36      37      38      39      40      41      42      43      44      45      46      47      48      49      50      51
  1950   0.600  -0.999   1.240   4.064   0.462   1.328  -1.659  -0.980   1.506  -0.974  -1.316  -0.149   0.149  -0.617   2.714   1.029   1.962  -0.159  -1.349  -0.290  -0.152   0.198   0.065   0.255  -0.877  -1.038  -0.217   0.216   0.882   0.788  -0.527  -0.696  -0.130  -0.088  -0.392   0.115  -0.665  -0.655   0.057  -0.102  -0.247   0.359  -0.259   0.062  -0.364  -0.219  -0.173   0.116  -0.045   0.029   0.000
  1951  -1.379  -3.528  -0.828   1.762  -2.396   0.745   0.479  -1.891   0.304  -0.086   0.827   1.832   0.854   0.247   1.387   0.333   0.209  -1.387   0.148   1.454   0.509  -0.559   0.689  -0.213   1.140  -0.027   0.717  -1.724   0.071   0.033   0.607   0.180   0.725   0.198  -0.103  -0.738  -0.425  -0.088  -0.685  -0.503   0.075   0.294   0.119  -0.123   0.192   0.217   0.089   0.029   0.167  -0.064   0.000
  1952  -3.672   1.015   0.852   3.272  -0.754  -0.651   0.654  -2.633  -2.671   1.104   1.257   0.084  -1.364  -1.531  -0.434  -0.321   0.718   0.085   0.667   0.436   0.373   1.015   0.230   0.050  -0.687   0.638  -0.979  -0.666   0.463   0.507  -0.262   0.088  -0.362   0.092   1.183  -0.539  -0.472  -0.220   0.143   0.666   0.046  -0.827  -0.313   0.200  -0.042   0.076   0.039  -0.049   0.007  -0.032   0.000
  1953  -0.853  -3.669  -0.438   0.414  -0.241  -0.130   4.446  -2.011  -1.213  -0.342  -1.845   0.645  -0.762   3.595  -1.971   0.545   0.096  -0.198  -1.037  -0.939   0.862  -1.181   0.744   0.940   0.299  -0.430   1.226   0.815   0.045   0.028  -0.280  -0.295  -0.022   0.018   0.271   0.122   0.199  -0.353   0.236  -0.082  -0.271  -0.105  -0.271   0.082  -0.182  -0.004   0.028  -0.102  -0.073  -0.041   0.000
  1954   2.350   2.815  -1.594  -1.607   1.638  -2.158  -0.716  -2.440   1.819  -0.546  -3.950  -1.434   0.490  -0.866  -1.021   3.168  -0.357  -0.227   0.433   0.138  -0.987  -0.594   0.012  -0.553   0.147   0.889  -0.037  -0.384  -0.781  -0.572  -0.022   0.091  -0.149  -0.311   0.873  -0.276  -0.769  -0.089   0.157  -0.190   0.031   0.162  -0.070   0.011   0.140   0.105  -0.103   0.029   0.001  -0.019   0.000
  1955   5.620   2.395  -4.632  -2.764  -0.189  -0.526  -0.592  -2.789  -0.939  -1.996  -0.817  -0.064  -0.953  -1.455  -1.196  -3.270  -0.003  -0.430   1.038  -0.036  -0.015   1.028  -0.192   0.052  -0.297  -0.899   0.626   0.023   0.089   0.891   0.019  -0.354   0.335  -0.457  -0.654  -0.015  -0.330   0.120  -0.178  -0.129  -0.108   0.204  -0.079   0.347  -0.248   0.052   0.193  -0.012  -0.005  -0.018   0.000
  1956   5.629   2.839  -0.461  -3.507  -3.336   2.614   0.861  -1.171   1.415   0.952   2.169   0.412  -0.285  -1.006  -0.526   1.274   0.258  -1.074  -1.832   0.015   0.121   0.014  -0.638   0.041   0.093   0.179  -0.640   1.038   1.780  -0.597  -0.394  -0.066  -0.297  -0.227  -0.143  -0.058  -0.005   0.231  -0.111  -0.022  -0.224   0.007  -0.264  -0.317   0.172   0.283  -0.133  -0.105  -0.030  -0.021   0.000
  1957   3.182   3.171   3.112  -1.048   0.725  -0.742  -1.269   3.706  -1.329  -2.220   0.082   0.804   0.258   2.783   0.803   0.668   0.996  -0.409  -0.048   0.051   0.218   2.397  -0.211   0.013   0.426  -0.031  -0.227  -0.102   0.166  -0.317   0.556   0.029  -0.285  -0.354   0.555  -0.021  -0.306  -0.024  -0.101  -0.348   0.005   0.134  -0.196   0.292  -0.181   0.054   0.139  -0.187   0.039  -0.105   0.000
  1958   7.512   1.425   0.535   1.130   0.386   3.478  -1.659   0.230  -1.220   1.170  -0.464  -2.125   0.188   2.279  -0.883  -0.865  -0.556  -0.388   0.181   0.288  -0.426  -0.716   0.886   0.111  -0.253   1.152   0.436  -0.168   0.025   0.370   0.164  -0.177  -0.161   0.516  -0.336  -0.863  -0.090   0.074  -0.178   0.487   0.584   0.329  -0.328   0.053   0.087  -0.242  -0.178  -0.139   0.101   0.075   0.000
  1959  -4.755   2.015  -0.091  -2.342   2.016  -1.577  -0.537  -0.008  -1.163  -0.763   1.688   1.785   1.266   0.167   1.114  -0.221  -0.796   0.444  -0.600  -1.623   0.383  -1.106   1.318   0.474   0.045   0.319  -0.017  -0.807   0.698   0.399  -1.465  -0.482   0.420  -0.257   0.670  -0.514   0.162   0.952   0.037  -0.213   0.361   0.381  -0.134   0.081  -0.102   0.008  -0.117   0.073  -0.096   0.035   0.000
  1960   0.289   0.388  -0.019  -0.041  -0.374   1.549  -1.309   1.721  -0.355  -1.194  -0.167  -2.603  -0.542  -1.223   0.726   0.172   0.313   0.137   0.430  -2.227   1.424  -0.754   0.989   1.585   0.180  -0.756   0.674   0.228  -0.103  -0.741   0.157   0.196   1.129  -0.324   0.559   0.528  -0.575  -0.083  -0.518   0.697  -0.038  -0.205   0.108  -0.341   0.259   0.084   0.197   0.004   0.031  -0.003   0.000
  1961   1.910   2.104   1.543  -2.952  -1.408   0.654   0.836  -0.418  -0.304   1.092   0.157   0.845   1.505   0.567   1.506   0.120  -2.211   1.145   0.567   0.678   1.548   0.362  -0.519  -0.590  -1.893   0.954   0.888   0.015  -0.016   0.249   0.473  -0.360   0.866   0.076   0.198   0.067  -0.346  -0.764   0.023  -0.347  -0.220  -0.320   0.162  -0.128   0.076  -0.369   0.052   0.055  -0.127   0.009   0.000
  1962  -2.855  -0.165  -1.395   1.466   0.721  -1.143   1.666   4.066   1.244   0.357  -1.211  -0.669   0.536  -1.281  -0.392  -2.096   1.521  -0.072   1.045   1.513   0.603  -1.097  -0.014   0.171  -0.163   1.269   0.853   0.309   0.908   0.140   0.018  -0.737  -1.036  -0.103   0.262   0.078  -0.218   0.099  -0.499  -0.454  -0.174   0.003  -0.313  -0.127   0.327   0.089   0.033   0.004  -0.105   0.008   0.000
  1963  -1.942   0.274  -3.287  -1.085  -3.296  -0.736  -0.992   2.729   1.742  -0.300   0.302   0.712   1.201  -0.565  -2.972  -0.252   1.225   0.301  -1.418  -0.507  -0.366   0.274  -0.257   0.308  -0.059  -0.264   0.155  -1.761  -0.247  -0.089  -0.429   0.176   0.369   0.523   0.177   0.311   0.160  -0.563   0.233   0.015   0.245  -0.280  -0.175  -0.063  -0.173  -0.419  -0.208  -0.009   0.072  -0.024   0.000
  1964   2.081   0.494   0.407   0.273   1.041   1.356   2.940   0.767   0.112  -1.062   0.579   0.036   0.066  -0.271  -0.539   0.348   0.367   2.275  -0.527   0.227   0.810  -0.364  -0.095  -0.169  -0.826   0.000  -0.106  -1.887  -0.358  -0.343  -0.200   0.819  -0.711  -0.132  -0.637  -0.056  -0.485   0.080  -0.211   0.480  -0.435   0.330   0.688   0.244  -0.187   0.261  -0.122  -0.143  -0.097   0.043   0.000
  1965  -0.885   1.485   0.905  -0.060   1.150  -0.613   1.071   0.309   0.641   0.886   0.206   0.294  -1.487   0.226   0.465  -0.135  -0.846  -1.726   1.711  -0.877  -2.174  -0.643   0.646   0.776   0.515   0.018  -0.539  -0.803   0.661   0.047   1.043  -0.296   0.264  -0.817  -0.564   0.356   0.225  -0.506  -0.462  -0.147   0.253  -0.501   0.306  -0.091  -0.291  -0.002  -0.380  -0.081  -0.135  -0.014   0.000
  1966  -1.383  -0.088   0.820  -1.042  -1.186   0.841  -0.143   1.549   1.711   0.449  -1.292   0.719  -0.458   0.459  -0.623   0.197   1.006   0.867   0.775   0.258   0.764  -0.943   0.346  -0.117  -1.038   0.398  -0.404   0.994   0.531  -0.044   0.617   0.135   0.850  -0.572  -0.001  -0.448   0.509   0.208   0.185   0.091   0.020  -0.240   0.138   0.767  -0.307   0.315  -0.137   0.232   0.223   0.016   0.000
  1967   1.916   1.125   0.718  -0.600  -0.320   2.290   0.226  -1.413   0.119   1.665  -0.971  -0.008   1.588  -0.635   0.264  -0.018   0.801   0.122  -0.046   1.899   1.157   0.003   1.675   0.222   0.800  -1.196  -0.759  -0.236  -0.985  -0.182   0.784  -0.483  -0.424   0.044   0.471   1.072   0.222   1.158   0.010  -0.202   0.055  -0.291  -0.003   0.031  -0.272  -0.238  -0.033  -0.017  -0.045   0.015   0.000
  1968   2.868   0.437   0.488   0.245   2.274  -1.247  -1.217   0.470  -0.414   1.329   0.532  -0.107   0.398  -0.549   0.062   0.476   0.544  -1.159   0.382   0.454  -0.655  -0.557   1.548  -0.873  -0.352   0.415   0.399  -0.163   0.482  -0.348  -1.241  -0.661   0.681   1.064  -0.529   0.759   0.168  -0.237   0.675  -0.189  -0.463  -0.291   0.346   0.091  -0.068   0.211   0.254  -0.204   0.132   0.015   0.000
  1969   0.080  -2.989   1.920  -1.313   1.116  -0.715  -0.081  -0.109  -0.526   1.564  -1.506   0.012   0.012  -0.749  -0.322  -0.389   0.086   0.783   1.738  -0.477   2.153   1.433  -0.617  -0.828   1.261  -1.317  -0.285   0.227   0.129  -0.882  -1.315  -0.473  -0.127  -0.413  -0.485  -0.731   0.073  -0.321  -0.134  -0.177   0.184  -0.135   0.112  -0.112   0.241  -0.123  -0.334  -0.091   0.086   0.016   0.000
  1970   1.757  -2.279   0.736  -1.084   0.321   2.295  -2.402   1.065   0.368   2.526   1.194  -0.090   0.025  -0.822  -0.353  -1.067  -0.444  -0.023  -0.094  -0.864  -0.154  -0.663  -0.096   0.618   0.566   0.100  -0.568  -0.337  -1.829  -0.022   0.128  -0.551  -0.440  -0.356   0.383  -0.810   0.266  -0.749   0.508  -0.276  -0.491   0.249  -0.220  -0.061  -0.303   0.321   0.177   0.063  -0.118  -0.032   0.000
  1971  -2.277  -2.008   3.514  -0.789  -0.721  -2.276  -0.539  -0.118   1.194   1.160   0.814  -0.462  -0.529  -0.919  -0.983   0.888  -0.189  -0.813  -0.168   0.390  -0.603   0.455  -0.273   0.342   0.630   0.306   0.209   0.293  -0.370  -0.411  -0.097   0.101   0.747   0.582  -0.484  -0.202  -0.017   0.418  -0.927   0.458  -0.548   0.253  -0.323   0.771   0.061  -0.317   0.104  -0.001  -0.167   0.012   0.000
  1972  -1.425  -2.474  -0.411  -1.049   1.025   0.057  -2.399   0.314  -0.841  -1.166   0.988  -2.028  -2.062   0.097   0.449   0.224   0.300  -1.136  -1.826   0.113   1.339  -0.254  -0.281  -1.907   0.991   0.815   1.362  -0.382  -0.029   0.826   0.580   0.280  -0.149  -0.580  -0.309   0.038   0.015   0.482   0.660   0.051  -0.263  -0.489   0.147   0.025   0.090  -0.089  -0.249   0.067  -0.070  -0.030   0.000
  1973  -0.936  -2.885   1.451  -1.270   1.523  -0.092   0.580  -1.393   1.159  -1.273  -0.621  -0.153  -1.595   0.028  -0.234  -0.881   0.196   0.858  -0.651  -1.235   0.794   0.328  -0.331  -0.535   0.187   1.253  -2.069  -0.724   0.198   0.612   0.804   0.230   0.520   0.219   0.185   0.794   0.382  -0.189  -0.219  -0.493  -0.090   0.220  -0.439  -0.195   0.173   0.011   0.130  -0.112   0.098   0.115   0.000
  1974  -1.253  -2.621  -0.266  -0.855  -2.137  -1.938  -0.731   0.687   0.394  -1.307  -0.767  -0.277  -1.462   1.493   0.144  -0.663  -0.778  -0.188   0.700   1.817   0.709   0.375   1.021   0.693  -0.413   0.374  -1.718   0.043   0.024  -0.634  -0.192  -0.230   0.300   0.564  -0.799   0.113  -0.566   0.159   0.834   0.491   0.347   0.311  -0.028  -0.385   0.023   0.141  -0.036   0.108  -0.154  -0.055   0.000
  1975  -0.426  -3.419   0.060  -0.506   1.214   2.928  -0.476   1.132  -1.160  -0.768  -0.514   0.265  -0.910   0.102  -1.358   0.154  -1.294  -0.676  -0.384   0.178  -1.089   0.111   0.676  -0.465  -1.083   0.314  -0.935   0.640  -0.313   0.176  -1.414   0.890  -0.474  -0.095  -0.023   0.118  -0.419   0.266  -0.956  -0.582  -0.047  -0.372   0.256  -0.205  -0.151  -0.194   0.117   0.160   0.054  -0.063   0.000
  1976  -0.937  -2.178  -1.015  -0.337   0.519  -1.946   1.091  -0.062  -0.517  -0.444   0.515  -0.957   2.293   0.768   0.150  -1.687   0.312  -0.766  -2.221   0.339  -1.606   0.856   0.919  -1.288  -1.268  -0.767  -0.724   0.647  -0.569  -0.411   0.605  -0.855   0.321  -0.634   0.619  -0.370   0.275  -0.148  -0.324   0.534  -0.297   0.106   0.317  -0.135   0.338   0.055  -0.158  -0.019   0.036   0.019   0.000
  1977  -9.461  -1.026  -1.413  -0.849   0.309   2.976  -1.603  -0.993  -3.403  -1.856   0.319  -1.052   0.742  -0.633  -0.200   0.516  -1.028   0.887   0.741   0.404  -0.698  -0.368  -1.211  -0.286   0.044  -0.074   0.199   0.070   0.728  -1.267   0.565  -0.775  -0.366   0.880   0.135   0.679   0.380  -0.343  -0.115  -0.051   0.032   0.332  -0.081   0.319  -0.057   0.116  -0.170   0.016   0.006  -0.032   0.000
  1978   6.328  -3.005   1.735  -1.355   4.029  -0.464   2.681   0.921   0.392   0.852  -0.243   0.407   1.398  -1.268   0.236  -0.220  -1.450   0.006  -0.395   0.278  -0.494   0.009  -1.608   0.443   0.511  -0.184   0.329  -0.504   0.831   0.593   0.311  -0.139  -0.003   0.295   0.126   0.365  -0.094   0.219   0.244   0.864   0.126   0.066  -0.250  -0.202  -0.206  -0.016   0.040   0.169   0.151  -0.093   0.000
  1979  -3.275  -0.472   1.575  -0.583   0.244  -0.889  -0.768  -1.397   0.184   2.202   0.606   1.892  -0.134  -0.235   0.525  -1.484   1.070  -0.171  -0.367  -1.783  -0.256  -1.593  -0.458  -0.216  -1.367  -0.036   0.195   0.474  -0.570  -0.832   0.614   0.546  -0.727  -0.284  -0.538   0.530  -0.922   0.233   0.397  -0.106   0.471   0.222  -0.034   0.220   0.324  -0.184   0.037  -0.106   0.081  -0.079   0.000
  1980  -6.187   4.460  -4.301   2.307   3.585   2.395   3.455   0.471   2.427   0.677   2.079  -0.971  -1.049   0.508   0.541   0.411  -0.582  -0.372   0.239  -0.057   0.478   1.532   0.329  -0.135   0.081  -0.028  -0.241   0.255  -0.769  -0.546  -0.096   0.050   0.529  -0.025  -0.452  -0.210   0.031   0.046   0.371  -0.138  -0.098   0.150  -0.323   0.094   0.155  -0.175   0.019   0.059   0.061  -0.042   0.000
  1981  -0.333   3.770  -3.336   0.688   0.340  -2.065  -1.406   0.911  -1.470   2.417  -0.904   1.034  -2.968   1.631   0.584  -0.026  -0.466   0.479  -1.372   0.695   0.397  -1.554  -1.550  -0.029   0.787  -0.752  -0.863  -0.016   0.485  -0.334   0.261  -0.365  -0.126   0.285   0.329  -0.250  -0.132   0.020  -0.380   0.161  -0.348   0.122   0.430  -0.163  -0.132  -0.229   0.180   0.050   0.072   0.040   0.000
  1982   2.606   2.803   2.001   1.439  -0.651   0.454   0.906   1.026  -0.999  -3.165  -0.751   0.907   0.424  -0.338   0.344   0.177  -0.321  -1.673   1.057  -0.003  -0.027  -2.301  -1.436  -0.531  -0.746  -1.500  -0.838  -0.450  -0.891   0.219  -0.179   0.193   0.166   0.370  -0.315  -0.443   0.647   0.266   0.279  -0.020  -0.296  -0.360  -0.418  -0.024   0.425  -0.025  -0.016  -0.006  -0.030   0.003   0.000
  1983   3.650   3.694   2.637   3.304   0.435  -1.561  -0.411  -1.403   0.103  -1.966   2.027   1.415   0.256  -0.979  -2.457  -0.001   0.100  -0.768   0.250  -0.350   1.722  -0.205   0.683  -0.268   0.584   0.918   0.062   0.976  -0.388  -0.071   0.243  -0.243  -0.521   0.105   0.030   0.358   0.564  -0.542  -0.224   0.152   0.130   0.482   0.467  -0.216  -0.060  -0.126  -0.058   0.185   0.029  -0.027   0.000
  1984  -4.826   2.872   4.640  -1.069   0.152   1.390  -0.951  -1.436   1.947  -0.300   0.237   0.093  -0.657   1.898  -1.577  -1.082   0.431   1.718   0.555   0.733  -2.040   0.368   0.563  -0.371   0.738  -1.165   1.002  -0.601   0.855   0.066  -0.141   0.204  -0.274  -0.248   0.078  -0.021  -0.126  -0.065   0.349   0.090  -0.225  -0.088   0.012  -0.291   0.364   0.013   0.212   0.177  -0.001   0.039   0.000
  1985  -0.929  -0.195   1.744   4.009  -1.751   0.486   0.477  -0.050   0.938  -0.507  -0.265  -2.317   1.002  -0.804  -0.629  -0.740  -1.694   0.728  -1.263   0.747  -0.441  -0.566  -1.417   0.490   0.806   0.190  -0.572   0.347   0.422   0.341  -0.556  -0.228   0.741  -0.988   0.194   0.009   0.032   0.177   0.514  -0.446   0.497   0.084   0.526   0.304   0.035  -0.093   0.214  -0.179  -0.029  -0.040   0.000
  1986   4.171   0.626  -1.492   2.711  -1.221  -0.124  -1.489   0.170  -0.328   0.244  -1.099   2.503  -0.320   0.166   1.295  -0.665  -1.638   2.121  -0.606  -0.264  -0.970   0.946   0.408   1.115   0.876   0.751   0.314   0.399  -0.766   0.486  -0.453   0.102  -0.036   0.049  -0.111   0.768   0.147   0.122  -0.063   0.064  -0.470  -0.192  -0.117   0.228   0.558   0.209  -0.359   0.012   0.046  -0.029   0.000
  1987  -1.812   0.453   0.070   1.034   0.130   1.084  -0.404  -0.547  -2.105   2.104  -1.797   0.567  -0.119   0.504  -0.653   1.270   2.442  -0.621   0.115  -0.262  -0.278   1.541  -1.713   0.569  -1.161   0.831   0.552  -0.704  -0.490   0.291  -0.318  -0.369   0.680  -0.543  -0.451   0.291   0.909   0.531  -0.137   0.136   0.258   0.260   0.202  -0.411   0.145   0.158   0.120   0.069  -0.090  -0.013   0.000
  1988   3.261  -0.160  -0.028   0.067  -3.152  -0.748   1.772  -0.657   1.569   0.356   0.962  -2.423   0.034   2.283   1.861  -1.093   0.170  -1.295   1.065  -1.625  -0.224   0.496  -1.375  -0.715   0.302   0.229   0.165  -0.427  -0.568  -0.290  -0.943  -0.230  -0.709   0.698   0.582   0.634  -0.095   0.179  -0.165  -0.080   0.211  -0.102   0.228   0.271  -0.136   0.167  -0.011   0.192   0.018   0.048   0.000
  1989   1.212  -0.882   0.077   3.442  -1.623  -1.062   0.090   1.013   0.246   0.632   0.572  -0.081  -0.624  -0.637  -1.058   0.526  -0.628   1.931   1.132  -1.585  -0.811   0.418   0.037  -1.875  -0.447  -0.662   0.615   0.729   0.050   0.221   0.852  -0.099   0.563   0.756   0.185  -0.340  -0.319   0.907   0.007  -0.341  -0.102   0.173  -0.155  -0.534  -0.427   0.123  -0.112  -0.089  -0.043  -0.019   0.000
  1990   3.184  -2.541  -1.519  -0.300  -1.227   0.483   1.266  -0.340  -1.166  -1.464  -0.299   0.511   0.500  -0.981   1.400  -0.020   1.279   0.209   1.392  -0.945  -1.378   0.506   0.309   1.017   0.650   1.239  -0.142   0.244   0.647  -1.012   0.421   0.452  -0.364  -0.088   0.095  -0.773   0.364   0.357   0.752  -0.064  -0.542   0.032   0.368  -0.115  -0.024  -0.521   0.123   0.028   0.032   0.034   0.000
  1991  -7.084  -0.042   0.555  -0.542  -2.102  -1.620  -0.072   0.718  -0.967   0.385   0.942  -0.517   0.606  -0.035  -0.338   1.095  -1.674  -1.562   1.159   0.850   0.182   0.366  -0.295   1.102  -0.440  -0.221   0.477   0.291  -0.503   0.916  -0.149   0.414  -0.601  -0.997  -0.099   0.454  -0.304   0.111   0.286   0.094  -0.471   0.411  -0.162  -0.272  -0.236   0.005  -0.093  -0.096   0.218   0.111   0.000
  1992   0.159  -0.236  -1.082   1.410  -0.350  -0.758  -1.321   0.178   0.972   1.644  -2.042  -0.620   0.163  -0.505   0.625  -0.248  -1.942  -1.110  -0.259  -0.576   0.912   0.906   1.182  -0.385  -0.961  -0.972   0.332  -0.561   1.337  -0.161   0.276   1.644  -0.734   0.170   0.340  -0.006   1.222  -0.196   0.091   0.022   0.073   0.334  -0.011   0.165   0.099   0.044   0.130  -0.010  -0.090  -0.024   0.000
  1993   3.085   0.442  -2.091   0.552  -0.377  -1.692   0.726   0.584  -3.507   1.432   1.250  -1.248   2.770   0.671  -0.143   1.063   0.971   1.284   0.277  -0.043  -0.388  -0.651   0.455  -0.995   1.194  -0.195  -0.846   0.385   0.295   0.237   0.089   1.107   0.230  -0.645  -0.843   0.399  -0.230  -0.503  -0.034  -0.138   0.200  -0.054  -0.418   0.100   0.055   0.069   0.145   0.175  -0.081   0.032   0.000
  1994  -0.141  -0.689   0.010   0.409   0.453   0.018   0.708   1.341  -0.760  -0.427  -0.377   1.397   0.027  -1.194  -1.015   1.190  -1.118  -0.971  -1.725  -0.837  -0.002   1.467   0.108   0.873   0.078  -0.532   0.373   0.169  -0.072  -0.104   0.961  -0.665  -0.550   0.651  -0.487  -0.427  -0.614   0.050   0.274  -0.355   0.589  -0.455   0.199   0.227   0.222   0.208   0.184   0.108  -0.033   0.149   0.000
  1995   3.752  -1.829  -0.506   1.178   1.372  -0.101  -0.501  -0.200   0.516  -1.108   1.009   1.991  -1.420  -0.446   0.926  -0.686   0.079  -0.021  -0.321   2.053  -0.547  -0.113  -0.715  -0.381  -0.116   0.033   1.248   0.470  -0.554  -1.716  -0.474   0.857   0.514  -0.632   0.590   0.246   0.228  -0.215  -0.002   0.104   0.543  -0.111  -0.391  -0.121  -0.347   0.069  -0.001  -0.052  -0.064   0.110   0.000
  1996  -4.765   1.718  -0.097   0.237   1.060  -1.772  -1.900  -2.158   1.802  -1.012  -0.431  -1.043   2.742   0.975   0.915  -0.724  -0.103   0.877  -0.964  -0.196   0.529  -0.018  -0.659   1.019   0.028   0.659   0.098   0.470  -0.259  -0.362   0.140   0.376  -0.474   0.426  -1.025  -0.638   0.388   0.179  -0.475   0.073  -0.060  -0.772  -0.114  -0.378  -0.418   0.151   0.100  -0.074   0.041  -0.020   0.000
  1997  -3.380   2.282   1.681  -3.006  -2.484  -0.408   2.748   0.942  -0.863  -0.400  -1.254  -0.657  -2.172  -2.200   2.329   0.526   0.396   1.187  -1.090   0.321  -0.958  -0.210   1.173  -0.785   0.508   0.142   0.537   0.489  -1.000   0.731  -0.300  -0.177  -0.439   0.298  -0.348  -0.235   0.640  -0.428  -0.174   0.215   0.545   0.174  -0.034  -0.098  -0.122  -0.022   0.137  -0.052   0.069  -0.035   0.000
  1998   4.012  -4.073  -2.912  -0.526   0.466  -1.118  -1.560  -0.422   2.180  -0.831   2.964  -0.135  -0.846   0.919   0.176   2.670   0.043   1.722   1.490   0.404  -0.029  -0.424   0.047   0.416  -0.951  -0.656  -0.023  -0.051  -0.036   0.750   0.094  -0.917  -0.827  -0.432   0.014   0.016   0.596   0.032  -0.240   0.137   0.345  -0.179   0.037   0.125   0.298  -0.119   0.213  -0.081   0.010  -0.021   0.000
  1999  -5.192  -0.623  -2.342  -1.028   0.509   2.507  -0.741   0.525   1.820  -0.225  -0.900   2.720   1.724   0.533   0.245   0.097   0.551  -0.978   1.261  -0.336   0.003   0.019  -0.528  -1.136   1.252   0.150  -0.398   1.286  -0.093   1.404  -0.103   0.523   0.122   0.462   0.410   0.042  -0.324  -0.212   0.051   0.797   0.180   0.033   0.373   0.031   0.000   0.036   0.084  -0.159  -0.126   0.027   0.000
  2000   1.149  -0.029   0.527  -1.906   2.080  -1.054   0.173  -0.505  -0.606   0.503   1.527  -1.693  -0.499  -0.158   0.091  -0.284   1.675   0.201   0.012   1.204  -0.222   0.012  -0.569   1.949  -0.322  -0.834   0.099   0.915  -0.244   0.969   0.168   1.242   0.446   1.258   0.612  -0.274   0.043  -0.182   0.138  -0.682   0.122   0.154   0.384  -0.033   0.178   0.078  -0.310  -0.008  -0.029  -0.008   0.000
