  year  #   1       2       3       4       5
  1950  -1.699  -1.877   2.172  -0.383   0.912
  1951  -2.145  -1.422   2.450  -0.409   0.575
  1952  -1.721  -2.232   1.927  -0.631   0.521
  1953  -2.173  -1.275   2.707  -0.564   0.166
  1954  -0.733  -0.824   2.118   0.465  -0.412
  1955   0.424   0.445   1.812   1.612  -0.808
  1956   1.179   0.920   1.958   1.823  -0.640
  1957   1.651   0.794   1.510   1.354   0.119
  1958   2.227   1.445   1.723   1.112   1.195
  1959   1.517   0.129   0.723   0.279  -1.136
  1960   1.246   0.414   0.559   0.423  -0.758
  1961   1.580   0.474   0.702   0.086  -0.978
  1962   0.880  -0.290   0.367  -0.499  -1.746
  1963   0.792   0.016  -0.151   0.156  -2.531
  1964   0.861   0.155   0.477  -0.003  -1.619
  1965   0.894  -0.266   0.330  -0.503  -1.354
  1966   0.787  -0.050  -0.001  -0.820  -1.186
  1967   0.915   0.076   0.600  -0.849  -0.767
  1968   1.188   0.566   0.287  -0.954  -0.013
  1969   0.360   1.130   0.303  -1.443   0.340
  1970   0.386   1.526   0.332  -1.602   0.728
  1971  -0.189   1.183  -0.045  -1.980   0.901
  1972  -0.275   1.526  -0.492  -1.530   0.719
  1973  -0.420   1.559  -0.432  -1.685   0.733
  1974  -0.470   1.531  -0.621  -1.446   0.529
  1975  -0.693   1.683  -0.478  -1.470   0.475
  1976  -0.828   1.233  -0.286  -1.277  -0.074
  1977  -1.313  -0.172  -1.445  -1.379  -1.801
  1978  -0.757   1.341   0.105  -1.300   0.150
  1979  -0.753   0.110  -0.356  -1.593  -0.281
  1980  -0.248  -2.020  -0.833  -0.783  -1.949
  1981   0.787  -1.969  -1.296  -0.156  -1.417
  1982   1.388  -1.606  -1.129  -0.004   0.169
  1983   1.756  -1.492  -1.010  -0.095   1.696
  1984   1.408  -2.191  -1.478  -0.871   0.755
  1985   1.008  -1.960  -1.138  -0.689   1.800
  1986   1.103  -0.918  -0.703   0.422   2.282
  1987   0.521  -0.996  -0.783   0.437   1.406
  1988   0.444  -0.269  -0.206   0.979   1.529
  1989   0.075  -0.284  -0.416   0.898   2.115
  1990  -0.423   0.797  -0.028   1.598   1.718
  1991  -1.100  -0.374  -0.908   0.717   0.066
  1992  -0.797  -0.175  -0.845   0.889   0.357
  1993  -0.543   0.337  -0.684   1.654   0.112
  1994  -0.975   0.343  -0.606   1.199  -0.024
  1995  -0.906   1.068  -0.477   1.486   1.164
  1996  -0.960  -0.237  -1.259   1.195  -0.303
  1997  -0.776  -0.506  -1.550   1.038  -1.004
  1998  -1.376   1.433  -0.985   2.019   0.036
  1999  -1.668   0.250  -1.356   1.564  -1.638
  2000  -1.432   0.920  -1.164   1.514  -0.831
