qual_drop.rwl -- no data title --                         1st itrdb line missing     
qual_drop.rwl -- no data title --                         2nd itrdb line missing     
qual_drop.rwl -- no data title --                         3rd itrdb line missing     
qual_d17929990  09990  0 667  1 871  1 452  1 595  11012  21378  31291  31332  3  trn
qual_d18001342  31213  31179  31107  31026  3 837  3 887  41314  4 999  41084  4  trn
qual_d1810 879  4 953  41016  41075  4 932  4 811  41191  4 972  4 998  4 848  4  trn
qual_d1820 723  4 968  4 917  4 817  4 600  4 750  4 594  4 834  4 349  4 625  4  trn
qual_d1830 960  4 639  4 921  4 850  4 993  41149  4 655  41210  4 665  4 541  5  trn
qual_d1840 792  5 992  51376  51259  51394  51204  51653  51241  51302  51147  5  trn
qual_d18501075  51184  51022  5 988  5 872  5 789  5 764  5 615  5 709  5 571  5  trn
qual_d1860 833  6 579  6 928  6 950  61214  61304  61651  71780  72098 102097 10  trn
qual_d18702207 112415 142543 152361 152064 162201 172062 171947 182248 201986 20  trn
qual_d18801743 212136 222113 242070 242013 241878 252022 261850 271690 271839 27  trn
qual_d18902122 272890 282714 282368 292467 292934 342962 362862 382604 392271 39  trn
qual_d19002231 392573 402293 402565 402222 401856 401838 411893 421694 421651 42  trn
qual_d19101679 43 924 431385 431424 431632 442282 442496 462609 482060 492383 49  trn
qual_d19202568 492587 512630 522286 532759 542430 562691 562790 572685 572683 57  trn
qual_d19302357 572466 582349 592463 612430 612362 612597 622667 622599 622211 62  trn
qual_d19402313 622576 622476 622236 622079 622319 622209 621641 621982 622097 62  trn
qual_d19502330 622293 632120 632105 642394 642722 642843 642828 643028 642465 64  trn
qual_d19602589 652507 652256 652200 652257 652188 651950 652421 652534 652437 66  trn
qual_d19702463 662215 662196 662051 662022 662061 662122 661682 662246 662023 66  trn
qual_d19801921 662113 662159 662191 662137 662118 662106 661822 662035 662031 66  trn
qual_d19902245 661735 661815 661887 662068 662123 661693 661795 661997 661728 66  trn
qual_d20001914 662186 662032 662043 641892 641869 641903 631984 632149 602321 59  trn
qual_d2010 453  5 527  5 357  4 537  4 404  4 343  3 522  2 357  29990  09990  0  trn
qual_drop.rwl -- no data title --                         1st itrdb line missing     
qual_drop.rwl -- no data title --                         2nd itrdb line missing     
qual_drop.rwl -- no data title --                         3rd itrdb line missing     
qual_d17929990  09990  0 967  11031  1 883  1 924  11086  21320  31263  31299  3  std
qual_d18001313  31225  31134  31161  31110  3 873  3 978  41161  41029  41020  4  std
qual_d1810 905  4 899  4 991  4 982  41007  4 923  41156  41046  41019  4 919  4  std
qual_d1820 879  41014  4 948  4 819  4 735  4 869  4 777  4 828  4 632  4 804  4  std
qual_d1830 979  4 743  4 937  4 995  4 857  41066  4 739  4 998  4 678  4 809  5  std
qual_d18401051  51021  51082  5 978  51302  51131  51298  51051  5 992  51103  5  std
qual_d18501045  51086  51075  5 995  5 944  5 856  5 668  5 731  5 729  5 678  5  std
qual_d1860 691  6 558  6 691  6 819  6 820  6 922  6 875  7 965  71040 101038 10  std
qual_d1870 949 111005 141059 15 941 15 900 16 986 17 924 17 791 18 979 20 841 20  std
qual_d1880 743 21 903 22 899 24 949 24 970 24 843 25 953 26 842 27 747 27 914 27  std
qual_d18901078 271431 281371 281153 291184 291440 341411 361341 381223 391006 39  std
qual_d19001003 391160 40 977 401156 401006 40 860 40 844 41 806 42 731 42 740 42  std
qual_d1910 753 43 395 43 596 43 607 43 687 441035 441162 461167 48 822 491013 49  std
qual_d19201068 491114 511168 52 812 531204 54 882 561061 561175 571138 571141 57  std
qual_d1930 950 571013 58 942 591016 611006 611021 611089 621144 621088 62 870 62  std
qual_d1940 976 621097 621051 62 915 62 837 62 994 62 897 62 585 62 751 62 817 62  std
qual_d1950 979 62 947 63 858 63 831 64 999 641245 641294 641259 641406 641023 64  std
qual_d19601128 651097 65 968 65 935 65 969 65 948 65 809 651103 651166 651107 66  std
qual_d19701133 66 980 66 995 66 914 66 884 66 895 66 943 66 714 661078 66 933 66  std
qual_d1980 895 661012 661024 661042 661044 661033 66 998 66 853 66 984 66 982 66  std
qual_d19901136 66 822 66 885 66 934 661004 661048 66 809 66 880 66 993 66 861 66  std
qual_d2000 967 661132 661047 661033 64 943 64 925 64 931 63 980 631049 601125 59  std
qual_d2010 926  51031  5 897  41027  4 933  4 710  31074  2 984  29990  09990  0  std
qual_drop.rwl -- no data title --                         1st itrdb line missing     
qual_drop.rwl -- no data title --                         2nd itrdb line missing     
qual_drop.rwl -- no data title --                         3rd itrdb line missing     
qual_d17929990  09990  0 977  11053  1 863  1 980  11069  21170  31068  31096  3  res
qual_d18001192  31016  3 927  3 999  3 977  3 824  31016  41290  4 862  4 953  4  res
qual_d1810 885  4 959  41008  41014  4 988  4 915  41093  4 977  41046  4 885  4  res
qual_d1820 849  41036  41000  4 924  4 806  41000  4 975  41103  4 784  4 958  4  res
qual_d18301187  4 857  41131  41069  4 926  41136  4 742  41201  4 793  4 915  5  res
qual_d18401001  51121  51078  5 984  51159  5 914  51005  51032  5 927  5 985  5  res
qual_d1850 927  51153  5 967  5 945  5 907  5 836  5 728  5 900  5 863  5 886  5  res
qual_d1860 935  6 813  61024  61112  6 966  61035  6 967  7 997  71104 101077 10  res
qual_d1870 893 111002 141049 15 926 15 916 161021 17 980 17 886 181041 20 927 20  res
qual_d1880 826 211007 221040 24 967 24 984 24 905 251007 26 920 27 828 271066 27  res
qual_d18901137 271384 281059 28 915 291040 291288 341151 361042 38 975 39 873 39  res
qual_d1900 934 391152 40 930 401118 40 928 40 852 40 934 41 900 42 860 42 921 42  res
qual_d1910 955 43 621 43 979 43 903 43 943 441276 441190 461077 48 728 491107 49  res
qual_d19201086 491087 511081 52 756 531192 54 838 561067 561104 571000 571021 57  res
qual_d1930 882 571004 58 949 591028 61 987 611004 611100 621096 62 987 62 824 62  res
qual_d19401040 621147 621019 62 871 62 880 621082 62 926 62 682 621000 62 993 62  res
qual_d19501109 62 998 63 885 63 922 641095 641244 641131 641072 641182 64 842 64  res
qual_d19601056 651014 65 909 65 937 65 993 65 957 65 858 651195 651132 651008 66  res
qual_d19701071 66 902 66 992 66 914 66 939 66 969 661008 66 782 661214 66 930 66  res
qual_d1980 934 661063 661030 661043 661013 661018 66 979 66 846 661064 661022 66  res
qual_d19901136 66 785 66 975 661000 661029 661035 66 800 66 966 661081 66 878 66  res
qual_d20001041 661186 66 989 661006 64 926 64 947 64 978 631038 631079 601098 59  res
qual_d2010 932  51089  5 884  41092  4 907  4 753  31169  2 931  29990  09990  0  res
qual_drop.rwl -- no data title --                         1st itrdb line missing     
qual_drop.rwl -- no data title --                         2nd itrdb line missing     
qual_drop.rwl -- no data title --                         3rd itrdb line missing     
qual_d17929990  09990  0 976  11045  1 889  1 933  11029  21184  31171  31209  3  ars
qual_d18001322  31209  31073  31064  31024  3 848  3 947  41253  4 992  4 981  4  ars
qual_d1810 880  4 901  4 951  4 984  4 980  4 908  41050  4 999  41057  4 920  4  ars
qual_d1820 819  4 940  4 956  4 901  4 756  4 870  4 888  41037  4 797  4 863  4  ars
qual_d18301101  4 900  41096  41113  41000  41153  4 827  41134  4 849  4 857  5  ars
qual_d1840 917  51069  51110  51054  51203  51030  51048  51065  5 971  5 983  5  ars
qual_d1850 921  51116  51024  5 975  5 902  5 789  5 615  5 686  5 667  5 688  5  ars
qual_d1860 745  6 655  6 826  6 992  6 950  61013  6 974  7 991  71102 101134 10  ars
qual_d1870 978 111010 141058 15 962 15 908 16 976 17 964 17 871 18 977 20 907 20  ars
qual_d1880 781 21 890 22 966 24 944 24 957 24 883 25 948 26 887 27 770 27 942 27  ars
qual_d18901089 271429 281294 281117 291137 291376 341364 361274 381160 39 990 39  ars
qual_d1900 952 391132 40 998 401137 401004 40 874 40 876 41 828 42 765 42 788 42  ars
qual_d1910 827 43 516 43 718 43 713 43 771 441134 441240 461220 48 872 491070 49  ars
qual_d19201114 491159 511180 52 871 531150 54 907 561040 561121 571071 571076 57  ars
qual_d1930 935 57 984 58 939 591001 61 987 611003 611106 621156 621084 62 889 62  ars
qual_d1940 998 621140 621097 62 941 62 866 621013 62 924 62 650 62 818 62 869 62  ars
qual_d19501028 621004 63 896 63 875 641026 641249 641267 641241 641340 641047 64  ars
qual_d19601121 651087 65 971 65 937 65 963 65 937 65 827 651105 651173 651114 66  ars
qual_d19701153 66 998 661013 66 926 66 908 66 920 66 963 66 760 661093 66 958 66  ars
qual_d1980 928 661027 661043 661074 661060 661063 661023 66 870 661006 661017 66  ars
qual_d19901151 66 869 66 930 66 956 661004 661039 66 826 66 886 661010 66 877 66  ars
qual_d2000 984 661171 661080 661071 64 976 64 948 64 954 631014 631087 601150 59  ars
qual_d20101024  51123  5 955  41088  4 953  4 743  31038  2 929  29990  09990  0  ars
