 % variance  0.134   0.096   0.105   0.071
 cumulative  0.134   0.230   0.334   0.405
 series_id   #  1       2       3       4
  100990     0.419   0.332   0.347  -0.261
  90546      0.140   0.086   0.497   0.168
  60315     -0.166   0.212   0.449   0.119
  80371      0.692  -0.146   0.220  -0.166
  80745      0.524   0.330   0.258  -0.113
  70471      0.662  -0.050   0.057  -0.084
  80451      0.443   0.011   0.292   0.301
  50455     -0.028  -0.509   0.273  -0.256
  50322      0.271  -0.027   0.582   0.167
  101212     0.251  -0.085   0.302  -0.558
  80540     -0.070   0.184   0.164  -0.132
  70519      0.663   0.057   0.274  -0.092
  90130      0.157   0.606   0.056  -0.100
  70536      0.501  -0.004   0.148   0.042
  60078      0.577  -0.051   0.314   0.159
  70371      0.242   0.034   0.633   0.154
  60121      0.274  -0.008   0.623   0.126
  80089      0.039  -0.171   0.631   0.060
  60377     -0.187  -0.556   0.353   0.147
  90558      0.077   0.729   0.076  -0.118
  70559      0.659   0.322  -0.010   0.053
  90283      0.144   0.464  -0.074   0.195
  50314      0.266  -0.047   0.402  -0.395
  162397    -0.206  -0.259  -0.027   0.608
  162295     0.098  -0.217   0.287   0.451
  172168     0.454   0.097   0.022   0.490
  112142     0.285  -0.447   0.187   0.295
  180996     0.546   0.269   0.106   0.071
  142539    -0.200   0.420   0.363   0.067
  162398     0.178   0.241   0.513  -0.206
  70602      0.485  -0.298   0.314   0.336
  122404     0.343   0.168   0.411   0.198
  72232      0.022   0.184   0.474  -0.221
  60210      0.252  -0.076   0.354   0.219
  92046     -0.005   0.295   0.188   0.545
  52111     -0.147   0.714   0.043   0.097
  60016      0.033   0.696   0.009  -0.120
  132206     0.266   0.206   0.535   0.027
  112336    -0.114  -0.425   0.204   0.440
  142565     0.032   0.000   0.484  -0.127
  122211     0.173  -0.217   0.321   0.545
  82058      0.610  -0.187   0.274   0.011
  192029     0.171  -0.550   0.285  -0.049
  32138A     0.466   0.075   0.029   0.271
  60507      0.653   0.133   0.263  -0.064
  70601A     0.480  -0.457   0.120  -0.258
  90273      0.485   0.026  -0.211   0.339
  132177A    0.361   0.017   0.404   0.141
  102371     0.002  -0.261   0.477  -0.169
  172036     0.361   0.331  -0.105   0.453
  60060      0.686  -0.070   0.169   0.009
  60331      0.223   0.018   0.168   0.586
  70535      0.740  -0.065   0.027   0.066
  70069      0.168  -0.073   0.511   0.198
  50234      0.598  -0.041  -0.019   0.124
  110870     0.152  -0.066   0.126   0.498
  62148     -0.253  -0.002  -0.207   0.275
  90752      0.053   0.534   0.114   0.036
  102271     0.187   0.480   0.330  -0.300
  50517r    -0.345  -0.154   0.289   0.139
  20835r    -0.028   0.571   0.301  -0.153
  122474r    0.224  -0.165   0.545   0.053
